# -6 3 1.11579426159 0.0060769138144
# x xi_r xi_h
1.000000200031036027e-03 6.784641978606864056e-03 2.261230055218971680e-03
1.062500212532975019e-03 7.658966244011225846e-03 2.552584421800600627e-03
1.125000225034915096e-03 8.586215362175915466e-03 2.861563615465797378e-03
1.187500237536854956e-03 9.566377955282803422e-03 3.188161812471587090e-03
1.250000250038795033e-03 1.059944199611144097e-02 3.532372856916333667e-03
1.312500262540734026e-03 1.168539480821904550e-02 3.894190260839219646e-03
1.375000275042674103e-03 1.282422306611800608e-02 4.273607204329556326e-03
1.500000300046552956e-03 1.526044937319983967e-02 5.085210771332390051e-03
1.625000325050432893e-03 1.790800133954443749e-02 5.967122364286437872e-03
1.750000350054311963e-03 2.076674901481660035e-02 6.919275486606973370e-03
1.875000375058191900e-03 2.383655208297148081e-02 7.941598343496536136e-03
2.000000400062071186e-03 2.711725986961931179e-02 9.034013847078159812e-03
2.100000420065174789e-03 2.989356963620578081e-02 9.958357782610113146e-03
2.200000440068277958e-03 3.280466836128627384e-02 1.092746379731462415e-02
2.400000480074486030e-03 3.903086271231653859e-02 1.299977283813710978e-02
2.600000520080692802e-03 4.579506070274951685e-02 1.525054094589961377e-02
2.800000560086900007e-03 5.309641255660964981e-02 1.767933363516677181e-02
3.000000600093107213e-03 6.093400105831404262e-02 2.028568203866135122e-02
3.250000650100865786e-03 7.148356320089906124e-02 2.379253546497814634e-02
3.500000700108624793e-03 8.286738136212341843e-02 2.757497312052369087e-02
3.750000750116383799e-03 9.508322147714902417e-02 3.163185394431881903e-02
4.000000800124142372e-03 1.081286863849358071e-01 3.596195400837431250e-02
4.333334200134488293e-03 1.268087194442070464e-01 4.215815858692631424e-02
4.666667600144833346e-03 1.469525562897811555e-01 4.883443054376272047e-02
5.000001000155178399e-03 1.685531718678303370e-01 5.598718830931576074e-02
5.333334400165524319e-03 1.916030341217291044e-01 6.361259429046454972e-02
5.666667800175869373e-03 2.160941068513017038e-01 7.170655684477345027e-02
6.000001200186214426e-03 2.420178527399231283e-01 8.026473234792246003e-02
6.500001300201731572e-03 2.835698339131221268e-01 9.396227924176370205e-02
7.000001400217249585e-03 3.282923084743124553e-01 1.086773687674603417e-01
7.500001500232767598e-03 3.761502248818113792e-01 1.243922242781022869e-01
8.000001600248286479e-03 4.271060859399976595e-01 1.410878565598576440e-01
8.500001700263805360e-03 4.811199805648736505e-01 1.587440856259348387e-01
9.000001800279322506e-03 5.381496176609950055e-01 1.773395641282981827e-01
9.500001900294839652e-03 5.981503619284830320e-01 1.968518017547351007e-01
1.000000200031036027e-02 6.610752716578759403e-01 2.172571913515136954e-01
1.050000210032587915e-02 7.268751384586104036e-01 2.385310358725765134e-01
1.100000220034138936e-02 7.954985288236947616e-01 2.606475769677057408e-01
1.200000240037243059e-02 9.409992831906444088e-01 3.073005872421877838e-01
1.300000260040345967e-02 1.097123259928229677e+00 3.569900814069980055e-01
1.400000280043449917e-02 1.263383545859673385e+00 4.094749499994699837e-01
1.500000300046552999e-02 1.439262226567807001e+00 4.645002198697915086e-01
1.600000320049656949e-02 1.624212123600469182e+00 5.217982210416897138e-01
1.700000340052760031e-02 1.817658625291701968e+00 5.810898099803998296e-01
1.800000360055864154e-02 2.019001603986799509e+00 6.420856421766396593e-01
1.900000380058967930e-02 2.227617412641611505e+00 7.044874902182782783e-01
2.000000400062071013e-02 2.442860953415315173e+00 7.679895989017366809e-01
2.100000420065175136e-02 2.664067809897466610e+00 8.322800705668873533e-01
2.200000440068278912e-02 2.890556434888761572e+00 8.970422752949552825e-01
2.300000460071381994e-02 3.121630386050890937e+00 9.619562801062907509e-01
2.400000480074486117e-02 3.356580601021998067e+00 1.026700287973432602e+00
2.500000500077589893e-02 3.594687703344070062e+00 1.090952081421892261e+00
2.600000520080694016e-02 3.835224330795290459e+00 1.154390463455178262e+00
2.700000540083797099e-02 4.077457477595301860e+00 1.216696689232854789e+00
2.800000560086900875e-02 4.320650841958882715e+00 1.277555881699543594e+00
2.900000580090004998e-02 4.564067170488884884e+00 1.336658424653120125e+00
3.000000600093108080e-02 4.806970591051002550e+00 1.393701327184781125e+00
3.100000620096211856e-02 5.048628925842334247e+00 1.448389552856953699e+00
3.200000640099315979e-02 5.288315976485369774e+00 1.500437307932179110e+00
3.300000660102418715e-02 5.525313773184157284e+00 1.549569282757931044e+00
3.400000680105522838e-02 5.758914780137868838e+00 1.595521840721653151e+00
3.500000700108626961e-02 5.988424049727917087e+00 1.638044150121876097e+00
3.600000720111729696e-02 6.213161318238073605e+00 1.676899253524249733e+00
3.700000740114833819e-02 6.432463036066950579e+00 1.711865070091015628e+00
3.800000760117937249e-02 6.645684325836438866e+00 1.742735327377172849e+00
3.900000780121040678e-02 6.852200862120087166e+00 1.769320418121032468e+00
4.000000800124144801e-02 7.051410666778511249e+00 1.791448178671676494e+00
4.100000820127248924e-02 7.242735814395025784e+00 1.808964586724745249e+00
4.200000840130351659e-02 7.425624042690546212e+00 1.821734375125898975e+00
4.300000860133455782e-02 7.599550263119491333e+00 1.829641559600652112e+00
4.400000880136559905e-02 7.764017967395883346e+00 1.832589879392088505e+00
4.500000900139663335e-02 7.918560526130690391e+00 1.830503148837155480e+00
4.600000920142766764e-02 8.062742376126893262e+00 1.823325519064511013e+00
4.700000940145870887e-02 8.196160093438571437e+00 1.811021650009271733e+00
4.800000960148974316e-02 8.318443349768676498e+00 1.793576792245468399e+00
4.900000980152077745e-02 8.429255750154725391e+00 1.770996778863136667e+00
5.000001000155181868e-02 8.528295550491433730e+00 1.743307929351629149e+00
5.100001020158285991e-02 8.615296253886958411e+00 1.710556865631458701e+00
5.200001040161388727e-02 8.690027085233781534e+00 1.672810242298264249e+00
5.300001060164492850e-02 8.752293343899360423e+00 1.630154393185614614e+00
5.400001080167596973e-02 8.801936634857085551e+00 1.582694896274881247e+00
5.500001100170699708e-02 8.838834979154528426e+00 1.530556061090633690e+00
5.600001120173805219e-02 8.862902805012740970e+00 1.473880340185773852e+00
5.700001140176907954e-02 8.874090821171144228e+00 1.412827668627885114e+00
5.800001160180010690e-02 8.872385774589300667e+00 1.347574735389250655e+00
5.900001180183116201e-02 8.857810095049531540e+00 1.278314190757545044e+00
6.000001200186218936e-02 8.830421429493455321e+00 1.205253793102688320e+00
6.100001220189323059e-02 8.790312069318092725e+00 1.128615500437434305e+00
6.200001240192425794e-02 8.737608274270931119e+00 1.048634511135023040e+00
6.300001260195529917e-02 8.672469496859122273e+00 9.655582584664592627e-01
6.400001280198633347e-02 8.595087511490831389e+00 8.796453640315526901e-01
6.500001300201738164e-02 8.505685452836619476e+00 7.911645549530571531e-01
6.600001320204841593e-02 8.404516768162952900e+00 7.003935502143617819e-01
6.700001340207945022e-02 8.291864088638307706e+00 6.076179213034420545e-01
6.800001360211048451e-02 8.168038024810332587e+00 5.131299323743302443e-01
6.900001380214151880e-02 8.033375891634642940e+00 4.172273652103091757e-01
7.000001400217256697e-02 7.888240368598866681e+00 3.202123342535265760e-01
7.100001420220360127e-02 7.733018100618314961e+00 2.223900968926410815e-01
7.200001440223463556e-02 7.568118245487961637e+00 1.240678641597555698e-01
7.300001460226566985e-02 7.393970973759733667e+00 2.555361689940870845e-02
7.400001480229669026e-02 7.211025926973766431e+00 -7.284506764519774191e-02
7.500001500232772456e-02 7.019750640206015468e+00 -1.708221740127593702e-01
7.600001520235874497e-02 6.820628934905460738e+00 -2.680743868022710807e-01
7.700001540238977926e-02 6.614159287980992730e+00 -3.643022045577632984e-01
7.800001560242081355e-02 6.400853183061704144e+00 -4.592110249541420108e-01
7.900001580245183397e-02 6.181233449795829671e+00 -5.525121971804852761e-01
8.000001600248286826e-02 5.955832596973643867e+00 -6.439240376454885562e-01
8.100001620251390255e-02 5.725191145158653683e+00 -7.331728053593152827e-01
8.200001640254492297e-02 5.489855964390959464e+00 -8.199936335883977190e-01
8.300001660257595726e-02 5.250378622387734673e+00 -9.041314146417427366e-01
8.400001680260697767e-02 5.007313748508239293e+00 -9.853416349230882387e-01
8.500001700263801196e-02 4.761217418577848193e+00 -1.063391157617906924e+00
8.600001720266904626e-02 4.512645565478448084e+00 -1.138058950700674199e+00
8.700001740270006667e-02 4.262152420207327097e+00 -1.209136758236335263e+00
8.800001760273110096e-02 4.010288987890716861e+00 -1.276429713207195560e+00
8.900001780276212138e-02 3.757601563010871004e+00 -1.339756890402921341e+00
9.000001800279315567e-02 3.504630287865905025e+00 -1.398951798214251641e+00
9.100001820282418996e-02 3.251907758032097640e+00 -1.453862808451219735e+00
9.200001840285521038e-02 2.999957678350780643e+00 -1.504353523437694795e+00
9.300001860288624467e-02 2.749293572695990395e+00 -1.550303080262039224e+00
9.400001880291727896e-02 2.500417550504602904e+00 -1.591606392022908656e+00
9.500001900294829937e-02 2.253819132784849799e+00 -1.628174326305247943e+00
9.600001920297933367e-02 2.009974140042618096e+00 -1.659933821372207241e+00
9.700001940301035408e-02 1.769343644283003725e+00 -1.686827940883922183e+00
9.800001960304138837e-02 1.532372986976622053e+00 -1.708815867880197903e+00
9.900001980307242266e-02 1.299490864605131302e+00 -1.725872839445902640e+00
1.000000200031034014e-01 1.071108483112802379e+00 -1.737990023470368461e+00
1.010000202031345051e-01 8.476187823234750951e-01 -1.745174339078235715e+00
1.020000204031654978e-01 6.293957311156809231e-01 -1.747448222587519862e+00
1.030000206031965043e-01 4.167936938800395064e-01 -1.744849341064396375e+00
1.040000208032275941e-01 2.101468685248734647e-01 -1.737430255606035923e+00
1.050000210032586007e-01 9.768796057712046677e-03 -1.725258036508502180e+00
1.060000212032895933e-01 -1.840480584866235336e-01 -1.708413833186412711e+00
1.070000214033206970e-01 -3.710326542446417686e-01 -1.686992401199411074e+00
1.080000216033517035e-01 -5.509356525394889514e-01 -1.661101589159753811e+00
1.090000218033826962e-01 -7.235296256256321668e-01 -1.630861788350481234e+00
1.100000220034137027e-01 -8.886091972903391589e-01 -1.596405348043095751e+00
1.110000222034448064e-01 -1.045991116622484673e+00 -1.557875959116573839e+00
1.120000224034757991e-01 -1.195514266450739882e+00 -1.515428009412424615e+00
1.130000226035068056e-01 -1.337039608144289238e+00 -1.469225913728074318e+00
1.140000228035378954e-01 -1.470450064623742392e+00 -1.419443421495204305e+00
1.150000230035689019e-01 -1.595650343582729835e+00 -1.366262905252327187e+00
1.160000232035998946e-01 -1.712566703066598750e+00 -1.309874633058941695e+00
1.170000234036309011e-01 -1.821146661679020617e+00 -1.250476027774683585e+00
1.180000236036620048e-01 -1.921358655795654347e+00 -1.188270916223329587e+00
1.190000238036929975e-01 -2.013191646281689451e+00 -1.123468771486980655e+00
1.200000240037240040e-01 -2.096654677303389391e+00 -1.056283951059166615e+00
1.210000242037550938e-01 -2.171776389895578419e+00 -9.869349337910328090e-01
1.220000244037861004e-01 -2.238604493018565122e+00 -9.156435584484078349e-01
1.230000246038171069e-01 -2.297205194896415392e+00 -8.426342666312531815e-01
1.240000248038480996e-01 -2.347662597462112366e+00 -7.681333524693714221e-01
1.250000250038791894e-01 -2.390078056774635140e+00 -6.923682219412471417e-01
1.260000252039102098e-01 -2.424569512301711693e+00 -6.155666640720972582e-01
1.270000254039412024e-01 -2.451270787964756170e+00 -5.379561363324534273e-01
1.280000256039723061e-01 -2.470330867844151790e+00 -4.597630664362576391e-01
1.290000258040032988e-01 -2.481913149435157173e+00 -3.812121726247670872e-01
1.300000260040342914e-01 -2.486194677321155400e+00 -3.025258042836196370e-01
1.310000262040653118e-01 -2.483365360102180563e+00 -2.239233047770640972e-01
1.320000264040963878e-01 -2.473627173384535194e+00 -1.456203981815149540e-01
1.330000266041274082e-01 -2.457193351588982111e+00 -6.782860139141264066e-02
1.340000268041584008e-01 -2.434287571279312612e+00 9.245336996648858760e-03
1.350000270041893935e-01 -2.405143128652933893e+00 8.539996977858059501e-02
1.360000272042204972e-01 -2.370002113766123575e+00 1.604396551297392615e-01
1.370000274042514898e-01 -2.329114583991601428e+00 2.341750304838170482e-01
1.380000276042825103e-01 -2.282737739128499310e+00 3.064234554877369177e-01
1.390000278043135862e-01 -2.231135100497941171e+00 3.770094233625534974e-01
1.400000280043446066e-01 -2.174575696266110914e+00 4.457649401153468416e-01
1.410000282043755993e-01 -2.113333255142439970e+00 5.125298711874058943e-01
1.420000284044067029e-01 -2.047685410500245329e+00 5.771522553113996867e-01
1.430000286044376956e-01 -1.977912916867304860e+00 6.394885852877429944e-01
1.440000288044686882e-01 -1.904298880631485558e+00 6.994040557536407299e-01
1.450000290044997919e-01 -1.827128006696013829e+00 7.567727780206554566e-01
1.460000292045308123e-01 -1.746685862711270909e+00 8.114779621667147502e-01
1.470000294045618050e-01 -1.663258162400467199e+00 8.634120667026593532e-01
1.480000296045927977e-01 -1.577130069384465649e+00 9.124769162629987607e-01
1.490000298046239013e-01 -1.488585522798846705e+00 9.585837878290315306e-01
1.500000300046548940e-01 -1.397906585890541065e+00 1.001653465954442712e+00
1.510000302046858867e-01 -1.305372818667270174e+00 1.041616267935760565e+00
1.520000304047169903e-01 -1.211260675558676114e+00 1.078412039571754244e+00
1.530000306047480108e-01 -1.115842928943152845e+00 1.111990122401459447e+00
1.540000308047790034e-01 -1.019388119285530525e+00 1.142309293356116084e+00
1.550000310048101071e-01 -9.221600325244988516e-01 1.169337677829401345e+00
1.560000312048410998e-01 -8.244172052431186781e-01 1.193052637259303106e+00
1.570000314048720924e-01 -7.264124580578787960e-01 1.213440632188998558e+00
1.580000316049031128e-01 -6.283924575621629982e-01 1.230497062126981733e+00
1.590000318049341888e-01 -5.305973070598288821e-01 1.244226083339943667e+00
1.600000320049652092e-01 -4.332601662339958248e-01 1.254640405803808978e+00
1.610000322049962018e-01 -3.366068998062107798e-01 1.261761070580361688e+00
1.620000324050271945e-01 -2.408557551542414576e-01 1.265617208902656721e+00
1.630000326050582982e-01 -1.462170687766559951e-01 1.266245784192021828e+00
1.640000328050892908e-01 -5.289300140846238396e-02 1.263691318521234397e+00
1.650000330051203112e-01 3.892269848658228698e-02 1.258005604731147864e+00
1.660000332051513872e-01 1.290449031853990181e-01 1.249247405427078794e+00
1.670000334051824076e-01 2.172972865439293244e-01 1.237482140299586364e+00
1.680000336052134002e-01 3.035124776784342004e-01 1.222781563046582809e+00
1.690000338052443929e-01 3.875321880221760940e-01 1.205223429197752161e+00
1.700000340052754966e-01 4.692073123446037775e-01 1.184891156103086374e+00
1.710000342053064892e-01 5.483980043712088914e-01 1.161873476364051028e+00
1.720000344053375096e-01 6.249737276947483489e-01 1.136264086075320145e+00
1.730000346053686133e-01 6.988132827079209797e-01 1.108161288861150062e+00
1.740000348053996060e-01 7.698048103239070183e-01 1.077667637038101534e+00
1.750000350054305986e-01 8.378457732908223266e-01 1.044889571027080244e+00
1.760000352054615913e-01 9.028429159364310674e-01 1.009937058128984377e+00
1.770000354054926950e-01 9.647122032068486952e-01 9.729232317398089913e-01
1.780000356055236876e-01 1.023378739886195099e+00 9.339640320271741514e-01
1.790000358055547081e-01 1.078776670906282709e+00 8.931778491332096337e-01
1.800000360055858117e-01 1.130849063671398813e+00 8.506851697708486260e-01
1.810000362056168044e-01 1.179547773334630012e+00 8.066082281544896260e-01
1.820000364056477971e-01 1.224833291973385085e+00 7.610706621288096940e-01
1.830000366056787897e-01 1.266674582618373623e+00 7.141971753037524850e-01
1.840000368057098934e-01 1.305048899093608217e+00 6.661132059595182842e-01
1.850000370057409138e-01 1.339941592625372380e+00 6.169446034311583116e-01
1.860000372057719065e-01 1.371345906176185681e+00 5.668173126535228645e-01
1.870000374058030101e-01 1.399262757455001172e+00 5.158570674729524574e-01
1.880000376058340028e-01 1.423700511546696301e+00 4.641890932840594397e-01
1.890000378058649955e-01 1.444674744094120111e+00 4.119378195200169568e-01
1.900000380058959881e-01 1.462207995954010631e+00 3.592266024610862862e-01
1.910000382059270918e-01 1.476329520233675918e+00 3.061774587809199533e-01
1.920000384059581122e-01 1.487075022598955298e+00 2.529108102015968362e-01
1.930000386059891049e-01 1.494486395725882932e+00 1.995452395838213933e-01
1.940000388060202086e-01 1.498611448748945474e+00 1.461972587357824038e-01
1.950000390060512012e-01 1.499503632537093623e+00 9.298108816128572429e-02
1.960000392060821939e-01 1.497221761605741275e+00 4.000844894644956656e-02
1.970000394061132976e-01 1.491829733449228090e+00 -1.261163307028487397e-02
1.980000396061442902e-01 1.483396246052915535e+00 -6.477301073938884768e-02
1.990000398061753106e-01 1.471994514317858327e+00 -1.163725865869273540e-01
2.000000400062063866e-01 1.457701986103924430e+00 -1.673104713172879343e-01
2.010000402062374070e-01 1.440600058569439623e+00 -2.174901298457387055e-01
2.020000404062683996e-01 1.420773795456795607e+00 -2.668185149046268800e-01
2.030000406062993923e-01 1.398311645944420478e+00 -3.152061883001633369e-01
2.040000408063304960e-01 1.373305165656228510e+00 -3.625674299312747761e-01
2.050000410063614886e-01 1.345848740389850917e+00 -4.088203347112668862e-01
2.060000412063925090e-01 1.316039313095035856e+00 -4.538868975614980261e-01
2.070000414064236127e-01 1.283976114603734286e+00 -4.976930866665650877e-01
2.080000416064546054e-01 1.249760398583227294e+00 -5.401689052251500422e-01
2.090000418064855980e-01 1.213495181153401825e+00 -5.812484419399298607e-01
2.100000420065165907e-01 1.175284985579801322e+00 -6.208699104969046534e-01
2.110000422065476944e-01 1.135235592424671536e+00 -6.589756783324001166e-01
2.120000424065786870e-01 1.093453795508749549e+00 -6.955122849881451019e-01
2.130000426066097075e-01 1.050047164007812395e+00 -7.304304503743805910e-01
2.140000428066408111e-01 1.005123810979590360e+00 -7.636850732755930959e-01
2.150000430066718038e-01 9.587921685887823564e-01 -7.952352204465169550e-01
2.160000432067027965e-01 9.111607702706391310e-01 -8.250441066575101567e-01
2.170000434067337891e-01 8.623380400469871088e-01 -8.530790660531184511e-01
2.180000436067648928e-01 8.124320891831873226e-01 -8.793115151812437302e-01
2.190000438067959132e-01 7.615505203474752793e-01 -9.037169081699124584e-01
2.200000440068269059e-01 7.098002394099698353e-01 -9.262746843262396057e-01
2.210000442068580095e-01 6.572872749965086303e-01 -9.469682086036894653e-01
2.220000444068890022e-01 6.041166058881479728e-01 -9.657847053333489251e-01
2.230000446069199949e-01 5.503919963351634470e-01 -9.827151856139826336e-01
2.240000448069509875e-01 4.962158393331200790e-01 -9.977543687595420430e-01
2.250000450069820912e-01 4.416890078880959525e-01 -1.010900598202131295e+00
2.260000452070131116e-01 3.869107142779690256e-01 -1.022155752272817741e+00
2.270000454070441043e-01 3.319783772980530734e-01 -1.031525150220929499e+00
2.280000456070752080e-01 2.769874974643102838e-01 -1.039017453786234002e+00
2.290000458071062006e-01 2.220315401280726630e-01 -1.044644564881388460e+00
2.300000460071371933e-01 1.672018264387463149e-01 -1.048421519644336275e+00
2.310000462071682137e-01 1.125874320782336707e-01 -1.050366379260094574e+00
2.320000464071992896e-01 5.827509367594277401e-02 -1.050500117917829268e+00
2.330000466072303100e-01 4.349122799866094770e-03 -1.048846508260785404e+00
2.340000468072613027e-01 -4.910867259317663880e-02 -1.045432004677554705e+00
2.350000470072924064e-01 -1.020190593760675474e-01 -1.040285624752599114e+00
2.360000472073233990e-01 -1.543054432783973473e-01 -1.033438829271701831e+00
2.370000474073543917e-01 -2.058939258718524012e-01 -1.024925401048324858e+00
2.380000476073854121e-01 -2.567133546714285286e-01 -1.014781322876808556e+00
2.390000478074164880e-01 -3.066953665186581968e-01 -1.003044654936652291e+00
2.400000480074475084e-01 -3.557744244209614104e-01 -9.897554119279259321e-01
2.410000482074785011e-01 -4.038878480277122152e-01 -9.749554402149477328e-01
2.420000484075096048e-01 -4.509758379295385478e-01 -9.586882952439209626e-01
2.430000486075405974e-01 -4.969814939727900116e-01 -9.409991194942665116e-01
2.440000488075715901e-01 -5.418508277862604805e-01 -9.219345212233469589e-01
2.450000490076026105e-01 -5.855327697189419700e-01 -9.015424541362047073e-01
2.460000492076336864e-01 -6.279791703917922963e-01 -8.798720983331628220e-01
2.470000494076647068e-01 -6.691447970708005455e-01 -8.569737426744561404e-01
2.480000496076956995e-01 -7.089873250689873174e-01 -8.328986687603160410e-01
2.490000498077268032e-01 -7.474673243865781469e-01 -8.076990367133646265e-01
2.500000500077578236e-01 -7.845482417995898183e-01 -7.814277729341757572e-01
2.510000502077888163e-01 -8.201963786073952489e-01 -7.541384599891309826e-01
2.520000504078199199e-01 -8.543808642495769323e-01 -7.258852287742887377e-01
2.530000506078509126e-01 -8.870736260017825225e-01 -6.967226530980700216e-01
2.540000508078819053e-01 -9.182493549597490201e-01 -6.667056468170413641e-01
2.550000510079130089e-01 -9.478854685185604811e-01 -6.358893636124074433e-01
2.560000512079438906e-01 -9.759620695522961409e-01 -6.043290995304878566e-01
2.570000514079749943e-01 -1.002461902497259860e+00 -5.720801983754157938e-01
2.580000516080059869e-01 -1.027370306539311606e+00 -5.391979600366266778e-01
2.590000518080369796e-01 -1.050675166102917668e+00 -5.057375518238945711e-01
2.600000520080680833e-01 -1.072366858836284020e+00 -4.717539228731615908e-01
2.610000522080990759e-01 -1.092438201283593369e+00 -4.373017216802105311e-01
2.620000524081301241e-01 -1.110884392431381373e+00 -4.024352167952534032e-01
2.630000526081611723e-01 -1.127702955312101185e+00 -3.672082207259134701e-01
2.640000528081922204e-01 -1.142893676844077611e+00 -3.316740170750999139e-01
2.650000530082232131e-01 -1.156458546082547167e+00 -2.958852909290869970e-01
2.660000532082543168e-01 -1.168401691051881297e+00 -2.598940625090954137e-01
2.670000534082853094e-01 -1.178729314324440391e+00 -2.237516240905471632e-01
2.680000536083163021e-01 -1.187449627506748318e+00 -1.875084801872075047e-01
2.690000538083474058e-01 -1.194572784788722419e+00 -1.512142909905027366e-01
2.700000540083783984e-01 -1.200110815706690426e+00 -1.149178190481583012e-01
2.710000542084093911e-01 -1.204077557265880616e+00 -7.866687916022517546e-02
2.720000544084403837e-01 -1.206488585562883298e+00 -4.250829146429144917e-02
2.730000546084714874e-01 -1.207361147043401584e+00 -6.487837677001960339e-03
2.740000548085024801e-01 -1.206714089525388722e+00 2.934977954642015163e-02
2.750000550085334727e-01 -1.204567793112420793e+00 6.496097417762350390e-02
2.760000552085645764e-01 -1.200944101116921292e+00 1.003033113529738923e-01
2.770000554085956246e-01 -1.195866251107586375e+00 1.353355389352847438e-01
2.780000556086266172e-01 -1.189358806190159212e+00 1.700176161551740783e-01
2.790000558086576099e-01 -1.181447586625495205e+00 2.043107393907228897e-01
2.800000560086887136e-01 -1.172159601883674629e+00 2.381773651458312935e-01
2.810000562087197062e-01 -1.161522983227888384e+00 2.715812302943947376e-01
2.820000564087506989e-01 -1.149566916916715309e+00 3.044873696567355625e-01
2.830000566087816916e-01 -1.136321578108440589e+00 3.368621309783542128e-01
2.840000568088127952e-01 -1.121818065546153376e+00 3.686731873829344752e-01
2.850000570088437879e-01 -1.106088337097537844e+00 3.998895473734661588e-01
2.860000572088747806e-01 -1.089165146218503022e+00 4.304815624568563148e-01
2.870000574089058842e-01 -1.071081979405184681e+00 4.604209324690564098e-01
2.880000576089368769e-01 -1.051872994694262875e+00 4.896807086778591223e-01
2.890000578089679251e-01 -1.031572961267106736e+00 5.182352947426486223e-01
2.900000580089989732e-01 -1.010217200208926247e+00 5.460604456107294169e-01
2.910000582090300214e-01 -9.878415264698242604e-01 5.731332644298966494e-01
2.920000584090611251e-01 -9.644821920705851648e-01 5.994321975576241135e-01
2.930000586090921177e-01 -9.401758305919822867e-01 6.249370277472172663e-01
2.940000588091231104e-01 -9.149594029825226515e-01 6.496288655914136401e-01
2.950000590091542141e-01 -8.888701447157885127e-01 6.734901393037600048e-01
2.960000592091852067e-01 -8.619455143248152540e-01 6.965045829193875493e-01
2.970000594092161994e-01 -8.342231433375730809e-01 7.186572229858874117e-01
2.980000596092471921e-01 -8.057407876341695641e-01 7.399343638340672991e-01
2.990000598092781847e-01 -7.765362802430290090e-01 7.603235715008777040e-01
3.000000600093092884e-01 -7.466474855902349717e-01 7.798136563817171796e-01
3.010000602093402811e-01 -7.161122552132217489e-01 7.983946546883560202e-01
3.020000604093712737e-01 -6.849683849470395991e-01 8.160578087872136788e-01
3.030000606094023774e-01 -6.532535735887312622e-01 8.327955464915254291e-01
3.040000608094334256e-01 -6.210053830426233157e-01 8.486014593796578076e-01
3.050000610094644182e-01 -5.882611999468736474e-01 8.634702802104258224e-01
3.060000612094955219e-01 -5.550581987791963767e-01 8.773978595047753348e-01
3.070000614095265146e-01 -5.214333064373215532e-01 8.903811413646595119e-01
3.080000616095575072e-01 -4.874231682874939908e-01 9.024181385992406934e-01
3.090000618095886109e-01 -4.530641156727813756e-01 9.135079071890036539e-01
3.100000620096194925e-01 -4.183921348707011489e-01 9.236505202017991634e-01
3.110000622096505962e-01 -3.834428374875065160e-01 9.328470411935401163e-01
3.120000624096815889e-01 -3.482514322751696367e-01 9.410994971566991607e-01
3.130000626097125815e-01 -3.128526983553685525e-01 9.484108510753790355e-01
3.140000628097436852e-01 -2.772809598333072501e-01 9.547849741428588999e-01
3.150000630097746779e-01 -2.415700617827964136e-01 9.602266176956280042e-01
3.160000632098057260e-01 -2.057533475826659186e-01 9.647413849161206034e-01
3.170000634098367742e-01 -1.698636375834290113e-01 9.683357023544781894e-01
3.180000636098678224e-01 -1.339332090820000709e-01 9.710167913177970567e-01
3.190000638098988150e-01 -9.799377758115099257e-02 9.727926391760947089e-01
3.200000640099299187e-01 -6.207647930944704129e-02 9.736719706304425292e-01
3.210000642099609114e-01 -2.621185497694361946e-02 9.736642189639508338e-01
3.220000644099919040e-01 9.570165259150775761e-03 9.727794973536433298e-01
3.230000646100230077e-01 4.524027564554355257e-02 9.710285702599554813e-01
3.240000648100540004e-01 8.076980752762391580e-02 9.684228249350232964e-01
3.250000650100849930e-01 1.161307409155581810e-01 9.649742430859883369e-01
3.260000652101159857e-01 1.512957149497662912e-01 9.606953727271274612e-01
3.270000654101469784e-01 1.862380372942255558e-01 9.555993002528926361e-01
3.280000656101780820e-01 2.209316924864434262e-01 9.496996227622055420e-01
3.290000658102090747e-01 2.553513492731018242e-01 9.430104206626733765e-01
3.300000660102401229e-01 2.894723669606864003e-01 9.355462305816952817e-01
3.310000662102712266e-01 3.232708008105460995e-01 9.273220186121942099e-01
3.320000664103022192e-01 3.567234065079422090e-01 9.183531539154892176e-01
3.330000666103332119e-01 3.898076437344448752e-01 9.086553826891027308e-01
3.340000668103643156e-01 4.225016788732174344e-01 8.982448025474084607e-01
3.350000670103953082e-01 4.547843868768649545e-01 8.871378373164144904e-01
3.360000672104263009e-01 4.866353523271910730e-01 8.753512122639144355e-01
3.370000674104572935e-01 5.180348697161055727e-01 8.629019297816473699e-01
3.380000676104883972e-01 5.489639429767440015e-01 8.498072455343789189e-01
3.390000678105193899e-01 5.794042842937032756e-01 8.360846450894656723e-01
3.400000680105503825e-01 6.093383122209842240e-01 8.217518210391969724e-01
3.410000682105814862e-01 6.387491491359739149e-01 8.068266506269469174e-01
3.420000684106124789e-01 6.676206180575099403e-01 7.913271738869342986e-01
3.430000686106435270e-01 6.959372388557261147e-01 7.752715723071785803e-01
3.440000688106745752e-01 7.236842238809907402e-01 7.586781480220440299e-01
3.450000690107056234e-01 7.508474730388128293e-01 7.415653035370974866e-01
3.460000692107366160e-01 7.774135683372254135e-01 7.239515220001524476e-01
3.470000694107677197e-01 8.033697679327901353e-01 7.058553480167625294e-01
3.480000696107987124e-01 8.287039997008386338e-01 6.872953690150113149e-01
3.490000698108297050e-01 8.534048543551099320e-01 6.682901971620566206e-01
3.500000700108608087e-01 8.774615781414381033e-01 6.488584518340418938e-01
3.510000702108916903e-01 9.008640651297059598e-01 6.290187426401409043e-01
3.520000704109227940e-01 9.236028491277216146e-01 6.087896530005868501e-01
3.530000706109537867e-01 9.456690952401595185e-01 5.881897242779193791e-01
3.540000708109847793e-01 9.670545910952077495e-01 5.672374404598266029e-01
3.550000710110158830e-01 9.877517377610203209e-01 5.459512133916550880e-01
3.560000712110468757e-01 1.007753540373496293e+00 5.243493685550688621e-01
3.570000714110779239e-01 1.027053598496376674e+00 5.024501313885436637e-01
3.580000716111090275e-01 1.045646096234083444e+00 4.802716141479306255e-01
3.590000718111400202e-01 1.063525792117228308e+00 4.578318033006951171e-01
3.600000720111710129e-01 1.080688008780106735e+00 4.351485474487400418e-01
3.610000722112021165e-01 1.097128622448926505e+00 4.122395457744174596e-01
3.620000724112331092e-01 1.112844052258994409e+00 3.891223370034128104e-01
3.630000726112641019e-01 1.127831249418514759e+00 3.658142888779559732e-01
3.640000728112952055e-01 1.142087686236068711e+00 3.423325881333728615e-01
3.650000730113260872e-01 1.155611345028338288e+00 3.186942309706090048e-01
3.660000732113571908e-01 1.168400706924040744e+00 2.949160140170373201e-01
3.670000734113881835e-01 1.180454740579526485e+00 2.710145257674342889e-01
3.680000736114191762e-01 1.191772890820918196e+00 2.470061384971115881e-01
3.690000738114502798e-01 1.202355067227170782e+00 2.229070006387135205e-01
3.700000740114812725e-01 1.212201632667853968e+00 1.987330296132782670e-01
3.710000742115123207e-01 1.221313391808971582e+00 1.744999051071076113e-01
3.720000744115434244e-01 1.229691579599585305e+00 1.502230627851401379e-01
3.730000746115744170e-01 1.237337849751507068e+00 1.259176884314730793e-01
3.740000748116054097e-01 1.244254263223822932e+00 1.015987125075378111e-01
3.750000750116365134e-01 1.250443276723522290e+00 7.728080511828314125e-02
3.760000752116675060e-01 1.255907731232983382e+00 5.297837137671584928e-02
3.770000754116984987e-01 1.260650840574631504e+00 2.870554715691962452e-02
3.780000756117294913e-01 1.264676180022572316e+00 4.476195225730134758e-03
3.790000758117605950e-01 1.267987674970574963e+00 -1.969609825687215765e-02
3.800000760117915877e-01 1.270589589665301222e+00 -4.379802687847482445e-02
3.810000762118225803e-01 1.272486516013256352e+00 -6.781656676635444692e-02
3.820000764118535730e-01 1.273683362469477887e+00 -9.173897904080380306e-02
3.830000766118846767e-01 1.274185343015571403e+00 -1.155528119395929920e-01
3.840000768119157248e-01 1.273997966234282408e+00 -1.392459026235743358e-01
3.850000770119467175e-01 1.273127024487381798e+00 -1.628063786733354723e-01
3.860000772119778212e-01 1.271578583203272661e+00 -1.862226592867771702e-01
3.870000774120088138e-01 1.269358970280309640e+00 -2.094834561874009127e-01
3.880000776120398065e-01 1.266474765611476316e+00 -2.325777742530843739e-01
3.890000778120709102e-01 1.262932790735676214e+00 -2.554949118749878512e-01
3.900000780121019028e-01 1.258740098620569015e+00 -2.782244610561432352e-01
3.910000782121328955e-01 1.253903963581513015e+00 -3.007563072585997532e-01
3.920000784121638882e-01 1.248431871340863086e+00 -3.230806290098593436e-01
3.930000786121949918e-01 1.242331509231535458e+00 -3.451878972776318832e-01
3.940000788122259845e-01 1.235610756548431555e+00 -3.670688746205139630e-01
3.950000790122569772e-01 1.228277675051032691e+00 -3.887146141250060749e-01
3.960000792122880808e-01 1.220340499620173214e+00 -4.101164581373333839e-01
3.970000794123190735e-01 1.211807629071701253e+00 -4.312660367988723209e-01
3.980000796123501217e-01 1.202687617129490238e+00 -4.521552663937900007e-01
3.990000798123812253e-01 1.192989163559977861e+00 -4.727763475172511165e-01
4.000000800124122180e-01 1.182721105470169398e+00 -4.931217630726462686e-01
4.010000802124432107e-01 1.171892408770772942e+00 -5.131842761058894586e-01
4.020000804124743143e-01 1.160512159805941135e+00 -5.329569274847812954e-01
4.030000806125053070e-01 1.148589557150828888e+00 -5.524330334295110001e-01
4.040000808125362997e-01 1.136133903577980719e+00 -5.716061829066939604e-01
4.050000810125672923e-01 1.123154598193302212e+00 -5.904702348915068510e-01
4.060000812125982850e-01 1.109661128742231551e+00 -6.090193155031016214e-01
4.070000814126293887e-01 1.095663064086515481e+00 -6.272478150235568650e-01
4.080000816126603813e-01 1.081170046851799071e+00 -6.451503848063824265e-01
4.090000818126913740e-01 1.066191786246072803e+00 -6.627219340814533011e-01
4.100000820127224777e-01 1.050738051048828670e+00 -6.799576266630317223e-01
4.110000822127535258e-01 1.034818662770666364e+00 -6.968528775673152875e-01
4.120000824127845185e-01 1.018443488982871070e+00 -7.134033495458969032e-01
4.130000826128156222e-01 1.001622436816401507e+00 -7.296049495412135766e-01
4.140000828128466148e-01 9.843654466295389538e-01 -7.454538250699903612e-01
4.150000830128776075e-01 9.666824858433527012e-01 -7.609463605404986897e-01
4.160000832129087112e-01 9.485835429440132582e-01 -7.760791735070785569e-01
4.170000834129395928e-01 9.300786216508974968e-01 -7.908491108674577941e-01
4.180000836129706965e-01 9.111777352491517989e-01 -8.052532450240567075e-01
4.190000838130016891e-01 8.918909010853982577e-01 -8.192888699870575220e-01
4.200000840130326818e-01 8.722281352252501119e-01 -8.329534974411971771e-01
4.210000842130637855e-01 8.521994472711045265e-01 -8.462448527780441765e-01
4.220000844130947781e-01 8.318148353386135563e-01 -8.591608710978737573e-01
4.230000846131258263e-01 8.110842811901364247e-01 -8.716996931859922748e-01
4.240000848131568745e-01 7.900177455234291823e-01 -8.838596614673628338e-01
4.250000850131879226e-01 7.686251634137504229e-01 -8.956393159440512175e-01
4.260000852132189153e-01 7.469164399074766925e-01 -9.070373901193817812e-01
4.270000854132500190e-01 7.249014457652769305e-01 -9.180528069127018576e-01
4.280000856132810116e-01 7.025900133528517610e-01 -9.286846745684553817e-01
4.290000858133120043e-01 6.799919326771550754e-01 -9.389322825628489966e-01
4.300000860133431080e-01 6.571169475660700865e-01 -9.487950975058966341e-01
4.310000862133741006e-01 6.339747519893167427e-01 -9.582727590619667390e-01
4.320000864134050933e-01 6.105749865182987790e-01 -9.673650758704782637e-01
4.330000866134360860e-01 5.869272349227863117e-01 -9.760720214754475821e-01
4.340000868134671896e-01 5.630410209021886603e-01 -9.843937302706006198e-01
4.350000870134981823e-01 5.389258049490915914e-01 -9.923304934609420425e-01
4.360000872135291750e-01 5.145909813427560486e-01 -9.998827550434047362e-01
4.370000874135602231e-01 4.900458752702677168e-01 -1.007051107809104451e+00
4.380000876135913268e-01 4.652997400729628197e-01 -1.013836289369576260e+00
4.390000878136223195e-01 4.403617546157906348e-01 -1.020239178209253472e+00
4.400000880136533121e-01 4.152410207772312400e-01 -1.026260789766380244e+00
4.410000882136844158e-01 3.899465610573828456e-01 -1.031902272544363397e+00
4.420000884137154085e-01 3.644873163018549356e-01 -1.037164904255514442e+00
4.430000886137464011e-01 3.388721435390991132e-01 -1.042050087994669916e+00
4.440000888137773938e-01 3.131098139288151505e-01 -1.046559348452228866e+00
4.450000890138084975e-01 2.872090108188909974e-01 -1.050694328174961667e+00
4.460000892138394901e-01 2.611783279085147513e-01 -1.054456783851343671e+00
4.470000894138704828e-01 2.350262675152103298e-01 -1.057848582642380908e+00
4.480000896139015865e-01 2.087612389433755877e-01 -1.060871698554337605e+00
4.490000898139325791e-01 1.823915569519382884e-01 -1.063528208854537471e+00
4.500000900139636273e-01 1.559254403187921578e-01 -1.065820290531395598e+00
4.510000902139946755e-01 1.293710104996900756e-01 -1.067750216799761898e+00
4.520000904140257236e-01 1.027362903792485710e-01 -1.069320353652542854e+00
4.530000906140567163e-01 7.602920311177151225e-02 -1.070533156459536839e+00
4.540000908140878200e-01 4.925757104962021071e-02 -1.071391166614299895e+00
4.550000910141188126e-01 2.242911475683739830e-02 -1.071897008229808934e+00
4.560000912141498053e-01 -4.448547894197420714e-03 -1.072053384882594829e+00
4.570000914141809090e-01 -3.136790254521449467e-02 -1.071863076402029380e+00
4.580000916142117906e-01 -5.832153909596928670e-02 -1.071328935726188147e+00
4.590000918142428943e-01 -8.530215237183423616e-02 -1.070453885796163851e+00
4.600000920142738869e-01 -1.123025427170663282e-01 -1.069240916503466643e+00
4.610000922143048796e-01 -1.393156165159362136e-01 -1.067693081690426204e+00
4.620000924143359833e-01 -1.663343866438206919e-01 -1.065813496202817845e+00
4.630000926143669759e-01 -1.933519728503186319e-01 -1.063605332994955077e+00
4.640000928143980241e-01 -2.203616020764611327e-01 -1.061071820287463607e+00
4.650000930144290723e-01 -2.473566087080226739e-01 -1.058216238777857532e+00
4.660000932144601204e-01 -2.743304347669033860e-01 -1.055041918904037423e+00
4.670000934144911131e-01 -3.012766300425785415e-01 -1.051552238160746278e+00
4.680000936145222168e-01 -3.281888521655011992e-01 -1.047750618468996642e+00
4.690000938145532094e-01 -3.550608666243880718e-01 -1.043640523598404091e+00
4.700000940145842021e-01 -3.818865467291799320e-01 -1.039225456637503653e+00
4.710000942146153058e-01 -4.086598735215428158e-01 -1.034508957525497763e+00
4.720000944146461874e-01 -4.353749356348608490e-01 -1.029494600636212454e+00
4.730000946146772911e-01 -4.620259291053825379e-01 -1.024185992407981693e+00
4.740000948147082838e-01 -4.886071571362075039e-01 -1.018586769028630545e+00
4.750000950147392764e-01 -5.151130298158812515e-01 -1.012700594172364355e+00
4.760000952147703801e-01 -5.415380637932665220e-01 -1.006531156788249115e+00
4.770000954148013728e-01 -5.678768819103207077e-01 -1.000082168940004124e+00
4.780000956148324209e-01 -5.941242127944187379e-01 -9.933573636967211185e-01
4.790000958148635246e-01 -6.202748904117865170e-01 -9.863604930741660670e-01
4.800000960148945173e-01 -6.463238535835862386e-01 -9.790953260262579283e-01
4.810000962149255099e-01 -6.722661454661895686e-01 -9.715656464862989505e-01
4.820000964149566136e-01 -6.980969129971089648e-01 -9.637752514575270713e-01
4.830000966149876063e-01 -7.238114063080173244e-01 -9.557279491511240233e-01
4.840000968150185989e-01 -7.494049781062465110e-01 -9.474275571712413857e-01
4.850000970150495916e-01 -7.748730830262720026e-01 -9.388779007575868141e-01
4.860000972150806953e-01 -8.002112769525283609e-01 -9.300828110655704473e-01
4.870000974151116879e-01 -8.254152163147961963e-01 -9.210461234957308951e-01
4.880000976151426806e-01 -8.504806573574875683e-01 -9.117716760698570955e-01
4.890000978151737843e-01 -8.754034553840924771e-01 -9.022633078527791950e-01
4.900000980152047769e-01 -9.001795639780344471e-01 -8.925248574193238582e-01
4.910000982152358251e-01 -9.248050342011399083e-01 -8.825601613658259348e-01
4.920000984152668178e-01 -9.492760137708791124e-01 -8.723730528656254979e-01
4.930000986152979214e-01 -9.735887462175506490e-01 -8.619673602679277513e-01
4.940000988153289141e-01 -9.977395700224928055e-01 -8.513469057394220663e-01
4.950000990153599068e-01 -1.021724917738448202e+00 -8.405155039480496360e-01
4.960000992153910104e-01 -1.045541315093110102e+00 -8.294769607881219420e-01
4.970000994154220031e-01 -1.069185380076826508e+00 -8.182350721433641061e-01
4.980000996154529957e-01 -1.092653822015559939e+00 -8.067936226974137259e-01
4.990000998154839884e-01 -1.115943440630115413e+00 -7.951563847798382989e-01
5.000001000155150921e-01 -1.139051125082482185e+00 -7.833271172500309021e-01
5.010001002155460847e-01 -1.161973853010248359e+00 -7.713095644204821522e-01
5.020001004155771884e-01 -1.184708689549985650e+00 -7.591074550177204783e-01
5.030001006156081811e-01 -1.207252786350444751e+00 -7.467245011802541299e-01
5.040001008156391737e-01 -1.229603380576468341e+00 -7.341643974928877547e-01
5.050001010156702774e-01 -1.251757793904377580e+00 -7.214308200567297602e-01
5.060001012157012701e-01 -1.273713431509659655e+00 -7.085274255942642929e-01
5.070001014157322627e-01 -1.295467781047736855e+00 -6.954578505888082685e-01
5.080001016157632554e-01 -1.317018411628528618e+00 -6.822257104577262865e-01
5.090001018157943591e-01 -1.338362972785565486e+00 -6.688345987587364094e-01
5.100001020158253517e-01 -1.359499193440299569e+00 -6.552880864275739681e-01
5.110001022158563444e-01 -1.380424880862332948e+00 -6.415897210483976210e-01
5.120001024158874481e-01 -1.401137919626236128e+00 -6.277430261581139481e-01
5.130001026159184407e-01 -1.421636270565598492e+00 -6.137515005771670973e-01
5.140001028159494334e-01 -1.441917969724882509e+00 -5.996186177716191779e-01
5.150001030159805371e-01 -1.461981127309668338e+00 -5.853478252445224461e-01
5.160001032160115297e-01 -1.481823926635881250e+00 -5.709425439559149273e-01
5.170001034160425224e-01 -1.501444623078562524e+00 -5.564061677707977660e-01
5.180001036160736261e-01 -1.520841543020693187e+00 -5.417420629345089944e-01
5.190001038161046187e-01 -1.540013082802582645e+00 -5.269535675748628911e-01
5.200001040161356114e-01 -1.558957707672360415e+00 -5.120439912304308727e-01
5.210001042161667151e-01 -1.577673950737977560e+00 -4.970166144043954293e-01
5.220001044161977077e-01 -1.596160411921221156e+00 -4.818746881433564888e-01
5.230001046162287004e-01 -1.614415756914181044e+00 -4.666214336402924601e-01
5.240001048162598041e-01 -1.632438716138524981e+00 -4.512600418603450736e-01
5.250001050162907967e-01 -1.650228083708072058e+00 -4.357936731932842145e-01
5.260001052163217894e-01 -1.667782716395081133e+00 -4.202254571256315296e-01
5.270001054163528931e-01 -1.685101532600533858e+00 -4.045584919352690489e-01
5.280001056163838857e-01 -1.702183511328807963e+00 -3.887958444078266074e-01
5.290001058164148784e-01 -1.719027691167083205e+00 -3.729405495740132359e-01
5.300001060164459821e-01 -1.735633169269819254e+00 -3.569956104673842612e-01
5.310001062164769747e-01 -1.751999100348583305e+00 -3.409639979019855605e-01
5.320001064165079674e-01 -1.768124695667581348e+00 -3.248486502693348488e-01
5.330001066165390711e-01 -1.784009222045124909e+00 -3.086524733542491128e-01
5.340001068165700637e-01 -1.799652000861331702e+00 -2.923783401689849515e-01
5.350001070166010564e-01 -1.815052407072332175e+00 -2.760290908051735159e-01
5.360001072166321601e-01 -1.830209868231189585e+00 -2.596075323030793136e-01
5.370001074166631527e-01 -1.845123863515795826e+00 -2.431164385376756720e-01
5.380001076166941454e-01 -1.859793922763960383e+00 -2.265585501208612351e-01
5.390001078167252491e-01 -1.874219625515829657e+00 -2.099365743188637279e-01
5.400001080167562417e-01 -1.888400600063944834e+00 -1.932531849880090857e-01
5.410001082167872344e-01 -1.902336522511162586e+00 -1.765110225226193263e-01
5.420001084168183381e-01 -1.916027115836478556e+00 -1.597126938178937139e-01
5.430001086168493307e-01 -1.929472148968991885e+00 -1.428607722470589814e-01
5.440001088168803234e-01 -1.942671435870139574e+00 -1.259577976521026599e-01
5.450001090169114271e-01 -1.955624834624368980e+00 -1.090062763476970786e-01
5.460001092169424197e-01 -1.968332246538364805e+00 -9.200868113787410985e-02
5.470001094169734124e-01 -1.980793615248985562e+00 -7.496745134502208474e-02
5.480001096170045161e-01 -1.993008925839999890e+00 -5.788499285083116563e-02
5.490001098170355087e-01 -2.004978203967744843e+00 -4.076367814877367157e-02
5.500001100170665014e-01 -2.016701514995809852e+00 -2.360584640771356754e-02
5.510001102170976051e-01 -2.028178963138834501e+00 -6.413803546283985101e-03
5.520001104171285977e-01 -2.039410690615497845e+00 1.081017768233036996e-02
5.530001106171595904e-01 -2.050396876810794300e+00 2.806385759560993051e-02
5.540001108171906941e-01 -2.061137737447622520e+00 4.534502947706842840e-02
5.550001110172216867e-01 -2.071633523767792529e+00 6.265151946250369086e-02
5.560001112172526794e-01 -2.081884521722545678e+00 7.998118641734235090e-02
5.570001114172837831e-01 -2.091891051172552807e+00 9.733192180527383552e-02
5.580001116173147757e-01 -2.101653465097465645e+00 1.147016495485900511e-01
5.590001118173457684e-01 -2.111172148815074756e+00 1.320883258805710947e-01
5.600001120173768721e-01 -2.120447519210068243e+00 1.494899391902000385e-01
5.610001122174078647e-01 -2.129480023972442737e+00 1.669045098595319521e-01
5.620001124174388574e-01 -2.138270140845590195e+00 1.843300900940406939e-01
5.630001126174698500e-01 -2.146818376884043644e+00 2.017647637461977561e-01
5.640001128175009537e-01 -2.155125267720916948e+00 2.192066461326079296e-01
5.650001130175319464e-01 -2.163191376845026159e+00 2.366538838449574467e-01
5.660001132175629390e-01 -2.171017294887711557e+00 2.541046545550822433e-01
5.670001134175940427e-01 -2.178603638919315522e+00 2.715571668143938466e-01
5.680001136176250354e-01 -2.185951051755346430e+00 2.890096598477826517e-01
5.690001138176560280e-01 -2.193060201272260645e+00 3.064604033417882567e-01
5.700001140176871317e-01 -2.199931779732900772e+00 3.239076972298070567e-01
5.710001142177181244e-01 -2.206566503121557776e+00 3.413498714712505100e-01
5.720001144177491170e-01 -2.212965110488614329e+00 3.587852858265102585e-01
5.730001146177802207e-01 -2.219128363304727181e+00 3.762123296278558904e-01
5.740001148178112134e-01 -2.225057044824516606e+00 3.936294215464040680e-01
5.750001150178422060e-01 -2.230751959459757572e+00 4.110350093554072104e-01
5.760001152178733097e-01 -2.236213932161994489e+00 4.284275696900258779e-01
5.770001154179043024e-01 -2.241443807814547107e+00 4.458056078038224457e-01
5.780001156179352950e-01 -2.246442450633868493e+00 4.631676573221918392e-01
5.790001158179663987e-01 -2.251210743580210227e+00 4.805122799928914779e-01
5.800001160179975024e-01 -2.255749587777509557e+00 4.978380654338843136e-01
5.810001162180286061e-01 -2.260059901942481630e+00 5.151436308786856433e-01
5.820001164180595987e-01 -2.264142621822853307e+00 5.324276209193812281e-01
5.830001166180907024e-01 -2.267998699644647953e+00 5.496887072473851665e-01
5.840001168181218061e-01 -2.271629103568488794e+00 5.669255883917000416e-01
5.850001170181529098e-01 -2.275034817154844902e+00 5.841369894570378474e-01
5.860001172181840134e-01 -2.278216838838190039e+00 6.013216618589577456e-01
5.870001174182151171e-01 -2.281176181409944714e+00 6.184783830577176289e-01
5.880001176182462208e-01 -2.283913871510188098e+00 6.356059562908812355e-01
5.890001178182773245e-01 -2.286430949128027468e+00 6.527032103047260003e-01
5.900001180183084282e-01 -2.288728467110577647e+00 6.697689990846096286e-01
5.910001182183395319e-01 -2.290807490680474068e+00 6.868022015844292838e-01
5.920001184183706355e-01 -2.292669096961829744e+00 7.038017214553036194e-01
5.930001186184016282e-01 -2.294314374514577093e+00 7.207664867736127690e-01
5.940001188184327319e-01 -2.295744422877112445e+00 7.376954497685304091e-01
5.950001190184638356e-01 -2.296960352117161097e+00 7.545875865491422640e-01
5.960001192184949392e-01 -2.297963282390781625e+00 7.714418968313075942e-01
5.970001194185260429e-01 -2.298754343509437970e+00 7.882574036643498205e-01
5.980001196185571466e-01 -2.299334674515048249e+00 8.050331531575439792e-01
5.990001198185882503e-01 -2.299705423262925930e+00 8.217682142061567552e-01
6.000001200186193540e-01 -2.299867746012548064e+00 8.384616782194542761e-01
6.010001202186504576e-01 -2.299822807026054683e+00 8.551126588474307066e-01
6.020001204186815613e-01 -2.299571778174407832e+00 8.717202917081727787e-01
6.030001206187125540e-01 -2.299115838551093915e+00 8.882837341157484579e-01
6.040001208187436577e-01 -2.298456174093329807e+00 9.048021648086476132e-01
6.050001210187747613e-01 -2.297593977210637739e+00 9.212747836788143241e-01
6.060001212188058650e-01 -2.296530446420760985e+00 9.377008115014159317e-01
6.070001214188369687e-01 -2.295266785992768455e+00 9.540794896653688184e-01
6.080001216188680724e-01 -2.293804205597328227e+00 9.704100799047441495e-01
6.090001218188991761e-01 -2.292143919964009235e+00 9.866918640310953226e-01
6.100001220189302797e-01 -2.290287148545562701e+00 1.002924143666795720e+00
6.110001222189613834e-01 -2.288235115189078517e+00 1.019106239979449713e+00
6.120001224189924871e-01 -2.285989047813923314e+00 1.035237493417441978e+00
6.130001226190235908e-01 -2.283550178096403371e+00 1.051317263446607475e+00
6.140001228190545834e-01 -2.280919741161027581e+00 1.067344928287948358e+00
6.150001230190856871e-01 -2.278098975278307847e+00 1.083319884657508281e+00
6.160001232191167908e-01 -2.275089121569028094e+00 1.099241547506893957e+00
6.170001234191478945e-01 -2.271891423714845537e+00 1.115109349765353031e+00
6.180001236191789982e-01 -2.268507127675188251e+00 1.130922742083374732e+00
6.190001238192101018e-01 -2.264937481410335796e+00 1.146681192577816422e+00
6.200001240192412055e-01 -2.261183734610605178e+00 1.162384186578587553e+00
6.210001242192723092e-01 -2.257247138431552003e+00 1.178031226376961893e+00
6.220001244193034129e-01 -2.253128945235115754e+00 1.193621830975529097e+00
6.230001246193345166e-01 -2.248830408336615072e+00 1.209155535839853801e+00
6.240001248193656203e-01 -2.244352781757503301e+00 1.224631892651853349e+00
6.250001250193966129e-01 -2.239697319983818158e+00 1.240050469064944538e+00
6.260001252194277166e-01 -2.234865277730222921e+00 1.255410848461000928e+00
6.270001254194588203e-01 -2.229857909709580976e+00 1.270712629709116470e+00
6.280001256194899240e-01 -2.224676470407947360e+00 1.285955426926250977e+00
6.290001258195210276e-01 -2.219322213864929338e+00 1.301138869239725215e+00
6.300001260195521313e-01 -2.213796393459311673e+00 1.316262600551701301e+00
6.310001262195832350e-01 -2.208100261699890154e+00 1.331326279305544702e+00
6.320001264196143387e-01 -2.202235070021409058e+00 1.346329578254173098e+00
6.330001266196454424e-01 -2.196202068585543010e+00 1.361272184230372106e+00
6.340001268196765460e-01 -2.190002506086820677e+00 1.376153797919127175e+00
6.350001270197076497e-01 -2.183637629563442761e+00 1.390974133631968757e+00
6.360001272197386424e-01 -2.177108684212890388e+00 1.405732919083359844e+00
6.370001274197697461e-01 -2.170416913212254606e+00 1.420429895169139867e+00
6.380001276198008497e-01 -2.163563557543231042e+00 1.435064815747028266e+00
6.390001278198319534e-01 -2.156549855821666917e+00 1.449637447419217517e+00
6.400001280198630571e-01 -2.149377044131617787e+00 1.464147569317054698e+00
6.410001282198941608e-01 -2.142046355863824303e+00 1.478594972887829817e+00
6.420001284199252645e-01 -2.134559021558542380e+00 1.492979461683672016e+00
6.430001286199563681e-01 -2.126916268752638395e+00 1.507300851152653998e+00
6.440001288199874718e-01 -2.119119321830904568e+00 1.521558968432204395e+00
6.450001290200185755e-01 -2.111169401881488827e+00 1.535753652143838854e+00
6.460001292200496792e-01 -2.103067726555418293e+00 1.549884752190781700e+00
6.470001294200806718e-01 -2.094815509930088915e+00 1.563952129557572901e+00
6.480001296201117755e-01 -2.086413962376693743e+00 1.577955656111777794e+00
6.490001298201428792e-01 -2.077864290431503669e+00 1.591895214407841319e+00
6.500001300201739829e-01 -2.069167696670938028e+00 1.605770697493107191e+00
6.510001302202050866e-01 -2.060325379590350448e+00 1.619582008715968913e+00
6.520001304202361903e-01 -2.051338533486473104e+00 1.633329061536178850e+00
6.530001306202672939e-01 -2.042208348343456770e+00 1.647011779337300474e+00
6.540001308202983976e-01 -2.032936009722426274e+00 1.660630095241309112e+00
6.550001310203295013e-01 -2.023522698654503849e+00 1.674183951925329650e+00
6.560001312203606050e-01 -2.013969591537225323e+00 1.687673301440515639e+00
6.570001314203915976e-01 -2.004277860034295422e+00 1.701098105033060692e+00
6.580001316204227013e-01 -1.994448670978613336e+00 1.714458332967670584e+00
6.590001318204538050e-01 -1.984483186278504174e+00 1.727753964353647920e+00
6.600001320204849087e-01 -1.974382562827104337e+00 1.740984986970280257e+00
6.610001322205160124e-01 -1.964147952414861509e+00 1.754151397097134524e+00
6.620001324205471160e-01 -1.953780501645052459e+00 1.767253199345775183e+00
6.630001326205782197e-01 -1.943281351852284011e+00 1.780290406493463484e+00
6.640001328206093234e-01 -1.932651639023907464e+00 1.793263039318930163e+00
6.650001330206404271e-01 -1.921892493724300710e+00 1.806171126440237584e+00
6.660001332206715308e-01 -1.911005041021954565e+00 1.819014704154705564e+00
6.670001334207026344e-01 -1.899990400419316217e+00 1.831793816280896214e+00
6.680001336207336271e-01 -1.888849685785327637e+00 1.844508514002635602e+00
6.690001338207647308e-01 -1.877584005290603653e+00 1.857158855715090429e+00
6.700001340207958345e-01 -1.866194461345220157e+00 1.869744906872846446e+00
6.710001342208269381e-01 -1.854682150539021857e+00 1.882266739840017244e+00
6.720001344208580418e-01 -1.843048163584434906e+00 1.894724433742348113e+00
6.730001346208891455e-01 -1.831293585261706491e+00 1.907118074321305867e+00
6.740001348209202492e-01 -1.819419494366546042e+00 1.919447753790146649e+00
6.750001350209513529e-01 -1.807426963660092367e+00 1.931713570691937720e+00
6.760001352209824566e-01 -1.795317059821186279e+00 1.943915629759551011e+00
6.770001354210135602e-01 -1.783090843400875203e+00 1.956054041777561148e+00
6.780001356210446639e-01 -1.770749368779122923e+00 1.968128923446089251e+00
6.790001358210756566e-01 -1.758293684123629408e+00 1.980140397251254347e+00
6.800001360211067603e-01 -1.745724831350733419e+00 1.992088591330702041e+00
6.810001362211378639e-01 -1.733043846088453854e+00 2.003973639336306789e+00
6.820001364211689676e-01 -1.720251757641551471e+00 2.015795680310203508e+00
6.830001366212000713e-01 -1.707349588958534836e+00 2.027554858558072048e+00
6.840001368212311750e-01 -1.694338356600595841e+00 2.039251323524229331e+00
6.850001370212622787e-01 -1.681219070712426822e+00 2.050885229668564236e+00
6.860001372212933823e-01 -1.667992734994887982e+00 2.062456736345265718e+00
6.870001374213244860e-01 -1.654660346679473815e+00 2.073966007683335722e+00
6.880001376213555897e-01 -1.641222896504550555e+00 2.085413212468887778e+00
6.890001378213866934e-01 -1.627681368693312924e+00 2.096798524029193977e+00
6.900001380214176860e-01 -1.614036740933428860e+00 2.108122120118468334e+00
6.910001382214487897e-01 -1.600289984358326256e+00 2.119384182805396755e+00
6.920001384214798934e-01 -1.586442063530099977e+00 2.130584898362342106e+00
6.930001386215109971e-01 -1.572493936423983385e+00 2.141724457156272798e+00
6.940001388215421008e-01 -1.558446554414350649e+00 2.152803053541344713e+00
6.950001390215732044e-01 -1.544300862262235174e+00 2.163820885753165335e+00
6.960001392216043081e-01 -1.530057798104297095e+00 2.174778155804668600e+00
6.970001394216354118e-01 -1.515718293443226949e+00 2.185675069383647529e+00
6.980001396216665155e-01 -1.501283273139547125e+00 2.196511835751875807e+00
6.990001398216976192e-01 -1.486753655404766450e+00 2.207288667646502667e+00
7.000001400217287229e-01 -1.472130351795795100e+00 2.218005781192785797e+00
7.010001402217597155e-01 -1.457414267210689340e+00 2.228663395792730650e+00
7.020001404217908192e-01 -1.442606299885734078e+00 2.239261734031894768e+00
7.030001406218219229e-01 -1.427707341393757767e+00 2.249801021589721284e+00
7.040001408218530266e-01 -1.412718276643604831e+00 2.260281487148048107e+00
7.050001410218841302e-01 -1.397639983880786030e+00 2.270703362301099482e+00
7.060001412219152339e-01 -1.382473334689273692e+00 2.281066881466963014e+00
7.070001414219463376e-01 -1.367219193994405613e+00 2.291372281800529542e+00
7.080001416219774413e-01 -1.351878420066879416e+00 2.301619803107871842e+00
7.090001418220085450e-01 -1.336451864527792965e+00 2.311809687762063525e+00
7.100001420220396486e-01 -1.320940372354724834e+00 2.321942180620401253e+00
7.110001422220706413e-01 -1.305344781888810202e+00 2.332017528943026274e+00
7.120001424221017450e-01 -1.289665924842782641e+00 2.342035982312931086e+00
7.130001426221328487e-01 -1.273904626309987131e+00 2.351997792557317890e+00
7.140001428221639523e-01 -1.258061704774291023e+00 2.361903213670311974e+00
7.150001430221950560e-01 -1.242137972120906264e+00 2.371752501737008689e+00
7.160001432222261597e-01 -1.226134233648086269e+00 2.381545914858820279e+00
7.170001434222572634e-01 -1.210051288079657006e+00 2.391283713080137208e+00
7.180001436222883671e-01 -1.193889927578390520e+00 2.400966158316256482e+00
7.190001438223194707e-01 -1.177650937760166494e+00 2.410593514282588057e+00
7.200001440223505744e-01 -1.161335097708894315e+00 2.420166046428974038e+00
7.210001442223816781e-01 -1.144943179992113924e+00 2.429684021879643385e+00
7.220001444224126708e-01 -1.128475950677412021e+00 2.439147709344531290e+00
7.230001446224437744e-01 -1.111934169349620305e+00 2.448557379062516581e+00
7.240001448224748781e-01 -1.095318589128660314e+00 2.457913302737891659e+00
7.250001450225059818e-01 -1.078629956688029301e+00 2.467215753476911910e+00
7.260001452225370855e-01 -1.061869012273945589e+00 2.476465005725496660e+00
7.270001454225681892e-01 -1.045036489725120754e+00 2.485661335208069644e+00
7.280001456225992928e-01 -1.028133116493137766e+00 2.494805018867542579e+00
7.290001458226303965e-01 -1.011159613663423995e+00 2.503896334806402280e+00
7.300001460226615002e-01 -9.941166959767898659e-01 2.512935562228901354e+00
7.310001462226926039e-01 -9.770050718515203014e-01 2.521922981384333351e+00
7.320001464227237076e-01 -9.598254434060031759e-01 2.530858873511367513e+00
7.330001466227547002e-01 -9.425785064818721359e-01 2.539743520783464437e+00
7.340001468227858039e-01 -9.252649506676403623e-01 2.548577206255298933e+00
7.350001470228169076e-01 -9.078854593228365966e-01 2.557360213810227378e+00
7.360001472228480113e-01 -8.904407096025824808e-01 2.566092828108773816e+00
7.370001474228791150e-01 -8.729313724826337495e-01 2.574775334538082383e+00
7.380001476229102186e-01 -8.553581127848471910e-01 2.583408019162394265e+00
7.390001478229413223e-01 -8.377215892030676070e-01 2.591991168674454560e+00
7.400001480229724260e-01 -8.200224543294154511e-01 2.600525070347897927e+00
7.410001482230035297e-01 -8.022613546809034268e-01 2.609010012000349654e+00
7.420001484230346334e-01 -7.844389307263972544e-01 2.617446281942096054e+00
7.430001486230657370e-01 -7.665558169140423983e-01 2.625834168918978140e+00
7.440001488230967297e-01 -7.486126416990511734e-01 2.634173962077362763e+00
7.450001490231278334e-01 -7.306100275717611892e-01 2.642465950921172535e+00
7.460001492231589371e-01 -7.125485910860267502e-01 2.650710425269788395e+00
7.470001494231900407e-01 -6.944289428878909209e-01 2.658907675216824362e+00
7.480001496232211444e-01 -6.762516877445600150e-01 2.667057991089754054e+00
7.490001498232522481e-01 -6.580174245736472027e-01 2.675161663410371204e+00
7.500001500232833518e-01 -6.397267464726843489e-01 2.683218982856083734e+00
7.510001502233144555e-01 -6.213802407488804302e-01 2.691230240222024950e+00
7.520001504233455591e-01 -6.029784889491268673e-01 2.699195726383956551e+00
7.530001506233766628e-01 -5.845220668902231242e-01 2.707115732261966112e+00
7.540001508234076555e-01 -5.660115446893252411e-01 2.714990548784951940e+00
7.550001510234387592e-01 -5.474474867945907652e-01 2.722820466855860211e+00
7.560001512234698628e-01 -5.288304520160355127e-01 2.730605777317679728e+00
7.570001514235009665e-01 -5.101609935565576404e-01 2.738346770920189410e+00
7.580001516235320702e-01 -4.914396590431432399e-01 2.746043738287417213e+00
7.590001518235631739e-01 -4.726669905582367992e-01 2.753696969885834456e+00
7.600001520235942776e-01 -4.538435246712624882e-01 2.761306755993246487e+00
7.610001522236253813e-01 -4.349697924702862206e-01 2.768873386669397973e+00
7.620001524236564849e-01 -4.160463195937280645e-01 2.776397151739562918e+00
7.630001526236875886e-01 -3.970736262622412416e-01 2.783878340745272073e+00
7.640001528237186923e-01 -3.780522273108063436e-01 2.791317242918558872e+00
7.650001530237496850e-01 -3.589826322209030418e-01 2.798714147158352539e+00
7.660001532237807886e-01 -3.398653451527411939e-01 2.806069342003463252e+00
7.670001534238118923e-01 -3.207008649776062481e-01 2.813383115606213458e+00
7.680001536238429960e-01 -3.014896853102651542e-01 2.820655755706664714e+00
7.690001538238740997e-01 -2.822322945414574291e-01 2.827887549607501327e+00
7.700001540239052034e-01 -2.629291758704493942e-01 2.835078784149482445e+00
7.710001542239363070e-01 -2.435808073376490024e-01 2.842229745687509190e+00
7.720001544239674107e-01 -2.241876618572707092e-01 2.849340720067269128e+00
7.730001546239985144e-01 -2.047502072500459458e-01 2.856411992602459815e+00
7.740001548240296181e-01 -1.852689062759700356e-01 2.863443848052570129e+00
7.750001550240607218e-01 -1.657442166670802519e-01 2.870436570601228254e+00
7.760001552240917144e-01 -1.461765911602597723e-01 2.877390443835084799e+00
7.770001554241228181e-01 -1.265664775300477662e-01 2.884305750723243467e+00
7.780001556241539218e-01 -1.069143186214832758e-01 2.891182773597210875e+00
7.790001558241850255e-01 -8.722055238293137391e-02 2.898021794131360185e+00
7.800001560242161291e-01 -6.748561189891992551e-02 2.904823093323928518e+00
7.810001562242472328e-01 -4.770992542296712685e-02 2.911586951478485119e+00
7.820001564242783365e-01 -2.789391641037207437e-02 2.918313648190089094e+00
7.830001566243094402e-01 -8.038003550919100432e-03 2.925003462335339144e+00
7.840001568243405439e-01 1.185739919836346218e-02 2.931656672033898570e+00
7.850001570243716476e-01 3.179188258040149817e-02 2.938273554641308571e+00
7.860001572244027512e-01 5.176504200536814065e-02 2.944854386733898988e+00
7.870001574244337439e-01 7.177647751801907727e-02 2.951399444093158131e+00
7.880001576244648476e-01 9.182579376508361035e-02 2.957909001690565809e+00
7.890001578244959513e-01 1.119125999626821716e-01 2.964383333672858889e+00
7.900001580245270549e-01 1.320365098638194568e-01 2.970822713347720523e+00
7.910001582245581586e-01 1.521971417259246340e-01 2.977227413169898362e+00
7.920001584245892623e-01 1.723941182784552717e-01 2.983597704727730893e+00
7.930001586246203660e-01 1.926270666905683659e-01 2.989933858730090765e+00
7.940001588246514697e-01 2.128956185388610756e-01 2.996236144993718487e+00
7.950001590246825733e-01 2.331994097751861061e-01 3.002504832430947790e+00
7.960001592247136770e-01 2.535380806945446430e-01 3.008740189037827140e+00
7.970001594247447807e-01 2.739112759030617461e-01 3.014942481882607161e+00
7.980001596247757734e-01 2.943186442860438179e-01 3.021111977094596224e+00
7.990001598248068770e-01 3.147598389761360749e-01 3.027248939853400156e+00
8.000001600248379807e-01 3.352345173215510177e-01 3.033353634378488373e+00
8.010001602248690844e-01 3.557423408544131416e-01 3.039426323919137918e+00
8.020001604249001881e-01 3.762829752591898558e-01 3.045467270744700361e+00
8.030001606249312918e-01 3.968560903412823304e-01 3.051476736144302926e+00
8.040001608249623954e-01 4.174613599957340271e-01 3.057454980411602019e+00
8.050001610249934991e-01 4.380984621759592135e-01 3.063402262826297573e+00
8.060001612250246028e-01 4.587670788625635154e-01 3.069318841653279506e+00
8.070001614250557065e-01 4.794668960323238971e-01 3.075204974134601255e+00
8.080001616250866991e-01 5.001976036272814952e-01 3.081060916481734857e+00
8.090001618251178028e-01 5.209588955239627950e-01 3.086886923868150223e+00
8.100001620251489065e-01 5.417504695027015593e-01 3.092683250422183061e+00
8.110001622251800102e-01 5.625720272171037539e-01 3.098450149220186578e+00
8.120001624252111139e-01 5.834232741636273811e-01 3.104187872279984273e+00
8.130001626252422176e-01 6.043039196512924871e-01 3.109896670554586517e+00
8.140001628252733212e-01 6.252136767715211763e-01 3.115576793926191801e+00
8.150001630253044249e-01 6.461522623681054123e-01 3.121228491200450872e+00
8.160001632253355286e-01 6.671193970073115986e-01 3.126852010100994228e+00
8.170001634253666323e-01 6.881148049481216056e-01 3.132447597264223837e+00
8.180001636253977360e-01 7.091382141126040262e-01 3.138015498234345113e+00
8.190001638254287286e-01 7.301893560564285401e-01 3.143555957458652461e+00
8.200001640254598323e-01 7.512679659395294918e-01 3.149069218283064853e+00
8.210001642254909360e-01 7.723737824968839316e-01 3.154555522947880331e+00
8.220001644255220397e-01 7.935065480094647405e-01 3.160015112583775210e+00
8.230001646255531433e-01 8.146660082753215404e-01 3.165448227208945475e+00
8.240001648255842470e-01 8.358519125808849815e-01 3.170855105736043456e+00
8.250001650256153507e-01 8.570640136723794988e-01 3.176235985952301277e+00
8.260001652256464544e-01 8.783020677273053467e-01 3.181591104519135182e+00
8.270001654256775581e-01 8.995658343261014878e-01 3.186920696972284528e+00
8.280001656257086617e-01 9.208550764239794573e-01 3.192224997719155688e+00
8.290001658257397654e-01 9.421695603229057747e-01 3.197504240036369350e+00
8.300001660257707581e-01 9.635090556437390097e-01 3.202758656067511644e+00
8.310001662258018618e-01 9.848733352985294953e-01 3.207988476821074020e+00
8.320001664258329654e-01 1.006262175462954822e+00 3.213193932168575184e+00
8.330001666258640691e-01 1.027675355548928637e+00 3.218375250842874014e+00
8.340001668258951728e-01 1.049112658177357327e+00 3.223532660436680075e+00
8.350001670259262765e-01 1.070573869151060453e+00 3.228666387401203597e+00
8.360001672259573802e-01 1.092058777427840743e+00 3.233776657045022596e+00
8.370001674259884838e-01 1.113567175093719719e+00 3.238863693533077015e+00
8.380001676260195875e-01 1.135098857336327649e+00 3.243927719885869365e+00
8.390001678260506912e-01 1.156653622418457372e+00 3.248968957978782601e+00
8.400001680260817949e-01 1.178231271651775103e+00 3.253987628541597399e+00
8.410001682261127876e-01 1.199831609370689778e+00 3.258983951158141767e+00
8.420001684261438912e-01 1.221454442906399374e+00 3.263958144266084549e+00
8.430001686261749949e-01 1.243099582561066452e+00 3.268910425156893673e+00
8.440001688262060986e-01 1.264766841582208867e+00 3.273841009979508776e+00
8.450001690262372023e-01 1.286456036137290093e+00 3.278750113745982908e+00
8.460001692262683060e-01 1.308166985288408135e+00 3.283637950314955312e+00
8.470001694262994096e-01 1.329899510967092802e+00 3.288504732399910147e+00
8.480001696263305133e-01 1.351653437949314362e+00 3.293350671570528743e+00
8.490001698263616170e-01 1.373428593830657851e+00 3.298175978253513829e+00
8.500001700263927207e-01 1.395224809001665900e+00 3.302980861733510132e+00
8.510001702264238244e-01 1.417041916623338116e+00 3.307765530154159528e+00
8.520001704264548170e-01 1.438879752602797213e+00 3.312530190519291651e+00
8.530001706264859207e-01 1.460738155569130559e+00 3.317275048694197093e+00
8.540001708265170244e-01 1.482616966849366502e+00 3.322000309407044938e+00
8.550001710265481281e-01 1.504516030444639219e+00 3.326706176250393554e+00
8.560001712265792317e-01 1.526435193006511870e+00 3.331392851682820400e+00
8.570001714266103354e-01 1.548374303813457420e+00 3.336060537030643758e+00
8.580001716266414391e-01 1.570333214747505535e+00 3.340709432489765263e+00
8.590001718266725428e-01 1.592311780271050248e+00 3.345339737127584812e+00
8.600001720267036465e-01 1.614309857403827486e+00 3.349951648885044708e+00
8.610001722267347501e-01 1.636327305700044699e+00 3.354545364578741307e+00
8.620001724267657428e-01 1.658363987225677683e+00 3.359121079903137463e+00
8.630001726267968465e-01 1.680419766535940829e+00 3.363678989432871802e+00
8.640001728268279502e-01 1.702494510652890147e+00 3.368219286625139031e+00
8.650001730268590538e-01 1.724588089043217032e+00 3.372742163822163519e+00
8.660001732268901575e-01 1.746700373596243416e+00 3.377247812262878401e+00
8.670001734269212612e-01 1.768831238602118994e+00 3.381736422081998317e+00
8.680001736269523649e-01 1.790980560730065063e+00 3.386208182297991254e+00
8.690001738269834686e-01 1.813148219006747608e+00 3.390663280825724879e+00
8.700001740270145723e-01 1.835334094794872417e+00 3.395101904479407740e+00
8.710001742270456759e-01 1.857538071771940524e+00 3.399524238975588197e+00
8.720001744270767796e-01 1.879760035909156635e+00 3.403930468936210207e+00
8.730001746271077723e-01 1.901999875450502753e+00 3.408320777891746367e+00
8.740001748271388760e-01 1.924257480891976568e+00 3.412695348284396246e+00
8.750001750271699796e-01 1.946532744960968397e+00 3.417054361471338897e+00
8.760001752272010833e-01 1.968825562595814427e+00 3.421397997728063078e+00
8.770001754272321870e-01 1.991135830925496508e+00 3.425726436251752993e+00
8.780001756272632907e-01 2.013463449249506709e+00 3.430039855164731311e+00
8.790001758272943944e-01 2.035808319017856860e+00 3.434338431517953261e+00
8.800001760273254980e-01 2.058170343811255520e+00 3.438622341294569118e+00
8.810001762273566017e-01 2.080549429321430388e+00 3.442891759413527542e+00
8.820001764273877054e-01 2.102945483331609022e+00 3.447146859733235313e+00
8.830001766274188091e-01 2.125358415697150782e+00 3.451387815055273922e+00
8.840001768274498017e-01 2.147788138326333751e+00 3.455614797128143234e+00
8.850001770274809054e-01 2.170234565161302420e+00 3.459827976651069115e+00
8.860001772275120091e-01 2.192697612159141496e+00 3.464027523277852794e+00
8.870001774275431128e-01 2.215177197273127785e+00 3.468213605620987128e+00
8.880001776275742165e-01 2.237673240434179700e+00 3.472386391264107530e+00
8.890001778276053201e-01 2.260185663532440437e+00 3.476546046755275121e+00
8.900001780276364238e-01 2.282714390398933535e+00 3.480692737609529352e+00
8.910001782276675275e-01 2.305259346787390307e+00 3.484826628316784358e+00
8.920001784276986312e-01 2.327820460356242016e+00 3.488947882345966978e+00
8.930001786277297349e-01 2.350397660650758613e+00 3.493056662149160108e+00
8.940001788277608386e-01 2.372990879085337568e+00 3.497153129165789576e+00
8.950001790277918312e-01 2.395600048925938808e+00 3.501237443826850093e+00
8.960001792278229349e-01 2.418225105272665321e+00 3.505309765559152080e+00
8.970001794278540386e-01 2.440865985042478314e+00 3.509370252789604905e+00
8.980001796278851423e-01 2.463522626952074468e+00 3.513419062949524108e+00
8.990001798279162459e-01 2.486194971500886197e+00 3.517456352478968817e+00
9.000001800279473496e-01 2.508882960954247121e+00 3.521482276831101377e+00
9.010001802279784533e-01 2.531586539326676988e+00 3.525496990476582493e+00
9.020001804280095570e-01 2.554305652365317147e+00 3.529500646907964612e+00
9.030001806280406607e-01 2.577040247533509465e+00 3.533493398644145245e+00
9.040001808280717643e-01 2.599790273994507572e+00 3.537475397234798535e+00
9.050001810281027570e-01 2.622555682595328008e+00 3.541446793264859672e+00
9.060001812281338607e-01 2.645336425850751905e+00 3.545407736359015072e+00
9.070001814281649644e-01 2.668132457927432366e+00 3.549358375186201009e+00
9.080001816281960680e-01 2.690943734628174600e+00 3.553298857464139093e+00
9.090001818282271717e-01 2.713770213376329732e+00 3.557229329965216014e+00
9.100001820282582754e-01 2.736611853200415556e+00 3.561149938529848846e+00
9.110001822282893791e-01 2.759468614718811885e+00 3.565060828054954722e+00
9.120001824283204828e-01 2.782340460124507420e+00 3.568962142502928980e+00
9.130001826283515864e-01 2.805227353170029136e+00 3.572854024908285187e+00
9.140001828283826901e-01 2.828129259152515562e+00 3.576736617382295869e+00
9.150001830284137938e-01 2.851046144898917056e+00 3.580610061117647458e+00
9.160001832284447865e-01 2.873977978751320883e+00 3.584474496393104115e+00
9.170001834284758901e-01 2.896924730552433935e+00 3.588330062578181767e+00
9.180001836285069938e-01 2.919886371631144950e+00 3.592176898137826591e+00
9.190001838285380975e-01 2.942862874788263472e+00 3.596015140637103702e+00
9.200001840285692012e-01 2.965854214282355183e+00 3.599844926745896512e+00
9.210001842286003049e-01 2.988860365815717568e+00 3.603666392243595418e+00
9.220001844286314086e-01 3.011881306520474144e+00 3.607479672023825579e+00
9.230001846286625122e-01 3.034917014944799707e+00 3.611284900099128503e+00
9.240001848286936159e-01 3.057967471039258367e+00 3.615082209605707142e+00
9.250001850287247196e-01 3.081032656143275705e+00 3.618871732808121688e+00
9.260001852287558233e-01 3.104112552971729055e+00 3.622653601104016019e+00
9.270001854287868159e-01 3.127207145601654137e+00 3.626427945028837030e+00
9.280001856288179196e-01 3.150316419459085360e+00 3.630194894260544203e+00
9.290001858288490233e-01 3.173440361305995161e+00 3.633954577624354254e+00
9.300001860288801270e-01 3.196578959227371008e+00 3.637707123097441375e+00
9.310001862289112307e-01 3.219732202618414085e+00 3.641452657816008909e+00
9.320001864289423343e-01 3.242900082171904508e+00 3.645191308083505444e+00
9.330001866289734380e-01 3.266082589865622943e+00 3.648923199364272119e+00
9.340001868290045417e-01 3.289279718949862819e+00 3.652648456293368984e+00
9.350001870290356454e-01 3.312491463935081093e+00 3.656367202681741979e+00
9.360001872290667491e-01 3.335717820579665371e+00 3.660079561520940494e+00
9.370001874290978527e-01 3.358958785877821818e+00 3.663785654987868234e+00
9.380001876291288454e-01 3.382214358047572311e+00 3.667485604449471026e+00
9.390001878291599491e-01 3.405484536518870176e+00 3.671179530467481023e+00
9.400001880291910528e-01 3.428769321921808277e+00 3.674867552803114723e+00
9.410001882292221564e-01 3.452068716074962573e+00 3.678549790421769661e+00
9.420001884292532601e-01 3.475382721973819589e+00 3.682226361497737521e+00
9.430001886292843638e-01 3.498711343779339789e+00 3.685897383418890172e+00
9.440001888293154675e-01 3.522054586806605325e+00 3.689562972791353257e+00
9.450001890293465712e-01 3.545412457513580140e+00 3.693223245444198888e+00
9.460001892293776748e-01 3.568784963489993523e+00 3.696878316434079270e+00
9.470001894294087785e-01 3.592172113446303161e+00 3.700528300049922059e+00
9.480001896294398822e-01 3.615573917202773657e+00 3.704173309817551552e+00
9.490001898294708749e-01 3.638990385678678940e+00 3.707813458504334747e+00
9.500001900295019786e-01 3.662421530881564635e+00 3.711448858123799877e+00
9.510001902295330822e-01 3.685867365896657866e+00 3.715079619940270028e+00
9.520001904295641859e-01 3.709327904876333015e+00 3.718705854473446593e+00
9.530001906295952896e-01 3.732803163029753346e+00 3.722327671507085434e+00
9.540001908296263933e-01 3.756293156612618755e+00 3.725945180091891018e+00
9.550001910296574970e-01 3.779797902916913976e+00 3.729558488543641026e+00
9.560001912296886006e-01 3.803317420260825088e+00 3.733167704452086344e+00
9.570001914297197043e-01 3.826851727978670681e+00 3.736772934685546499e+00
9.580001916297508080e-01 3.850400846411050182e+00 3.740374285395432707e+00
9.590001918297818007e-01 3.873964796894979745e+00 3.743971862020843755e+00
9.600001920298129043e-01 3.897543601754217768e+00 3.747565769293032645e+00
9.610001922298440080e-01 3.921137284289610836e+00 3.751156111239978053e+00
9.620001924298751117e-01 3.944745868769587993e+00 3.754742991190844759e+00
9.630001926299062154e-01 3.968369380420702086e+00 3.758326511780496482e+00
9.640001928299373191e-01 3.992007845418317213e+00 3.761906774953969634e+00
9.650001930299684227e-01 4.015661290877329925e+00 3.765483881970912883e+00
9.660001932299995264e-01 4.039329744843040082e+00 3.769057933410052019e+00
9.670001934300306301e-01 4.063013236282055907e+00 3.772629029173616644e+00
9.680001936300617338e-01 4.086711795073337150e+00 3.776197268491751746e+00
9.690001938300928375e-01 4.110425451999290658e+00 3.779762749926903087e+00
9.700001940301238301e-01 4.134154238736972076e+00 3.783325571378228780e+00
9.710001942301549338e-01 4.157898187849389693e+00 3.786885830085936711e+00
9.720001944301860375e-01 4.181657332776852698e+00 3.790443622635659704e+00
9.730001946302171412e-01 4.205431707828438448e+00 3.793999044962776956e+00
9.740001948302482448e-01 4.229221348173532569e+00 3.797552192356857148e+00
9.750001950302793485e-01 4.253026289833504947e+00 3.801103159470641035e+00
9.760001952303104522e-01 4.276846569673476317e+00 3.804652040318399209e+00
9.770001954303415559e-01 4.300682225394078628e+00 3.808198928279466600e+00
9.780001956303726596e-01 4.324533295523323773e+00 3.811743916104574748e+00
9.790001958304037633e-01 4.348399819408575340e+00 3.815287095920124827e+00
9.800001960304348669e-01 4.372281837208609190e+00 3.818828559232405606e+00
9.810001962304658596e-01 4.396179389885721989e+00 3.822368396931816736e+00
9.820001964304969633e-01 4.420092519197970304e+00 3.825906699297058733e+00
9.830001966305280670e-01 4.444021267691430133e+00 3.829443555999325177e+00
9.840001968305591706e-01 4.467965678692594977e+00 3.832979056106452731e+00
9.850001970305902743e-01 4.491925796300821006e+00 3.836513288087084916e+00
9.860001972306213780e-01 4.515901665380837038e+00 3.840046339814783050e+00
9.870001974306524817e-01 4.539893331555370892e+00 3.843578298572130958e+00
9.880001976306835854e-01 4.563900841197815694e+00 3.847109251054845469e+00
9.890001978307146890e-01 4.587924241424993888e+00 3.850639283375835387e+00
9.900001980307457927e-01 4.611963580089978976e+00 3.854168481069250696e+00
9.910001982307768964e-01 4.636018905775022958e+00 3.857696929094540206e+00
9.920001984308078891e-01 4.660090267784512186e+00 3.861224711840435031e+00
9.930001986308389927e-01 4.684177716138036907e+00 3.864751913128970706e+00
9.940001988308700964e-01 4.708281301563510546e+00 3.868278616219447574e+00
9.950001990309012001e-01 4.732401075490359155e+00 3.871804903812413823e+00
9.955001991309166964e-01 4.744467049403651160e+00 3.873567917487937162e+00
9.960001992309323038e-01 4.756537090042768590e+00 3.875330858053772420e+00
9.965001993309479111e-01 4.768611204030710482e+00 3.877093735686704346e+00
9.970001994309634075e-01 4.780689398033022286e+00 3.878856560540418830e+00
9.975001995309789038e-01 4.792771678757749676e+00 3.880619342724095144e+00
9.977501995809867630e-01 4.798814353748738881e+00 3.881500720967588247e+00
9.980001996309945111e-01 4.804858052954958048e+00 3.882382092322799405e+00
9.982501996810022593e-01 4.810902777226743865e+00 3.883263458042281346e+00
9.985001997310101185e-01 4.816948527416930581e+00 3.884144819378944291e+00
9.987501997810178667e-01 4.822995304381064052e+00 3.885026177585006568e+00
9.988751998060216852e-01 4.826019078171469801e+00 3.885466855904410099e+00
9.990001998310256148e-01 4.829043108977411514e+00 3.885907533909135569e+00
9.991001798479230978e-01 4.831462034772251890e+00 3.886260005671328344e+00
9.992001598648205807e-01 4.833881125115273569e+00 3.886612477411116817e+00
9.993001398817178416e-01 4.836300380061689275e+00 3.886964949208212339e+00
9.994001198986153245e-01 4.838719799666810317e+00 3.887317421142258311e+00
9.995000999155128074e-01 4.841139383985995082e+00 3.887669893292796441e+00
9.995500899239615489e-01 4.842349237930680950e+00 3.887846129474078705e+00
9.996000799324102903e-01 4.843559133074674783e+00 3.888022365739268515e+00
9.996500699408590318e-01 4.844769069424919472e+00 3.888198602098282830e+00
9.997000599493076622e-01 4.845979046988354355e+00 3.888374838561034164e+00
9.997500499577564037e-01 4.847189065771935645e+00 3.888551075137432367e+00
9.997750449619807744e-01 4.847794090623448682e+00 3.888639193471339350e+00
9.998000399662051452e-01 4.848399125782613339e+00 3.888727311837366418e+00
9.998250349704295159e-01 4.849004171250287598e+00 3.888815430236754800e+00
9.998500299746537756e-01 4.849609227027343650e+00 3.888903548670742172e+00
9.998750249788781463e-01 4.850214293114652797e+00 3.888991667140556885e+00
9.998875224809903317e-01 4.850516830024923287e+00 3.889035726389286296e+00
9.999000199831025171e-01 4.850819369513087231e+00 3.889079785647433951e+00
9.999100179847922876e-01 4.851061402959775393e+00 3.889115033060844606e+00
9.999200159864820581e-01 4.851303438056436157e+00 3.889150280480461852e+00
9.999300139881717175e-01 4.851545474803123703e+00 3.889185527906361184e+00
9.999400119898614880e-01 4.851787513199898427e+00 3.889220775338626535e+00
9.999500099915512585e-01 4.852029553246819837e+00 3.889256022777340949e+00
9.999550089923960883e-01 4.852150573889097096e+00 3.889273646499134873e+00
9.999600079932410290e-01 4.852271594943937671e+00 3.889291270222573704e+00
9.999650069940859698e-01 4.852392616411338899e+00 3.889308893947664547e+00
9.999700059949307995e-01 4.852513638291309661e+00 3.889326517674410955e+00
9.999750049957756293e-01 4.852634660583855286e+00 3.889344141402831134e+00
9.999775044961980441e-01 4.852695171884850112e+00 3.889352953267671609e+00
9.999800039966204590e-01 4.852755683288988209e+00 3.889361765132930415e+00
9.999825034970428739e-01 4.852816194796275795e+00 3.889370576998615103e+00
9.999850029974652887e-01 4.852876706406712870e+00 3.889379388864720788e+00
9.999875024978877036e-01 4.852937218120296770e+00 3.889388200731253242e+00
9.999887522480990221e-01 4.852967474015773774e+00 3.889392606664679786e+00
9.999900019983102295e-01 4.852997729937036375e+00 3.889397012598209802e+00
9.999910017984792177e-01 4.853021934692612227e+00 3.889400537345113928e+00
9.999920015986483168e-01 4.853046139464696651e+00 3.889404062092085113e+00
9.999930013988171940e-01 4.853070344253278989e+00 3.889407586839124242e+00
9.999940011989861821e-01 4.853094549058369900e+00 3.889411111586233982e+00
9.999950009991551703e-01 4.853118753879966718e+00 3.889414636333410780e+00
9.999955008992396088e-01 4.853130856296949958e+00 3.889416398707027600e+00
9.999960007993240474e-01 4.853142958718059674e+00 3.889418161080655079e+00
9.999965006994085970e-01 4.853155061143299420e+00 3.889419923454307426e+00
9.999970005994931466e-01 4.853167163572666531e+00 3.889421685827970432e+00
9.999975004995775851e-01 4.853179266006155679e+00 3.889423448201655198e+00
9.999977504496198044e-01 4.853185317224449236e+00 3.889424329388500023e+00
9.999980003996620237e-01 4.853191368443773968e+00 3.889425210575356395e+00
9.999982503497042430e-01 4.853197419664127210e+00 3.889426091762209214e+00
9.999985002997464623e-01 4.853203470885516069e+00 3.889426972949072692e+00
9.999987502497886815e-01 4.853209522107932550e+00 3.889427854135932616e+00
9.999988752248099022e-01 4.853212547719532033e+00 3.889428294729367686e+00
9.999990001998310118e-01 4.853215573331387311e+00 3.889428735322806752e+00
9.999991001798479440e-01 4.853217993821056453e+00 3.889429087797555695e+00
9.999992001598647651e-01 4.853220414310889019e+00 3.889429440272304195e+00
9.999993001398816972e-01 4.853222834800886787e+00 3.889429792747057135e+00
9.999994001198986293e-01 4.853225255291052420e+00 3.889430145221805635e+00
9.999995000999155614e-01 4.853227675781384143e+00 3.889430497696561684e+00
9.999995500899239165e-01 4.853228886026607292e+00 3.889430673933934379e+00
9.999996000799323825e-01 4.853230096271876626e+00 3.889430850171310627e+00
9.999996500699408486e-01 4.853231306517184152e+00 3.889431026408687320e+00
9.999997000599493147e-01 4.853232516762534310e+00 3.889431202646063124e+00
9.999997500499577807e-01 4.853233727007927101e+00 3.889431378883442925e+00
9.999997750449619582e-01 4.853234332130638151e+00 3.889431467002129494e+00
9.999998000399661358e-01 4.853234937253355419e+00 3.889431555120819173e+00
9.999998250349704243e-01 4.853235542376091338e+00 3.889431643239509295e+00
9.999998500299746018e-01 4.853236147498834363e+00 3.889431731358194977e+00
9.999998750249788904e-01 4.853236752621587158e+00 3.889431819476885099e+00
9.999998875224809236e-01 4.853237055182965776e+00 3.889431863536227940e+00
9.999999000199830679e-01 4.853237357744347058e+00 3.889431907595571669e+00
9.999999143028426296e-01 4.853237703528789915e+00 3.889431957949113006e+00
9.999999285857021913e-01 4.853238049313231883e+00 3.889432008302644128e+00
9.999999428685617531e-01 4.853238395097681845e+00 3.889432058656182356e+00
9.999999571514213148e-01 4.853238740882130919e+00 3.889432109009720584e+00
9.999999714342808765e-01 4.853239086666584434e+00 3.889432159363254815e+00
9.999999857171404383e-01 4.853239432451045055e+00 3.889432209716793043e+00
1.000000000000000000e+00 4.853239778235504787e+00 3.889432260070330827e+00
