# -15 2 0.402681822577 0.000216329846833
# x xi_r xi_h
1.000000200031036027e-03 -1.940236802056763299e+00 -9.692344392009624165e-01
1.083333550033622073e-03 -2.101431407661104256e+00 -1.049592036521032279e+00
1.166666900036207903e-03 -2.262508094061876918e+00 -1.129850897645172436e+00
1.250000250038793949e-03 -2.423457832451677785e+00 -1.210003476906292397e+00
1.333333600041381080e-03 -2.584271603337834566e+00 -1.290042239562995352e+00
1.500000300046552956e-03 -2.905455215107125788e+00 -1.449748235491871373e+00
1.666667000051725916e-03 -3.225986984571814986e+00 -1.608908856079776406e+00
1.833333700056899093e-03 -3.545795158045606410e+00 -1.767464297110394433e+00
2.000000400062071186e-03 -3.864808194090800342e+00 -1.925355004324456498e+00
2.250000450069830193e-03 -4.341680949643005327e+00 -2.160815104543228227e+00
2.500000500077589199e-03 -4.816364702594071900e+00 -2.394447486439540640e+00
2.750000550085349073e-03 -5.288621338987235632e+00 -2.626055077532418291e+00
3.000000600093107213e-03 -5.758214347658914711e+00 -2.855442687599903717e+00
3.333334000103451832e-03 -6.379789465067315923e+00 -3.157506048731011372e+00
3.666667400113796885e-03 -6.995661033727816225e+00 -3.454828194777524342e+00
4.000000800124142372e-03 -7.605284648126984237e+00 -3.746965452985937972e+00
4.500000900139660386e-03 -8.506832436391393415e+00 -4.174500375979753208e+00
5.000001000155178399e-03 -9.391337240995454749e+00 -4.587963796939900973e+00
5.500001100170696412e-03 -1.025706538306019944e+01 -4.985979226721946489e+00
6.000001200186214426e-03 -1.110233250057632048e+01 -5.367227409088964230e+00
6.500001300201731572e-03 -1.192550788426327557e+01 -5.730451145104741073e+00
7.000001400217249585e-03 -1.272501865144837474e+01 -6.074459876494094246e+00
7.500001500232767598e-03 -1.349935374048423142e+01 -6.398133998036954040e+00
8.000001600248286479e-03 -1.424706771852227405e+01 -6.700428897035228815e+00
9.000001800279322506e-03 -1.565720017764705219e+01 -7.237099642555435253e+00
1.000000200031036027e-02 -1.694529682657630332e+01 -7.677749213812886886e+00
1.100000220034138936e-02 -1.810249657119157618e+01 -8.017060427801403932e+00
1.200000240037243059e-02 -1.912127900715572792e+01 -8.251193532952795451e+00
1.300000260040345967e-02 -1.999553088703456893e+01 -8.377834813758589405e+00
1.400000280043449917e-02 -2.072059578340704178e+01 -8.396221453230326759e+00
1.500000300046552999e-02 -2.129330647788511399e+01 -8.307142357220467233e+00
1.600000320049656949e-02 -2.171199983432506286e+01 -8.112915094701870444e+00
1.700000340052760031e-02 -2.197651415029003985e+01 -7.817339478784856688e+00
1.800000360055864154e-02 -2.208816920581047327e+01 -7.425628673482921549e+00
1.900000380058967930e-02 -2.204972945628462710e+01 -6.944319123134052418e+00
2.000000400062071013e-02 -2.186535102944477771e+01 -6.381160867761110467e+00
2.100000420065175136e-02 -2.154051338667245119e+01 -5.744990159683494468e+00
2.200000440068278912e-02 -2.108193670361051986e+01 -5.045586577766749237e+00
2.300000460071381994e-02 -2.049748619918513981e+01 -4.293517050261375090e+00
2.400000480074486117e-02 -1.979606479227872740e+01 -3.499969372288277203e+00
2.500000500077589893e-02 -1.898749559863221492e+01 -2.676577981805664752e+00
2.600000520080694016e-02 -1.808239589200734088e+01 -1.835244836946650970e+00
2.700000540083797099e-02 -1.709204423949097418e+01 -9.879582912053566091e-01
2.800000560086900875e-02 -1.602824258230766574e+01 -1.466128614461485458e-01
2.900000580090004998e-02 -1.490317506967035222e+01 6.771672641940281734e-01
3.000000600093108080e-02 -1.372926546391704328e+01 1.472198228194875780e+00
3.100000620096211856e-02 -1.251903492057396150e+01 2.227897405812080844e+00
3.200000640099315979e-02 -1.128496190799083720e+01 2.934432779948845216e+00
3.300000660102418715e-02 -1.003934596860954542e+01 3.582858582128819247e+00
3.400000680105522838e-02 -8.794176939168188767e+00 4.165235246822770243e+00
3.500000700108626961e-02 -7.561011141674669922e+00 4.674732011738913506e+00
3.600000720111729696e-02 -6.350855932847440322e+00 5.105710801356712736e+00
3.700000740114833819e-02 -5.174063859281757161e+00 5.453790356400403994e+00
3.800000760117937249e-02 -4.040237510695609657e+00 5.715889911982468874e+00
3.900000780121040678e-02 -2.958145997164622010e+00 5.890252066505926365e+00
4.000000800124144801e-02 -1.935653801041564925e+00 5.976444828548248545e+00
4.100000820127248924e-02 -9.796625723966134736e-01 5.975343169608835048e+00
4.200000840130351659e-02 -9.606625158873116632e-02 5.889090732723405885e+00
4.300000860133455782e-02 7.102802832428563029e-01 5.721042658892182331e+00
4.400000880136559905e-02 1.435579030257145172e+00 5.475690784144243040e+00
4.500000900139663335e-02 2.077093305647898624e+00 5.158572717488800308e+00
4.600000920142766764e-02 2.633139151613160145e+00 4.776166544475481501e+00
4.700000940145870887e-02 3.103064212662746790e+00 4.335773101406694252e+00
4.800000960148974316e-02 3.487214734383821124e+00 3.845387924184846096e+00
4.900000980152077745e-02 3.786891477431589603e+00 3.313565101456229289e+00
5.000001000155181868e-02 4.004295463583197545e+00 2.749275349420898351e+00
5.100001020158285991e-02 4.142464578313811430e+00 2.161760665079111909e+00
5.200001040161388727e-02 4.205202144615164173e+00 1.560387923669837695e+00
5.300001060164492850e-02 4.196998655104647646e+00 9.545037509326785852e-01
5.400001080167596973e-02 4.122947903103218792e+00 3.532929289231030445e-01
5.500001100170699708e-02 3.988658788228829799e+00 -2.343575123715813946e-01
5.600001120173805219e-02 3.800164088004560181e+00 -7.999865082371009350e-01
5.700001140176907954e-02 3.563827484599571882e+00 -1.335677635031435440e+00
5.800001160180010690e-02 3.286250115726701448e+00 -1.834166603504611581e+00
5.900001180183116201e-02 2.974177881597628748e+00 -2.288936143591056460e+00
6.000001200186218936e-02 2.634410686920846345e+00 -2.694297088977618326e+00
6.100001220189323059e-02 2.273714729477612106e+00 -3.045454721485448157e+00
6.200001240192425794e-02 1.898738866134046965e+00 -3.338559694022515512e+00
6.300001260195529917e-02 1.515935995013123261e+00 -3.570743113769820010e+00
6.400001280198633347e-02 1.131490290618835104e+00 -3.740135631273759476e+00
6.500001300201738164e-02 7.512510187969650977e-01 -3.845870639045077866e+00
6.600001320204841593e-02 3.806735423619873049e-01 -3.888071935023711401e+00
6.700001340207945022e-02 2.476800786919653233e-02 -3.867826443596766417e+00
6.800001360211048451e-02 -3.119439186769433769e-01 -3.787142808452958143e+00
6.900001380214151880e-02 -6.254640226098555633e-01 -3.648896874209751839e+00
7.000001400217256697e-02 -9.123440952990149455e-01 -3.456765254182353697e+00
7.100001420220360127e-02 -1.169704069201930041e+00 -3.215148337355810071e+00
7.200001440223463556e-02 -1.395241844191588143e+00 -2.929084217314817273e+00
7.300001460226566985e-02 -1.587235024557791085e+00 -2.604155127879880904e+00
7.400001480229669026e-02 -1.744534887231236953e+00 -2.246388043657472799e+00
7.500001500232772456e-02 -1.866552994440044300e+00 -1.862151148349008301e+00
7.600001520235874497e-02 -1.953240947196237087e+00 -1.458047889777926098e+00
7.700001540238977926e-02 -2.005063848913857250e+00 -1.040810328573344989e+00
7.800001560242081355e-02 -2.022968110450525270e+00 -6.171934485303132156e-01
7.900001580245183397e-02 -2.008344278503025659e+00 -1.938720323460922934e-01
8.000001600248286826e-02 -1.962985608319355313e+00 2.226583814674676920e-01
8.100001620251390255e-02 -1.889043129037574875e+00 6.261750539912095403e-01
8.200001640254492297e-02 -1.788977965726238128e+00 1.010814835258942335e+00
8.300001660257595726e-02 -1.665511686647850098e+00 1.371153053552113477e+00
8.400001680260697767e-02 -1.521575437812755283e+00 1.702273528294834470e+00
8.500001700263801196e-02 -1.360258610098367127e+00 1.999828898129148547e+00
8.600001720266904626e-02 -1.184757757765390274e+00 2.260090631025212904e+00
8.700001740270006667e-02 -9.983264519012899907e-01 2.479988262751074313e+00
8.800001760273110096e-02 -8.042267090576946664e-01 2.657137590576707620e+00
8.900001780276212138e-02 -6.056825850903935216e-01 2.789857727965885381e+00
9.000001800279315567e-02 -4.058364679807980879e-01 2.877177100343251137e+00
9.100001820282418996e-02 -2.077085422845664775e-01 2.918828629139537778e+00
9.200001840285521038e-02 -1.415983291595457848e-02 2.915234508587132733e+00
9.300001860288624467e-02 1.721408316951486828e-01 2.867481126325532870e+00
9.400001880291727896e-02 3.487456663479419627e-01 2.777284810464648146e+00
9.500001900294829937e-02 5.134523848710430549e-01 2.646949203102728188e+00
9.600001920297933367e-02 6.643241335871917785e-01 2.479315160878805546e+00
9.700001940301035408e-02 7.997048391144638835e-01 2.277704166398836438e+00
9.800001960304138837e-02 9.182299729387348730e-01 2.045856298999102929e+00
9.900001980307242266e-02 1.018832797858397754e+00 1.787863860739799859e+00
1.000000200031034014e-01 1.100746220235346851e+00 1.508101781287217946e+00
1.010000202031345051e-01 1.163500426318553105e+00 1.211155935379840676e+00
1.020000204031654978e-01 1.206916530209700023e+00 9.017504991201482634e-01
1.030000206031965043e-01 1.231096504864390040e+00 5.846754469027929391e-01
1.040000208032275941e-01 1.236409705511888557e+00 2.647152504980738175e-01
1.050000210032586007e-01 1.223476326787787283e+00 -5.342021283634981743e-02
1.060000212032895933e-01 1.193148160567671701e+00 -3.651616040924463569e-01
1.070000214033206970e-01 1.146487040895325826e+00 -6.661420587494457646e-01
1.080000216033517035e-01 1.084741375563507804e+00 -9.522543452991319990e-01
1.090000218033826962e-01 1.009321170960165048e+00 -1.219702573373296461e+00
1.100000220034137027e-01 9.217719579362975146e-01 -1.465047882677764424e+00
1.110000222034448064e-01 8.237480219737713938e-01 -1.685247651818444270e+00
1.120000224034757991e-01 7.169853311699204701e-01 -1.877687877546927231e+00
1.130000226035068056e-01 6.032745409011113225e-01 -2.040208486560376233e+00
1.140000228035378954e-01 4.844344349477420208e-01 -2.171121452948234332e+00
1.150000230035689019e-01 3.622861398371248765e-01 -2.269221702958291953e+00
1.160000232035998946e-01 2.386284227022329174e-01 -2.333790893407349465e+00
1.170000234036309011e-01 1.152143536121850581e-01 -2.364594248890189654e+00
1.180000236036620048e-01 -6.270418344990568923e-03 -2.361870735599677751e+00
1.190000238036929975e-01 -1.242275594264190958e-01 -2.326316935002117336e+00
1.200000240037240040e-01 -2.371639349548276821e-01 -2.259065056008154215e+00
1.210000242037550938e-01 -3.437073367054615525e-01 -2.161655591535912357e+00
1.220000244037861004e-01 -4.426199438626087779e-01 -2.036005182184045026e+00
1.230000246038171069e-01 -5.328094427322033200e-01 -1.884370296287797064e+00
1.240000248038480996e-01 -6.133377648958582284e-01 -1.709307370991424158e+00
1.250000250038791894e-01 -6.834274368117596588e-01 -1.513630085461998620e+00
1.260000252039102098e-01 -7.424655656077621124e-01 -1.300364451054178971e+00
1.270000254039412024e-01 -7.900055156100207476e-01 -1.072702408061684265e+00
1.280000256039723061e-01 -8.257663577346033845e-01 -8.339546132458227623e-01
1.290000258040032988e-01 -8.496301989791240628e-01 -5.875030875155330401e-01
1.300000260040342914e-01 -8.616375216769102119e-01 -3.367543693531615534e-01
1.310000262040653118e-01 -8.619806817723848491e-01 -8.509378835995604073e-02
1.320000264040963878e-01 -8.509957320325111096e-01 1.641585657065343928e-01
1.330000266041274082e-01 -8.291527497500659205e-01 4.077896482788004318e-01
1.340000268041584008e-01 -7.970448591106201741e-01 6.427325600016889906e-01
1.350000270041893935e-01 -7.553761460087193846e-01 8.661025167951466042e-01
1.360000272042204972e-01 -7.049486677671999990e-01 1.075229323853637897e+00
1.370000274042514898e-01 -6.466487620413321480e-01 1.267686048181568159e+00
1.380000276042825103e-01 -5.814328582994382488e-01 1.441313647277654875e+00
1.390000278043135862e-01 -5.103129918173161528e-01 1.594241374442071590e+00
1.400000280043446066e-01 -4.343422143009070258e-01 1.724902844116954270e+00
1.410000282043755993e-01 -3.546000872557367178e-01 1.832047702403775125e+00
1.420000284044067029e-01 -2.721784342720461880e-01 1.914748907874014971e+00
1.430000286044376956e-01 -1.881675167383730085e-01 1.972405684264205261e+00
1.440000288044686882e-01 -1.036427843619619205e-01 2.004742261427299610e+00
1.450000290044997919e-01 -1.965233750516866620e-02 2.011802570332766660e+00
1.460000292045308123e-01 6.279477698687052634e-02 1.993941103545550320e+00
1.470000294045618050e-01 1.427393308564272600e-01 1.951810193528137560e+00
1.480000296045927977e-01 2.192816513421792790e-01 1.886343996888768082e+00
1.490000298046239013e-01 2.915902576678916502e-01 1.798739502998781825e+00
1.500000300046548940e-01 3.589093416701368278e-01 1.690434910173707950e+00
1.510000302046858867e-01 4.205650537690980850e-01 1.563085732816675844e+00
1.520000304047169903e-01 4.759705717446357509e-01 1.418539015955938343e+00
1.530000306047480108e-01 5.246299454646842220e-01 1.258806042498085143e+00
1.540000308047790034e-01 5.661407256774987351e-01 1.086033921638883237e+00
1.550000310048101071e-01 6.001953990705864994e-01 9.024764449982891623e-01
1.560000312048410998e-01 6.265816648941701095e-01 7.104645903828629150e-01
1.570000314048720924e-01 6.451816004378264635e-01 5.123770418228309476e-01
1.580000316049031128e-01 6.559697734571355854e-01 3.106110795522380452e-01
1.590000318049341888e-01 6.590103692029850579e-01 1.075541743807891804e-01
1.600000320049652092e-01 6.544534079611984412e-01 -9.444340125379473150e-02
1.610000322049962018e-01 6.425301359420388936e-01 -2.930946583536591654e-01
1.620000324050271945e-01 6.235476779566789807e-01 -4.862004128371360534e-01
1.630000326050582982e-01 5.978830445890498391e-01 -6.716720130666287147e-01
1.640000328050892908e-01 5.659765895390095336e-01 -8.475520740423616584e-01
1.650000330051203112e-01 5.283250145120932384e-01 -1.012033050721096394e+00
1.660000332051513872e-01 4.854740195186975082e-01 -1.163473515203873321e+00
1.670000334051824076e-01 4.380106957811723545e-01 -1.300412035229459473e+00
1.680000336052134002e-01 3.865557567009310080e-01 -1.421578583634940829e+00
1.690000338052443929e-01 3.317556995934488606e-01 -1.525903440070644601e+00
1.700000340052754966e-01 2.742749872445058856e-01 -1.612523576836673911e+00
1.710000342053064892e-01 2.147883338694075717e-01 -1.680786550032160154e+00
1.720000344053375096e-01 1.539731748617215179e-01 -1.730251945076574538e+00
1.730000346053686133e-01 9.250239390868036926e-02 -1.760690450972692611e+00
1.740000348053996060e-01 3.103737472389928378e-02 -1.772080661904378962e+00
1.750000350054305986e-01 -2.977856210042914911e-02 -1.764603726048566079e+00
1.760000352054615913e-01 -8.932628368166731225e-02 -1.738635980612329712e+00
1.770000354054926950e-01 -1.470164847165532918e-01 -1.694739728718621441e+00
1.780000356055236876e-01 -2.022948038802862558e-01 -1.633652327798981174e+00
1.790000358055547081e-01 -2.546463854459368181e-01 -1.556273770774517562e+00
1.800000360055858117e-01 -3.035998622070041342e-01 -1.463652949921913304e+00
1.810000362056168044e-01 -3.487307430478590597e-01 -1.356972799856851042e+00
1.820000364056477971e-01 -3.896641955699786664e-01 -1.237534519855745696e+00
1.830000366056787897e-01 -4.260772209763727392e-01 -1.106741077151363273e+00
1.840000368057098934e-01 -4.577002248844129761e-01 -9.660801919769771429e-01
1.850000370057409138e-01 -4.843179938269060458e-01 -8.171070020911196385e-01
1.860000372057719065e-01 -5.057700928687269837e-01 -6.614265994898057555e-01
1.870000374058030101e-01 -5.219507049739607885e-01 -5.006766250577436850e-01
1.880000376058340028e-01 -5.328079374765566367e-01 -3.365100983254689648e-01
1.890000378058649955e-01 -5.383426252146084057e-01 -1.705786494333458858e-01
1.900000380058959881e-01 -5.386066635685954340e-01 -4.516308982346675487e-03
1.910000382059270918e-01 -5.337009077881647023e-01 1.600760010543151590e-01
1.920000384059581122e-01 -5.237726775983049254e-01 3.216451456103525119e-01
1.930000386059891049e-01 -5.090129081475631700e-01 4.786995083936717021e-01
1.940000388060202086e-01 -4.896529899071291880e-01 6.298216764374697796e-01
1.950000390060512012e-01 -4.659613411642994918e-01 7.736799914279374191e-01
1.960000392060821939e-01 -4.382397572962951626e-01 9.090388970975068483e-01
1.970000394061132976e-01 -4.068195810826998327e-01 1.034768027151827807e+00
1.980000396061442902e-01 -3.720577379434430454e-01 1.149849993208684973e+00
1.990000398061753106e-01 -3.343326792036068751e-01 1.253386846919434694e+00
2.000000400062063866e-01 -2.940402753183828377e-01 1.344605204670719312e+00
2.010000402062374070e-01 -2.515896994741547710e-01 1.422860036980772902e+00
2.020000404062683996e-01 -2.073993401512041479e-01 1.487637137592035641e+00
2.030000406062993923e-01 -1.618927791265749316e-01 1.538554299493391619e+00
2.040000408063304960e-01 -1.154948690476535478e-01 1.575361236418389765e+00
2.050000410063614886e-01 -6.862794215606106418e-02 1.597938298732344498e+00
2.060000412063925090e-01 -2.170817902412449166e-02 1.606294042006727762e+00
2.070000414064236127e-01 2.485783668106365460e-02 1.600561714908139477e+00
2.080000416064546054e-01 7.067635433410167367e-02 1.580994740386768571e+00
2.090000418064855980e-01 1.153694633205496339e-01 1.547961270287687263e+00
2.100000420065165907e-01 1.585778538027147189e-01 1.501937898614696731e+00
2.110000422065476944e-01 1.999633172761184907e-01 1.443502622822190773e+00
2.120000424065786870e-01 2.392109759108847489e-01 1.373327145456575860e+00
2.130000426066097075e-01 2.760312326143095074e-01 1.292168610459021982e+00
2.140000428066408111e-01 3.101614366113353283e-01 1.200860869431665146e+00
2.150000430066718038e-01 3.413672620962233673e-01 1.100305373215689331e+00
2.160000432067027965e-01 3.694438001417243989e-01 9.914617832840383338e-01
2.170000434067337891e-01 3.942163665442316445e-01 8.753383957658200654e-01
2.180000436067648928e-01 4.155410306197711567e-01 7.529824684624073505e-01
2.190000438067959132e-01 4.333048721355483579e-01 6.254705381518124163e-01
2.200000440068269059e-01 4.474259755513254055e-01 4.938988114501552396e-01
2.210000442068580095e-01 4.578531725487942627e-01 3.593737083547110522e-01
2.220000444068890022e-01 4.645655454415242303e-01 2.230026326469495002e-01
2.230000446069199949e-01 4.675717054765581304e-01 8.588503805494485110e-02
2.240000448069509875e-01 4.669088612613251921e-01 -5.089614655216657263e-02
2.250000450069820912e-01 4.626416935766360927e-01 -1.862826755745607965e-01
2.260000452070131116e-01 4.548610536703732721e-01 -3.192486774618275014e-01
2.270000454070441043e-01 4.436825027707472224e-01 -4.488078328871237255e-01
2.280000456070752080e-01 4.292447110191076054e-01 -5.740200016121425053e-01
2.290000458071062006e-01 4.117077343061195105e-01 -6.939972657971255066e-01
2.300000460071371933e-01 3.912511876085189022e-01 -8.079093637571412856e-01
2.310000462071682137e-01 3.680723333774275075e-01 -9.149884943912871549e-01
2.320000464071992896e-01 3.423841033321299299e-01 -1.014533478580750714e+00
2.330000466072303100e-01 3.144130716758078425e-01 -1.105913269729011716e+00
2.340000468072613027e-01 2.843973972830941555e-01 -1.188569811262161213e+00
2.350000470072924064e-01 2.525847518252335999e-01 -1.262020244257536561e+00
2.360000472073233990e-01 2.192302501077048604e-01 -1.325858473548587657e+00
2.370000474073543917e-01 1.845943981102680931e-01 -1.379756105281312095e+00
2.380000476073854121e-01 1.489410733535796727e-01 -1.423462773336386711e+00
2.390000478074164880e-01 1.125355512795718771e-01 -1.456805876111238796e+00
2.400000480074475084e-01 7.564259033725787007e-02 -1.479689748774936975e+00
2.410000482074785011e-01 3.852458742357940669e-02 -1.492094299384067790e+00
2.420000484075096048e-01 1.439814251050037944e-03 -1.494073140119472898e+00
2.430000486075405974e-01 -3.535925588905008271e-02 -1.485751247388150675e+00
2.440000488075715901e-01 -7.162752261718939584e-02 -1.467322186634552494e+00
2.450000490076026105e-01 -1.071287269798883446e-01 -1.439044939209427110e+00
2.460000492076336864e-01 -1.416368078768086569e-01 -1.401240370324624340e+00
2.470000494076647068e-01 -1.749371413963808353e-01 -1.354287377747665611e+00
2.480000496076956995e-01 -2.068276591392534669e-01 -1.298618761580159875e+00
2.490000498077268032e-01 -2.371198426657350755e-01 -1.234716855707060024e+00
2.500000500077578236e-01 -2.656395922257981379e-01 -1.163108961414645481e+00
2.510000502077888163e-01 -2.922279689121568547e-01 -1.084362623287566052e+00
2.520000504078199199e-01 -3.167418103132956242e-01 -9.990807868179015783e-01
2.530000506078509126e-01 -3.390542206298574612e-01 -9.078968762403907267e-01
2.540000508078819053e-01 -3.590549370508442917e-01 -8.114698299316852603e-01
2.550000510079130089e-01 -3.766505749614613152e-01 -7.104791292701384542e-01
2.560000512079438906e-01 -3.917647552708978242e-01 -6.056198553306983978e-01
2.570000514079749943e-01 -4.043381178037649959e-01 -4.975978059931404074e-01
2.580000516080059869e-01 -4.143282252915638231e-01 -3.871247041409920930e-01
2.590000518080369796e-01 -4.217093630300629004e-01 -2.749135255951847823e-01
2.600000520080680833e-01 -4.264722397345547811e-01 -1.616739732907007954e-01
2.610000522080990759e-01 -4.286235955280076060e-01 -4.810812198747333596e-02
2.620000524081301241e-01 -4.281857233377331928e-01 6.509374447407803577e-02
2.630000526081611723e-01 -4.251959102558416359e-01 1.772570836638399927e-01
2.640000528081922204e-01 -4.197058056388478509e-01 2.877268154395641875e-01
2.650000530082232131e-01 -4.117807228840796863e-01 3.958707981855168478e-01
2.660000532082543168e-01 -4.014988819274586396e-01 5.010830477057578447e-01
2.670000534082853094e-01 -3.889505995612413947e-01 6.027866883565311529e-01
2.680000536083163021e-01 -3.742374346740348079e-01 7.004366282462575199e-01
2.690000538083474058e-01 -3.574712954718108349e-01 7.935219525152946707e-01
2.700000540083783984e-01 -3.387735156507908907e-01 8.815680308195820158e-01
2.710000542084093911e-01 -3.182739063640726007e-01 9.641383371736307328e-01
2.720000544084403837e-01 -2.961097906570975269e-01 1.040835982242124924e+00
2.730000546084714874e-01 -2.724250268458103252e-01 1.111304960008046017e+00
2.740000548085024801e-01 -2.473690270789213053e-01 1.175231112473603234e+00
2.750000550085334727e-01 -2.210957770655718191e-01 1.232342817665183610e+00
2.760000552085645764e-01 -1.937628626651584918e-01 1.282411407710903672e+00
2.770000554085956246e-01 -1.655305087303878819e-01 1.325251325134945812e+00
2.780000556086266172e-01 -1.365606352711348226e-01 1.360720026767477719e+00
2.790000558086576099e-01 -1.070159356684850099e-01 1.388717645788255739e+00
2.800000560086887136e-01 -7.705898131856402100e-02 1.409186423418572476e+00
2.810000562087197062e-01 -4.685135672718120092e-02 1.422109922677949001e+00
2.820000564087506989e-01 -1.655282871171835299e-02 1.427512037342405726e+00
2.830000566087816916e-01 1.367944700081243081e-02 1.425455809886343905e+00
2.840000568088127952e-01 4.369167885900746701e-02 1.416042072698334042e+00
2.850000570088437879e-01 7.333414970180816839e-02 1.399407927256617556e+00
2.860000572088747806e-01 1.024618819117001922e-01 1.375725076234501021e+00
2.870000574089058842e-01 1.309352556722407357e-01 1.345198023684234023e+00
2.880000576089368769e-01 1.586205788449033260e-01 1.308062158520298279e+00
2.890000578089679251e-01 1.853906073197884585e-01 1.264581736507516707e+00
2.900000580089989732e-01 2.111250150233538736e-01 1.215047775845791600e+00
2.910000582090300214e-01 2.357108130825401604e-01 1.159775881246347673e+00
2.920000584090611251e-01 2.590427179472073460e-01 1.099104011120921376e+00
2.930000586090921177e-01 2.810234685608056782e-01 1.033390202157883131e+00
2.940000588091231104e-01 3.015640929416714688e-01 9.630102651460008545e-01
2.950000590091542141e-01 3.205841247935570792e-01 8.883554654342841195e-01
2.960000592091852067e-01 3.380117710035069334e-01 8.098302008900458704e-01
2.970000594092161994e-01 3.537840311072252275e-01 7.278496896329992305e-01
2.980000596092471921e-01 3.678467700068135393e-01 6.428376792349321800e-01
2.990000598092781847e-01 3.801547454127706116e-01 5.552241883990018945e-01
3.000000600093092884e-01 3.906715916511623865e-01 4.654432914650760700e-01
3.010000602093402811e-01 3.993697616283111707e-01 3.739309553852684376e-01
3.020000604093712737e-01 4.062304288792298879e-01 2.811229380935815203e-01
3.030000606094023774e-01 4.112433517425307383e-01 1.874527564617544662e-01
3.040000608094334256e-01 4.144067018041352468e-01 9.334973129356823052e-02
3.050000610094644182e-01 4.157268588351085703e-01 -7.628839324351099254e-04
3.060000612094955219e-01 4.152181745159019832e-01 -9.446968460257179623e-02
3.070000614095265146e-01 4.129027072907391904e-01 -1.873648015566947433e-01
3.080000616095575072e-01 4.088099307323929121e-01 -2.790534882205344402e-01
3.090000618095886109e-01 4.029764178199101154e-01 -3.691536044741617340e-01
3.100000620096194925e-01 3.954455035407281049e-01 -4.572969941623490908e-01
3.110000622096505962e-01 3.862669282244976521e-01 -5.431307538219206643e-01
3.120000624096815889e-01 3.754964639998292775e-01 -6.263183908535487898e-01
3.130000626097125815e-01 3.631955267378141894e-01 -7.065408699963322547e-01
3.140000628097436852e-01 3.494307758083294857e-01 -7.834975475663301658e-01
3.150000630097746779e-01 3.342737039276220679e-01 -8.569069934947691758e-01
3.160000632098057260e-01 3.178002193192348557e-01 -9.265077017467210352e-01
3.170000634098367742e-01 3.000902223458900564e-01 -9.920586902145610564e-01
3.180000636098678224e-01 2.812271786981977995e-01 -1.053339991662333386e+00
3.190000638098988150e-01 2.612976911477769559e-01 -1.110153037749137317e+00
3.200000640099299187e-01 2.403910717884075454e-01 -1.162320938574142648e+00
3.210000642099609114e-01 2.185989166001390260e-01 -1.209688660538701832e+00
3.220000644099919040e-01 1.960146840780267463e-01 -1.252123105737965592e+00
3.230000646100230077e-01 1.727332795703787893e-01 -1.289513096344598209e+00
3.240000648100540004e-01 1.488506468721042808e-01 -1.321769267755369626e+00
3.250000650100849930e-01 1.244633685170469517e-01 -1.348823874517355748e+00
3.260000652101159857e-01 9.966827611002486431e-02 -1.370630513266207107e+00
3.270000654101469784e-01 7.456207193517794263e-02 -1.387163767093972933e+00
3.280000656101780820e-01 4.924096297265082023e-02 -1.398418775918318202e+00
3.290000658102090747e-01 2.380030835134920239e-02 -1.404410737549657506e+00
3.300000660102401229e-01 -1.665718838299516018e-03 -1.405174344248843799e+00
3.310000662102712266e-01 -2.706445455025828159e-02 -1.400763159640375344e+00
3.320000664103022192e-01 -5.230505088725478924e-02 -1.391248940883073937e+00
3.330000666103332119e-01 -7.729876668239393789e-02 -1.376720910997584646e+00
3.340000668103643156e-01 -1.019592410338039101e-01 -1.357284986307421448e+00
3.350000670103953082e-01 -1.262027493625222652e-01 -1.333062963853990368e+00
3.360000672104263009e-01 -1.499484416550446175e-01 -1.304191673629023329e+00
3.370000674104572935e-01 -1.731185626401875177e-01 -1.270822100394755294e+00
3.380000676104883972e-01 -1.956386537347513943e-01 -1.233118479775360044e+00
3.390000678105193899e-01 -2.174377366737449691e-01 -1.191257373200349967e+00
3.400000680105503825e-01 -2.384484788183909021e-01 -1.145426726162714903e+00
3.410000682105814862e-01 -2.586073402087307738e-01 -1.095824914123054050e+00
3.420000684106124789e-01 -2.778547024972822244e-01 -1.042659780247022550e+00
3.430000686106435270e-01 -2.961349799656854409e-01 -9.861476690098909259e-01
3.440000688106745752e-01 -3.133967128876385955e-01 -9.265124595347651315e-01
3.450000690107056234e-01 -3.295926435585617709e-01 -8.639846023558420685e-01
3.460000692107366160e-01 -3.446797753654433638e-01 -7.988001631337545705e-01
3.470000694107677197e-01 -3.586194153191289424e-01 -7.311998766454644860e-01
3.480000696107987124e-01 -3.713772005158827993e-01 -6.614282141911267399e-01
3.490000698108297050e-01 -3.829231090355154077e-01 -5.897324673649707583e-01
3.500000700108608087e-01 -3.932314558197869681e-01 -5.163618509412909452e-01
3.510000702108916903e-01 -4.022808741072081418e-01 -4.415666274288029269e-01
3.520000704109227940e-01 -4.100542830288377294e-01 -3.655972556489931469e-01
3.530000706109537867e-01 -4.165388419943633069e-01 -2.887035654964000830e-01
3.540000708109847793e-01 -4.217258925187236662e-01 -2.111339608422377612e-01
3.550000710110158830e-01 -4.256108881569356517e-01 -1.331346523488247391e-01
3.560000712110468757e-01 -4.281933132287047417e-01 -5.494892176997774602e-02
3.570000714110779239e-01 -4.294765910250308849e-01 2.318358087474438681e-02
3.580000716111090275e-01 -4.294679821964633160e-01 1.010275060479142728e-01
3.590000718111400202e-01 -4.281784740270814793e-01 1.783524383414853143e-01
3.600000720111710129e-01 -4.256226612997883185e-01 2.549334941737509963e-01
3.610000722112021165e-01 -4.218186194573333991e-01 3.305518828557843514e-01
3.620000724112331092e-01 -4.167877707596984727e-01 4.049954305102825836e-01
3.630000726112641019e-01 -4.105547441323258440e-01 4.780590664824784786e-01
3.640000728112952055e-01 -4.031472293912413685e-01 5.495452720331451824e-01
3.650000730113260872e-01 -3.945958265205991577e-01 6.192644912473799224e-01
3.660000732113571908e-01 -3.849338906657202575e-01 6.870355042292023429e-01
3.670000734113881835e-01 -3.741973734904843751e-01 7.526857627811961438e-01
3.680000736114191762e-01 -3.624246615320307896e-01 8.160516888914498557e-01
3.690000738114502798e-01 -3.496564121684022641e-01 8.769789364649396290e-01
3.700000740114812725e-01 -3.359353877961070434e-01 9.353226168413438790e-01
3.710000742115123207e-01 -3.213062887946937507e-01 9.909474887447136116e-01
3.720000744115434244e-01 -3.058155858345552036e-01 1.043728113401132918e+00
3.730000746115744170e-01 -2.895113520623652237e-01 1.093548975646265520e+00
3.740000748116054097e-01 -2.724430956759490430e-01 1.140304571922881927e+00
3.750000750116365134e-01 -2.546615933771659845e-01 1.183899466139191281e+00
3.760000752116675060e-01 -2.362187251676234889e-01 1.224248314422830664e+00
3.770000754116984987e-01 -2.171673109278302871e-01 1.261275859862453386e+00
3.780000756117294913e-01 -1.975609491959390562e-01 1.294916898379162129e+00
3.790000758117605950e-01 -1.774538585375611821e-01 1.325116216912167300e+00
3.800000760117915877e-01 -1.569007218733113884e-01 1.351828505146001724e+00
3.810000762118225803e-01 -1.359565341059543742e-01 1.375018242034510063e+00
3.820000764118535730e-01 -1.146764533643676309e-01 1.394659558396281973e+00
3.830000766118846767e-01 -9.311565615696862364e-02 1.410736076887237234e+00
3.840000768119157248e-01 -7.132919670299604775e-02 1.423240730663970055e+00
3.850000770119467175e-01 -4.937187068600112222e-02 1.432175562062199647e+00
3.860000772119778212e-01 -2.729808365035497550e-02 1.437551502619056176e+00
3.870000774120088138e-01 -5.161724238419316754e-03 1.439388135767749821e+00
3.880000776120398065e-01 1.698395755666193621e-02 1.437713443528508162e+00
3.890000778120709102e-01 3.908646696966942141e-02 1.432563538510961854e+00
3.900000780121019028e-01 6.109417574215183361e-02 1.423982382530481150e+00
3.910000782121328955e-01 8.295642799093945474e-02 1.412021493121786486e+00
3.920000784121638882e-01 1.046236405760823385e-01 1.396739639224255702e+00
3.930000786121949918e-01 1.260473978975188980e-01 1.378202527279402734e+00
3.940000788122259845e-01 1.471805410685290139e-01 1.356482478952675930e+00
3.950000790122569772e-01 1.679772514320437282e-01 1.331658101676947314e+00
3.960000792122880808e-01 1.883931284031961917e-01 1.303813953175401386e+00
3.970000794123190735e-01 2.083852616380124922e-01 1.273040201090843704e+00
3.980000796123501217e-01 2.279122975438056531e-01 1.239432278813856536e+00
3.990000798123812253e-01 2.469345001617394009e-01 1.203090538566059742e+00
4.000000800124122180e-01 2.654138064661505925e-01 1.164119902756886926e+00
4.010000802124432107e-01 2.833138761384759174e-01 1.122629514593299849e+00
4.020000804124743143e-01 3.006001358861146167e-01 1.078732388881826543e+00
4.030000806125053070e-01 3.172398183882337297e-01 1.032545063918038686e+00
4.040000808125362997e-01 3.332019959614402338e-01 9.841872553301356241e-01
4.050000810125672923e-01 3.484576090483565425e-01 9.337815126832544887e-01
4.060000812125982850e-01 3.629794896414006433e-01 8.814528796136753552e-01
4.070000814126293887e-01 3.767423797626307524e-01 8.273285582283340656e-01
4.080000816126603813e-01 3.897229451283615309e-01 7.715375784541289583e-01
4.090000818126913740e-01 4.018997841343555089e-01 7.142104729806296737e-01
4.100000820127224777e-01 4.132534323037234669e-01 6.554789583974737210e-01
4.110000822127535258e-01 4.237663623453491457e-01 5.954756230855369203e-01
4.120000824127845185e-01 4.334229799756741386e-01 5.343336223791044226e-01
4.130000826128156222e-01 4.422096156609884865e-01 4.721863814752930710e-01
4.140000828128466148e-01 4.501145124411065623e-01 4.091673065262916853e-01
4.150000830128776075e-01 4.571278099984001364e-01 3.454095043102616835e-01
4.160000832129087112e-01 4.632415251386654553e-01 2.810455108371323618e-01
4.170000834129395928e-01 4.684495288522683154e-01 2.162070292094785684e-01
4.180000836129706965e-01 4.727475201254787707e-01 1.510246770238710678e-01
4.190000838130016891e-01 4.761329966727341767e-01 8.562774354732179127e-02
4.200000840130326818e-01 4.786052227609597365e-01 2.014395688819329427e-02
4.210000842130637855e-01 4.801651942970824871e-01 -4.530073866373942465e-02
4.220000844130947781e-01 4.808156013493689596e-01 -1.105823949842814069e-01
4.230000846131258263e-01 4.805607882723041402e-01 -1.755792620366604662e-01
4.240000848131568745e-01 4.794067116034257947e-01 -2.401719792859925429e-01
4.250000850131879226e-01 4.773608958988677098e-01 -3.042437565535169863e-01
4.260000852132189153e-01 4.744323876723487987e-01 -3.676805442855099471e-01
4.270000854132500190e-01 4.706317076000235966e-01 -4.303711932382589533e-01
4.280000856132810116e-01 4.659708011509787751e-01 -4.922076036058873338e-01
4.290000858133120043e-01 4.604629878002574617e-01 -5.530848636415902631e-01
4.300000860133431080e-01 4.541229089781700368e-01 -6.129013778417807812e-01
4.310000862133741006e-01 4.469664749062344788e-01 -6.715589848000079742e-01
4.320000864134050933e-01 4.390108104664749433e-01 -7.289630648349271214e-01
4.330000866134360860e-01 4.302742002470782978e-01 -7.850226375277202795e-01
4.340000868134671896e-01 4.207760329034544444e-01 -8.396504493232439525e-01
4.350000870134981823e-01 4.105367449696147308e-01 -8.927630513621718222e-01
4.360000872135291750e-01 3.995777642505787264e-01 -9.442808677275262852e-01
4.370000874135602231e-01 3.879214529221745589e-01 -9.941282543031065844e-01
4.380000876135913268e-01 3.755910504601306377e-01 -1.042233548454300385e+00
4.390000878136223195e-01 3.626106165158753947e-01 -1.088529109753406443e+00
4.400000880136533121e-01 3.490049738518378741e-01 -1.132951351982474097e+00
4.410000882136844158e-01 3.347996514444326888e-01 -1.175440766656173697e+00
4.420000884137154085e-01 3.200208278582331034e-01 -1.215941938315778126e+00
4.430000886137464011e-01 3.046952749901644664e-01 -1.254403551847697473e+00
4.440000888137773938e-01 2.888503022778442508e-01 -1.290778392100661254e+00
4.450000890138084975e-01 2.725137014613874253e-01 -1.325023336081941006e+00
4.460000892138394901e-01 2.557136919834059330e-01 -1.357099337978265874e+00
4.470000894138704828e-01 2.384788671073424238e-01 -1.386971407303777104e+00
4.480000896139015865e-01 2.208381408295539139e-01 -1.414608580452060060e+00
4.490000898139325791e-01 2.028206956559850116e-01 -1.439983885937169639e+00
4.500000900139636273e-01 1.844559313097735298e-01 -1.463074303610032434e+00
4.510000902139946755e-01 1.657734144316605207e-01 -1.483860718137391732e+00
4.520000904140257236e-01 1.468028293306592735e-01 -1.502327867030571307e+00
4.530000906140567163e-01 1.275739298381386999e-01 -1.518464283510789548e+00
4.540000908140878200e-01 1.081164923142410583e-01 -1.532262234496432729e+00
4.550000910141188126e-01 8.846026985137331322e-02 -1.543717653996131922e+00
4.560000912141498053e-01 6.863494771549069617e-02 -1.552830072187515231e+00
4.570000914141809090e-01 4.867010006197938776e-02 -1.559602540454466224e+00
4.580000916142117906e-01 2.859514795889858338e-02 -1.564041552688545833e+00
4.590000918142428943e-01 8.439318746687329495e-03 -1.566156963084769593e+00
4.600000920142738869e-01 -1.176839324006862669e-02 -1.565961900719371025e+00
4.610000922143048796e-01 -3.199926456690206644e-02 -1.563472681171789391e+00
4.620000924143359833e-01 -5.222487919122977690e-02 -1.558708715447172599e+00
4.630000926143669759e-01 -7.241716353638037729e-02 -1.551692416452058909e+00
4.640000928143980241e-01 -9.254842013586260518e-02 -1.542449103270327804e+00
4.650000930144290723e-01 -1.125913598388895709e-01 -1.531006903480740311e+00
4.660000932144601204e-01 -1.325191325711228829e-01 -1.517396653751369895e+00
4.670000934144911131e-01 -1.523053566474676102e-01 -1.501651798939926286e+00
4.680000936145222168e-01 -1.719241466363966853e-01 -1.483808289922635915e+00
4.690000938145532094e-01 -1.913501397779344970e-01 -1.463904480367593797e+00
4.700000940145842021e-01 -2.105585209598135610e-01 -1.441981022655235201e+00
4.710000942146153058e-01 -2.295250462587558604e-01 -1.418080763167460567e+00
4.720000944146461874e-01 -2.482260650561344262e-01 -1.392248637127660338e+00
4.730000946146772911e-01 -2.666385407392120599e-01 -1.364531563171896611e+00
4.740000948147082838e-01 -2.847400700011932795e-01 -1.334978337845825092e+00
4.750000950147392764e-01 -3.025089007552968501e-01 -1.303639530197422403e+00
4.760000952147703801e-01 -3.199239486797810783e-01 -1.270567376632619316e+00
4.770000954148013728e-01 -3.369648124125196320e-01 -1.235815676193865897e+00
4.780000956148324209e-01 -3.536117874153070217e-01 -1.199439686414369932e+00
4.790000958148635246e-01 -3.698458785295007933e-01 -1.161496019893858422e+00
4.800000960148945173e-01 -3.856488112459591222e-01 -1.122042541734467713e+00
4.810000962149255099e-01 -4.010030417134943237e-01 -1.081138267968399180e+00
4.820000964149566136e-01 -4.158917655111982192e-01 -1.038843265102143754e+00
4.830000966149876063e-01 -4.302989252110295815e-01 -9.952185508936385316e-01
4.840000968150185989e-01 -4.442092167580223294e-01 -9.503259964738960397e-01
4.850000970150495916e-01 -4.576080946964209972e-01 -9.042282299284652991e-01
4.860000972150806953e-01 -4.704817762707370621e-01 -8.569885414157966119e-01
4.870000974151116879e-01 -4.828172444313963418e-01 -8.086707899275591416e-01
4.880000976151426806e-01 -4.946022497753073677e-01 -7.593393117733705511e-01
4.890000978151737843e-01 -5.058253114522075489e-01 -7.090588308683962726e-01
4.900000980152047769e-01 -5.164757170680951415e-01 -6.578943708965062642e-01
4.910000982152358251e-01 -5.265435216174366717e-01 -6.059111694158413330e-01
4.920000984152668178e-01 -5.360195454761322864e-01 -5.531745939677634727e-01
4.930000986152979214e-01 -5.448953714874935628e-01 -4.997500602445559270e-01
4.940000988153289141e-01 -5.531633411736343042e-01 -4.457029523658069259e-01
4.950000990153599068e-01 -5.608165501048076873e-01 -3.910985453079094398e-01
4.960000992153910104e-01 -5.678488424592685879e-01 -3.360019295261439387e-01
4.970000994154220031e-01 -5.742548048062191546e-01 -2.804779378028120496e-01
4.980000996154529957e-01 -5.800297591443924761e-01 -2.245910743550388888e-01
4.990000998154839884e-01 -5.851697552286907467e-01 -1.684054462214123471e-01
5.000001000155150921e-01 -5.896715622171047055e-01 -1.119846969501274853e-01
5.010001002155460847e-01 -5.935326596699724844e-01 -5.539194260521915214e-02
5.020001004155771884e-01 -5.967512279333816450e-01 1.310289897652618324e-03
5.030001006156081811e-01 -5.993261379382316401e-01 5.806012211829659347e-02
5.040001008156391737e-01 -6.012569404461506339e-01 1.147963810779508986e-01
5.050001010156702774e-01 -6.025438547730903593e-01 1.714586539037560031e-01
5.060001012157012701e-01 -6.031877570210320005e-01 2.279873401352924822e-01
5.070001014157322627e-01 -6.031901678478065465e-01 2.843237016996296163e-01
5.080001016157632554e-01 -6.025532398045785332e-01 3.404099105648534795e-01
5.090001018157943591e-01 -6.012797442700513750e-01 3.961890940849659981e-01
5.100001020158253517e-01 -5.993730580099646543e-01 4.516053780511160021e-01
5.110001022158563444e-01 -5.968371493898912972e-01 5.066039274686535698e-01
5.120001024158874481e-01 -5.936765642688254241e-01 5.611309850833808843e-01
5.130001026159184407e-01 -5.898964116004509206e-01 6.151339076758609581e-01
5.140001028159494334e-01 -5.855023487684050121e-01 6.685612001527112547e-01
5.150001030159805371e-01 -5.805005666812527165e-01 7.213625474622062939e-01
5.160001032160115297e-01 -5.748977746522772048e-01 7.734888443642420341e-01
5.170001034160425224e-01 -5.687011850885337338e-01 8.248922230866657657e-01
5.180001036160736261e-01 -5.619184980130231821e-01 8.755260789015419931e-01
5.190001038161046187e-01 -5.545578854431547633e-01 9.253450936566611773e-01
5.200001040161356114e-01 -5.466279756480297847e-01 9.743052572991823812e-01
5.210001042161667151e-01 -5.381378373064205078e-01 1.022363887429420970e+00
5.220001044161977077e-01 -5.290969635866621390e-01 1.069479646924266225e+00
5.230001046162287004e-01 -5.195152561689743154e-01 1.115612559670300818e+00
5.240001048162598041e-01 -5.094030092301293777e-01 1.160724024445755953e+00
5.250001050162907967e-01 -4.987708934096354296e-01 1.204776827004969242e+00
5.260001052163217894e-01 -4.876299397759519816e-01 1.247735150394389647e+00
5.270001054163528931e-01 -4.759915238106436353e-01 1.289564583550554699e+00
5.280001056163838857e-01 -4.638673494276636111e-01 1.330232128224862587e+00
5.290001058164148784e-01 -4.512694330442885149e-01 1.369706204279742101e+00
5.300001060164459821e-01 -4.382100877196203892e-01 1.407956653401756464e+00
5.310001062164769747e-01 -4.247019073758632746e-01 1.444954741277616916e+00
5.320001064165079674e-01 -4.107577511169580586e-01 1.480673158279391721e+00
5.330001066165390711e-01 -3.963907276585367789e-01 1.515086018705229298e+00
5.340001068165700637e-01 -3.816141798825040121e-01 1.548168858622150035e+00
5.350001070166010564e-01 -3.664416695289086645e-01 1.579898632357527699e+00
5.360001072166321601e-01 -3.508869620372196962e-01 1.610253707685715518e+00
5.370001074166631527e-01 -3.349640115484446290e-01 1.639213859756297742e+00
5.380001076166941454e-01 -3.186869460789540365e-01 1.666760263808902298e+00
5.390001078167252491e-01 -3.020700528763615167e-01 1.692875486715118560e+00
5.400001080167562417e-01 -2.851277639670777853e-01 1.717543477422107223e+00
5.410001082167872344e-01 -2.678746419046334482e-01 1.740749556304333590e+00
5.420001084168183381e-01 -2.503253657274540633e-01 1.762480403487722613e+00
5.430001086168493307e-01 -2.324947171340950858e-01 1.782724046190433898e+00
5.440001088168803234e-01 -2.143975668834147974e-01 1.801469845123030433e+00
5.450001090169114271e-01 -1.960488614267056617e-01 1.818708479991761440e+00
5.460001092169424197e-01 -1.774636097782441302e-01 1.834431934148175625e+00
5.470001094169734124e-01 -1.586568706302204923e-01 1.848633478427721410e+00
5.480001096170045161e-01 -1.396437397175830375e-01 1.861307654219308994e+00
5.490001098170355087e-01 -1.204393374378061043e-01 1.872450255807242003e+00
5.500001100170665014e-01 -1.010587967301315726e-01 1.882058312026249292e+00
5.510001102170976051e-01 -8.151725121844538569e-02 1.890130067269589320e+00
5.520001104171285977e-01 -6.182982362146242916e-02 1.896664961889585443e+00
5.530001106171595904e-01 -4.201161443347567470e-02 1.901663612028275718e+00
5.540001108171906941e-01 -2.207769087859750429e-02 1.905127788913273168e+00
5.550001110172216867e-01 -2.043076140901033903e-03 1.907060397671733520e+00
5.560001112172526794e-01 1.807726112748164748e-02 1.907465455676216726e+00
5.570001114172837831e-01 3.826841701849675176e-02 1.906348070469489508e+00
5.580001116173147757e-01 5.851556229920705510e-02 1.903714417302244666e+00
5.590001118173457684e-01 7.880395206073256831e-02 1.899571716316714509e+00
5.600001120173768721e-01 9.911893508436073197e-02 1.893928209409163399e+00
5.610001122174078647e-01 1.194459629244729593e-01 1.886793136803359472e+00
5.620001124174388574e-01 1.397705987082394352e-01 1.878176713366320527e+00
5.630001126174698500e-01 1.600785256522662958e-01 1.868090104696719989e+00
5.640001128175009537e-01 1.803555552967390785e-01 1.856545403015565476e+00
5.650001130175319464e-01 2.005876354578139398e-01 1.843555602887828160e+00
5.660001132175629390e-01 2.207608578993309478e-01 1.829134576802895928e+00
5.670001134175940427e-01 2.408614657250901514e-01 1.813297050640864994e+00
5.680001136176250354e-01 2.608758604932271408e-01 1.796058579049932602e+00
5.690001138176560280e-01 2.807906090544292632e-01 1.777435520757904674e+00
5.700001140176871317e-01 3.005924501159628059e-01 1.757445013857347416e+00
5.710001142177181244e-01 3.202683005337032540e-01 1.736104951065845725e+00
5.720001144177491170e-01 3.398052613344977324e-01 1.713433954996160136e+00
5.730001146177802207e-01 3.591906234713714841e-01 1.689451353457269045e+00
5.740001148178112134e-01 3.784118733143150282e-01 1.664177154806726122e+00
5.750001150178422060e-01 3.974566978795445737e-01 1.637632023374640200e+00
5.760001152178733097e-01 4.163129898002337348e-01 1.609837254978899290e+00
5.770001154179043024e-01 4.349688520418932280e-01 1.580814752550335767e+00
5.780001156179352950e-01 4.534126023657447657e-01 1.550587001885805227e+00
5.790001158179663987e-01 4.716327775434717706e-01 1.519177047546464321e+00
5.800001160179975024e-01 4.896181373269255510e-01 1.486608468917621551e+00
5.810001162180286061e-01 5.073576681764568885e-01 1.452905356445898022e+00
5.820001164180595987e-01 5.248405867516122703e-01 1.418092288068711904e+00
5.830001166180907024e-01 5.420563431680774924e-01 1.382194305849947735e+00
5.840001168181218061e-01 5.589946240247590792e-01 1.345236892834822617e+00
5.850001170181529098e-01 5.756453552050906364e-01 1.307245950141731949e+00
5.860001172181840134e-01 5.919987044566302758e-01 1.268247774295571340e+00
5.870001174182151171e-01 6.080450837530861907e-01 1.228269034818407990e+00
5.880001176182462208e-01 6.237751514429974442e-01 1.187336752087938763e+00
5.890001178182773245e-01 6.391798141893203500e-01 1.145478275473708729e+00
5.900001180183084282e-01 6.542502287042420983e-01 1.102721261760664984e+00
5.910001182183395319e-01 6.689778032835511645e-01 1.059093653869130014e+00
5.920001184183706355e-01 6.833541991449558761e-01 1.014623659879483553e+00
5.930001186184016282e-01 6.973713315747411823e-01 9.693397323694844525e-01
5.940001188184327319e-01 7.110213708872045180e-01 9.232705480713684354e-01
5.950001190184638356e-01 7.242967432012855644e-01 8.764449878556410667e-01
5.960001192184949392e-01 7.371901310388770945e-01 8.288921170474893296e-01
5.970001194185260429e-01 7.496944737492426958e-01 7.806411660816573450e-01
5.980001196185571466e-01 7.618029677640201225e-01 7.317215115007420501e-01
5.990001198185882503e-01 7.735090666872467269e-01 6.821626573013921391e-01
6.000001200186193540e-01 7.848064812248837230e-01 6.319942166345368095e-01
6.010001202186504576e-01 7.956891789582657415e-01 5.812458938601348102e-01
6.020001204186815613e-01 8.061513839658959180e-01 5.299474669616921485e-01
6.030001206187125540e-01 8.161875762979834414e-01 4.781287703231744679e-01
6.040001208187436577e-01 8.257924913081290397e-01 4.258196778705546359e-01
6.050001210187747613e-01 8.349611188464755029e-01 3.730500865801584243e-01
6.060001212188058650e-01 8.436887023186981915e-01 3.198499003552970898e-01
6.070001214188369687e-01 8.519707376150921219e-01 2.662490142725650877e-01
6.080001216188680724e-01 8.598029719140415361e-01 2.122772991986225377e-01
6.090001218188991761e-01 8.671814023640805891e-01 1.579645867780532231e-01
6.100001220189302797e-01 8.741022746487396855e-01 1.033406547924596713e-01
6.110001222189613834e-01 8.805620814383148254e-01 4.843521289076896386e-02
6.120001224189924871e-01 8.865575607326570129e-01 -6.722111309788495435e-03
6.130001226190235908e-01 8.920856940990320449e-01 -6.210178575265621476e-02
6.140001228190545834e-01 8.971437048090560307e-01 -1.176743871018669507e-01
6.150001230190856871e-01 9.017290558786583698e-01 -1.734106135343322364e-01
6.160001232191167908e-01 9.058394480149742911e-01 -2.292812971659360655e-01
6.170001234191478945e-01 9.094728174740083215e-01 -2.852574161132787056e-01
6.180001236191789982e-01 9.126273338328662055e-01 -3.413101061930343127e-01
6.190001238192101018e-01 9.153013976802887308e-01 -3.974106722612507636e-01
6.200001240192412055e-01 9.174936382291569714e-01 -4.535305991950215332e-01
6.210001242192723092e-01 9.192029108546040383e-01 -5.096415625192469712e-01
6.220001244193034129e-01 9.204282945612789479e-01 -5.657154386813469937e-01
6.230001246193345166e-01 9.211690893832699123e-01 -6.217243149769964283e-01
6.240001248193656203e-01 9.214248137201166422e-01 -6.776404991301183678e-01
6.250001250193966129e-01 9.211952016122968434e-01 -7.334365285305440851e-01
6.260001252194277166e-01 9.204801999594911521e-01 -7.890851791328912235e-01
6.270001254194588203e-01 9.192799656848783529e-01 -8.445594740203923312e-01
6.280001256194899240e-01 9.175948628486479963e-01 -8.998326916374759232e-01
6.290001258195210276e-01 9.154254597138486993e-01 -9.548783736950950951e-01
6.300001260195521313e-01 9.127725257676330139e-01 -1.009670332752944599e+00
6.310001262195832350e-01 9.096370287008900268e-01 -1.064182659482713955e+00
6.320001264196143387e-01 9.060201313491936803e-01 -1.118389729616712236e+00
6.330001266196454424e-01 9.019231885979288599e-01 -1.172266210586258905e+00
6.340001268196765460e-01 8.973477442543915661e-01 -1.225787067854364532e+00
6.350001270197076497e-01 8.922955278896006481e-01 -1.278927570947238079e+00
6.360001272197386424e-01 8.867684516524881877e-01 -1.331663299189309591e+00
6.370001274197697461e-01 8.807686070590670102e-01 -1.383970147146498908e+00
6.380001276198008497e-01 8.742982617591285033e-01 -1.435824329782434905e+00
6.390001278198319534e-01 8.673598562829317737e-01 -1.487202387332559494e+00
6.400001280198630571e-01 8.599560007703013209e-01 -1.538081189900942780e+00
6.410001282198941608e-01 8.520894716844911176e-01 -1.588437941784732299e+00
6.420001284199252645e-01 8.437632085130853943e-01 -1.638250185531249237e+00
6.430001286199563681e-01 8.349803104581691171e-01 -1.687495805732721399e+00
6.440001288199874718e-01 8.257440331179242143e-01 -1.736153032563907406e+00
6.450001290200185755e-01 8.160577851617574208e-01 -1.784200445066448149e+00
6.460001292200496792e-01 8.059251250009978884e-01 -1.831616974186748514e+00
6.470001294200806718e-01 7.953497574571369855e-01 -1.878381905571468780e+00
6.480001296201117755e-01 7.843355304295321906e-01 -1.924474882125846387e+00
6.490001298201428792e-01 7.728864315644413674e-01 -1.969875906339890737e+00
6.500001300201739829e-01 7.610065849271756555e-01 -2.014565342387594438e+00
6.510001302202050866e-01 7.487002476791254635e-01 -2.058523918004219411e+00
6.520001304202361903e-01 7.359718067613418846e-01 -2.101732726146636310e+00
6.530001306202672939e-01 7.228257755863045642e-01 -2.144173226441832725e+00
6.540001308202983976e-01 7.092667907394520910e-01 -2.185827246428568849e+00
6.550001310203295013e-01 6.952996086919939200e-01 -2.226676982597196375e+00
6.560001312203606050e-01 6.809291025264724295e-01 -2.266705001232591332e+00
6.570001314203915976e-01 6.661602586764853173e-01 -2.305894239065173768e+00
6.580001316204227013e-01 6.509981736819244746e-01 -2.344228003735381538e+00
6.590001318204538050e-01 6.354480509610576089e-01 -2.381689974076664829e+00
6.600001320204849087e-01 6.195151976006902927e-01 -2.418264200217396631e+00
6.610001322205160124e-01 6.032050211656466709e-01 -2.453935103514063965e+00
6.620001324205471160e-01 5.865230265287064704e-01 -2.488687476315854408e+00
6.630001326205782197e-01 5.694748127221168632e-01 -2.522506481566094916e+00
6.640001328206093234e-01 5.520660698117448861e-01 -2.555377652245402142e+00
6.650001330206404271e-01 5.343025757948910437e-01 -2.587286890661149030e+00
6.660001332206715308e-01 5.161901935227392046e-01 -2.618220467587863975e+00
6.670001334207026344e-01 4.977348676483698831e-01 -2.648165021263056751e+00
6.680001336207336271e-01 4.789426216012265258e-01 -2.677107556242989794e+00
6.690001338207647308e-01 4.598195545888698055e-01 -2.705035442122818434e+00
6.700001340207958345e-01 4.403718386268444251e-01 -2.731936412125429037e+00
6.710001342208269381e-01 4.206057155973885187e-01 -2.757798561563360451e+00
6.720001344208580418e-01 4.005274943377282737e-01 -2.782610346178018723e+00
6.730001346208891455e-01 3.801435477586337375e-01 -2.806360580360411916e+00
6.740001348209202492e-01 3.594603099938784574e-01 -2.829038435257519080e+00
6.750001350209513529e-01 3.384842735812135794e-01 -2.850633436768430951e+00
6.760001352209824566e-01 3.172219866754195094e-01 -2.871135463434207669e+00
6.770001354210135602e-01 2.956800502939760933e-01 -2.890534744225483177e+00
6.780001356210446639e-01 2.738651155958486960e-01 -2.908821856231662561e+00
6.790001358210756566e-01 2.517838811938279409e-01 -2.925987722262539670e+00
6.800001360211067603e-01 2.294430905008552346e-01 -2.942023608349027430e+00
6.810001362211378639e-01 2.068495291108460032e-01 -2.956921121149861165e+00
6.820001364211689676e-01 1.840100222142865283e-01 -2.970672205291819079e+00
6.830001366212000713e-01 1.609314320489384220e-01 -2.983269140623302285e+00
6.840001368212311750e-01 1.376206553859729564e-01 -2.994704539391530584e+00
6.850001370212622787e-01 1.140846210518189074e-01 -3.004971343346856560e+00
6.860001372212933823e-01 9.033028748597636548e-02 -3.014062820777589913e+00
6.870001374213244860e-01 6.636464033502094406e-02 -3.021972563478581453e+00
6.880001376213555897e-01 4.219469008299805285e-02 -3.028694483656924508e+00
6.890001378213866934e-01 1.782746971837882027e-02 -3.034222810777856605e+00
6.900001380214176860e-01 -6.729967562270140931e-03 -3.038552088354061098e+00
6.910001382214487897e-01 -3.147055061379734620e-02 -3.041677170681403197e+00
6.920001384214798934e-01 -5.638719256501502353e-02 -3.043593219524064697e+00
6.930001386215109971e-01 -8.147279300426304993e-02 -3.044295700752063905e+00
6.940001388215421008e-01 -1.067202401278922463e-01 -3.043780380933968743e+00
6.950001390215732044e-01 -1.321224128516482188e-01 -3.042043323887675843e+00
6.960001392216043081e-01 -1.576721828849403928e-01 -3.039080887191901947e+00
6.970001394216354118e-01 -1.833624167680016348e-01 -3.034889718661158309e+00
6.980001396216665155e-01 -2.091859778719651897e-01 -3.029466752786760253e+00
6.990001398216976192e-01 -2.351357283619052996e-01 -3.022809207147367339e+00
7.000001400217287229e-01 -2.612045311229667655e-01 -3.014914578803840062e+00
7.010001402217597155e-01 -2.873852516495646325e-01 -3.005780640632340184e+00
7.020001404217908192e-01 -3.136707598977134803e-01 -2.995405437656555758e+00
7.030001406218219229e-01 -3.400539321006668669e-01 -2.983787283360724185e+00
7.040001408218530266e-01 -3.665276525480439807e-01 -2.970924755978481269e+00
7.050001410218841302e-01 -3.930848153285222968e-01 -2.956816694764357045e+00
7.060001412219152339e-01 -4.197183260362698509e-01 -2.941462196250067329e+00
7.070001414219463376e-01 -4.464211034412859935e-01 -2.924860610487642898e+00
7.080001416219774413e-01 -4.731860811238327025e-01 -2.907011537281466662e+00
7.090001418220085450e-01 -5.000062090731526299e-01 -2.887914822411147053e+00
7.100001420220396486e-01 -5.268744552506836598e-01 -2.867570553847141657e+00
7.110001422220706413e-01 -5.537838071179842503e-01 -2.845979057961010472e+00
7.120001424221017450e-01 -5.807272731296206913e-01 -2.823140895732052513e+00
7.130001426221328487e-01 -6.076978841912110685e-01 -2.799056858952134075e+00
7.140001428221639523e-01 -6.346886950829389029e-01 -2.773727966430347802e+00
7.150001430221950560e-01 -6.616927858487495762e-01 -2.747155460199201205e+00
7.160001432222261597e-01 -6.887032631515181968e-01 -2.719340801723859169e+00
7.170001434222572634e-01 -7.157132615944731269e-01 -2.690285668116067619e+00
7.180001436222883671e-01 -7.427159450091435078e-01 -2.659991948354178959e+00
7.190001438223194707e-01 -7.697045077101472010e-01 -2.628461739510781214e+00
7.200001440223505744e-01 -7.966721757171225660e-01 -2.595697342993424250e+00
7.210001442223816781e-01 -8.236122079441676735e-01 -2.561701260799843283e+00
7.220001444224126708e-01 -8.505178973569561540e-01 -2.526476191753020739e+00
7.230001446224437744e-01 -8.773825720978909448e-01 -2.490025027782785561e+00
7.240001448224748781e-01 -9.041995965796798540e-01 -2.452350850212602573e+00
7.250001450225059818e-01 -9.309623725476916523e-01 -2.413456926060388419e+00
7.260001452225370855e-01 -9.576643401113680287e-01 -2.373346704355736136e+00
7.270001454225681892e-01 -9.842989787450635575e-01 -2.332023812474654179e+00
7.280001456225992928e-01 -1.010859808258649739e+00 -2.289492052492835050e+00
7.290001458226303965e-01 -1.037340389738234725e+00 -2.245755397558464317e+00
7.300001460226615002e-01 -1.063734326457360213e+00 -2.200817988285529658e+00
7.310001462226926039e-01 -1.090035264759022349e+00 -2.154684129168620288e+00
7.320001464227237076e-01 -1.116236894908890553e+00 -2.107358285019982347e+00
7.330001466227547002e-01 -1.142332951920074890e+00 -2.058845077429813930e+00
7.340001468227858039e-01 -1.168317216349831877e+00 -2.009149281250492525e+00
7.350001470228169076e-01 -1.194183515068531376e+00 -1.958275821105645242e+00
7.360001472228480113e-01 -1.219925722001315105e+00 -1.906229767924683571e+00
7.370001474228791150e-01 -1.245537758842773401e+00 -1.853016335503579137e+00
7.380001476229102186e-01 -1.271013595745037472e+00 -1.798640877092564150e+00
7.390001478229413223e-01 -1.296347251979645510e+00 -1.743108882011342509e+00
7.400001480229724260e-01 -1.321532796573579249e+00 -1.686425972292489028e+00
7.410001482230035297e-01 -1.346564348919866205e+00 -1.628597899359634837e+00
7.420001484230346334e-01 -1.371436079363112848e+00 -1.569630540724257228e+00
7.430001486230657370e-01 -1.396142209760254715e+00 -1.509529896709333796e+00
7.440001488230967297e-01 -1.420677014016963557e+00 -1.448302087216805756e+00
7.450001490231278334e-01 -1.445034818600149595e+00 -1.385953348519760153e+00
7.460001492231589371e-01 -1.469210003026861777e+00 -1.322490030085880397e+00
7.470001494231900407e-01 -1.493197000330016122e+00 -1.257918591432413802e+00
7.480001496232211444e-01 -1.516990297501286555e+00 -1.192245599013158408e+00
7.490001498232522481e-01 -1.540584435911559469e+00 -1.125477723137768615e+00
7.500001500232833518e-01 -1.563974011709307943e+00 -1.057621734923732904e+00
7.510001502233144555e-01 -1.587153676197272434e+00 -9.886845032813139644e-01
7.520001504233455591e-01 -1.610118136187816074e+00 -9.186729919317401238e-01
7.530001506233766628e-01 -1.632862154337325178e+00 -8.475942564589064032e-01
7.540001508234076555e-01 -1.655380549460018003e+00 -7.754554413948729907e-01
7.550001510234387592e-01 -1.677668196821555657e+00 -7.022637773391940952e-01
7.560001512234698628e-01 -1.699720028412769368e+00 -6.280265781125805580e-01
7.570001514235009665e-01 -1.721531033203930194e+00 -5.527512379447697688e-01
7.580001516235320702e-01 -1.743096257379878722e+00 -4.764452286969221850e-01
7.590001518235631739e-01 -1.764410804556385770e+00 -3.991160971186397677e-01
7.600001520235942776e-01 -1.785469835978117148e+00 -3.207714621397099730e-01
7.610001522236253813e-01 -1.806268570698533305e+00 -2.414190121967711433e-01
7.620001524236564849e-01 -1.826802285742131771e+00 -1.610665025953187390e-01
7.630001526236875886e-01 -1.847066316249305062e+00 -7.972175290342324583e-02
7.640001528237186923e-01 -1.867056055604167319e+00 2.607355615880942168e-03
7.650001530237496850e-01 -1.886766955545730928e+00 8.591288253769435723e-02
7.660001532237807886e-01 -1.906194526262790623e+00 1.701868307738502173e-01
7.670001534238118923e-01 -1.925334336472805496e+00 2.554211490363762493e-01
7.680001536238429960e-01 -1.944182013485163285e+00 3.416077342660205907e-01
7.690001538238740997e-01 -1.962733243249124904e+00 4.287384340257329174e-01
7.700001540239052034e-01 -1.980983770386793630e+00 5.168050488592247360e-01
7.710001542239363070e-01 -1.998929398211434671e+00 6.057993346145930103e-01
7.720001544239674107e-01 -2.016565988731461534e+00 6.957130047331634426e-01
7.730001546239985144e-01 -2.033889462640425361e+00 7.865377325035759482e-01
7.740001548240296181e-01 -2.050895799293303234e+00 8.782651532812242312e-01
7.750001550240607218e-01 -2.067581036669424055e+00 9.708868666731643726e-01
7.760001552240917144e-01 -2.083941271322315991e+00 1.064394438688580635e+00
7.770001554241228181e-01 -2.099972658316813678e+00 1.158779403855020540e+00
7.780001556241539218e-01 -2.115671411153690507e+00 1.254033267300361354e+00
7.790001558241850255e-01 -2.131033801682151729e+00 1.350147506800878583e+00
7.800001560242161291e-01 -2.146056160000473056e+00 1.447113574795404034e+00
7.810001562242472328e-01 -2.160734874345066281e+00 1.544922900365810925e+00
7.820001564242783365e-01 -2.175066390968280583e+00 1.643566891186380330e+00
7.830001566243094402e-01 -2.189047214005210851e+00 1.743036935442776381e+00
7.840001568243405439e-01 -2.202673905329799453e+00 1.843324403701055880e+00
7.850001570243716476e-01 -2.215943084400502361e+00 1.944420650759821623e+00
7.860001572244027512e-01 -2.228851428095817155e+00 2.046317017465766330e+00
7.870001574244337439e-01 -2.241395670539930052e+00 2.149004832496185458e+00
7.880001576244648476e-01 -2.253572602918754608e+00 2.252475414109269547e+00
7.890001578244959513e-01 -2.265379073286620581e+00 2.356720071862226984e+00
7.900001580245270549e-01 -2.276811986363880713e+00 2.461730108297690123e+00
7.910001582245581586e-01 -2.287868303325691688e+00 2.567496820598493379e+00
7.920001584245892623e-01 -2.298545041582218840e+00 2.674011502211100844e+00
7.930001586246203660e-01 -2.308839274550520404e+00 2.781265444437960976e+00
7.940001588246514697e-01 -2.318748131418344460e+00 2.889249937999005979e+00
7.950001590246825733e-01 -2.328268796900112125e+00 2.997956274562574297e+00
7.960001592247136770e-01 -2.337398510985281064e+00 3.107375748246016922e+00
7.970001594247447807e-01 -2.346134568679368204e+00 3.217499657086239306e+00
7.980001596247757734e-01 -2.354474319737837273e+00 3.328319304480459540e+00
7.990001598248068770e-01 -2.362415168393088294e+00 3.439826000597502542e+00
8.000001600248379807e-01 -2.369954573074769755e+00 3.552011063759747511e+00
8.010001602248690844e-01 -2.377090046123647049e+00 3.664865821796243761e+00
8.020001604249001881e-01 -2.383819153499224797e+00 3.778381613367081560e+00
8.030001606249312918e-01 -2.390139514481342875e+00 3.892549789271078531e+00
8.040001608249623954e-01 -2.396048801365938896e+00 4.007361713707240369e+00
8.050001610249934991e-01 -2.401544739155242247e+00 4.122808765502227857e+00
8.060001612250246028e-01 -2.406625105242574669e+00 4.238882339332141314e+00
8.070001614250557065e-01 -2.411287729091937670e+00 4.355573846908117552e+00
8.080001616250866991e-01 -2.415530491912595501e+00 4.472874718134982608e+00
8.090001618251178028e-01 -2.419351326328853968e+00 4.590776402243395893e+00
8.100001620251489065e-01 -2.422748216045212288e+00 4.709270368895515091e+00
8.110001622251800102e-01 -2.425719195507087367e+00 4.828348109264806176e+00
8.120001624252111139e-01 -2.428262349557289479e+00 4.948001137090080270e+00
8.130001626252422176e-01 -2.430375813088423875e+00 5.068220989704128598e+00
8.140001628252733212e-01 -2.432057770691405274e+00 5.188999229037235317e+00
8.150001630253044249e-01 -2.433306456300247778e+00 5.310327442595930592e+00
8.160001632253355286e-01 -2.434120152833310513e+00 5.432197244417221960e+00
8.170001634253666323e-01 -2.434497191831161533e+00 5.554600275998606840e+00
8.180001636253977360e-01 -2.434435953091217186e+00 5.677528207204264099e+00
8.190001638254287286e-01 -2.433934864299336365e+00 5.800972737147556124e+00
8.200001640254598323e-01 -2.432992400658504639e+00 5.924925595050411609e+00
8.210001642254909360e-01 -2.431607084514780137e+00 6.049378541079497573e+00
8.220001644255220397e-01 -2.429777484980644608e+00 6.174323367159923137e+00
8.230001646255531433e-01 -2.427502217555902231e+00 6.299751897768312681e+00
8.240001648255842470e-01 -2.424779943746239841e+00 6.425655990723479150e+00
8.250001650256153507e-01 -2.421609370679639106e+00 6.552027537901866872e+00
8.260001652256464544e-01 -2.417989250720831151e+00 6.678858465968190217e+00
8.270001654256775581e-01 -2.413918381083857589e+00 6.806140737086285419e+00
8.280001656257086617e-01 -2.409395603442864076e+00 6.933866349603224677e+00
8.290001658257397654e-01 -2.404419803541281819e+00 7.062027338712923985e+00
8.300001660257707581e-01 -2.398989910799517844e+00 7.190615777099431227e+00
8.310001662258018618e-01 -2.393104897921285890e+00 7.319623775560350154e+00
8.320001664258329654e-01 -2.386763780498697418e+00 7.449043483610420679e+00
8.330001666258640691e-01 -2.379965616616232627e+00 7.578867090065886103e+00
8.340001668258951728e-01 -2.372709506453704709e+00 7.709086823609727190e+00
8.350001670259262765e-01 -2.364994591888347042e+00 7.839694953337999372e+00
8.360001672259573802e-01 -2.356820056096115223e+00 7.970683789287815735e+00
8.370001674259884838e-01 -2.348185123152326526e+00 8.102045682946974026e+00
8.380001676260195875e-01 -2.339089057631743351e+00 8.233773027745710849e+00
8.390001678260506912e-01 -2.329531164208202387e+00 8.365858259530783769e+00
8.400001680260817949e-01 -2.319510787253889372e+00 8.498293857022153119e+00
8.410001682261127876e-01 -2.309027310438364289e+00 8.631072342252581464e+00
8.420001684261438912e-01 -2.298080156327428014e+00 8.764186280990442057e+00
8.430001686261749949e-01 -2.286668785981942342e+00 8.897628283145873951e+00
8.440001688262060986e-01 -2.274792698556640236e+00 9.031391003170682552e+00
8.450001690262372023e-01 -2.262451430899013349e+00 9.165467140448159356e+00
8.460001692262683060e-01 -2.249644557148466451e+00 9.299849439605019086e+00
8.470001694262994096e-01 -2.236371688335844876e+00 9.434530690874934677e+00
8.480001696263305133e-01 -2.222632471983287061e+00 9.569503730428053245e+00
8.490001698263616170e-01 -2.208426591704522934e+00 9.704761440683887130e+00
8.500001700263927207e-01 -2.193753766805734084e+00 9.840296750609409671e+00
8.510001702264238244e-01 -2.178613751887010785e+00 9.976102636002812218e+00
8.520001704264548170e-01 -2.163006336444516453e+00 1.011217211976305919e+01
8.530001706264859207e-01 -2.146931344473413272e+00 1.024849827214557685e+01
8.540001708265170244e-01 -2.130388634071628928e+00 1.038507421100422334e+01
8.550001710265481281e-01 -2.113378097044531057e+00 1.052189310201986849e+01
8.560001712265792317e-01 -2.095899658510569807e+00 1.065894815891589786e+01
8.570001714266103354e-01 -2.077953276507966685e+00 1.079623264366061086e+01
8.580001716266414391e-01 -2.059538941602509166e+00 1.093373986665713637e+01
8.590001718266725428e-01 -2.040656676496502175e+00 1.107146318692077713e+01
8.600001720267036465e-01 -2.021306535638952795e+00 1.120939601224412385e+01
8.610001722267347501e-01 -2.001488604837035723e+00 1.134753179935034417e+01
8.620001724267657428e-01 -1.981203000868899666e+00 1.148586405403451671e+01
8.630001726267968465e-01 -1.960449871097859509e+00 1.162438633129366039e+01
8.640001728268279502e-01 -1.939229393088059528e+00 1.176309223544525473e+01
8.650001730268590538e-01 -1.917541774221609652e+00 1.190197542023484267e+01
8.660001732268901575e-01 -1.895387251317192545e+00 1.204102958896530851e+01
8.670001734269212612e-01 -1.872766090250213011e+00 1.218024849457187919e+01
8.680001736269523649e-01 -1.849678585574742407e+00 1.231962593964509978e+01
8.690001738269834686e-01 -1.826125060147220758e+00 1.245915577653078898e+01
8.700001740270145723e-01 -1.802105864751789577e+00 1.259883190738589143e+01
8.710001742270456759e-01 -1.777621377727394592e+00 1.273864828422454210e+01
8.720001744270767796e-01 -1.752672004596706357e+00 1.287859890895446924e+01
8.730001746271077723e-01 -1.727258177696888275e+00 1.301867783340410689e+01
8.740001748271388760e-01 -1.701380355812241785e+00 1.315887915934058405e+01
8.750001750271699796e-01 -1.675039023808808425e+00 1.329919703847858514e+01
8.760001752272010833e-01 -1.648234692270898361e+00 1.343962567248059514e+01
8.770001754272321870e-01 -1.620967897139628189e+00 1.358015931294854006e+01
8.780001756272632907e-01 -1.593239199353482904e+00 1.372079226140698793e+01
8.790001758272943944e-01 -1.565049184490932221e+00 1.386151886927820165e+01
8.800001760273254980e-01 -1.536398462415135890e+00 1.400233353784910761e+01
8.810001762273566017e-01 -1.507287666920762437e+00 1.414323071823055500e+01
8.820001764273877054e-01 -1.477717455382949518e+00 1.428420491130877323e+01
8.830001766274188091e-01 -1.447688508408436325e+00 1.442525066768945763e+01
8.840001768274498017e-01 -1.417201529488885781e+00 1.456636258763451330e+01
8.850001770274809054e-01 -1.386257244656417864e+00 1.470753532099170435e+01
8.860001772275120091e-01 -1.354856402141405569e+00 1.484876356711723666e+01
8.870001774275431128e-01 -1.322999772032502630e+00 1.499004207479268125e+01
8.880001776275742165e-01 -1.290688145938863718e+00 1.513136564217141533e+01
8.890001778276053201e-01 -1.257922336654671458e+00 1.527272911663605548e+01
8.900001780276364238e-01 -1.224703177826142131e+00 1.541412739468803750e+01
8.910001782276675275e-01 -1.191031523620839083e+00 1.555555542185455842e+01
8.920001784276986312e-01 -1.156908248399291406e+00 1.569700819257320568e+01
8.930001786277297349e-01 -1.122334246388990930e+00 1.583848075007074030e+01
8.940001788277608386e-01 -1.087310431360755558e+00 1.597996818623608206e+01
8.950001790277918312e-01 -1.051837736307511761e+00 1.612146564148799399e+01
8.960001792278229349e-01 -1.015917113125455185e+00 1.626296830463726195e+01
8.970001794278540386e-01 -9.795495322976742747e-01 1.640447141274357179e+01
8.980001796278851423e-01 -9.427359825801752136e-01 1.654597025096744289e+01
8.990001798279162459e-01 -9.054774706903557790e-01 1.668746015241715597e+01
9.000001800279473496e-01 -8.677750209979441243e-01 1.682893649799082780e+01
9.010001802279784533e-01 -8.296296752183860423e-01 1.697039471621383555e+01
9.020001804280095570e-01 -7.910424921087106931e-01 1.711183028307172194e+01
9.030001806280406607e-01 -7.520145471658666869e-01 1.725323872183867024e+01
9.040001808280717643e-01 -7.125469323275469558e-01 1.739461560290165210e+01
9.050001810281027570e-01 -6.726407556755039652e-01 1.753595654358048961e+01
9.060001812281338607e-01 -6.322971411413363940e-01 1.767725720794382127e+01
9.070001814281649644e-01 -5.915172282148241090e-01 1.781851330662117050e+01
9.080001816281960680e-01 -5.503021716547125131e-01 1.795972059661124476e+01
9.090001818282271717e-01 -5.086531412020137699e-01 1.810087488109341791e+01
9.100001820282582754e-01 -4.665713212956184019e-01 1.824197200927418550e+01
9.110001822282893791e-01 -4.240579107905421696e-01 1.838300787610338460e+01
9.120001824283204828e-01 -3.811141226788730130e-01 1.852397842209036938e+01
9.130001826283515864e-01 -3.377411838131355593e-01 1.866487963310543918e+01
9.140001828283826901e-01 -2.939403346321213251e-01 1.880570754016813595e+01
9.150001830284137938e-01 -2.497128288892345727e-01 1.894645821923247908e+01
9.160001832284447865e-01 -2.050599333833459104e-01 1.908712779096934042e+01
9.170001834284758901e-01 -1.599829276921279630e-01 1.922771242054605167e+01
9.180001836285069938e-01 -1.144831039079445278e-01 1.936820831740327975e+01
9.190001838285380975e-01 -6.856176637618918712e-02 1.950861173502938684e+01
9.200001840285692012e-01 -2.222023143614802396e-02 1.964891897073231419e+01
9.210001842286003049e-01 2.454017283565076285e-02 1.978912636540895420e+01
9.220001844286314086e-01 7.171810687959571939e-02 1.992923030331242984e+01
9.230001846286625122e-01 1.193122199046674214e-01 2.006922721181701874e+01
9.240001848286936159e-01 1.673211501376320465e-01 2.020911356118101310e+01
9.250001850287247196e-01 2.157435250697612716e-01 2.034888586430757584e+01
9.260001852287558233e-01 2.645779617010819429e-01 2.048854067650361443e+01
9.270001854287868159e-01 3.138230667821576558e-01 2.062807459523692089e+01
9.280001856288179196e-01 3.634774370534412657e-01 2.076748425989138269e+01
9.290001858288490233e-01 4.135396594821227345e-01 2.090676635152065543e+01
9.300001860288801270e-01 4.640083114965883326e-01 2.104591759260011941e+01
9.310001862289112307e-01 5.148819612184662997e-01 2.118493474679117128e+01
9.320001864289423343e-01 5.661591676923735106e-01 2.132381461871092654e+01
9.330001866289734380e-01 6.178384811131083509e-01 2.146255405361587520e+01
9.340001868290045417e-01 6.699184430503017929e-01 2.160114993717757770e+01
9.350001870290356454e-01 7.223975866707844640e-01 2.173959919523055007e+01
9.360001872290667491e-01 7.752744369585663486e-01 2.187789879351650058e+01
9.370001874290978527e-01 8.285475109324396126e-01 2.201604573742744719e+01
9.380001876291288454e-01 8.822153178612066604e-01 2.215403707174784742e+01
9.390001878291599491e-01 9.362763594765742825e-01 2.229186988039590034e+01
9.400001880291910528e-01 9.907291301836425035e-01 2.242954128616380771e+01
9.410001882292221564e-01 1.045572117269112811e+00 2.256704845045732810e+01
9.420001884292532601e-01 1.100803801107138158e+00 2.270438857303460622e+01
9.430001886292843638e-01 1.156422655362862928e+00 2.284155889174427756e+01
9.440001888293154675e-01 1.212427147193658961e+00 2.297855668226295833e+01
9.450001890293465712e-01 1.268815737448058645e+00 2.311537925783223457e+01
9.460001892293776748e-01 1.325586880862419825e+00 2.325202396899497970e+01
9.470001894294087785e-01 1.382739026255305426e+00 2.338848820333151224e+01
9.480001896294398822e-01 1.440270616719614205e+00 2.352476938519508209e+01
9.490001898294708749e-01 1.498180089812452653e+00 2.366086497544715783e+01
9.500001900295019786e-01 1.556465877742805315e+00 2.379677247119246175e+01
9.510001902295330822e-01 1.615126407556918497e+00 2.393248940551363546e+01
9.520001904295641859e-01 1.674160101321541916e+00 2.406801334720587349e+01
9.530001906295952896e-01 1.733565376305049144e+00 2.420334190053776879e+01
9.540001908296263933e-01 1.793340645156491053e+00 2.433847270497521720e+01
9.550001910296574970e-01 1.853484316082232519e+00 2.447340343487369196e+01
9.560001912296886006e-01 1.913994793020375118e+00 2.460813179924075200e+01
9.570001914297197043e-01 1.974870475813156778e+00 2.474265554147061863e+01
9.580001916297508080e-01 2.036109760377223132e+00 2.487697243907880917e+01
9.590001918297818007e-01 2.097711038871783007e+00 2.501108030343703703e+01
9.600001920298129043e-01 2.159672699864695566e+00 2.514497697950815436e+01
9.610001922298440080e-01 2.221993128496410730e+00 2.527866034558140385e+01
9.620001924298751117e-01 2.284670706641898086e+00 2.541212831300787656e+01
9.630001926299062154e-01 2.347703813070495027e+00 2.554537882593636056e+01
9.640001928299373191e-01 2.411090823603708966e+00 2.567840986104949863e+01
9.650001930299684227e-01 2.474830111271000277e+00 2.581121942730032615e+01
9.660001932299995264e-01 2.538920046463543301e+00 2.594380556564919615e+01
9.670001934300306301e-01 2.603358997085995163e+00 2.607616634880126583e+01
9.680001936300617338e-01 2.668145328706268415e+00 2.620829988094429552e+01
9.690001938300928375e-01 2.733277404703343461e+00 2.634020429748715486e+01
9.700001940301238301e-01 2.798753586413109229e+00 2.647187776479875154e+01
9.710001942301549338e-01 2.864572233272290269e+00 2.660331847994768140e+01
9.720001944301860375e-01 2.930731702960387874e+00 2.673452467044230474e+01
9.730001946302171412e-01 2.997230351539752924e+00 2.686549459397168960e+01
9.740001948302482448e-01 3.064066533593738928e+00 2.699622653814792983e+01
9.750001950302793485e-01 3.131238602363199064e+00 2.712671882028176640e+01
9.760001952303104522e-01 3.198744909881106491e+00 2.725696978708345242e+01
9.770001954303415559e-01 3.266583807105024828e+00 2.738697781440103896e+01
9.780001956303726596e-01 3.334753644047782295e+00 2.751674130697982079e+01
9.790001958304037633e-01 3.403252769906396580e+00 2.764625869820767434e+01
9.800001960304348669e-01 3.472079533189220246e+00 2.777552844986140812e+01
9.810001962304658596e-01 3.541232281841264928e+00 2.790454905185377399e+01
9.820001964304969633e-01 3.610709363367801128e+00 2.803331902198152292e+01
9.830001966305280670e-01 3.680509124956116374e+00 2.816183690567424946e+01
9.840001968305591706e-01 3.750629913595602716e+00 2.829010127574423095e+01
9.850001970305902743e-01 3.821070076196082965e+00 2.841811073213720462e+01
9.860001972306213780e-01 3.891827959704405870e+00 2.854586390168403653e+01
9.870001974306524817e-01 3.962901911219375961e+00 2.867335943785347752e+01
9.880001976306835854e-01 4.034290278104960770e+00 2.880059602050589262e+01
9.890001978307146890e-01 4.105991408101853146e+00 2.892757235564792140e+01
9.900001980307457927e-01 4.178003649437362022e+00 2.905428717518833537e+01
9.910001982307768964e-01 4.250325350933664481e+00 2.918073923669479086e+01
9.920001984308078891e-01 4.322954862114430696e+00 2.930692732315178617e+01
9.930001986308389927e-01 4.395890533309852799e+00 2.943285024271964900e+01
9.940001988308700964e-01 4.469130715759999539e+00 2.955850682849457556e+01
9.950001990309012001e-01 4.542673761716622849e+00 2.968389593827004802e+01
9.955001991309166964e-01 4.579558343889859273e+00 2.974648983940159752e+01
9.960001992309323038e-01 4.616518024543250220e+00 2.980901645430071056e+01
9.965001993309479111e-01 4.653552598037338228e+00 2.987147564699053248e+01
9.970001994309634075e-01 4.690661858813884422e+00 2.993386728307930511e+01
9.975001995309789038e-01 4.727845601400244568e+00 2.999619122958582196e+01
9.977501995809867630e-01 4.746465339185177434e+00 3.002732777811988996e+01
9.980001996309945111e-01 4.765103620410307883e+00 3.005844735509085908e+01
9.982501996810022593e-01 4.783760419416644538e+00 3.008954994428041729e+01
9.985001997310101185e-01 4.802435710550270187e+00 3.012063552958213819e+01
9.987501997810178667e-01 4.821129468164036425e+00 3.015170409499111059e+01
9.988751998060216852e-01 4.830483263888133649e+00 3.016723199025589253e+01
9.990001998310256148e-01 4.839841666617641813e+00 3.018275562458154226e+01
9.991001798479230978e-01 4.847330205157663663e+00 3.019516897955539747e+01
9.992001598648205807e-01 4.854821687312323775e+00 3.020757960634314898e+01
9.993001398817178416e-01 4.862316111442284594e+00 3.021998750393963462e+01
9.994001198986153245e-01 4.869813475908460809e+00 3.023239267134177766e+01
9.995000999155128074e-01 4.877313779071902999e+00 3.024479510754835943e+01
9.995500899239615489e-01 4.881065032152989147e+00 3.025099530114100332e+01
9.996000799324102903e-01 4.884817019293882012e+00 3.025719481156021828e+01
9.996500699408590318e-01 4.888569740289771204e+00 3.026339363868139287e+01
9.997000599493076622e-01 4.892323194935851660e+00 3.026959178238010395e+01
9.997500499577564037e-01 4.896077383027352958e+00 3.027578924253198522e+01
9.997750449619807744e-01 4.897954752051139060e+00 3.027888771623904063e+01
9.998000399662051452e-01 4.899832304359491353e+00 3.028198601901281606e+01
9.998250349704295159e-01 4.901710039926811646e+00 3.028508415083779681e+01
9.998500299746537756e-01 4.903587958727498197e+00 3.028818211169850727e+01
9.998750249788781463e-01 4.905466060735976797e+00 3.029127990157941142e+01
9.998875224809903317e-01 4.906405180435132962e+00 3.029282873239760931e+01
9.999000199831025171e-01 4.907344345926641260e+00 3.029437752046505494e+01
9.999100179847922876e-01 4.908095711288193996e+00 3.029561652013718032e+01
9.999200159864820581e-01 4.908847105953157985e+00 3.029685549244658915e+01
9.999300139881717175e-01 4.909598529919897203e+00 3.029809443739226893e+01
9.999400119898614880e-01 4.910349983186783618e+00 3.029933335497328883e+01
9.999500099915512585e-01 4.911101465752180317e+00 3.030057224518864700e+01
9.999550089923960883e-01 4.911477218021297553e+00 3.030119168003387742e+01
9.999600079932410290e-01 4.911852977614437066e+00 3.030181110803730959e+01
9.999650069940859698e-01 4.912228744531386582e+00 3.030243052919885471e+01
9.999700059949307995e-01 4.912604518771928497e+00 3.030304994351832804e+01
9.999750049957756293e-01 4.912980300335866524e+00 3.030366935099564785e+01
9.999775044961980441e-01 4.913168193864047240e+00 3.030397905216847576e+01
9.999800039966204590e-01 4.913356089222998158e+00 3.030428875163068980e+01
9.999825034970428739e-01 4.913543986412697961e+00 3.030459844938230063e+01
9.999850029974652887e-01 4.913731885433119118e+00 3.030490814542329758e+01
9.999875024978877036e-01 4.913919786284235869e+00 3.030521783975368066e+01
9.999887522480990221e-01 4.914013737396309089e+00 3.030537268627738712e+01
9.999900019983102295e-01 4.914107688966030452e+00 3.030552753237340724e+01
9.999910017984792177e-01 4.914182850551330084e+00 3.030565140894232101e+01
9.999920015986483168e-01 4.914258012429540301e+00 3.030577528523752306e+01
9.999930013988171940e-01 4.914333174600629128e+00 3.030589916125900274e+01
9.999940011989861821e-01 4.914408337064627652e+00 3.030602303700678846e+01
9.999950009991551703e-01 4.914483499821522550e+00 3.030614691248085180e+01
9.999955008992396088e-01 4.914521081309799477e+00 3.030620885011524734e+01
9.999960007993240474e-01 4.914558662871303163e+00 3.030627078768119631e+01
9.999965006994085970e-01 4.914596244506040712e+00 3.030633272517876264e+01
9.999970005994931466e-01 4.914633826213997914e+00 3.030639466260787174e+01
9.999975004995775851e-01 4.914671407995167662e+00 3.030645659996854491e+01
9.999977504496198044e-01 4.914690198913212349e+00 3.030648756862321491e+01
9.999980003996620237e-01 4.914708989849563281e+00 3.030651853726079992e+01
9.999982503497042430e-01 4.914727780804220458e+00 3.030654950588124663e+01
9.999985002997464623e-01 4.914746571777179440e+00 3.030658047448462256e+01
9.999987502497886815e-01 4.914765362768450885e+00 3.030661144307084598e+01
9.999988752248099022e-01 4.914774758270954003e+00 3.030662692735758057e+01
9.999990001998310118e-01 4.914784153778028575e+00 3.030664241164000217e+01
9.999991001798479440e-01 4.914791670186985151e+00 3.030665479906287629e+01
9.999992001598647651e-01 4.914799186598867387e+00 3.030666718648300417e+01
9.999993001398816972e-01 4.914806703013680611e+00 3.030667957390041067e+01
9.999994001198986293e-01 4.914814219431424824e+00 3.030669196131506737e+01
9.999995000999155614e-01 4.914821735852101803e+00 3.030670434872699204e+01
9.999995500899239165e-01 4.914825494063528311e+00 3.030671054243190099e+01
9.999996000799323825e-01 4.914829252275695559e+00 3.030671673613618111e+01
9.999996500699408486e-01 4.914833010488592890e+00 3.030672292983973648e+01
9.999997000599493147e-01 4.914836768702224745e+00 3.030672912354262394e+01
9.999997500499577807e-01 4.914840526916589347e+00 3.030673531724482217e+01
9.999997750449619582e-01 4.914842406024042099e+00 3.030673841409565483e+01
9.999998000399661358e-01 4.914844285131677815e+00 3.030674151094633118e+01
9.999998250349704243e-01 4.914846164239502713e+00 3.030674460779684409e+01
9.999998500299746018e-01 4.914848043347503470e+00 3.030674770464716161e+01
9.999998750249788904e-01 4.914849922455700515e+00 3.030675080149731926e+01
9.999998875224809236e-01 4.914850862009856769e+00 3.030675234992231637e+01
9.999999000199830679e-01 4.914851801564067202e+00 3.030675389834729572e+01
9.999999143028426296e-01 4.914852875340359972e+00 3.030675566797580700e+01
9.999999285857021913e-01 4.914853949116716691e+00 3.030675743760421881e+01
9.999999428685617531e-01 4.914855022893130254e+00 3.030675920723260219e+01
9.999999571514213148e-01 4.914856096669603325e+00 3.030676097686091097e+01
9.999999714342808765e-01 4.914857170446135015e+00 3.030676274648916646e+01
9.999999857171404383e-01 4.914858244222728878e+00 3.030676451611737932e+01
1.000000000000000000e+00 4.914859317999383137e+00 3.030676628574553533e+01
