# -1 3 2.60134042836 0.0643235332499
# x xi_r xi_h
0.000000000000000000e+00 0.000000000000000000e+00 0.000000000000000000e+00
1.000000200031036027e-03 -3.546125616057739017e-04 -1.182009854653326685e-04
1.062500212532975019e-03 -4.003224394915780521e-04 -1.334367328419856238e-04
1.125000225034915096e-03 -4.488021395102761513e-04 -1.495955848199541892e-04
1.187500237536854956e-03 -5.000515781422831254e-04 -1.666774930341760434e-04
1.250000250038795033e-03 -5.540706670854866076e-04 -1.846824063550981754e-04
1.312500262540734026e-03 -6.108593132567990275e-04 -2.036102708881832874e-04
1.375000275042674103e-03 -6.704174187930296352e-04 -2.234610299736575830e-04
1.500000300046552956e-03 -7.978415926096851536e-04 -2.659309913359055055e-04
1.625000325050432893e-03 -9.363423100424589926e-04 -3.120917818567293337e-04
1.750000350054311963e-03 -1.085918616135238919e-03 -3.619428487075631294e-04
1.875000375058191900e-03 -1.246569479473871303e-03 -4.154835948207727348e-04
2.000000400062071186e-03 -1.418293792191768288e-03 -4.727133788956465054e-04
2.100000420065174789e-03 -1.563645332685442788e-03 -5.211528546047283338e-04
2.200000440068277958e-03 -1.716082483046818758e-03 -5.719525061119671433e-04
2.400000480074486030e-03 -2.042210892088038021e-03 -6.806307615412106196e-04
2.600000520080692802e-03 -2.396673264271005892e-03 -7.987448145384857005e-04
2.800000560086900007e-03 -2.779463344753047970e-03 -9.262910454333044561e-04
3.000000600093107213e-03 -3.190574379097411289e-03 -1.063265545647862484e-03
3.250000650100865786e-03 -3.744278414991128890e-03 -1.247735752434741933e-03
3.500000700108624793e-03 -4.342207305581537342e-03 -1.446922217787121679e-03
3.750000750116383799e-03 -4.984344567838181785e-03 -1.660815405466409527e-03
4.000000800124142372e-03 -5.670672501348122604e-03 -1.889405075631509553e-03
4.333334200134488293e-03 -6.654484585521544017e-03 -2.217033483018888106e-03
4.666667600144833346e-03 -7.716775890264616737e-03 -2.570741556081173815e-03
5.000001000155178399e-03 -8.857494374342324978e-03 -2.950499198319650289e-03
5.333334400165524319e-03 -1.007658416134765006e-02 -3.356274100414915768e-03
5.666667800175869373e-03 -1.137398554461997897e-02 -3.788031743932763779e-03
6.000001200186214426e-03 -1.274963499130461232e-02 -4.245735403317725185e-03
6.500001300201731572e-03 -1.495967589880512795e-02 -4.980853918763545642e-03
7.000001400217249585e-03 -1.734537909397953354e-02 -5.774122224746968020e-03
7.500001500232767598e-03 -1.990648188601856078e-02 -6.625388582671217982e-03
8.000001600248286479e-03 -2.264270235364061745e-02 -7.534490200411089224e-03
8.500001700263805360e-03 -2.555373939116561618e-02 -8.501253266216087651e-03
9.000001800279322506e-03 -2.863927276239661146e-02 -9.525492998860225421e-03
9.500001900294839652e-03 -3.189896315439798291e-02 -1.060701368172993139e-02
1.000000200031036027e-02 -3.533245223607731772e-02 -1.174560872211111683e-02
1.050000210032587915e-02 -3.893936272064836557e-02 -1.294106068913385837e-02
1.100000220034138936e-02 -4.271929842875474281e-02 -1.419314137579806741e-02
1.200000240037243059e-02 -5.079656675292545248e-02 -1.686622250127424449e-02
1.300000260040345967e-02 -5.956071259637816390e-02 -1.976281295895195023e-02
1.400000280043449917e-02 -6.900789374734007942e-02 -2.288070490795194797e-02
1.500000300046552999e-02 -7.913397302444061254e-02 -2.621752391672210053e-02
1.600000320049656949e-02 -8.993452109762467561e-02 -2.977073123277840239e-02
1.700000340052760031e-02 -1.014048195067382002e-01 -3.353762622244735314e-02
1.800000360055864154e-02 -1.135398638622703849e-01 -3.751534891102498159e-02
1.900000380058967930e-02 -1.263343672400132900e-01 -4.170088275411805434e-02
2.000000400062071013e-02 -1.397827637785186150e-01 -4.609105751957934954e-02
2.100000420065175136e-02 -1.538792124445250431e-01 -5.068255225403956593e-02
2.200000440068278912e-02 -1.686176009574087420e-01 -5.547189840254545395e-02
2.300000460071381994e-02 -1.839915498984792674e-01 -6.045548313431833853e-02
2.400000480074486117e-02 -1.999944169978225272e-01 -6.562955272572090770e-02
2.500000500077589893e-02 -2.166193015809574629e-01 -7.099021608941552541e-02
2.600000520080694016e-02 -2.338590491762596313e-01 -7.653344841653794695e-02
2.700000540083797099e-02 -2.517062562782795276e-01 -8.225509493747455714e-02
2.800000560086900875e-02 -2.701532752620349753e-01 -8.815087478651195685e-02
2.900000580090004998e-02 -2.891922194413140690e-01 -9.421638496573608856e-02
3.000000600093108080e-02 -3.088149682689333986e-01 -1.004471044250290629e-01
3.100000620096211856e-02 -3.290131726743712459e-01 -1.068383982235568963e-01
3.200000640099315979e-02 -3.497782605322997118e-01 -1.133855217877325489e-01
3.300000660102418715e-02 -3.711014422574542837e-01 -1.200836252498674872e-01
3.400000680105522838e-02 -3.929737165173918800e-01 -1.269277578521564587e-01
3.500000700108626961e-02 -4.153858760606520262e-01 -1.339128724511960411e-01
3.600000720111729696e-02 -4.383285136566208440e-01 -1.410338300753244400e-01
3.700000740114833819e-02 -4.617920281355736289e-01 -1.482854045259470732e-01
3.800000760117937249e-02 -4.857666305268621421e-01 -1.556622870721600382e-01
3.900000780121040678e-02 -5.102423502921817899e-01 -1.631590911783291353e-01
4.000000800124144801e-02 -5.352090416417075724e-01 -1.707703572565423544e-01
4.100000820127248924e-02 -5.606563899307380749e-01 -1.784905574985098387e-01
4.200000840130351659e-02 -5.865739181338743835e-01 -1.863141007232680113e-01
4.300000860133455782e-02 -6.129509933841786884e-01 -1.942353372285432755e-01
4.400000880136559905e-02 -6.397768335748544866e-01 -2.022485637103882683e-01
4.500000900139663335e-02 -6.670405140207863459e-01 -2.103480281799983975e-01
4.600000920142766764e-02 -6.947309741673648453e-01 -2.185279348666109012e-01
4.700000940145870887e-02 -7.228370243433519526e-01 -2.267824491686390720e-01
4.800000960148974316e-02 -7.513473525556653154e-01 -2.351057025938553258e-01
4.900000980152077745e-02 -7.802505313118672792e-01 -2.434917976444393728e-01
5.000001000155181868e-02 -8.095350244702863574e-01 -2.519348127829470485e-01
5.100001020158285991e-02 -8.391891941170115388e-01 -2.604288073375785051e-01
5.200001040161388727e-02 -8.692013074571992570e-01 -2.689678263819785253e-01
5.300001060164492850e-02 -8.995595437144386919e-01 -2.775459055894161642e-01
5.400001080167596973e-02 -9.302520010236348114e-01 -2.861570759777538608e-01
5.500001100170699708e-02 -9.612667033215429591e-01 -2.947953687713888993e-01
5.600001120173805219e-02 -9.925916072374209032e-01 -3.034548201461954031e-01
5.700001140176907954e-02 -1.024214608967137785e+00 -3.121294759116438056e-01
5.800001160180010690e-02 -1.056123551125696114e+00 -3.208133961606455253e-01
5.900001180183116201e-02 -1.088306229582487461e+00 -3.295006599371212430e-01
6.000001200186218936e-02 -1.120750400265924318e+00 -3.381853697046015017e-01
6.100001220189323059e-02 -1.153443785924352705e+00 -3.468616558107909253e-01
6.200001240192425794e-02 -1.186374082847118538e+00 -3.555236809062177761e-01
6.300001260195529917e-02 -1.219528967541300801e+00 -3.641656442764882873e-01
6.400001280198633347e-02 -1.252896103360127134e+00 -3.727817861248589049e-01
6.500001300201738164e-02 -1.286463147075798563e+00 -3.813663917275224025e-01
6.600001320204841593e-02 -1.320217755389197611e+00 -3.899137955230416730e-01
6.700001340207945022e-02 -1.354147591374715187e+00 -3.984183851258932818e-01
6.800001360211048451e-02 -1.388240330856042259e+00 -4.068746052436361116e-01
6.900001380214151880e-02 -1.422483668707525739e+00 -4.152769614967878886e-01
7.000001400217256697e-02 -1.456865325077124185e+00 -4.236200241493821017e-01
7.100001420220360127e-02 -1.491373051527237648e+00 -4.318984317386496130e-01
7.200001440223463556e-02 -1.525994637089082007e+00 -4.401068946008936389e-01
7.300001460226566985e-02 -1.560717914226596115e+00 -4.482401982942941787e-01
7.400001480229669026e-02 -1.595530764706499127e+00 -4.562932069175878458e-01
7.500001500232772456e-02 -1.630421125370773217e+00 -4.642608663161376104e-01
7.600001520235874497e-02 -1.665376993807843320e+00 -4.721382071780969580e-01
7.700001540238977926e-02 -1.700386433919414575e+00 -4.799203480197059002e-01
7.800001560242081355e-02 -1.735437581379875915e+00 -4.876024980556134536e-01
7.900001580245183397e-02 -1.770518648985043741e+00 -4.951799599514509209e-01
8.000001600248286826e-02 -1.805617931887481653e+00 -5.026481324623319757e-01
8.100001620251390255e-02 -1.840723812715957752e+00 -5.100025129530368906e-01
8.200001640254492297e-02 -1.875824766576337899e+00 -5.172386997973384970e-01
8.300001660257595726e-02 -1.910909365931441783e+00 -5.243523946579435879e-01
8.400001680260697767e-02 -1.945966285358153858e+00 -5.313394046516535241e-01
8.500001700263801196e-02 -1.980984306179361054e+00 -5.381956443835027581e-01
8.600001720266904626e-02 -2.015952320968118716e+00 -5.449171378596900928e-01
8.700001740270006667e-02 -2.050859337922778636e+00 -5.515000202847528676e-01
8.800001760273110096e-02 -2.085694485111722951e+00 -5.579405397341905548e-01
8.900001780276212138e-02 -2.120447014585983503e+00 -5.642350587052492594e-01
9.000001800279315567e-02 -2.155106306358941737e+00 -5.703800555528605321e-01
9.100001820282418996e-02 -2.189661872252972596e+00 -5.763721258131813130e-01
9.200001840285521038e-02 -2.224103359609366226e+00 -5.822079833617974653e-01
9.300001860288624467e-02 -2.258420554860518958e+00 -5.878844614923665057e-01
9.400001880291727896e-02 -2.292603386965779588e+00 -5.933985138665077708e-01
9.500001900294829937e-02 -2.326641930709608008e+00 -5.987472153442413569e-01
9.600001920297933367e-02 -2.360526409861589237e+00 -6.039277626983746705e-01
9.700001940301035408e-02 -2.394247200199927761e+00 -6.089374752409054681e-01
9.800001960304138837e-02 -2.427794832396196423e+00 -6.137737952780967232e-01
9.900001980307242266e-02 -2.461159994759151814e+00 -6.184342884754147063e-01
1.000000200031034014e-01 -2.494333535840212335e+00 -6.229166441240469032e-01
1.010000202031345051e-01 -2.527306466901109161e+00 -6.272186752887586314e-01
1.020000204031654978e-01 -2.560069964243489871e+00 -6.313383188472688756e-01
1.030000206031965043e-01 -2.592615371402086755e+00 -6.352736354413047737e-01
1.040000208032275941e-01 -2.624934201203104056e+00 -6.390228093219063599e-01
1.050000210032586007e-01 -2.657018137684072911e+00 -6.425841480256941907e-01
1.060000212032895933e-01 -2.688859037876590197e+00 -6.459560820224108380e-01
1.070000214033206970e-01 -2.720448933456047769e+00 -6.491371642428460653e-01
1.080000216033517035e-01 -2.751780032257943098e+00 -6.521260695098151094e-01
1.090000218033826962e-01 -2.782844719662193267e+00 -6.549215938795485137e-01
1.100000220034137027e-01 -2.813635559849466450e+00 -6.575226539333077769e-01
1.110000222034448064e-01 -2.844145296927036437e+00 -6.599282858786829076e-01
1.120000224034757991e-01 -2.874366855923364827e+00 -6.621376446258646631e-01
1.130000226035068056e-01 -2.904293343656926041e+00 -6.641500027835187669e-01
1.140000228035378954e-01 -2.933918049480519041e+00 -6.659647495640084180e-01
1.150000230035689019e-01 -2.963234445902213299e+00 -6.675813896097151368e-01
1.160000232035998946e-01 -2.992236189086623366e+00 -6.689995417759417862e-01
1.170000234036309011e-01 -3.020917119238342607e+00 -6.702189378088112548e-01
1.180000236036620048e-01 -3.049271260864542477e+00 -6.712394209017211733e-01
1.190000238036929975e-01 -3.077292822920468573e+00 -6.720609442606287898e-01
1.200000240037240040e-01 -3.104976198842800628e+00 -6.726835695776768320e-01
1.210000242037550938e-01 -3.132315966471401314e+00 -6.731074654421138614e-01
1.220000244037861004e-01 -3.159306887862150859e+00 -6.733329057008382579e-01
1.230000246038171069e-01 -3.185943908995963358e+00 -6.733602678022723165e-01
1.240000248038480996e-01 -3.212222159381310060e+00 -6.731900309637713908e-01
1.250000250038791894e-01 -3.238136951551078280e+00 -6.728227743795852644e-01
1.260000252039102098e-01 -3.263683780460698625e+00 -6.722591753687948701e-01
1.270000254039412024e-01 -3.288858322788845268e+00 -6.715000074708024069e-01
1.280000256039723061e-01 -3.313656436142794259e+00 -6.705461384980685446e-01
1.290000258040032988e-01 -3.338074158173438555e+00 -6.693985285927422924e-01
1.300000260040342914e-01 -3.362107705600861252e+00 -6.680582281766040964e-01
1.310000262040653118e-01 -3.385753473148888304e+00 -6.665263758602386623e-01
1.320000264040963878e-01 -3.409008032393898713e+00 -6.648041963740117799e-01
1.330000266041274082e-01 -3.431868130532186534e+00 -6.628929984475404602e-01
1.340000268041584008e-01 -3.454330689067203419e+00 -6.607941726622704737e-01
1.350000270041893935e-01 -3.476392802420091410e+00 -6.585091892945513781e-01
1.360000272042204972e-01 -3.498051736468248851e+00 -6.560395961619049920e-01
1.370000274042514898e-01 -3.519304927009600181e+00 -6.533870163376861440e-01
1.380000276042825103e-01 -3.540149978154632837e+00 -6.505531459485845991e-01
1.390000278043135862e-01 -3.560584660653010936e+00 -6.475397519359245013e-01
1.400000280043446066e-01 -3.580606910155915035e+00 -6.443486698017177883e-01
1.410000282043755993e-01 -3.600214825416571784e+00 -6.409818013449850582e-01
1.420000284044067029e-01 -3.619406666434474840e+00 -6.374411124458506661e-01
1.430000286044376956e-01 -3.638180852542687749e+00 -6.337286307320139089e-01
1.440000288044686882e-01 -3.656535960438069388e+00 -6.298464433040148469e-01
1.450000290044997919e-01 -3.674470722160763980e+00 -6.257966944677630927e-01
1.460000292045308123e-01 -3.691984023025293826e+00 -6.215815834588170885e-01
1.470000294045618050e-01 -3.709074899505309109e+00 -6.172033621702146533e-01
1.480000296045927977e-01 -3.725742537075426686e+00 -6.126643329046153053e-01
1.490000298046239013e-01 -3.741986268013817618e+00 -6.079668461362421894e-01
1.500000300046548940e-01 -3.757805569163715109e+00 -6.031132982032763046e-01
1.510000302046858867e-01 -3.773200059656791616e+00 -5.981061290964863053e-01
1.520000304047169903e-01 -3.788169498603898067e+00 -5.929478202364300010e-01
1.530000306047480108e-01 -3.802713782754202132e+00 -5.876408922643758803e-01
1.540000308047790034e-01 -3.816832944125001070e+00 -5.821879028497191078e-01
1.550000310048101071e-01 -3.830527147604679605e+00 -5.765914445182880321e-01
1.560000312048410998e-01 -3.843796688532220340e+00 -5.708541425182684925e-01
1.570000314048720924e-01 -3.856641990253772079e+00 -5.649786526574981371e-01
1.580000316049031128e-01 -3.869063601657682927e+00 -5.589676591981123099e-01
1.590000318049341888e-01 -3.881062194692007861e+00 -5.528238727732924795e-01
1.600000320049652092e-01 -3.892638561866236468e+00 -5.465500283253182934e-01
1.610000322049962018e-01 -3.903793613739204638e+00 -5.401488830698816246e-01
1.620000324050271945e-01 -3.914528376395169484e+00 -5.336232144875602268e-01
1.630000326050582982e-01 -3.924843988908341519e+00 -5.269758183125023976e-01
1.640000328050892908e-01 -3.934741700798966235e+00 -5.202095066032984549e-01
1.650000330051203112e-01 -3.944222869485729088e+00 -5.133271058435516787e-01
1.660000332051513872e-01 -3.953288957734145903e+00 -5.063314550366448952e-01
1.670000334051824076e-01 -3.961941531101848657e+00 -4.992254038489481460e-01
1.680000336052134002e-01 -3.970182255383228220e+00 -4.920118107860135259e-01
1.690000338052443929e-01 -3.978012894055259707e+00 -4.846935414025422828e-01
1.700000340052754966e-01 -3.985435305725640642e+00 -4.772734665377659224e-01
1.710000342053064892e-01 -3.992451441584153660e+00 -4.697544605825017539e-01
1.720000344053375096e-01 -3.999063342861207460e+00 -4.621393998271881576e-01
1.730000346053686133e-01 -4.005273138294873192e+00 -4.544311607988893997e-01
1.740000348053996060e-01 -4.011083041606185340e+00 -4.466326186481482940e-01
1.750000350054305986e-01 -4.016495348984808089e+00 -4.387466455737896731e-01
1.760000352054615913e-01 -4.021512436586568207e+00 -4.307761092851802309e-01
1.770000354054926950e-01 -4.026136758044112973e+00 -4.227238715012904824e-01
1.780000356055236876e-01 -4.030370841991451236e+00 -4.145927864799172080e-01
1.790000358055547081e-01 -4.034217289604450585e+00 -4.063856996066835814e-01
1.800000360055858117e-01 -4.037678772158810325e+00 -3.981054460079521129e-01
1.810000362056168044e-01 -4.040758028605933916e+00 -3.897548492024643374e-01
1.820000364056477971e-01 -4.043457863167849275e+00 -3.813367197936025077e-01
1.830000366056787897e-01 -4.045781142952411535e+00 -3.728538542004927181e-01
1.840000368057098934e-01 -4.047730795589749242e+00 -3.643090334279013298e-01
1.850000370057409138e-01 -4.049309806890789787e+00 -3.557050218719834400e-01
1.860000372057719065e-01 -4.050521218528859713e+00 -3.470445661697150741e-01
1.870000374058030101e-01 -4.051368125745605120e+00 -3.383303940876364879e-01
1.880000376058340028e-01 -4.051853675081846795e+00 -3.295652134447362713e-01
1.890000378058649955e-01 -4.051981062134013101e+00 -3.207517110755935263e-01
1.900000380058959881e-01 -4.051753529337031701e+00 -3.118925518317105516e-01
1.910000382059270918e-01 -4.051174363774379117e+00 -3.029903776208271449e-01
1.920000384059581122e-01 -4.050246895015877868e+00 -2.940478064828556670e-01
1.930000386059891049e-01 -4.048974492983759887e+00 -2.850674317026198334e-01
1.940000388060202086e-01 -4.047360565847971436e+00 -2.760518209663218592e-01
1.950000390060512012e-01 -4.045408557951252426e+00 -2.670035155479978939e-01
1.960000392060821939e-01 -4.043121947764221069e+00 -2.579250295342669919e-01
1.970000394061132976e-01 -4.040504245871034072e+00 -2.488188490853167345e-01
1.980000396061442902e-01 -4.037558992986092221e+00 -2.396874317315229597e-01
1.990000398061753106e-01 -4.034289758002164383e+00 -2.305332057051083794e-01
2.000000400062063866e-01 -4.030700136070113793e+00 -2.213585693046434266e-01
2.010000402062374070e-01 -4.026793746710844779e+00 -2.121658902993555640e-01
2.020000404062683996e-01 -4.022574231959896274e+00 -2.029575053636641369e-01
2.030000406062993923e-01 -4.018045254544666101e+00 -1.937357195447619307e-01
2.040000408063304960e-01 -4.013210496094548496e+00 -1.845028057636634577e-01
2.050000410063614886e-01 -4.008073655384218448e+00 -1.752610043485453295e-01
2.060000412063925090e-01 -4.002638446610213840e+00 -1.660125225998260734e-01
2.070000414064236127e-01 -3.996908597700830068e+00 -1.567595343847525136e-01
2.080000416064546054e-01 -3.990887848659475878e+00 -1.475041797661349741e-01
2.090000418064855980e-01 -3.984579949942052668e+00 -1.382485646611817942e-01
2.100000420065165907e-01 -3.977988660868066795e+00 -1.289947605264235020e-01
2.110000422065476944e-01 -3.971117748065369213e+00 -1.197448040730785535e-01
2.120000424065786870e-01 -3.963970983948641891e+00 -1.105006970107125508e-01
2.130000426066097075e-01 -3.956552145231668760e+00 -1.012644058185247359e-01
2.140000428066408111e-01 -3.948865011473237097e+00 -9.203786154363458039e-02
2.150000430066718038e-01 -3.940913363656760815e+00 -8.282295962581340265e-02
2.160000432067027965e-01 -3.932700982803374767e+00 -7.362155974792534974e-02
2.170000434067337891e-01 -3.924231648618437429e+00 -6.443548571126918312e-02
2.180000436067648928e-01 -3.915509138170862435e+00 -5.526652533508556037e-02
2.190000438067959132e-01 -3.906537224605903358e+00 -4.611643038503513564e-02
2.200000440068269059e-01 -3.897319675891367741e+00 -3.698691651937846547e-02
2.210000442068580095e-01 -3.887860253596388649e+00 -2.787966325910192292e-02
2.220000444068890022e-01 -3.878162711702760390e+00 -1.879631398057569208e-02
2.230000446069199949e-01 -3.868230795448572845e+00 -9.738475929718236335e-03
2.240000448069509875e-01 -3.858068240204062693e+00 -7.077202570312605403e-04
2.250000450069820912e-01 -3.847678770379297841e+00 8.294417927087030518e-03
2.260000452070131116e-01 -3.837066098363763444e+00 1.726643947832552650e-02
2.270000454070441043e-01 -3.826233923497662115e+00 2.620688112740794315e-02
2.280000456070752080e-01 -3.815185931073705738e+00 3.511431536790134839e-02
2.290000458071062006e-01 -3.803925791369318965e+00 4.398735032637253461e-02
2.300000460071371933e-01 -3.792457158709647835e+00 5.282462961613521718e-02
2.310000462071682137e-01 -3.780783670560669663e+00 6.162483217462835089e-02
2.320000464071992896e-01 -3.768908946652035130e+00 7.038667208489876592e-02
2.330000466072303100e-01 -3.756836588129380150e+00 7.910889838187280809e-02
2.340000468072613027e-01 -3.744570176735648293e+00 8.779029484391921712e-02
2.350000470072924064e-01 -3.732113274020915306e+00 9.642967976777730432e-02
2.360000472073233990e-01 -3.719469420580549635e+00 1.050259057329857304e-01
2.370000474073543917e-01 -3.706642135321553955e+00 1.135778593534953612e-01
2.380000476073854121e-01 -3.693634914756409149e+00 1.220844610152899967e-01
2.390000478074164880e-01 -3.680451232323969979e+00 1.305446646024973345e-01
2.400000480074475084e-01 -3.667094537737152216e+00 1.389574572121261842e-01
2.410000482074785011e-01 -3.653568256356909405e+00 1.473218588578932009e-01
2.420000484075096048e-01 -3.639875788592149775e+00 1.556369221636610400e-01
2.430000486075405974e-01 -3.626020509325237118e+00 1.639017320481155615e-01
2.440000488075715901e-01 -3.612005767362775899e+00 1.721154054055790694e-01
2.450000490076026105e-01 -3.597834884910921183e+00 1.802770907649381138e-01
2.460000492076336864e-01 -3.583511157074693809e+00 1.883859679486394045e-01
2.470000494076647068e-01 -3.569037851381239967e+00 1.964412477232773402e-01
2.480000496076956995e-01 -3.554418207326542678e+00 2.044421714422351155e-01
2.490000498077268032e-01 -3.539655435945047834e+00 2.123880106814651225e-01
2.500000500077578236e-01 -3.524752719401841095e+00 2.202780668688511800e-01
2.510000502077888163e-01 -3.509713210606906220e+00 2.281116709075927951e-01
2.520000504078199199e-01 -3.494540032851013223e+00 2.358881827926111174e-01
2.530000506078509126e-01 -3.479236279462798898e+00 2.436069912219001043e-01
2.540000508078819053e-01 -3.463805013486683126e+00 2.512675132072951234e-01
2.550000510079130089e-01 -3.448249267381189309e+00 2.588691936765861734e-01
2.560000512079438906e-01 -3.432572042737138229e+00 2.664115050728175782e-01
2.570000514079749943e-01 -3.416776310015328111e+00 2.738939469500433210e-01
2.580000516080059869e-01 -3.400865008303289194e+00 2.813160455658331727e-01
2.590000518080369796e-01 -3.384841045090658085e+00 2.886773534708943489e-01
2.600000520080680833e-01 -3.368707296062769529e+00 2.959774490962192584e-01
2.610000522080990759e-01 -3.352466604912053061e+00 3.032159363407176955e-01
2.620000524081301241e-01 -3.336121783166798416e+00 3.103924441525288125e-01
2.630000526081611723e-01 -3.319675610036799451e+00 3.175066261097647113e-01
2.640000528081922204e-01 -3.303130832275552820e+00 3.245581600018552781e-01
2.650000530082232131e-01 -3.286490164058569530e+00 3.315467474091319811e-01
2.660000532082543168e-01 -3.269756286877402385e+00 3.384721132817968270e-01
2.670000534082853094e-01 -3.252931849448950086e+00 3.453340055185451507e-01
2.680000536083163021e-01 -3.236019467639694280e+00 3.521321945451271196e-01
2.690000538083474058e-01 -3.219021724404399709e+00 3.588664728930630599e-01
2.700000540083783984e-01 -3.201941169738929283e+00 3.655366547786337850e-01
2.710000542084093911e-01 -3.184780320646781515e+00 3.721425756830251119e-01
2.720000544084403837e-01 -3.167541661118944862e+00 3.786840919330667909e-01
2.730000546084714874e-01 -3.150227642126712801e+00 3.851610802831581526e-01
2.740000548085024801e-01 -3.132840681627063084e+00 3.915734374985801458e-01
2.750000550085334727e-01 -3.115383164580229902e+00 3.979210799403906651e-01
2.760000552085645764e-01 -3.097857442979115916e+00 4.042039431520858539e-01
2.770000554085956246e-01 -3.080265835890170223e+00 4.104219814482326645e-01
2.780000556086266172e-01 -3.062610629505384985e+00 4.165751675062003834e-01
2.790000558086576099e-01 -3.044894077205055893e+00 4.226634919599726592e-01
2.800000560086887136e-01 -3.027118399630936096e+00 4.286869629938303006e-01
2.810000562087197062e-01 -3.009285784769466066e+00 4.346456059416831663e-01
2.820000564087506989e-01 -2.991398388044739232e+00 4.405394628883415598e-01
2.830000566087816916e-01 -2.973458332420861439e+00 4.463685922737475331e-01
2.840000568088127952e-01 -2.955467708513396463e+00 4.521330685003241978e-01
2.850000570088437879e-01 -2.937428574709570306e+00 4.578329815435767669e-01
2.860000572088747806e-01 -2.919342957296885643e+00 4.634684365660766692e-01
2.870000574089058842e-01 -2.901212850599908410e+00 4.690395535352550049e-01
2.880000576089368769e-01 -2.883040217124842375e+00 4.745464668442446188e-01
2.890000578089679251e-01 -2.864826987711636797e+00 4.799893249366009029e-01
2.900000580089989732e-01 -2.846575061693344733e+00 4.853682899350381663e-01
2.910000582090300214e-01 -2.828286307062399807e+00 4.906835372739726808e-01
2.920000584090611251e-01 -2.809962560643575191e+00 4.959352553360659721e-01
2.930000586090921177e-01 -2.791605628273308604e+00 5.011236450928430175e-01
2.940000588091231104e-01 -2.773217284985153075e+00 5.062489197494610682e-01
2.950000590091542141e-01 -2.754799275201064379e+00 5.113113043941128755e-01
2.960000592091852067e-01 -2.736353312928288428e+00 5.163110356531246392e-01
2.970000594092161994e-01 -2.717881081961553758e+00 5.212483613456606601e-01
2.980000596092471921e-01 -2.699384236090353717e+00 5.261235401466742845e-01
2.990000598092781847e-01 -2.680864399311075008e+00 5.309368412537153192e-01
3.000000600093092884e-01 -2.662323166043699452e+00 5.356885440579952640e-01
3.010000602093402811e-01 -2.643762101352894245e+00 5.403789378199997939e-01
3.020000604093712737e-01 -2.625182741173215373e+00 5.450083213496759171e-01
3.030000606094023774e-01 -2.606586592538236324e+00 5.495770026912299988e-01
3.040000608094334256e-01 -2.587975133813364526e+00 5.540852988125603007e-01
3.050000610094644182e-01 -2.569349814932131437e+00 5.585335352993522351e-01
3.060000612094955219e-01 -2.550712057635768915e+00 5.629220460538417736e-01
3.070000614095265146e-01 -2.532063255715845340e+00 5.672511730001420505e-01
3.080000616095575072e-01 -2.513404775259751478e+00 5.715212657985877520e-01
3.090000618095886109e-01 -2.494737954898877064e+00 5.757326815474040904e-01
3.100000620096194925e-01 -2.476064106059276515e+00 5.798857845043080550e-01
3.110000622096505962e-01 -2.457384513214643462e+00 5.839809458097741102e-01
3.120000624096815889e-01 -2.438700434141421347e+00 5.880185432143316682e-01
3.130000626097125815e-01 -2.420013100175859133e+00 5.919989608105906687e-01
3.140000628097436852e-01 -2.401323716472854919e+00 5.959225887699955981e-01
3.150000630097746779e-01 -2.382633462266424917e+00 5.997898230842935163e-01
3.160000632098057260e-01 -2.363943491131640151e+00 6.036010653117021008e-01
3.170000634098367742e-01 -2.345254931247851893e+00 6.073567223277644977e-01
3.180000636098678224e-01 -2.326568885663103270e+00 6.110572060808704409e-01
3.190000638098988150e-01 -2.307886432559520085e+00 6.147029333540769969e-01
3.200000640099299187e-01 -2.289208625519568052e+00 6.182943255338039235e-01
3.210000642099609114e-01 -2.270536493793039234e+00 6.218318083711473765e-01
3.220000644099919040e-01 -2.251871042564658421e+00 6.253158117590748022e-01
3.230000646100230077e-01 -2.233213253222142036e+00 6.287467695114773436e-01
3.240000648100540004e-01 -2.214564083624596780e+00 6.321251191463725938e-01
3.250000650100849930e-01 -2.195924468371148741e+00 6.354513016736068609e-01
3.260000652101159857e-01 -2.177295319069654678e+00 6.387257613870184203e-01
3.270000654101469784e-01 -2.158677524605424392e+00 6.419489456610149025e-01
3.280000656101780820e-01 -2.140071951409800999e+00 6.451213047515547139e-01
3.290000658102090747e-01 -2.121479443728528036e+00 6.482432916014682078e-01
3.300000660102401229e-01 -2.102900823889777282e+00 6.513153616500912957e-01
3.310000662102712266e-01 -2.084336892571739153e+00 6.543379726488699477e-01
3.320000664103022192e-01 -2.065788429069682852e+00 6.573115844822303711e-01
3.330000666103332119e-01 -2.047256191562391692e+00 6.602366589831855093e-01
3.340000668103643156e-01 -2.028740917377909181e+00 6.631136597627341756e-01
3.350000670103953082e-01 -2.010243323258498194e+00 6.659430520407694232e-01
3.360000672104263009e-01 -1.991764105624699965e+00 6.687253024808164081e-01
3.370000674104572935e-01 -1.973303940838446957e+00 6.714608790287974749e-01
3.380000676104883972e-01 -1.954863485465148543e+00 6.741502507557511903e-01
3.390000678105193899e-01 -1.936443376534666694e+00 6.767938877044764601e-01
3.400000680105503825e-01 -1.918044231801108612e+00 6.793922607400392222e-01
3.410000682105814862e-01 -1.899666650001391899e+00 6.819458414041029704e-01
3.420000684106124789e-01 -1.881311211112484338e+00 6.844551017730270415e-01
3.430000686106435270e-01 -1.862978476607284772e+00 6.869205143205283637e-01
3.440000688106745752e-01 -1.844668989709072449e+00 6.893425517840306993e-01
3.450000690107056234e-01 -1.826383275644458903e+00 6.917216870311037047e-01
3.460000692107366160e-01 -1.808121841894810844e+00 6.940583929334015467e-01
3.470000694107677197e-01 -1.789885178446087632e+00 6.963531422429614093e-01
3.480000696107987124e-01 -1.771673758037021873e+00 6.986064074719076089e-01
3.490000698108297050e-01 -1.753488036405624451e+00 7.008186607755714226e-01
3.500000700108608087e-01 -1.735328452533954513e+00 7.029903738389741141e-01
3.510000702108916903e-01 -1.717195428891117981e+00 7.051220177666203126e-01
3.520000704109227940e-01 -1.699089371674440629e+00 7.072140629755475638e-01
3.530000706109537867e-01 -1.681010671048810190e+00 7.092669790915872019e-01
3.540000708109847793e-01 -1.662959701384110867e+00 7.112812348487697056e-01
3.550000710110158830e-01 -1.644936821490748491e+00 7.132572979923123002e-01
3.560000712110468757e-01 -1.626942374853229234e+00 7.151956351844349635e-01
3.570000714110779239e-01 -1.608976689861730369e+00 7.170967119117525046e-01
3.580000716111090275e-01 -1.591040080041695060e+00 7.189609923973856453e-01
3.590000718111400202e-01 -1.573132844281355913e+00 7.207889395153997958e-01
3.600000720111710129e-01 -1.555255267057218838e+00 7.225810147080736767e-01
3.610000722112021165e-01 -1.537407618657466779e+00 7.243376779059633730e-01
3.620000724112331092e-01 -1.519590155403240939e+00 7.260593874507097478e-01
3.630000726112641019e-01 -1.501803119867813230e+00 7.277466000205339292e-01
3.640000728112952055e-01 -1.484046741093616228e+00 7.293997705583822322e-01
3.650000730113260872e-01 -1.466321234807115514e+00 7.310193522026555701e-01
3.660000732113571908e-01 -1.448626803631492876e+00 7.326057962204833851e-01
3.670000734113881835e-01 -1.430963637297184343e+00 7.341595519431480810e-01
3.680000736114191762e-01 -1.413331912850196659e+00 7.356810667042614771e-01
3.690000738114502798e-01 -1.395731794858217967e+00 7.371707857810443354e-01
3.700000740114812725e-01 -1.378163435614506493e+00 7.386291523368956335e-01
3.710000742115123207e-01 -1.360626975339560119e+00 7.400566073666311473e-01
3.720000744115434244e-01 -1.343122542380547069e+00 7.414535896439772289e-01
3.730000746115744170e-01 -1.325650253408515278e+00 7.428205356712718199e-01
3.740000748116054097e-01 -1.308210213613345108e+00 7.441578796313214061e-01
3.750000750116365134e-01 -1.290802516896464081e+00 7.454660533413703938e-01
3.760000752116675060e-01 -1.273427246061317630e+00 7.467454862091440493e-01
3.770000754116984987e-01 -1.256084473001584545e+00 7.479966051909112679e-01
3.780000756117294913e-01 -1.238774258887148205e+00 7.492198347515256485e-01
3.790000758117605950e-01 -1.221496654347830502e+00 7.504155968254564435e-01
3.800000760117915877e-01 -1.204251699654890428e+00 7.515843107808842793e-01
3.810000762118225803e-01 -1.187039424900254048e+00 7.527263933867500700e-01
3.820000764118535730e-01 -1.169859850173505356e+00 7.538422587794305629e-01
3.830000766118846767e-01 -1.152712985736644269e+00 7.549323184320019253e-01
3.840000768119157248e-01 -1.135598832196624164e+00 7.559969811252164051e-01
3.850000770119467175e-01 -1.118517380675652984e+00 7.570366529201680850e-01
3.860000772119778212e-01 -1.101468612979279671e+00 7.580517371325975473e-01
3.870000774120088138e-01 -1.084452501762276810e+00 7.590426343087997019e-01
3.880000776120398065e-01 -1.067469010692311260e+00 7.600097422030982486e-01
3.890000778120709102e-01 -1.050518094611420095e+00 7.609534557568420343e-01
3.900000780121019028e-01 -1.033599699695307184e+00 7.618741670788917730e-01
3.910000782121328955e-01 -1.016713763610473498e+00 7.627722654259356805e-01
3.920000784121638882e-01 -9.998602156691926979e-01 7.636481371866863377e-01
3.930000786121949918e-01 -9.830389769823086876e-01 7.645021658681718790e-01
3.940000788122259845e-01 -9.662499606098801097e-01 7.653347320806634935e-01
3.950000790122569772e-01 -9.494930717097047612e-01 7.661462135250040051e-01
3.960000792122880808e-01 -9.327682076837331415e-01 7.669369849812127660e-01
3.970000794123190735e-01 -9.160752583223671364e-01 7.677074182983251172e-01
3.980000796123501217e-01 -8.994141059466644883e-01 7.684578823854351093e-01
3.990000798123812253e-01 -8.827846255484725901e-01 7.691887432039103967e-01
4.000000800124122180e-01 -8.661866849284903802e-01 7.699003637607492179e-01
4.010000802124432107e-01 -8.496201448322736605e-01 7.705931041030416040e-01
4.020000804124743143e-01 -8.330848590842163670e-01 7.712673213134957351e-01
4.030000806125053070e-01 -8.165806747195246684e-01 7.719233695045339960e-01
4.040000808125362997e-01 -8.001074321141886658e-01 7.725615998178857469e-01
4.050000810125672923e-01 -7.836649651129371508e-01 7.731823604247413106e-01
4.060000812125982850e-01 -7.672531011552053970e-01 7.737859965238590432e-01
4.070000814126293887e-01 -7.508716613991580635e-01 7.743728503419995413e-01
4.080000816126603813e-01 -7.345204608437786442e-01 7.749432611352617961e-01
4.090000818126913740e-01 -7.181993084490221335e-01 7.754975651912920931e-01
4.100000820127224777e-01 -7.019080072540626603e-01 7.760360958323401226e-01
4.110000822127535258e-01 -6.856463544936509669e-01 7.765591834191422071e-01
4.120000824127845185e-01 -6.694141417125882842e-01 7.770671553555958955e-01
4.130000826128156222e-01 -6.532111548783495758e-01 7.775603360942088260e-01
4.140000828128466148e-01 -6.370371744918620349e-01 7.780390471422959919e-01
4.150000830128776075e-01 -6.208919756964540460e-01 7.785036070689012044e-01
4.160000832129087112e-01 -6.047753283850295647e-01 7.789543315103006904e-01
4.170000834129395928e-01 -5.886869973055045557e-01 7.793915331743711539e-01
4.180000836129706965e-01 -5.726267421644171129e-01 7.798155218593241234e-01
4.190000838130016891e-01 -5.565943177287310251e-01 7.802266044591217309e-01
4.200000840130326818e-01 -5.405894739259441417e-01 7.806250849731627417e-01
4.210000842130637855e-01 -5.246119559424864409e-01 7.810112645169634549e-01
4.220000844130947781e-01 -5.086615043204234521e-01 7.813854413333921611e-01
4.230000846131258263e-01 -4.927378550524772471e-01 7.817479108044504965e-01
4.240000848131568745e-01 -4.768407396753836514e-01 7.820989654635777111e-01
4.250000850131879226e-01 -4.609698853616115977e-01 7.824388950084589789e-01
4.260000852132189153e-01 -4.451250150094502867e-01 7.827679863143167660e-01
4.270000854132500190e-01 -4.293058473314929069e-01 7.830865234476764858e-01
4.280000856132810116e-01 -4.135120969415310710e-01 7.833947876805752442e-01
4.290000858133120043e-01 -3.977434744398795630e-01 7.836930575049307901e-01
4.300000860133431080e-01 -3.819996864971971218e-01 7.839816086424626906e-01
4.310000862133741006e-01 -3.662804359367697327e-01 7.842607140666273402e-01
4.320000864134050933e-01 -3.505854218152045787e-01 7.845306440183367203e-01
4.330000866134360860e-01 -3.349143395016414559e-01 7.847916660204861117e-01
4.340000868134671896e-01 -3.192668807555081867e-01 7.850440448944165928e-01
4.350000870134981823e-01 -3.036427338028071521e-01 7.852880427767136018e-01
4.360000872135291750e-01 -2.880415834109563700e-01 7.855239191363123652e-01
4.370000874135602231e-01 -2.724631109622135394e-01 7.857519307919127449e-01
4.380000876135913268e-01 -2.569069945256775012e-01 7.859723319296786359e-01
4.390000878136223195e-01 -2.413729089279119389e-01 7.861853741212035951e-01
4.400000880136533121e-01 -2.258605258221871859e-01 7.863913063417526939e-01
4.410000882136844158e-01 -2.103695137563639517e-01 7.865903749887379615e-01
4.420000884137154085e-01 -1.948995382394473896e-01 7.867828239004350799e-01
4.430000886137464011e-01 -1.794502618068437028e-01 7.869688943716568463e-01
4.440000888137773938e-01 -1.640213440843516501e-01 7.871488251723364193e-01
4.450000890138084975e-01 -1.486124418508084077e-01 7.873228525739476291e-01
4.460000892138394901e-01 -1.332232090994243667e-01 7.874912103650814066e-01
4.470000894138704828e-01 -1.178532970979050826e-01 7.876541298710035832e-01
4.480000896139015865e-01 -1.025023544473468162e-01 7.878118399734318489e-01
4.490000898139325791e-01 -8.717002713990436302e-02 7.879645671304590371e-01
4.500000900139636273e-01 -7.185595861525734263e-02 7.881125353966161873e-01
4.510000902139946755e-01 -5.655978981589722399e-02 7.882559664430693891e-01
4.520000904140257236e-01 -4.128115924123738206e-02 7.883950795779282039e-01
4.530000906140567163e-01 -2.601970300056896321e-02 7.885300917666758780e-01
4.540000908140878200e-01 -1.077505486488668403e-02 7.886612176526933693e-01
4.550000910141188126e-01 4.453153682415379906e-03 7.887886695778814072e-01
4.560000912141498053e-01 1.966529339594651551e-02 7.889126576026268545e-01
4.570000914141809090e-01 3.486173721975291406e-02 7.890333895222035876e-01
4.580000916142117906e-01 5.004286023986363047e-02 7.891510708949497355e-01
4.590000918142428943e-01 6.520903963795171565e-02 7.892659050611746663e-01
4.600000920142738869e-01 8.036065464600357366e-02 7.893780931632493614e-01
4.610000922143048796e-01 9.549808650201616067e-02 7.894878341665340082e-01
4.620000924143359833e-01 1.106217184067079945e-01 7.895953248803437852e-01
4.630000926143669759e-01 1.257319354812213852e-01 7.897007599789396259e-01
4.640000928143980241e-01 1.408291247258167123e-01 7.898043320225395236e-01
4.650000930144290723e-01 1.559136749795363985e-01 7.899062314783465988e-01
4.660000932144601204e-01 1.709859768808166258e-01 7.900066467415839400e-01
4.670000934144911131e-01 1.860464228290523714e-01 7.901057641565331080e-01
4.680000936145222168e-01 2.010954069470785865e-01 7.902037680375724182e-01
4.690000938145532094e-01 2.161333250445721943e-01 7.903008406901880223e-01
4.700000940145842021e-01 2.311605745823156477e-01 7.903971624282650765e-01
4.710000942146153058e-01 2.461775546373294599e-01 7.904929115978948095e-01
4.720000944146461874e-01 2.611846658689415124e-01 7.905882646009593229e-01
4.730000946146772911e-01 2.761823104857210054e-01 7.906833959137860024e-01
4.740000948147082838e-01 2.911708922132276167e-01 7.907784781079760794e-01
4.750000950147392764e-01 3.061508162625986018e-01 7.908736818712015504e-01
4.760000952147703801e-01 3.211224892999585134e-01 7.909691760279431438e-01
4.770000954148013728e-01 3.360863194166257562e-01 7.910651275601876531e-01
4.780000956148324209e-01 3.510427161001231089e-01 7.911617016280637626e-01
4.790000958148635246e-01 3.659920902059686787e-01 7.912590615904211422e-01
4.800000960148945173e-01 3.809348539302323533e-01 7.913573690253492554e-01
4.810000962149255099e-01 3.958714207828537002e-01 7.914567837506255588e-01
4.820000964149566136e-01 4.108022055617097101e-01 7.915574638441024158e-01
4.830000966149876063e-01 4.257276243273954708e-01 7.916595656628557798e-01
4.840000968150185989e-01 4.406480943786960092e-01 7.917632438610499035e-01
4.850000970150495916e-01 4.555640342288059252e-01 7.918686514157818879e-01
4.860000972150806953e-01 4.704758635822776647e-01 7.919759396447793032e-01
4.870000974151116879e-01 4.853840033126381459e-01 7.920852582260805574e-01
4.880000976151426806e-01 5.002888754406762395e-01 7.921967552178721395e-01
4.890000978151737843e-01 5.151909031133933281e-01 7.923105770782392643e-01
4.900000980152047769e-01 5.300905105836111186e-01 7.924268686848178200e-01
4.910000982152358251e-01 5.449881231902294898e-01 7.925457733543448402e-01
4.920000984152668178e-01 5.598841673391042884e-01 7.926674328621206023e-01
4.930000986152979214e-01 5.747790704845692211e-01 7.927919874613561513e-01
4.940000988153289141e-01 5.896732611115474976e-01 7.929195759024275647e-01
4.950000990153599068e-01 6.045671687182879728e-01 7.930503354520199721e-01
4.960000992153910104e-01 6.194612237996836024e-01 7.931844019120216638e-01
4.970000994154220031e-01 6.343558578311370155e-01 7.933219096353956168e-01
4.980000996154529957e-01 6.492515032530116192e-01 7.934629915487739771e-01
4.990000998154839884e-01 6.641485934556907722e-01 7.936077791712193852e-01
5.000001000155150921e-01 6.790475627651777479e-01 7.937564026317703858e-01
5.010001002155460847e-01 6.939488464292314918e-01 7.939089906878704639e-01
5.020001004155771884e-01 7.088528806040464980e-01 7.940656707436827277e-01
5.030001006156081811e-01 7.237601023414406143e-01 7.942265688682765834e-01
5.040001008156391737e-01 7.386709495765851896e-01 7.943918098137017214e-01
5.050001010156702774e-01 7.535858611162294940e-01 7.945615170329345389e-01
5.060001012157012701e-01 7.685052766274241831e-01 7.947358126977079884e-01
5.070001014157322627e-01 7.834296366267556877e-01 7.949148177162148610e-01
5.080001016157632554e-01 7.983593824700435659e-01 7.950986517506879458e-01
5.090001018157943591e-01 8.132949563425289075e-01 7.952874332348560671e-01
5.100001020158253517e-01 8.282368012495037179e-01 7.954812793899371792e-01
5.110001022158563444e-01 8.431853610073988259e-01 7.956803062414801175e-01
5.120001024158874481e-01 8.581410802353377498e-01 7.958846286395635516e-01
5.130001026159184407e-01 8.731044043471545280e-01 7.960943602740365721e-01
5.140001028159494334e-01 8.880757795438439794e-01 7.963096136912782841e-01
5.150001030159805371e-01 9.030556528064205279e-01 7.965305003108530402e-01
5.160001032160115297e-01 9.180444718892084577e-01 7.967571304420374423e-01
5.170001034160425224e-01 9.330426853135508347e-01 7.969896133002156713e-01
5.180001036160736261e-01 9.480507423619163321e-01 7.972280570231485841e-01
5.190001038161046187e-01 9.630690930724069565e-01 7.974725686871079189e-01
5.200001040161356114e-01 9.780981882336711175e-01 7.977232543228843786e-01
5.210001042161667151e-01 9.931384793801905086e-01 7.979802189316644867e-01
5.220001044161977077e-01 1.008190418787946241e+00 7.982435665007765468e-01
5.230001046162287004e-01 1.023254459470468003e+00 7.985134000189579861e-01
5.240001048162598041e-01 1.038331055175207407e+00 7.987898214896524962e-01
5.250001050162907967e-01 1.053420660380288698e+00 7.990729319501028716e-01
5.260001052163217894e-01 1.068523730291659701e+00 7.993628314855812933e-01
5.270001054163528931e-01 1.083640720840559624e+00 7.996596192440305062e-01
5.280001056163838857e-01 1.098772088681327919e+00 7.999633934510024247e-01
5.290001058164148784e-01 1.113918291189555099e+00 8.002742514244696181e-01
5.300001060164459821e-01 1.129079786460556178e+00 8.005922895895136726e-01
5.310001062164769747e-01 1.144257033308160754e+00 8.009176034928724430e-01
5.320001064165079674e-01 1.159450491263845695e+00 8.012502878173710652e-01
5.330001066165390711e-01 1.174660620576159387e+00 8.015904363962176316e-01
5.340001068165700637e-01 1.189887882210450831e+00 8.019381422271720794e-01
5.350001070166010564e-01 1.205132737848924274e+00 8.022934974865966185e-01
5.360001072166321601e-01 1.220395649890968492e+00 8.026565935433680465e-01
5.370001074166631527e-01 1.235677081453782078e+00 8.030275209726744912e-01
5.380001076166941454e-01 1.250977496373288034e+00 8.034063695690139006e-01
5.390001078167252491e-01 1.266297359205265982e+00 8.037932283559138247e-01
5.400001080167562417e-01 1.281637135226789237e+00 8.041881856060417721e-01
5.410001082167872344e-01 1.296997290438008488e+00 8.045913288526121976e-01
5.420001084168183381e-01 1.312378291564159527e+00 8.050027449017859160e-01
5.430001086168493307e-01 1.327780606057821666e+00 8.054225198456748114e-01
5.440001088168803234e-01 1.343204702101448156e+00 8.058507390752184252e-01
5.450001090169114271e-01 1.358651048610131307e+00 8.062874872929415293e-01
5.460001092169424197e-01 1.374120115234616968e+00 8.067328485255857995e-01
5.470001094169734124e-01 1.389612372364580573e+00 8.071869061366229170e-01
5.480001096170045161e-01 1.405128291132124563e+00 8.076497428386472111e-01
5.490001098170355087e-01 1.420668343415509627e+00 8.081214407056448445e-01
5.500001100170665014e-01 1.436233001843136181e+00 8.086020811851513113e-01
5.510001102170976051e-01 1.451822739797732353e+00 8.090917451102813684e-01
5.520001104171285977e-01 1.467438031420772226e+00 8.095905127116548305e-01
5.530001106171595904e-01 1.483079351617114128e+00 8.100984636288324214e-01
5.540001108171906941e-01 1.498747176059821884e+00 8.106156769201430246e-01
5.550001110172216867e-01 1.514441981195204123e+00 8.111422310776034150e-01
5.560001112172526794e-01 1.530164244248116701e+00 8.116782040373793361e-01
5.570001114172837831e-01 1.545914443227433654e+00 8.122236731907684915e-01
5.580001116173147757e-01 1.561693056931711565e+00 8.127787153954078025e-01
5.590001118173457684e-01 1.577500564955069073e+00 8.133434069863716420e-01
5.600001120173768721e-01 1.593337447693244702e+00 8.139178237871544930e-01
5.610001122174078647e-01 1.609204186349843191e+00 8.145020411205429189e-01
5.620001124174388574e-01 1.625101262942782787e+00 8.150961338193859484e-01
5.630001126174698500e-01 1.641029160310910173e+00 8.157001762372444453e-01
5.640001128175009537e-01 1.656988362120808800e+00 8.163142422589454439e-01
5.650001130175319464e-01 1.672979352873769754e+00 8.169384053110175792e-01
5.660001132175629390e-01 1.689002617912955140e+00 8.175727383720335917e-01
5.670001134175940427e-01 1.705058643430719778e+00 8.182173139828408104e-01
5.680001136176250354e-01 1.721147916476093220e+00 8.188722042562872616e-01
5.690001138176560280e-01 1.737270924962416530e+00 8.195374808853551629e-01
5.700001140176871317e-01 1.753428157675136490e+00 8.202132151565820761e-01
5.710001142177181244e-01 1.769620104279804096e+00 8.208994779587891477e-01
5.720001144177491170e-01 1.785847255330223371e+00 8.215963397924503919e-01
5.730001146177802207e-01 1.802110102276732295e+00 8.223038707792905688e-01
5.740001148178112134e-01 1.818409137474632509e+00 8.230221406717815880e-01
5.750001150178422060e-01 1.834744854192792207e+00 8.237512188625430998e-01
5.760001152178733097e-01 1.851117746622371607e+00 8.244911743936452764e-01
5.770001154179043024e-01 1.867528309885697180e+00 8.252420759658083416e-01
5.780001156179352950e-01 1.883977040045290208e+00 8.260039919475180570e-01
5.790001158179663987e-01 1.900464434113023016e+00 8.267769903840385126e-01
5.800001160179975024e-01 1.916990990059409539e+00 8.275611390063297712e-01
5.810001162180286061e-01 1.933557206823037999e+00 8.283565052398800255e-01
5.820001164180595987e-01 1.950163584320139254e+00 8.291631562134404998e-01
5.830001166180907024e-01 1.966810623454276152e+00 8.299811587674796876e-01
5.840001168181218061e-01 1.983498826126143255e+00 8.308105794618926287e-01
5.850001170181529098e-01 2.000228695243510213e+00 8.316514845860705218e-01
5.860001172181840134e-01 2.017000734731307254e+00 8.325039401667557737e-01
5.870001174182151171e-01 2.033815449541811926e+00 8.333680119761810445e-01
5.880001176182462208e-01 2.050673345664968394e+00 8.342437655402675789e-01
5.890001178182773245e-01 2.067574930138812217e+00 8.351312661467299447e-01
5.900001180183084282e-01 2.084520711060024123e+00 8.360305788530985049e-01
5.910001182183395319e-01 2.101511197594582825e+00 8.369417684946618419e-01
5.920001184183706355e-01 2.118546899988547949e+00 8.378648996923198089e-01
5.930001186184016282e-01 2.135628329578939333e+00 8.388000368603586443e-01
5.940001188184327319e-01 2.152755998804738002e+00 8.397472442141415971e-01
5.950001190184638356e-01 2.169930421217981742e+00 8.407065857777255014e-01
5.960001192184949392e-01 2.187152111494979678e+00 8.416781253913895311e-01
5.970001194185260429e-01 2.204421585447624565e+00 8.426619267190941232e-01
5.980001196185571466e-01 2.221739360034808097e+00 8.436580532556965384e-01
5.990001198185882503e-01 2.239105953373921487e+00 8.446665683336244124e-01
6.000001200186193540e-01 2.256521884752473728e+00 8.456875351313302147e-01
6.010001202186504576e-01 2.273987674639811996e+00 8.467210166800180904e-01
6.020001204186815613e-01 2.291503844698936643e+00 8.477670758706182808e-01
6.030001206187125540e-01 2.309070917798406786e+00 8.488257754607754224e-01
6.040001208187436577e-01 2.326689418024354250e+00 8.498971780817746735e-01
6.050001210187747613e-01 2.344359870692561909e+00 8.509813462453831301e-01
6.060001212188058650e-01 2.362082802360663703e+00 8.520783423506369525e-01
6.070001214188369687e-01 2.379858740840417486e+00 8.531882286905412283e-01
6.080001216188680724e-01 2.397688215210077356e+00 8.543110674587116593e-01
6.090001218188991761e-01 2.415571755826843248e+00 8.554469207559438626e-01
6.100001220189302797e-01 2.433509894339409563e+00 8.565958505967143921e-01
6.110001222189613834e-01 2.451503163700591514e+00 8.577579189156177009e-01
6.120001224189924871e-01 2.469552098180040289e+00 8.589331875737329369e-01
6.130001226190235908e-01 2.487657233377037702e+00 8.601217183648667275e-01
6.140001228190545834e-01 2.505819106233370785e+00 8.613235730215661468e-01
6.150001230190856871e-01 2.524038255046299195e+00 8.625388132217496340e-01
6.160001232191167908e-01 2.542315219481590560e+00 8.637675005946605644e-01
6.170001234191478945e-01 2.560650540586647317e+00 8.650096967268786630e-01
6.180001236191789982e-01 2.579044760803707703e+00 8.662654631683078810e-01
6.190001238192101018e-01 2.597498423983131133e+00 8.675348614381027668e-01
6.200001240192412055e-01 2.616012075396744407e+00 8.688179530305309983e-01
6.210001242192723092e-01 2.634586261751282965e+00 8.701147994207837355e-01
6.220001244193034129e-01 2.653221531201893857e+00 8.714254620707209131e-01
6.230001246193345166e-01 2.671918433365719103e+00 8.727500024345635765e-01
6.240001248193656203e-01 2.690677519335553658e+00 8.740884819645264869e-01
6.250001250193966129e-01 2.709499341693575314e+00 8.754409621163976585e-01
6.260001252194277166e-01 2.728384454525146552e+00 8.768075043550563885e-01
6.270001254194588203e-01 2.747333413432686999e+00 8.781881701599443257e-01
6.280001256194899240e-01 2.766346775549620052e+00 8.795830210304745878e-01
6.290001258195210276e-01 2.785425099554382111e+00 8.809921184913801495e-01
6.300001260195521313e-01 2.804568945684510428e+00 8.824155240980467996e-01
6.310001262195832350e-01 2.823778875750796225e+00 8.838532994417552802e-01
6.320001264196143387e-01 2.843055453151506207e+00 8.853055061548925631e-01
6.330001266196454424e-01 2.862399242886675577e+00 8.867722059160978443e-01
6.340001268196765460e-01 2.881810811572461439e+00 8.882534604553720126e-01
6.350001270197076497e-01 2.901290727455569929e+00 8.897493315591312735e-01
6.360001272197386424e-01 2.920839560427744619e+00 8.912598810752114797e-01
6.370001274197697461e-01 2.940457882040325099e+00 8.927851709178302730e-01
6.380001276198008497e-01 2.960146265518865061e+00 8.943252630724979335e-01
6.390001278198319534e-01 2.979905285777815216e+00 8.958802196008807117e-01
6.400001280198630571e-01 2.999735519435283049e+00 8.974501026456215280e-01
6.410001282198941608e-01 3.019637544827838749e+00 8.990349744351160410e-01
6.420001284199252645e-01 3.039611942025397084e+00 9.006348972882373127e-01
6.430001286199563681e-01 3.059659292846154788e+00 9.022499336190765717e-01
6.440001288199874718e-01 3.079780180871601214e+00 9.038801459417398210e-01
6.450001290200185755e-01 3.099975191461575630e+00 9.055255968746130923e-01
6.460001292200496792e-01 3.120244911769405771e+00 9.071863491450483652e-01
6.470001294200806718e-01 3.140589930757081927e+00 9.088624655938992714e-01
6.480001296201117755e-01 3.161010839210528722e+00 9.105540091800009561e-01
6.490001298201428792e-01 3.181508229754896000e+00 9.122610429846070845e-01
6.500001300201739829e-01 3.202082696869940293e+00 9.139836302157849923e-01
6.510001302202050866e-01 3.222734836905467137e+00 9.157218342127759758e-01
6.520001304202361903e-01 3.243465248096808029e+00 9.174757184503145035e-01
6.530001306202672939e-01 3.264274530580376865e+00 9.192453465429094583e-01
6.540001308202983976e-01 3.285163286409297889e+00 9.210307822490912955e-01
6.550001310203295013e-01 3.306132119569063388e+00 9.228320894756162351e-01
6.560001312203606050e-01 3.327181635993269104e+00 9.246493322816388138e-01
6.570001314203915976e-01 3.348312443579402498e+00 9.264825748828471319e-01
6.580001316204227013e-01 3.369525152204706941e+00 9.283318816557407649e-01
6.590001318204538050e-01 3.390820373742081451e+00 9.301973171421303865e-01
6.600001320204849087e-01 3.412198722076058122e+00 9.320789460520849667e-01
6.610001322205160124e-01 3.433660813118825317e+00 9.339768332683727747e-01
6.620001324205471160e-01 3.455207264826302360e+00 9.358910438504927098e-01
6.630001326205782197e-01 3.476838697214296392e+00 9.378216430386105973e-01
6.640001328206093234e-01 3.498555732374689420e+00 9.397686962574582914e-01
6.650001330206404271e-01 3.520358994491707527e+00 9.417322691202069107e-01
6.660001332206715308e-01 3.542249109858234046e+00 9.437124274323068773e-01
6.670001334207026344e-01 3.564226706892185792e+00 9.457092371952962040e-01
6.680001336207336271e-01 3.586292416152941698e+00 9.477227646105769177e-01
6.690001338207647308e-01 3.608446870357850056e+00 9.497530760831695007e-01
6.700001340207958345e-01 3.630690704398748192e+00 9.518002382254273641e-01
6.710001342208269381e-01 3.653024555358601155e+00 9.538643178607284501e-01
6.720001344208580418e-01 3.675449062528144406e+00 9.559453820271395230e-01
6.730001346208891455e-01 3.697964867422602886e+00 9.580434979810468210e-01
6.740001348209202492e-01 3.720572613798487804e+00 9.601587332007655018e-01
6.750001350209513529e-01 3.743272947670425399e+00 9.622911553901143389e-01
6.760001352209824566e-01 3.766066517328047425e+00 9.644408324819699896e-01
6.770001354210135602e-01 3.788953973352941151e+00 9.666078326417928412e-01
6.780001356210446639e-01 3.811935968635679295e+00 9.687922242711243248e-01
6.790001358210756566e-01 3.835013158392877042e+00 9.709940760133605187e-01
6.800001360211067603e-01 3.858186200184387182e+00 9.732134567561163685e-01
6.810001362211378639e-01 3.881455753930460162e+00 9.754504356313136171e-01
6.820001364211689676e-01 3.904822481928955202e+00 9.777050820208856852e-01
6.830001366212000713e-01 3.928287048872667775e+00 9.799774655601798390e-01
6.840001368212311750e-01 3.951850121866668619e+00 9.822676561413160590e-01
6.850001370212622787e-01 3.975512370445741794e+00 9.845757239165389141e-01
6.860001372212933823e-01 3.999274466591845822e+00 9.869017393015436790e-01
6.870001374213244860e-01 4.023137084751668979e+00 9.892457729787702547e-01
6.880001376213555897e-01 4.047100901854210342e+00 9.916078959006899840e-01
6.890001378213866934e-01 4.071166597328446102e+00 9.939881792930645998e-01
6.900001380214176860e-01 4.095334853121043395e+00 9.963866946581783068e-01
6.910001382214487897e-01 4.119606353714123870e+00 9.988035137780646444e-01
6.920001384214798934e-01 4.143981786143100976e+00 1.001238708717694825e+00
6.930001386215109971e-01 4.168461840014581199e+00 1.003692351828159524e+00
6.940001388215421008e-01 4.193047207524302600e+00 1.006164515749826238e+00
6.950001390215732044e-01 4.217738583475148850e+00 1.008655273415478115e+00
6.960001392216043081e-01 4.242536665295233433e+00 1.011164698053429456e+00
6.970001394216354118e-01 4.267442153056013154e+00 1.013692863190629456e+00
6.980001396216665155e-01 4.292455749490488692e+00 1.016239842655741743e+00
6.990001398216976192e-01 4.317578160011467325e+00 1.018805710582517454e+00
7.000001400217287229e-01 4.342810092729919802e+00 1.021390541417617870e+00
7.010001402217597155e-01 4.368152258473416261e+00 1.023994409916575643e+00
7.020001404217908192e-01 4.393605370804500865e+00 1.026617391147491842e+00
7.030001406218219229e-01 4.419170146039193448e+00 1.029259560495611625e+00
7.040001408218530266e-01 4.444847303265538230e+00 1.031920993666328501e+00
7.050001410218841302e-01 4.470637564362248462e+00 1.034601766688169722e+00
7.060001412219152339e-01 4.496541654017376821e+00 1.037301955915771901e+00
7.070001414219463376e-01 4.522560299747094170e+00 1.040021638032837537e+00
7.080001416219774413e-01 4.548694231914476305e+00 1.042760890055073775e+00
7.090001418220085450e-01 4.574944183748388404e+00 1.045519789333127836e+00
7.100001420220396486e-01 4.601310891362450306e+00 1.048298413555497133e+00
7.110001422220706413e-01 4.627795093774011548e+00 1.051096840751431616e+00
7.120001424221017450e-01 4.654397532923246317e+00 1.053915149293823905e+00
7.130001426221328487e-01 4.681118953692258167e+00 1.056753417902080106e+00
7.140001428221639523e-01 4.707960103924317075e+00 1.059611725644981739e+00
7.150001430221950560e-01 4.734921734443078734e+00 1.062490151943538130e+00
7.160001432222261597e-01 4.762004599071956612e+00 1.065388776573816587e+00
7.170001434222572634e-01 4.789209454653474474e+00 1.068307679669766141e+00
7.180001436222883671e-01 4.816537061068763670e+00 1.071246941726032409e+00
7.190001438223194707e-01 4.843988181257055103e+00 1.074206643600753353e+00
7.200001440223505744e-01 4.871563581235309748e+00 1.077186866520061903e+00
7.210001442223816781e-01 4.899264030117969959e+00 1.080187692084491724e+00
7.220001444224126708e-01 4.927090300136677037e+00 1.083209202262122695e+00
7.230001446224437744e-01 4.955043166660036746e+00 1.086251479395435871e+00
7.240001448224748781e-01 4.983123408213461225e+00 1.089314606204575986e+00
7.250001450225059818e-01 5.011331806499111252e+00 1.092398665790119239e+00
7.260001452225370855e-01 5.039669146415904244e+00 1.095503741635824424e+00
7.270001454225681892e-01 5.068136216079589751e+00 1.098629917611375184e+00
7.280001456225992928e-01 5.096733806842882686e+00 1.101777277975119596e+00
7.290001458226303965e-01 5.125462713315698693e+00 1.104945907376794878e+00
7.300001460226615002e-01 5.154323733385421491e+00 1.108135890860247885e+00
7.310001462226926039e-01 5.183317668237253706e+00 1.111347313866145381e+00
7.320001464227237076e-01 5.212445322374656520e+00 1.114580262234674768e+00
7.330001466227547002e-01 5.241707503639847943e+00 1.117834822208244816e+00
7.340001468227858039e-01 5.271105023234365916e+00 1.121111080434168183e+00
7.350001470228169076e-01 5.300638695739694484e+00 1.124409123967341273e+00
7.360001472228480113e-01 5.330309339138008085e+00 1.127729040272921424e+00
7.370001474228791150e-01 5.360117774832929172e+00 1.131070917228987227e+00
7.380001476229102186e-01 5.390064827670409286e+00 1.134434843129201287e+00
7.390001478229413223e-01 5.420151325959640332e+00 1.137820906685454991e+00
7.400001480229724260e-01 5.450378101494079530e+00 1.141229197030519282e+00
7.410001482230035297e-01 5.480745989572573862e+00 1.144659803724948688e+00
7.420001484230346334e-01 5.511255829020609731e+00 1.148112816757234755e+00
7.430001486230657370e-01 5.541908462211506681e+00 1.151588326541057139e+00
7.440001488230967297e-01 5.572704735087690153e+00 1.155086423921832806e+00
7.450001490231278334e-01 5.603645497182090374e+00 1.158607200179359475e+00
7.460001492231589371e-01 5.634731601639598964e+00 1.162150747030453735e+00
7.470001494231900407e-01 5.665963905238612597e+00 1.165717156631592033e+00
7.480001496232211444e-01 5.697343268412677908e+00 1.169306521581538139e+00
7.490001498232522481e-01 5.728870555272174592e+00 1.172918934923973477e+00
7.500001500232833518e-01 5.760546633626105972e+00 1.176554490150121923e+00
7.510001502233144555e-01 5.792372375003959739e+00 1.180213281201374809e+00
7.520001504233455591e-01 5.824348654677645065e+00 1.183895402471900837e+00
7.530001506233766628e-01 5.856476351683514103e+00 1.187600948811266655e+00
7.540001508234076555e-01 5.888756348844464306e+00 1.191330015527045871e+00
7.550001510234387592e-01 5.921189532792124233e+00 1.195082698387430531e+00
7.560001512234698628e-01 5.953776793989112193e+00 1.198859093623829697e+00
7.570001514235009665e-01 5.986519026751377481e+00 1.202659297933478699e+00
7.580001516235320702e-01 6.019417129270639322e+00 1.206483408482035724e+00
7.590001518235631739e-01 6.052472003636889752e+00 1.210331522906177515e+00
7.600001520235942776e-01 6.085684555860992440e+00 1.214203739316193076e+00
7.610001522236253813e-01 6.119055695897347213e+00 1.218100156299018355e+00
7.620001524236564849e-01 6.152586337666779315e+00 1.222020872926657065e+00
7.630001526236875886e-01 6.186277399079394890e+00 1.225965988749855073e+00
7.640001528237186923e-01 6.220129802057489776e+00 1.229935603801866728e+00
7.650001530237496850e-01 6.254144472558536449e+00 1.233929818602851558e+00
7.660001532237807886e-01 6.288322340598305971e+00 1.237948734162495290e+00
7.670001534238118923e-01 6.322664340274068095e+00 1.241992451982617762e+00
7.680001536238429960e-01 6.357171409787853555e+00 1.246061074059785945e+00
7.690001538238740997e-01 6.391844491469888645e+00 1.250154702887930291e+00
7.700001540239052034e-01 6.426684531802009381e+00 1.254273441460955762e+00
7.710001542239363070e-01 6.461692481441231983e+00 1.258417393275356622e+00
7.720001544239674107e-01 6.496869295243395293e+00 1.262586662332829235e+00
7.730001546239985144e-01 6.532215932286919546e+00 1.266781353142887978e+00
7.740001548240296181e-01 6.567733355896608671e+00 1.271001570725478924e+00
7.750001550240607218e-01 6.603422533667554717e+00 1.275247420613594196e+00
7.760001552240917144e-01 6.639284437489183510e+00 1.279519008855890982e+00
7.770001554241228181e-01 6.675320043569344719e+00 1.283816442019308557e+00
7.780001556241539218e-01 6.711530332458483628e+00 1.288139827191680853e+00
7.790001558241850255e-01 6.747916289073967455e+00 1.292489271984358368e+00
7.800001560242161291e-01 6.784478902724424110e+00 1.296864884534827622e+00
7.810001562242472328e-01 6.821219167134256800e+00 1.301266773509329067e+00
7.820001564242783365e-01 6.858138080468227926e+00 1.305695048107340828e+00
7.830001566243094402e-01 6.895236645356207283e+00 1.310149818067580574e+00
7.840001568243405439e-01 6.932515868917971780e+00 1.314631193661054187e+00
7.850001570243716476e-01 6.969976762787998936e+00 1.319139285697906727e+00
7.860001572244027512e-01 7.007620343140430919e+00 1.323674205530518844e+00
7.870001574244337439e-01 7.045447630714126497e+00 1.328236065056162873e+00
7.880001576244648476e-01 7.083459650837855115e+00 1.332824976719674037e+00
7.890001578244959513e-01 7.121657433455526487e+00 1.337441053516109202e+00
7.900001580245270549e-01 7.160042013151574736e+00 1.342084408993419853e+00
7.910001582245581586e-01 7.198614429176425134e+00 1.346755157255130397e+00
7.920001584245892623e-01 7.237375725472052324e+00 1.351453412963002698e+00
7.930001586246203660e-01 7.276326950697659335e+00 1.356179291339730808e+00
7.940001588246514697e-01 7.315469158255430315e+00 1.360932908171614830e+00
7.950001590246825733e-01 7.354803406316434256e+00 1.365714379811252766e+00
7.960001592247136770e-01 7.394330757846575786e+00 1.370523823180233691e+00
7.970001594247447807e-01 7.434052280632674758e+00 1.375361355771826721e+00
7.980001596247757734e-01 7.473969047308687941e+00 1.380227095653688174e+00
7.990001598248068770e-01 7.514082135381972449e+00 1.385121161470556306e+00
8.000001600248379807e-01 7.554392627259677973e+00 1.390043672446963585e+00
8.010001602248690844e-01 7.594901610275282877e+00 1.394994748389948080e+00
8.020001604249001881e-01 7.635610176715172948e+00 1.399974509691760849e+00
8.030001606249312918e-01 7.676519423845435952e+00 1.404983077336753094e+00
8.040001608249623954e-01 7.717630453938759238e+00 1.410020572901258040e+00
8.050001610249934991e-01 7.758944374301348645e+00 1.415087118551831891e+00
8.060001612250246028e-01 7.800462297299935344e+00 1.420182837051465308e+00
8.070001614250557065e-01 7.842185340388936332e+00 1.425307851762364963e+00
8.080001616250866991e-01 7.884114626137743720e+00 1.430462286648713777e+00
8.090001618251178028e-01 7.926251282258124142e+00 1.435646266279452909e+00
8.100001620251489065e-01 7.968596441631693672e+00 1.440859915831064875e+00
8.110001622251800102e-01 8.011151242337543721e+00 1.446103361090359973e+00
8.120001624252111139e-01 8.053916827680000168e+00 1.451376728457279608e+00
8.130001626252422176e-01 8.096894346216425120e+00 1.456680144947692712e+00
8.140001628252733212e-01 8.140084951785221179e+00 1.462013738196205503e+00
8.150001630253044249e-01 8.183489803533872120e+00 1.467377636458977452e+00
8.160001632253355286e-01 8.227110065947154993e+00 1.472771968616542582e+00
8.170001634253666323e-01 8.270946908875462356e+00 1.478196864176639203e+00
8.180001636253977360e-01 8.315001507563195560e+00 1.483652453277038985e+00
8.190001638254287286e-01 8.359275042677355216e+00 1.489138866688393126e+00
8.200001640254598323e-01 8.403768700336186726e+00 1.494656235817077627e+00
8.210001642254909360e-01 8.448483672137957257e+00 1.500204692708047016e+00
8.220001644255220397e-01 8.493421155189892602e+00 1.505784370047692722e+00
8.230001646255531433e-01 8.538582352137169096e+00 1.511395401167151542e+00
8.240001648255842470e-01 8.583968471192189753e+00 1.517037920050172461e+00
8.250001650256153507e-01 8.629580726163872839e+00 1.522712061328116206e+00
8.260001652256464544e-01 8.675420336486991957e+00 1.528417960284144117e+00
8.270001654256775581e-01 8.721488527251727518e+00 1.534155752857571331e+00
8.280001656257086617e-01 8.767786529233271509e+00 1.539925575646800660e+00
8.290001658257397654e-01 8.814315578921652516e+00 1.545727565912257795e+00
8.300001660257707581e-01 8.861076918551605175e+00 1.551561861579341173e+00
8.310001662258018618e-01 8.908071796132649212e+00 1.557428601241377608e+00
8.320001664258329654e-01 8.955301465479220013e+00 1.563327924162585258e+00
8.330001666258640691e-01 9.002767186240946629e+00 1.569259970281039696e+00
8.340001668258951728e-01 9.050470223933116287e+00 1.575224880211672174e+00
8.350001670259262765e-01 9.098411849967209974e+00 1.581222795249241031e+00
8.360001672259573802e-01 9.146593341681565903e+00 1.587253857371344390e+00
8.370001674259884838e-01 9.195015982372218843e+00 1.593318209241417760e+00
8.380001676260195875e-01 9.243681061323840709e+00 1.599415994211762726e+00
8.390001678260506912e-01 9.292589873840814363e+00 1.605547356326560093e+00
8.400001680260817949e-01 9.341743721278460200e+00 1.611712440324912565e+00
8.410001682261127876e-01 9.391143911074360418e+00 1.617911391643884311e+00
8.420001684261438912e-01 9.440791756779885802e+00 1.624144356421555635e+00
8.430001686261749949e-01 9.490688578091779348e+00 1.630411481500080972e+00
8.440001688262060986e-01 9.540835700883945947e+00 1.636712914430545673e+00
8.450001690262372023e-01 9.591234457239430355e+00 1.643048803478752484e+00
8.460001692262683060e-01 9.641886185482468008e+00 1.649419297619870939e+00
8.470001694262994096e-01 9.692792230210582005e+00 1.655824546545410447e+00
8.480001696263305133e-01 9.743953942326927020e+00 1.662264700666696182e+00
8.490001698263616170e-01 9.795372679072753996e+00 1.668739911118007679e+00
8.500001700263927207e-01 9.847049804059981426e+00 1.675250329759731649e+00
8.510001702264238244e-01 9.898986687303976240e+00 1.681796109181525445e+00
8.520001704264548170e-01 9.951184705256411078e+00 1.688377402705492081e+00
8.530001706264859207e-01 1.000364524083834361e+01 1.694994364389360353e+00
8.540001708265170244e-01 1.005636968347334204e+01 1.701647149029683170e+00
8.550001710265481281e-01 1.010935942912084684e+01 1.708335912165039661e+00
8.560001712265792317e-01 1.016261588030963914e+01 1.715060810079255038e+00
8.570001714266103354e-01 1.021614044617144401e+01 1.721821999804625136e+00
8.580001716266414391e-01 1.026993454247471149e+01 1.728619639125152485e+00
8.590001718266725428e-01 1.032399959165852898e+01 1.735453886579801264e+00
8.600001720267036465e-01 1.037833702286669535e+01 1.742324901465747145e+00
8.610001722267347501e-01 1.043294827198191754e+01 1.749232843841656226e+00
8.620001724267657428e-01 1.048783478166019556e+01 1.756177874530955307e+00
8.630001726267968465e-01 1.054299800136536547e+01 1.763160155125136797e+00
8.640001728268279502e-01 1.059843938740371705e+01 1.770179847987047195e+00
8.650001730268590538e-01 1.065416040295886724e+01 1.777237116254209104e+00
8.660001732268901575e-01 1.071016251812677567e+01 1.784332123846943174e+00
8.670001734269212612e-01 1.076644720995098758e+01 1.791465035469854028e+00
8.680001736269523649e-01 1.082301596245790520e+01 1.798636016607400245e+00
8.690001738269834686e-01 1.087987026669216917e+01 1.805845233532446636e+00
8.700001740270145723e-01 1.093701162075232425e+01 1.813092853309688168e+00
8.710001742270456759e-01 1.099444152982654721e+01 1.820379043799070784e+00
8.720001744270767796e-01 1.105216150622864113e+01 1.827703973659206671e+00
8.730001746271077723e-01 1.111017306943407590e+01 1.835067812350828165e+00
8.740001748271388760e-01 1.116847774611632005e+01 1.842470730140238544e+00
8.750001750271699796e-01 1.122707707018321521e+01 1.849912898102778147e+00
8.760001752272010833e-01 1.128597258281358151e+01 1.857394488126305809e+00
8.770001754272321870e-01 1.134516583249397925e+01 1.864915672914692513e+00
8.780001756272632907e-01 1.140465837505564295e+01 1.872476625991332577e+00
8.790001758272943944e-01 1.146445177371154145e+01 1.880077521702657739e+00
8.800001760273254980e-01 1.152454759909365123e+01 1.887718535221674765e+00
8.810001762273566017e-01 1.158494742929038424e+01 1.895399842551511727e+00
8.820001764273877054e-01 1.164565284988417559e+01 1.903121620528978486e+00
8.830001766274188091e-01 1.170666545398925074e+01 1.910884046828139393e+00
8.840001768274498017e-01 1.176798684228954883e+01 1.918687299963899306e+00
8.850001770274809054e-01 1.182961862307685941e+01 1.926531559295606488e+00
8.860001772275120091e-01 1.189156241228907263e+01 1.934417005030662606e+00
8.870001774275431128e-01 1.195381983354864985e+01 1.942343818228280172e+00
8.880001776275742165e-01 1.201639251820130561e+01 1.950312180807891149e+00
8.890001778276053201e-01 1.207928210535484759e+01 1.958322275546843683e+00
8.900001780276364238e-01 1.214249024191814641e+01 1.966374286083233835e+00
8.910001782276675275e-01 1.220601858264025630e+01 1.974468396921758684e+00
8.920001784276986312e-01 1.226986879014978449e+01 1.982604793437438007e+00
8.930001786277297349e-01 1.233404253499439918e+01 1.990783661879348188e+00
8.940001788277608386e-01 1.239854149568054353e+01 1.999005189374368330e+00
8.950001790277918312e-01 1.246336735871332380e+01 2.007269563930946799e+00
8.960001792278229349e-01 1.252852181863659098e+01 2.015576974442882641e+00
8.970001794278540386e-01 1.259400657807316115e+01 2.023927610693116108e+00
8.980001796278851423e-01 1.265982334776530216e+01 2.032321663357540498e+00
8.990001798279162459e-01 1.272597384661533226e+01 2.040759324008827758e+00
9.000001800279473496e-01 1.279245980172644082e+01 2.049240785120265862e+00
9.010001802279784533e-01 1.285928294844368658e+01 2.057766240069617059e+00
9.020001804280095570e-01 1.292644503039519144e+01 2.066335883142986773e+00
9.030001806280406607e-01 1.299394779953352064e+01 2.074949909538709836e+00
9.040001808280717643e-01 1.306179301617724953e+01 2.083608515371251357e+00
9.050001810281027570e-01 1.312998244905273815e+01 2.092311897675123156e+00
9.060001812281338607e-01 1.319851787533609588e+01 2.101060254408818384e+00
9.070001814281649644e-01 1.326740108069528645e+01 2.109853784458755488e+00
9.080001816281960680e-01 1.333663385933252421e+01 2.118692687643239037e+00
9.090001818282271717e-01 1.340621801402680191e+01 2.127577164717243452e+00
9.100001820282582754e-01 1.347615535617666538e+01 2.136507417381692697e+00
9.110001822282893791e-01 1.354644770584319247e+01 2.145483648277851429e+00
9.120001824283204828e-01 1.361709689179307503e+01 2.154506060993980565e+00
9.130001826283515864e-01 1.368810475154196915e+01 2.163574860070597072e+00
9.140001828283826901e-01 1.375947313139802830e+01 2.172690251004568474e+00
9.150001830284137938e-01 1.383120388650566390e+01 2.181852440253206016e+00
9.160001832284447865e-01 1.390329888088947996e+01 2.191061635238392036e+00
9.170001834284758901e-01 1.397575998749844217e+01 2.200318044350715763e+00
9.180001836285069938e-01 1.404858908825023711e+01 2.209621876953621555e+00
9.190001838285380975e-01 1.412178807407580017e+01 2.218973343387583341e+00
9.200001840285692012e-01 1.419535884496415612e+01 2.228372654974298595e+00
9.210001842286003049e-01 1.426930331000736807e+01 2.237820024020887644e+00
9.220001844286314086e-01 1.434362338744572973e+01 2.247315663824123622e+00
9.230001846286625122e-01 1.441832100471320288e+01 2.256859788674673517e+00
9.240001848286936159e-01 1.449339809848299687e+01 2.266452613861353438e+00
9.250001850287247196e-01 1.456885661471342885e+01 2.276094355675413183e+00
9.260001852287558233e-01 1.464469850869396339e+01 2.285785231414823926e+00
9.270001854287868159e-01 1.472092574509150253e+01 2.295525459388599643e+00
9.280001856288179196e-01 1.479754029799684467e+01 2.305315258921121213e+00
9.290001858288490233e-01 1.487454415097137250e+01 2.315154850356485827e+00
9.300001860288801270e-01 1.495193929709401282e+01 2.325044455062878157e+00
9.310001862289112307e-01 1.502972773900835080e+01 2.334984295438461643e+00
9.320001864289423343e-01 1.510791148897003922e+01 2.344974594918025179e+00
9.330001866289734380e-01 1.518649256889438348e+01 2.355015577970343443e+00
9.340001868290045417e-01 1.526547301040415228e+01 2.365107470105871634e+00
9.350001870290356454e-01 1.534485485487756229e+01 2.375250497881505662e+00
9.360001872290667491e-01 1.542464015349661111e+01 2.385444888905082106e+00
9.370001874290978527e-01 1.550483096729553800e+01 2.395690871839889713e+00
9.380001876291288454e-01 1.558542936720954408e+01 2.405988676409207105e+00
9.390001878291599491e-01 1.566643743412377354e+01 2.416338533400864463e+00
9.400001880291910528e-01 1.574785725892244947e+01 2.426740674671813203e+00
9.410001882292221564e-01 1.582969094253835607e+01 2.437195333152723187e+00
9.420001884292532601e-01 1.591194059600243449e+01 2.447702742852599034e+00
9.430001886292843638e-01 1.599460834049370561e+01 2.458263138863417296e+00
9.440001888293154675e-01 1.607769630738938815e+01 2.468876757364775187e+00
9.450001890293465712e-01 1.616120663831526727e+01 2.479543835628575721e+00
9.460001892293776748e-01 1.624514148519628520e+01 2.490264612023711077e+00
9.470001894294087785e-01 1.632950301030739126e+01 2.501039326020787268e+00
9.480001896294398822e-01 1.641429338632464408e+01 2.511868218196857683e+00
9.490001898294708749e-01 1.649951479637650209e+01 2.522751530240169071e+00
9.500001900295019786e-01 1.658516943409546229e+01 2.533689504954953708e+00
9.510001902295330822e-01 1.667125950366983744e+01 2.544682386266207796e+00
9.520001904295641859e-01 1.675778721989581754e+01 2.555730419224522265e+00
9.530001906295952896e-01 1.684475480822980842e+01 2.566833850013708673e+00
9.540001908296263933e-01 1.693216450484094437e+01 2.577992925954537995e+00
9.550001910296574970e-01 1.702001855666389574e+01 2.589207895505173607e+00
9.560001912296886006e-01 1.710831922145199258e+01 2.600479008269056536e+00
9.570001914297197043e-01 1.719706876783051541e+01 2.611806514999856166e+00
9.580001916297508080e-01 1.728626947535026659e+01 2.623190667606429827e+00
9.590001918297818007e-01 1.737592363454140454e+01 2.634631719157811247e+00
9.600001920298129043e-01 1.746603354696758004e+01 2.646129923888211444e+00
9.610001922298440080e-01 1.755660152528019324e+01 2.657685537202043591e+00
9.620001924298751117e-01 1.764762989327308773e+01 2.669298815678978531e+00
9.630001926299062154e-01 1.773912098593736530e+01 2.680970017079014944e+00
9.640001928299373191e-01 1.783107714951654543e+01 2.692699400347570826e+00
9.650001930299684227e-01 1.792350074156197337e+01 2.704487225620600288e+00
9.660001932299995264e-01 1.801639413098846276e+01 2.716333754229736108e+00
9.670001934300306301e-01 1.810975969813023667e+01 2.728239248707447828e+00
9.680001936300617338e-01 1.820359983479713861e+01 2.740203972792225162e+00
9.690001938300928375e-01 1.829791694433110294e+01 2.752228191433784499e+00
9.700001940301238301e-01 1.839271344166287392e+01 2.764312170798301604e+00
9.710001942301549338e-01 1.848799175336914402e+01 2.776456178273661202e+00
9.720001944301860375e-01 1.858375431772968156e+01 2.788660482474729196e+00
9.730001946302171412e-01 1.868000358478504808e+01 2.800925353248651106e+00
9.740001948302482448e-01 1.877674201639441875e+01 2.813251061680267728e+00
9.750001950302793485e-01 1.887397208629362666e+01 2.825637880100928978e+00
9.760001952303104522e-01 1.897169628015347698e+01 2.838086082089513518e+00
9.770001954303415559e-01 1.906991709563849469e+01 2.850595942477248013e+00
9.780001956303726596e-01 1.916863704246591738e+01 2.863167737354676223e+00
9.790001958304037633e-01 1.926785864246494384e+01 2.875801744077115529e+00
9.800001960304348669e-01 1.936758442963630955e+01 2.888498241270140543e+00
9.810001962304658596e-01 1.946781695021206104e+01 2.901257508835086707e+00
9.820001964304969633e-01 1.956855876271572825e+01 2.914079827954575652e+00
9.830001966305280670e-01 1.966981243802268509e+01 2.926965481098066757e+00
9.840001968305591706e-01 1.977158055942085824e+01 2.939914752027440237e+00
9.850001970305902743e-01 1.987386572267171658e+01 2.952927925802602882e+00
9.860001972306213780e-01 1.997667053607159460e+01 2.966005288787105787e+00
9.870001974306524817e-01 2.007999762051322179e+01 2.979147128653805598e+00
9.880001976306835854e-01 2.018384960954765361e+01 2.992353734390544417e+00
9.890001978307146890e-01 2.028822914944643330e+01 3.005625396305844799e+00
9.900001980307457927e-01 2.039313889926406986e+01 3.018962406034645607e+00
9.910001982307768964e-01 2.049858153090081814e+01 3.032365056544059190e+00
9.920001984308078891e-01 2.060455972916583889e+01 3.045833642139136987e+00
9.930001986308389927e-01 2.071107619184052240e+01 3.059368458468695984e+00
9.940001988308700964e-01 2.081813362974227388e+01 3.072969802531126948e+00
9.950001990309012001e-01 2.092573476678857958e+01 3.086637972680263964e+00
9.955001991309166964e-01 2.097974007731303203e+01 3.093497211143800385e+00
9.960001992309323038e-01 2.103388234006152047e+01 3.100373268631399171e+00
9.965001993309479111e-01 2.108816189923664197e+01 3.107266182816844413e+00
9.970001994309634075e-01 2.114257909987246364e+01 3.114175991468568494e+00
9.975001995309789038e-01 2.119713428783509457e+01 3.121102732432708304e+00
9.977501995809867630e-01 2.122446373537610498e+01 3.124572464384856030e+00
9.980001996309945111e-01 2.125182780982692776e+01 3.128046443649418862e+00
9.982501996810022593e-01 2.127922655465610191e+01 3.131524674980170619e+00
9.985001997310101185e-01 2.130666001338548909e+01 3.135007163138222808e+00
9.987501997810178667e-01 2.133412822958844401e+01 3.138493912891310522e+00
9.988751998060216852e-01 2.134787538537327478e+01 3.140238887357078124e+00
9.990001998310256148e-01 2.136163124688999559e+01 3.141984929011448990e+00
9.991001798479230978e-01 2.137264000480892889e+01 3.143382251479772016e+00
9.992001598648205807e-01 2.138365433845759611e+01 3.144780257363223974e+00
9.993001398817178416e-01 2.139467425063357808e+01 3.146178946967859158e+00
9.994001198986153245e-01 2.140569974413578791e+01 3.147578320599849544e+00
9.995000999155128074e-01 2.141673082176439991e+01 3.148978378565473246e+00
9.995500899239615489e-01 2.142224845550153489e+01 3.149678664269142114e+00
9.996000799324102903e-01 2.142776748632093486e+01 3.150379121171121621e+00
9.996500699408590318e-01 2.143328791457301108e+01 3.151079749309730005e+00
9.997000599493076622e-01 2.143880974060820677e+01 3.151780548723292164e+00
9.997500499577564037e-01 2.144433296477711082e+01 3.152481519450136105e+00
9.997750449619807744e-01 2.144709510127128027e+01 3.152832069068019383e+00
9.998000399662051452e-01 2.144985758743035831e+01 3.153182661528600050e+00
9.998250349704295159e-01 2.145262042329820318e+01 3.153533296836668498e+00
9.998500299746537756e-01 2.145538360891865182e+01 3.153883974997023110e+00
9.998750249788781463e-01 2.145814714433558024e+01 3.154234696014457384e+00
9.998875224809903317e-01 2.145952904323142363e+01 3.154410072596075754e+00
9.999000199831025171e-01 2.146091102959282182e+01 3.154585459893762156e+00
9.999100179847922876e-01 2.146201668166083820e+01 3.154725777447884738e+00
9.999200159864820581e-01 2.146312238971313491e+01 3.154866101860978489e+00
9.999300139881717175e-01 2.146422815375250082e+01 3.155006433133351607e+00
9.999400119898614880e-01 2.146533397378176744e+01 3.155146771265312733e+00
9.999500099915512585e-01 2.146643984980374498e+01 3.155287116257171842e+00
9.999550089923960883e-01 2.146699280881286498e+01 3.155357291325656011e+00
9.999600079932410290e-01 2.146754578182122586e+01 3.155427468109229139e+00
9.999650069940859698e-01 2.146809876882916157e+01 3.155497646607932083e+00
9.999700059949307995e-01 2.146865176983702028e+01 3.155567826821797706e+00
9.999750049957756293e-01 2.146920478484516082e+01 3.155638008750866863e+00
9.999775044961980441e-01 2.146948129759944734e+01 3.155673100358617145e+00
9.999800039966204590e-01 2.146975781385393134e+01 3.155708192395179967e+00
9.999825034970428739e-01 2.147003433360866609e+01 3.155743284860562436e+00
9.999850029974652887e-01 2.147031085686369067e+01 3.155778377754770769e+00
9.999875024978877036e-01 2.147058738361904418e+01 3.155813471077811183e+00
9.999887522480990221e-01 2.147072564830937225e+01 3.155831017900144086e+00
9.999900019983102295e-01 2.147086391387479054e+01 3.155848564829684566e+00
9.999910017984792177e-01 2.147097452695719610e+01 3.155862602450510312e+00
9.999920015986483168e-01 2.147108514059969053e+01 3.155876640139948286e+00
9.999930013988171940e-01 2.147119575480223475e+01 3.155890677898000707e+00
9.999940011989861821e-01 2.147130636956486427e+01 3.155904715724671128e+00
9.999950009991551703e-01 2.147141698488757555e+01 3.155918753619953332e+00
9.999955008992396088e-01 2.147147229275894986e+01 3.155925772593327405e+00
9.999960007993240474e-01 2.147152760077035083e+01 3.155932791583852648e+00
9.999965006994085970e-01 2.147158290892178556e+01 3.155939810591534833e+00
9.999970005994931466e-01 2.147163821721324339e+01 3.155946829616369964e+00
9.999975004995775851e-01 2.147169352564470657e+01 3.155953848658358929e+00
9.999977504496198044e-01 2.147172117991294016e+01 3.155957358185785822e+00
9.999980003996620237e-01 2.147174883421618219e+01 3.155960867717502616e+00
9.999982503497042430e-01 2.147177648855444332e+01 3.155964377253504427e+00
9.999985002997464623e-01 2.147180414292769868e+01 3.155967886793799249e+00
9.999987502497886815e-01 2.147183179733596248e+01 3.155971396338378643e+00
9.999988752248099022e-01 2.147184562455323587e+01 3.155973151112279496e+00
9.999990001998310118e-01 2.147185945177924182e+01 3.155974905887251936e+00
9.999991001798479440e-01 2.147187051356635834e+01 3.155976309708000471e+00
9.999992001598647651e-01 2.147188157535905617e+01 3.155977713529435125e+00
9.999993001398816972e-01 2.147189263715737439e+01 3.155979117351556340e+00
9.999994001198986293e-01 2.147190369896129170e+01 3.155980521174365006e+00
9.999995000999155614e-01 2.147191476077081163e+01 3.155981924997859789e+00
9.999995500899239165e-01 2.147192029167765170e+01 3.155982626909860755e+00
9.999996000799323825e-01 2.147192582258591287e+01 3.155983328822038025e+00
9.999996500699408486e-01 2.147193135349557380e+01 3.155984030734384493e+00
9.999997000599493147e-01 2.147193688440663095e+01 3.155984732646902824e+00
9.999997500499577807e-01 2.147194241531908787e+01 3.155985434559595237e+00
9.999997750449619582e-01 2.147194518077584036e+01 3.155985785516003173e+00
9.999998000399661358e-01 2.147194794623294811e+01 3.155986136472455517e+00
9.999998250349704243e-01 2.147195071169040759e+01 3.155986487428952270e+00
9.999998500299746018e-01 2.147195347714820457e+01 3.155986838385488547e+00
9.999998750249788904e-01 2.147195624260636393e+01 3.155987189342069232e+00
9.999998875224809236e-01 2.147195762533556262e+01 3.155987364820373564e+00
9.999999000199830679e-01 2.147195900806486790e+01 3.155987540298692995e+00
9.999999143028426296e-01 2.147196058832702548e+01 3.155987740845355383e+00
9.999999285857021913e-01 2.147196216858930029e+01 3.155987941392029761e+00
9.999999428685617531e-01 2.147196374885168169e+01 3.155988141938718794e+00
9.999999571514213148e-01 2.147196532911418387e+01 3.155988342485423370e+00
9.999999714342808765e-01 2.147196690937680330e+01 3.155988543032139937e+00
9.999999857171404383e-01 2.147196848963953286e+01 3.155988743578872491e+00
1.000000000000000000e+00 2.147197006990239387e+01 3.155988944125619255e+00
