# -16 2 0.380603480164 0.000149140604366
# x xi_r xi_h
0.000000000000000000e+00 0.000000000000000000e+00 0.000000000000000000e+00
1.000000200031036027e-03 2.172215056340454531e+00 1.085000034811448799e+00
1.083333550033622073e-03 2.352615907465527734e+00 1.174900170988492532e+00
1.166666900036207903e-03 2.532868818218175111e+00 1.264676520206350574e+00
1.250000250038793949e-03 2.712962467354070650e+00 1.354319629796953306e+00
1.333333600041381080e-03 2.892885546749530246e+00 1.443820062423809336e+00
1.500000300046552956e-03 3.252174834843715612e+00 1.622355230777557722e+00
1.666667000051725916e-03 3.610646514453355049e+00 1.800206875331684886e+00
1.833333700056899093e-03 3.968210686077596083e+00 1.977300161935795275e+00
2.000000400062071186e-03 4.324777748330811633e+00 2.153560606957538592e+00
2.250000450069830193e-03 4.857563573967157211e+00 2.416227728888931559e+00
2.500000500077589199e-03 5.387605370503547597e+00 2.676606081214105259e+00
2.750000550085349073e-03 5.914605415950846101e+00 2.934449777108425472e+00
3.000000600093107213e-03 6.438268236592780802e+00 3.189515565906795302e+00
3.333334000103451832e-03 7.130788040368145175e+00 3.524867099941389803e+00
3.666667400113796885e-03 7.816167379249848501e+00 3.854292222039320315e+00
4.000000800124142372e-03 8.493728595226375688e+00 4.177240920490895348e+00
4.500000900139660386e-03 9.493954498598821345e+00 4.648347191998046135e+00
5.000001000155178399e-03 1.047288584472368633e+01 5.101913607850239174e+00
5.500001100170696412e-03 1.142838057545287178e+01 5.536252601214760816e+00
6.000001200186214426e-03 1.235836548455105977e+01 5.949756275346925527e+00
6.500001300201731572e-03 1.326084217244972407e+01 6.340902970536488326e+00
7.000001400217249585e-03 1.413389274775551030e+01 6.708263454864212605e+00
7.500001500232767598e-03 1.497568525095624992e+01 7.050506698508526959e+00
8.000001600248286479e-03 1.578447878756335676e+01 7.366405222946418974e+00
9.000001800279322506e-03 1.729658930904809466e+01 7.914804784566420004e+00
1.000000200031036027e-02 1.865829341862891511e+01 8.345886926273959006e+00
1.100000220034138936e-02 1.985939076557170679e+01 8.653994807543417878e+00
1.200000240037243059e-02 2.089151537050286933e+01 8.835473158862010123e+00
1.300000260040345967e-02 2.174821489188886758e+01 8.888716575966283173e+00
1.400000280043449917e-02 2.242500445240953155e+01 8.814182268492686489e+00
1.500000300046552999e-02 2.291939451933668792e+01 8.614367213450670135e+00
1.600000320049656949e-02 2.323089271465038408e+01 8.293750373462877690e+00
1.700000340052760031e-02 2.336097981697834669e+01 7.858701251549178757e+00
1.800000360055864154e-02 2.331306058679863114e+01 7.317356641134068695e+00
1.900000380058967930e-02 2.309239041056143549e+01 6.679468047178438006e+00
2.000000400062071013e-02 2.270597909765780997e+01 5.956222697571892155e+00
2.100000420065175136e-02 2.216247347725884609e+01 5.160041567449133559e+00
2.200000440068278912e-02 2.147202073449729909e+01 4.304358233370320086e+00
2.300000460071381994e-02 2.064611468014357598e+01 3.403382666484394026e+00
2.400000480074486117e-02 1.969742736092311475e+01 2.471854294448861733e+00
2.500000500077589893e-02 1.863962859509050318e+01 1.524788841397866745e+00
2.600000520080694016e-02 1.748719615351189205e+01 5.772235010886200834e-01
2.700000540083797099e-02 1.625521939679632055e+01 -3.560350195492332226e-01
2.800000560086900875e-02 1.495919922516455181e+01 -1.260655156961495216e+00
2.900000580090004998e-02 1.361484719932811061e+01 -2.123013605580402086e+00
3.000000600093108080e-02 1.223788664831110928e+01 -2.930412914664620505e+00
3.100000620096211856e-02 1.084385849530752921e+01 -3.671279926343397726e+00
3.200000640099315979e-02 9.447934407694519976e+00 -4.335341812943350526e+00
3.300000660102418715e-02 8.064739714739436849e+00 -4.913776925127171680e+00
3.400000680105522838e-02 6.708188339833842662e+00 -5.399338160804631137e+00
3.500000700108626961e-02 5.391331766822816896e+00 -5.786447101301972928e+00
3.600000720111729696e-02 4.126223806682274287e+00 -6.071257716210867628e+00
3.700000740114833819e-02 2.923802656213386530e+00 -6.251689011056751788e+00
3.800000760117937249e-02 1.793791448806927979e+00 -6.327426568869299217e+00
3.900000780121040678e-02 7.446181942868280723e-01 -6.299893496831320938e+00
4.000000800124144801e-02 -2.166443044541063179e-01 -6.172191837140657888e+00
4.100000820127248924e-02 -1.084318281410955986e+00 -5.949016020199516142e+00
4.200000840130351659e-02 -1.854140614648439156e+00 -5.636540410901775822e+00
4.300000860133455782e-02 -2.523262539953180728e+00 -5.242283431988870035e+00
4.400000880136559905e-02 -3.090230086164853951e+00 -4.774951127132454509e+00
4.500000900139663335e-02 -3.554946115875866397e+00 -4.244263337798432900e+00
4.600000920142766764e-02 -3.918615102452722709e+00 -3.660765921714066895e+00
4.700000940145870887e-02 -4.183671997394830200e+00 -3.035632624522445422e+00
4.800000960148974316e-02 -4.353696737563617525e+00 -2.380460325140981492e+00
4.900000980152077745e-02 -4.433316107522189853e+00 -1.707061417975021200e+00
5.000001000155181868e-02 -4.428094806636457825e+00 -1.027257067373943844e+00
5.100001020158285991e-02 -4.344417672050625789e+00 -3.526749684350259928e-01
5.200001040161388727e-02 -4.189365076740946492e+00 3.054449107973364885e-01
5.300001060164492850e-02 -3.970583556606434250e+00 9.364333540543067214e-01
5.400001080167596973e-02 -3.696153722296663613e+00 1.530360713459356869e+00
5.500001100170699708e-02 -3.374457481236504464e+00 2.078188869573059705e+00
5.600001120173805219e-02 -3.014046534535276489e+00 2.571904051740565134e+00
5.700001140176907954e-02 -2.623514024370114495e+00 3.004628633770097146e+00
5.800001160180010690e-02 -2.211371092209549527e+00 3.370710444446946230e+00
5.900001180183116201e-02 -1.785929969581035781e+00 3.665788572669637535e+00
6.000001200186218936e-02 -1.355195064221557555e+00 3.886835090868078435e+00
6.100001220189323059e-02 -9.267633284750671496e-01 4.032172570544429568e+00
6.200001240192425794e-02 -5.077350070292875328e-01 4.101467698701253717e+00
6.300001260195529917e-02 -1.046356613203650171e-01 4.095701722981117676e+00
6.400001280198633347e-02 2.766498384032970992e-01 4.017118849092019772e+00
6.500001300201738164e-02 6.309308716819475027e-01 3.869154076511493567e+00
6.600001320204841593e-02 9.537519042961587479e-01 3.656342286810827513e+00
6.700001340207945022e-02 1.241420534849912771e+00 3.384210682721817687e+00
6.800001360211048451e-02 1.491022881859586979e+00 3.059156914511208747e+00
6.900001380214151880e-02 1.700426629963522007e+00 2.688315419919525162e+00
7.000001400217256697e-02 1.868272229623299641e+00 2.279414642268859037e+00
7.100001420220360127e-02 1.993952905613351589e+00 1.840627877314188199e+00
7.200001440223463556e-02 2.077584273703994455e+00 1.380420533527568105e+00
7.300001460226566985e-02 2.119964490608383656e+00 9.073965733763009744e-01
7.400001480229669026e-02 2.122525968216062875e+00 4.301468367396866221e-01
7.500001500232772456e-02 2.087279768485273745e+00 -4.289816525796068952e-02
7.600001520235874497e-02 2.016753859604061727e+00 -5.036085534651875140e-01
7.700001540238977926e-02 1.913926457010130644e+00 -9.442862429663578805e-01
7.800001560242081355e-02 1.782155694790882539e+00 -1.357784954775230979e+00
7.900001580245183397e-02 1.625106874417489466e+00 -1.737617324361606874e+00
8.000001600248286826e-02 1.446678519559452925e+00 -2.078047634491928086e+00
8.100001620251390255e-02 1.250928429023046462e+00 -2.374168997086353095e+00
8.200001640254492297e-02 1.042000866058034880e+00 -2.621964117231245339e+00
8.300001660257595726e-02 8.240559529974463837e-01 -2.818349086226870526e+00
8.400001680260697767e-02 6.012022572303781232e-01 -2.961199963736340646e+00
8.500001700263801196e-02 3.774334598035631871e-01 -3.049362215964789069e+00
8.600001720266904626e-02 1.565698935451476648e-01 -3.082643372443612417e+00
8.700001740270006667e-02 -5.779437439203868182e-02 -3.061789543154509907e+00
8.800001760273110096e-02 -2.623383581150220412e-01 -2.988446696033582928e+00
8.900001780276212138e-02 -4.540544300199306216e-01 -2.865107828723642669e+00
9.000001800279315567e-02 -6.302817446003055046e-01 -2.695047374332038004e+00
9.100001820282418996e-02 -7.887326156264299337e-01 -2.482244356237723881e+00
9.200001840285521038e-02 -9.275117718811245471e-01 -2.231295949566482140e+00
9.300001860288624467e-02 -1.045128530829806834e+00 -1.947323216599850415e+00
9.400001880291727896e-02 -1.140502037768757804e+00 -1.635870857138380652e+00
9.500001900294829937e-02 -1.212959818694617109e+00 -1.302802855087701328e+00
9.600001920297933367e-02 -1.262229987150506272e+00 -9.541959085180868883e-01
9.700001940301035408e-02 -1.288427527580677134e+00 -5.962325037458540145e-01
9.800001960304138837e-02 -1.292035149429672014e+00 -2.350954361080147270e-01
9.900001980307242266e-02 -1.273879266750125083e+00 1.231345060355599069e-01
1.000000200031034014e-01 -1.235101707017015160e+00 4.725760905625501218e-01
1.010000202031345051e-01 -1.177127789976733618e+00 8.076389564289153666e-01
1.020000204031654978e-01 -1.101631442697177388e+00 1.123107382184397096e+00
1.030000206031965043e-01 -1.010498030712966733e+00 1.414215368598535472e+00
1.040000208032275941e-01 -9.057855876416748275e-01 1.676712080892710288e+00
1.050000210032586007e-01 -7.896851174171430898e-01 1.906916890064201953e+00
1.060000212032895933e-01 -6.644806249989759772e-01 2.101763452991085135e+00
1.070000214033206970e-01 -5.325095038698405281e-01 2.258832472046202078e+00
1.080000216033517035e-01 -3.961238727411526828e-01 2.376372974865764043e+00
1.090000218033826962e-01 -2.576534106250540912e-01 2.453312149653472662e+00
1.100000220034137027e-01 -1.193701898499500980e-01 2.489253958141427692e+00
1.110000222034448064e-01 1.654404818550822553e-02 2.484466923280341799e+00
1.120000224034757991e-01 1.480277886157283507e-01 2.439861652118492152e+00
1.130000226035068056e-01 2.731664860367030156e-01 2.356958800162949341e+00
1.140000228035378954e-01 3.902158944378202321e-01 2.237848312844491705e+00
1.150000230035689019e-01 4.976217883057762470e-01 2.085140890170253058e+00
1.160000232035998946e-01 5.940359433020886426e-01 1.901912711215627105e+00
1.170000234036309011e-01 6.783283079018687101e-01 1.691644524757092372e+00
1.180000236036620048e-01 7.495953582232282031e-01 1.458156261791406338e+00
1.190000238036929975e-01 8.071646861711354592e-01 1.205538354521779931e+00
1.200000240037240040e-01 8.505959252077504029e-01 9.380809538708991813e-01
1.210000242037550938e-01 8.796781679152836375e-01 6.602022266584400834e-01
1.220000244037861004e-01 8.944240745205118692e-01 3.763768836558887276e-01
1.230000246038171069e-01 8.950609112639604792e-01 9.106604265536248632e-02
1.240000248038480996e-01 8.820187915997769190e-01 -1.913505320463787795e-01
1.250000250038791894e-01 8.559164214998432607e-01 -4.666388487390720763e-01
1.260000252039102098e-01 8.175446724757903239e-01 -7.307708901330427498e-01
1.270000254039412024e-01 7.678483223098969690e-01 -9.799798208300586344e-01
1.280000256039723061e-01 7.079063139814062433e-01 -1.210809530368836429e+00
1.290000258040032988e-01 6.389108880407644575e-01 -1.420157954944197609e+00
1.300000260040342914e-01 5.621459429642758909e-01 -1.605313737608159208e+00
1.310000262040653118e-01 4.789649721234628954e-01 -1.763985905876758409e+00
1.320000264040963878e-01 3.907689152816235523e-01 -1.894326364746981906e+00
1.330000266041274082e-01 2.989842474165850805e-01 -1.994945119775652254e+00
1.340000268041584008e-01 2.050416086276150851e-01 -2.064918258346621016e+00
1.350000270041893935e-01 1.103552564014746717e-01 -2.103788825328756662e+00
1.360000272042204972e-01 1.630359610947830495e-02 -2.111560830671637579e+00
1.370000274042514898e-01 -7.578898217205594368e-02 -2.088686719370229650e+00
1.380000276042825103e-01 -1.646687620711557165e-01 -2.036048719753029257e+00
1.390000278043135862e-01 -2.491676870792970677e-01 -1.954934559464138522e+00
1.400000280043446066e-01 -3.282165387294136427e-01 -1.847008102796665607e+00
1.410000282043755993e-01 -4.008562031130455394e-01 -1.714275515812959005e+00
1.420000284044067029e-01 -4.662469539248355610e-01 -1.559047607287226800e+00
1.430000286044376956e-01 -5.236757114465041552e-01 -1.383899022941596835e+00
1.440000288044686882e-01 -5.725612670706400342e-01 -1.191624990152063024e+00
1.450000290044997919e-01 -6.124574917390862572e-01 -9.851963172109197142e-01
1.460000292045308123e-01 -6.430545736831382309e-01 -7.677133483209126474e-01
1.470000294045618050e-01 -6.641783558335528914e-01 -5.423595624144771365e-01
1.480000296045927977e-01 -6.757878659738628668e-01 -3.123554812895466548e-01
1.490000298046239013e-01 -6.779711529442246087e-01 -8.091352127144033068e-02
1.500000300046548940e-01 -6.709395598201863820e-01 1.488056162832811502e-01
1.510000302046858867e-01 -6.550205798959061188e-01 3.737344660203469338e-01
1.520000304047169903e-01 -6.306494534279062369e-01 5.909377333716083758e-01
1.530000306047480108e-01 -5.983596724345291440e-01 7.976482015128526504e-01
1.540000308047790034e-01 -5.587725674269646836e-01 9.912992290470120649e-01
1.550000310048101071e-01 -5.125861538307235898e-01 1.169553519740290426e+00
1.560000312048410998e-01 -4.605634171392135601e-01 1.330327910089479815e+00
1.570000314048720924e-01 -4.035202146552264724e-01 1.471813985349410547e+00
1.580000316049031128e-01 -3.423129681729166762e-01 1.592494399669413196e+00
1.590000318049341888e-01 -2.778263163074973785e-01 1.691154839326002524e+00
1.600000320049652092e-01 -2.109608875952563856e-01 1.766891629514689477e+00
1.610000322049962018e-01 -1.426213461698460916e-01 1.819115043820650035e+00
1.620000324050271945e-01 -7.370485099476783986e-02 1.847548430624868399e+00
1.630000326050582982e-01 -5.090057528733776641e-03 1.852223321643768905e+00
1.640000328050892908e-01 6.237322245481117383e-02 1.833470734682236314e+00
1.650000330051203112e-01 1.278736011407291540e-01 1.791908923684312649e+00
1.660000332051513872e-01 1.906468478274648271e-01 1.728427865324813739e+00
1.670000334051824076e-01 2.499837026632945880e-01 1.644170802331878400e+00
1.680000336052134002e-01 3.052367137175854284e-01 1.540513188428137115e+00
1.690000338052443929e-01 3.558260551335066246e-01 1.419039399038851013e+00
1.700000340052754966e-01 4.012442988511289443e-01 1.281517585409446047e+00
1.710000342053064892e-01 4.410601267066886488e-01 1.129873057769758660e+00
1.720000344053375096e-01 4.749209834476197378e-01 9.661605858035225980e-01
1.730000346053686133e-01 5.025546842026307193e-01 7.925360016750629955e-01
1.740000348053996060e-01 5.237700020956075342e-01 6.112274838402823596e-01
1.750000350054305986e-01 5.384562728878726778e-01 4.245068876617021925e-01
1.760000352054615913e-01 5.465820636817078082e-01 2.346614727830766689e-01
1.770000354054926950e-01 5.481929617551145606e-01 4.396635742855124762e-02
1.780000356055236876e-01 5.434085474736778387e-01 -1.453419932382782609e-01
1.790000358055547081e-01 5.324186219084104943e-01 -3.310909633818450160e-01
1.800000360055858117e-01 5.154787652629240213e-01 -5.111954142166317272e-01
1.810000362056168044e-01 4.929053064824778785e-01 -6.836795198970969656e-01
1.820000364056477971e-01 4.650697874976696955e-01 -8.466966195940356377e-01
1.830000366056787897e-01 4.323930074765371945e-01 -9.985469259281343213e-01
1.840000368057098934e-01 3.953387332642856467e-01 -1.137692962509374572e+00
1.850000370057409138e-01 3.544071619341062074e-01 -1.262772635892423168e+00
1.860000372057719065e-01 3.101282201191153387e-01 -1.372609879453342563e+00
1.870000374058030101e-01 2.630547826167924375e-01 -1.466222838037737342e+00
1.880000376058340028e-01 2.137558897334922714e-01 -1.542829592441746112e+00
1.890000378058649955e-01 1.628100390512300655e-01 -1.601851451614850319e+00
1.900000380058959881e-01 1.107986228404693740e-01 -1.642913867512435511e+00
1.910000382059270918e-01 5.829957730278525346e-02 -1.665845052631387047e+00
1.920000384059581122e-01 5.881304298374525133e-03 -1.670672403195817779e+00
1.930000386059891049e-01 -4.590307971220060346e-02 -1.657616851586853013e+00
1.940000388060202086e-01 -9.652111901408212680e-02 -1.627085289831142756e+00
1.950000390060512012e-01 -1.454659762200364581e-01 -1.579661221485171518e+00
1.960000392060821939e-01 -1.922609366114900464e-01 -1.516093812438675359e+00
1.970000394061132976e-01 -2.364634303850290664e-01 -1.437285521578152370e+00
1.980000396061442902e-01 -2.776685505420815048e-01 -1.344278500150456912e+00
1.990000398061753106e-01 -3.155120506472116060e-01 -1.238239954026961964e+00
2.000000400062063866e-01 -3.496728129973958876e-01 -1.120446665965914246e+00
2.010000402062374070e-01 -3.798747838310148062e-01 -9.922688755683199968e-01
2.020000404062683996e-01 -4.058883780052116030e-01 -8.551537128405866106e-01
2.030000406062993923e-01 -4.275313610366132666e-01 -7.106083775658473822e-01
2.040000408063304960e-01 -4.446692214935655807e-01 -5.601832509508851698e-01
2.050000410063614886e-01 -4.572150514125553622e-01 -4.054551185198488894e-01
2.060000412063925090e-01 -4.651289566604743797e-01 -2.480106741551260929e-01
2.070000414064236127e-01 -4.684170229570240873e-01 -8.943046471351716320e-02
2.080000416064546054e-01 -4.671298665938325989e-01 6.872657701978085454e-02
2.090000418064855980e-01 -4.613608017297634034e-01 2.249378759942396999e-01
2.100000420065165907e-01 -4.512436585032215675e-01 3.777311136050922613e-01
2.110000422065476944e-01 -4.369502880856426796e-01 5.256971740014452221e-01
2.120000424065786870e-01 -4.186877922129707552e-01 6.675020451073221395e-01
2.130000426066097075e-01 -3.966955156864910292e-01 8.018975962733548846e-01
2.140000428066408111e-01 -3.712418408476985676e-01 9.277311693605824194e-01
2.150000430066718038e-01 -3.426208231243165758e-01 1.043953934854914278e+00
2.160000432067027965e-01 -3.111487064396740720e-01 1.149627979168222236e+00
2.170000434067337891e-01 -2.771603566018294162e-01 1.243932103451217852e+00
2.180000436067648928e-01 -2.410056497709043288e-01 1.326166327885599294e+00
2.190000438067959132e-01 -2.030458517712361022e-01 1.395755108638148556e+00
2.200000440068269059e-01 -1.636500224039895146e-01 1.452249286672972817e+00
2.210000442068580095e-01 -1.231914770583845964e-01 1.495326799350025881e+00
2.220000444068890022e-01 -8.204433584496464982e-02 1.524792196287521273e+00
2.230000446069199949e-01 -4.058018821901591272e-02 1.540575010628101094e+00
2.240000448069509875e-01 8.351013418231498491e-04 1.542727045528941687e+00
2.250000450069820912e-01 4.184442356218961295e-02 1.531418643345900055e+00
2.260000452070131116e-01 8.210227005812435752e-02 1.506934011624415426e+00
2.270000454070441043e-01 1.212773767126617691e-01 1.469665685465994409e+00
2.280000456070752080e-01 1.590551496431940603e-01 1.420108210294189544e+00
2.290000458071062006e-01 1.951398613518485758e-01 1.358851132872834766e+00
2.300000460071371933e-01 2.292566073075937849e-01 1.286571390438119966e+00
2.310000462071682137e-01 2.611530158123173684e-01 1.204025189507673010e+00
2.320000464071992896e-01 2.906007065364080710e-01 1.112039466425280398e+00
2.330000466072303100e-01 3.173964955498502216e-01 1.011503021344628550e+00
2.340000468072613027e-01 3.413633470055070229e-01 9.033574161637258904e-01
2.350000470072924064e-01 3.623510738367257122e-01 7.885877249369754871e-01
2.360000472073233990e-01 3.802367918995963048e-01 6.682132226807313558e-01
2.370000474073543917e-01 3.949251339086124468e-01 5.432780950306288492e-01
2.380000476073854121e-01 4.063482312743336711e-01 4.148422473622560003e-01
2.390000478074164880e-01 4.144654735479915142e-01 2.839722875714898453e-01
2.400000480074475084e-01 4.192630566046102736e-01 1.517327518105119344e-01
2.410000482074785011e-01 4.207533319501859936e-01 1.917763724190374094e-02
2.420000484075096048e-01 4.189739706190402369e-01 -1.126576996703364669e-01
2.430000486075405974e-01 4.139869560351026601e-01 -2.427642265939490562e-01
2.440000488075715901e-01 4.058774209474793615e-01 -3.701664537053229176e-01
2.450000490076026105e-01 3.947523441201753469e-01 -4.939291462316274806e-01
2.460000492076336864e-01 3.807391228632657776e-01 -6.131634965222084732e-01
2.470000494076647068e-01 3.639840377429487406e-01 -7.270327270846155265e-01
2.480000496076956995e-01 3.446506259088325530e-01 -8.347571020234528794e-01
2.490000498077268032e-01 3.229179794362697642e-01 -9.356183302226548371e-01
2.500000500077578236e-01 2.989789849079353412e-01 -1.028963349347575162e+00
2.510000502077888163e-01 2.730385201615872504e-01 -1.114207485276361043e+00
2.520000504078199199e-01 2.453116237197922878e-01 -1.190836986856926849e+00
2.530000506078509126e-01 2.160216519024376058e-01 -1.258410940921985244e+00
2.540000508078819053e-01 1.853984380140285548e-01 -1.316562577232571307e+00
2.550000510079130089e-01 1.536764673067683995e-01 -1.364999977355160432e+00
2.560000512079438906e-01 1.210930806568941975e-01 -1.403506205607601975e+00
2.570000514079749943e-01 8.788671906608061524e-02 -1.431938883877534652e+00
2.580000516080059869e-01 5.429522022286626531e-02 -1.450229235457588528e+00
2.590000518080369796e-01 2.055417744075126521e-02 -1.458380626002772518e+00
2.600000520080680833e-01 -1.310462966011025250e-02 -1.456466632299156627e+00
2.610000522080990759e-01 -4.645472433265538520e-02 -1.444628671751081006e+00
2.620000524081301241e-01 -7.927633433373318383e-02 -1.423073227279574082e+00
2.630000526081611723e-01 -1.113576995847972567e-01 -1.392068703856524259e+00
2.640000528081922204e-01 -1.424962804273108841e-01 -1.351941953978740063e+00
2.650000530082232131e-01 -1.724998620121819537e-01 -1.303074510132813613e+00
2.660000532082543168e-01 -2.011875513189023690e-01 -1.245898562748367855e+00
2.670000534082853094e-01 -2.283906642322367231e-01 -1.180892722245208803e+00
2.680000536083163021e-01 -2.539535010063243559e-01 -1.108577603592592720e+00
2.690000538083474058e-01 -2.777340093127184661e-01 -1.029511271330776578e+00
2.700000540083783984e-01 -2.996043348957939112e-01 -9.442845822758919594e-01
2.710000542084093911e-01 -3.194512606422012513e-01 -8.535164621617042924e-01
2.720000544084403837e-01 -3.371765356071358410e-01 -7.578491512794064411e-01
2.730000546084714874e-01 -3.526970962265368326e-01 -6.579434527950872580e-01
2.740000548085024801e-01 -3.659451825787436441e-01 -5.544740158624574811e-01
2.750000550085334727e-01 -3.768683531398642761e-01 -4.481246839343906996e-01
2.760000552085645764e-01 -3.854294020031129309e-01 -3.395839368320180407e-01
2.770000554085956246e-01 -3.916061830030160840e-01 -2.295404531745083299e-01
2.780000556086266172e-01 -3.953913456004333193e-01 -1.186788177288904123e-01
2.790000558086576099e-01 -3.967919877440634902e-01 -7.675396124364288961e-03
2.800000560086887136e-01 -3.958292312291999404e-01 1.028056027830023533e-01
2.810000562087197062e-01 -3.925377253260062815e-01 2.121158588011340107e-01
2.820000564087506989e-01 -3.869650846487288631e-01 3.196264506641858794e-01
2.830000566087816916e-01 -3.791712673857678961e-01 4.247311309786523936e-01
2.840000568088127952e-01 -3.692279001103445646e-01 5.268493543476585605e-01
2.850000570088437879e-01 -3.572175554447217793e-01 6.254290493144273322e-01
2.860000572088747806e-01 -3.432329888599289225e-01 7.199491268648343656e-01
2.870000574089058842e-01 -3.273763408602165526e-01 8.099217202685162764e-01
2.880000576089368769e-01 -3.097583107296787430e-01 8.948941530047297421e-01
2.890000578089679251e-01 -2.904973079104021805e-01 9.744506334092237765e-01
2.900000580089989732e-01 -2.697185869399604807e-01 1.048213676476933420e+00
2.910000582090300214e-01 -2.475533717039303527e-01 1.115845254957506416e+00
2.920000584090611251e-01 -2.241379745593986839e-01 1.177047683481573292e+00
2.930000586090921177e-01 -1.996129156609547373e-01 1.231564240948597400e+00
2.940000588091231104e-01 -1.741220475744151841e-01 1.279179537788791343e+00
2.950000590091542141e-01 -1.478116899983847043e-01 1.319719635979805794e+00
2.960000592091852067e-01 -1.208297791324196707e-01 1.353051930851804308e+00
2.970000594092161994e-01 -9.332503593614034643e-02 1.379084804729449276e+00
2.980000596092471921e-01 -6.544615721833220434e-02 1.397767063414211863e+00
2.990000598092781847e-01 -3.734103318156082457e-02 1.409087167277381258e+00
3.000000600093092884e-01 -9.155994728969087115e-03 1.413072269430893257e+00
3.010000602093402811e-01 1.896490648238293580e-02 1.409787074015018238e+00
3.020000604093712737e-01 4.688058258072085038e-02 1.399332528103372164e+00
3.030000606094023774e-01 7.445355627269130416e-02 1.381844361080925454e+00
3.040000608094334256e-01 1.015505678713598259e-01 1.357491485603164127e+00
3.050000610094644182e-01 1.280431408546681415e-01 1.326474274398584896e+00
3.060000612094955219e-01 1.538081045582855022e-01 1.289022727236645904e+00
3.070000614095265146e-01 1.787280729073054686e-01 1.245394542359062884e+00
3.080000616095575072e-01 2.026918783824613879e-01 1.195873106559222743e+00
3.090000618095886109e-01 2.255949606967971588e-01 1.140765417855976072e+00
3.100000620096194925e-01 2.473397099282369227e-01 1.080399954565864240e+00
3.110000622096505962e-01 2.678357641104406328e-01 1.015124504130307193e+00
3.120000624096815889e-01 2.870002615273570257e-01 9.453039647156552538e-01
3.130000626097125815e-01 3.047580481864637925e-01 8.713181321551504155e-01
3.140000628097436852e-01 3.210418411606570377e-01 7.935594843071555049e-01
3.150000630097746779e-01 3.357923486888597653e-01 7.124309743678838291e-01
3.160000632098057260e-01 3.489583481103600282e-01 6.283438441030134713e-01
3.170000634098367742e-01 3.604967228774090815e-01 5.417154673571029644e-01
3.180000636098678224e-01 3.703724600447064197e-01 4.529672335675559713e-01
3.190000638098988150e-01 3.785586097730861965e-01 3.625224803573007804e-01
3.200000640099299187e-01 3.850362085080256125e-01 2.708044836080413242e-01
3.210000642099609114e-01 3.897941676016655754e-01 1.782345127311737998e-01
3.220000644099919040e-01 3.928291292405172164e-01 8.522995818683977431e-02
3.230000646100230077e-01 3.941452916198087131e-01 -7.797462417349011916e-03
3.240000648100540004e-01 3.937542053699730205e-01 -1.004434139899633843e-01
3.250000650100849930e-01 3.916745432917850267e-01 -1.923125644101403575e-01
3.260000652101159857e-01 3.879318454944368222e-01 -2.830201114760033110e-01
3.270000654101469784e-01 3.825582420560293406e-01 -3.721932127131303836e-01
3.280000656101780820e-01 3.755921553390766388e-01 -4.594723150567782133e-01
3.290000658102090747e-01 3.670779840953649620e-01 -5.445123820511618140e-01
3.300000660102401229e-01 3.570657714854181819e-01 -6.269840168188599572e-01
3.310000662102712266e-01 3.456108591186725643e-01 -7.065744796423479857e-01
3.320000664103022192e-01 3.327735291918215155e-01 -7.829885995612836380e-01
3.330000666103332119e-01 3.186186367655229335e-01 -8.559495799120103721e-01
3.340000668103643156e-01 3.032152341742415658e-01 -9.251996982787684676e-01
3.350000670103953082e-01 2.866361895111392832e-01 -9.905009017766756019e-01
3.360000672104263009e-01 2.689578010705232503e-01 -1.051635299050858174e+00
3.370000674104572935e-01 2.502594095649172123e-01 -1.108405550796281780e+00
3.380000676104883972e-01 2.306230098630534797e-01 -1.160635160994029969e+00
3.390000678105193899e-01 2.101328639196096693e-01 -1.208168671420000395e+00
3.400000680105503825e-01 1.888751164880707878e-01 -1.250871762311694502e+00
3.410000682105814862e-01 1.669374151252263350e-01 -1.288631262377199160e+00
3.420000684106124789e-01 1.444085359100964472e-01 -1.321355071598719455e+00
3.430000686106435270e-01 1.213780162121918804e-01 -1.348972000522321357e+00
3.440000688106745752e-01 9.793579575443192575e-02 -1.371431529930593918e+00
3.450000690107056234e-01 7.417186712535206450e-02 -1.388703494968284824e+00
3.460000692107366160e-01 5.017593680384153237e-02 -1.400777697963767165e+00
3.470000694107677197e-01 2.603709766805872503e-02 -1.407663454288136773e+00
3.480000696107987124e-01 1.843513868929415366e-03 -1.409389075702544014e+00
3.490000698108297050e-01 -2.231788114193563113e-02 -1.406001295713938948e+00
3.500000700108608087e-01 -4.636167272958074959e-02 -1.397564641506638727e+00
3.510000702108916903e-01 -7.020423872610125071e-02 -1.384160757041089873e+00
3.520000704109227940e-01 -9.376400808818073640e-02 -1.365887681913379392e+00
3.530000706109537867e-01 -1.169617041201288093e-01 -1.342859090550457379e+00
3.540000708109847793e-01 -1.397205719027545534e-01 -1.315203496277904227e+00
3.550000710110158830e-01 -1.619665896477604505e-01 -1.283063424741748726e+00
3.560000712110468757e-01 -1.836286637739266425e-01 -1.246594561090457631e+00
3.570000714110779239e-01 -2.046388075749894231e-01 -1.205964875234016187e+00
3.580000716111090275e-01 -2.249323034195696569e-01 -1.161353729401865653e+00
3.590000718111400202e-01 -2.444478484908044202e-01 -1.112950972095083868e+00
3.600000720111710129e-01 -2.631276841370875363e-01 -1.060956022406147614e+00
3.610000722112021165e-01 -2.809177089656919035e-01 -1.005576948540348070e+00
3.620000724112331092e-01 -2.977675758678838269e-01 -9.470295442253791052e-01
3.630000726112641019e-01 -3.136307732173201912e-01 -8.855364065401792883e-01
3.640000728112952055e-01 -3.284646905331152222e-01 -8.213260185316099138e-01
3.650000730113260872e-01 -3.422306689449425288e-01 -7.546318398192043420e-01
3.660000732113571908e-01 -3.548940368398411094e-01 -6.856914082153149348e-01
3.670000734113881835e-01 -3.664241311091262499e-01 -6.147454552109340442e-01
3.680000736114191762e-01 -3.767943044489771021e-01 -5.420370379989140064e-01
3.690000738114502798e-01 -3.859819191999124266e-01 -4.678106905244553970e-01
3.700000740114812725e-01 -3.939683282385326168e-01 -3.923115958690877036e-01
3.710000742115123207e-01 -4.007388434597498605e-01 -3.157847820947825013e-01
3.720000744115434244e-01 -4.062826924092216574e-01 -2.384743434915700400e-01
3.730000746115744170e-01 -4.105929636440354136e-01 -1.606226889924051993e-01
3.740000748116054097e-01 -4.136665414149262587e-01 -8.246981934072825093e-02
3.750000750116365134e-01 -4.155040302755297899e-01 -4.252634421114212873e-03
3.760000752116675060e-01 -4.161096702335566611e-01 7.379572800867717497e-02
3.770000754116984987e-01 -4.154912430653847633e-01 1.514465211141652889e-01
3.780000756117294913e-01 -4.136599704195669247e-01 2.284759844027093867e-01
3.790000758117605950e-01 -4.106304043362503653e-01 3.046659050165680949e-01
3.800000760117915877e-01 -4.064203108086346661e-01 3.798041443076020096e-01
3.810000762118225803e-01 -4.010505470095049319e-01 4.536851292496023036e-01
3.820000764118535730e-01 -3.945449328006721545e-01 5.261103083847175066e-01
3.830000766118846767e-01 -3.869301171360123859e-01 5.968885721394620036e-01
3.840000768119157248e-01 -3.782354399598096828e-01 6.658366374753642569e-01
3.850000770119467175e-01 -3.684927901914381021e-01 7.327793969637181881e-01
3.860000772119778212e-01 -3.577364603751713168e-01 7.975502324912830954e-01
3.870000774120088138e-01 -3.460029985602722236e-01 8.599912939150452518e-01
3.880000776120398065e-01 -3.333310579615231251e-01 9.199537430883512057e-01
3.890000778120709102e-01 -3.197612449342395191e-01 9.772979637784133811e-01
3.900000780121019028e-01 -3.053359657806331562e-01 1.031893738086088197e+00
3.910000782121328955e-01 -2.900992728862648029e-01 1.083620390060785477e+00
3.920000784121638882e-01 -2.740967106664040642e-01 1.132366897288696439e+00
3.930000786121949918e-01 -2.573751617824548421e-01 1.178031971296602087e+00
3.940000788122259845e-01 -2.399826940684116339e-01 1.220524107674489267e+00
3.950000790122569772e-01 -2.219684085866281964e-01 1.259761606888787133e+00
3.960000792122880808e-01 -2.033822892110611069e-01 1.295672566803543813e+00
3.970000794123190735e-01 -1.842750541147508692e-01 1.328194847974357939e+00
3.980000796123501217e-01 -1.646980095167364377e-01 1.357276012819847999e+00
3.990000798123812253e-01 -1.447029060219070518e-01 1.382873239809895960e+00
4.000000800124122180e-01 -1.243417978655267098e-01 1.404953213838783244e+00
4.010000802124432107e-01 -1.036669053525084566e-01 1.423491993974814740e+00
4.020000804124743143e-01 -8.273048075994260397e-02 1.438474859796485594e+00
4.030000806125053070e-01 -6.158467794999642614e-02 1.449896137534151030e+00
4.040000808125362997e-01 -4.028142591912944881e-02 1.457759007262662276e+00
4.050000810125672923e-01 -1.887230648869858696e-02 1.462075292372872148e+00
4.060000812125982850e-01 2.591563678383774355e-03 1.462865232553973494e+00
4.070000814126293887e-01 2.405964657034066062e-02 1.460157241528129646e+00
4.080000816126603813e-01 4.548209168363597649e-02 1.453987650760492967e+00
4.090000818126913740e-01 6.680984011870468031e-02 1.444400440359136173e+00
4.100000820127224777e-01 8.799472380708744934e-02 1.431446958365068634e+00
4.110000822127535258e-01 1.089895597807893218e-01 1.415185629614994500e+00
4.120000824127845185e-01 1.297482394121755034e-01 1.395681655339205518e+00
4.130000826128156222e-01 1.502258125694888868e-01 1.373006704634049058e+00
4.140000828128466148e-01 1.703785666493428663e-01 1.347238598923056196e+00
4.150000830128776075e-01 1.901641004630483800e-01 1.318460990493351526e+00
4.160000832129087112e-01 2.095413929684936671e-01 1.286763036160968765e+00
4.170000834129395928e-01 2.284708668535067599e-01 1.252239067092177471e+00
4.180000836129706965e-01 2.469144469903224726e-01 1.214988255798530536e+00
4.190000838130016891e-01 2.648356137934247401e-01 1.175114281218028189e+00
4.200000840130326818e-01 2.821994515250770830e-01 1.132724992836166011e+00
4.210000842130637855e-01 2.989726916044367910e-01 1.087932074727936627e+00
4.220000844130947781e-01 3.151237509868400344e-01 1.040850710369808141e+00
4.230000846131258263e-01 3.306227656899100031e-01 9.915992490332922182e-01
4.240000848131568745e-01 3.454416195524766531e-01 9.402988745332458986e-01
4.250000850131879226e-01 3.595539683209822979e-01 8.870732770652782762e-01
4.260000852132189153e-01 3.729352591660906602e-01 8.320483288273429201e-01
4.270000854132500190e-01 3.855627457395544022e-01 7.753517640815610346e-01
4.280000856132810116e-01 3.974154988881203332e-01 7.171128642730045799e-01
4.290000858133120043e-01 4.084744131473597162e-01 6.574621487829303002e-01
4.300000860133431080e-01 4.187222091437343141e-01 5.965310718522426336e-01
4.310000862133741006e-01 4.281434320381975467e-01 5.344517261893828586e-01
4.320000864134050933e-01 4.367244461488930529e-01 4.713565537075890544e-01
4.330000866134360860e-01 4.444534258941643667e-01 4.073780638230554141e-01
4.340000868134671896e-01 4.513203432003384807e-01 3.426485597044923170e-01
4.350000870134981823e-01 4.573169515214452474e-01 2.772998728247504374e-01
4.360000872135291750e-01 4.624367666201791849e-01 2.114631061312408356e-01
4.370000874135602231e-01 4.666750442610824723e-01 1.452683861173016122e-01
4.380000876135913268e-01 4.700287549681667065e-01 7.884462404336865793e-02
4.390000878136223195e-01 4.724965559999435571e-01 1.231928652366687769e-02
4.400000880136533121e-01 4.740787606952033828e-01 -5.418182433725931418e-02
4.410000882136844158e-01 4.747773053428219758e-01 -1.205347811046205975e-01
4.420000884137154085e-01 4.745957137284496086e-01 -1.866177313462115683e-01
4.430000886137464011e-01 4.735390595101450217e-01 -2.523110880414317081e-01
4.440000888137773938e-01 4.716139265739089925e-01 -3.174977099991457830e-01
4.450000890138084975e-01 4.688283675185988542e-01 -3.820630722470783058e-01
4.460000892138394901e-01 4.651918604179539618e-01 -4.458954263700605769e-01
4.470000894138704828e-01 4.607152640054522630e-01 -5.088859508078281690e-01
4.480000896139015865e-01 4.554107714254482242e-01 -5.709288911423575641e-01
4.490000898139325791e-01 4.492918626914886304e-01 -6.319216904271628410e-01
4.500000900139636273e-01 4.423732559900029893e-01 -6.917651096312804615e-01
4.510000902139946755e-01 4.346708579645751636e-01 -7.503633382902349380e-01
4.520000904140257236e-01 4.262017131129098857e-01 -8.076240954746231049e-01
4.530000906140567163e-01 4.169839524252851315e-01 -8.634587212039706028e-01
4.540000908140878200e-01 4.070367413898581255e-01 -9.177822584497525860e-01
4.550000910141188126e-01 3.963802274865914077e-01 -9.705135258861703473e-01
4.560000912141498053e-01 3.850354872878847257e-01 -1.021575181560516965e+00
4.570000914141809090e-01 3.730244732802307506e-01 -1.070893777664019497e+00
4.580000916142117906e-01 3.603699605172320797e-01 -1.118399806620956172e+00
4.590000918142428943e-01 3.470954932103738066e-01 -1.164027738677904100e+00
4.600000920142738869e-01 3.332253313600247457e-01 -1.207716051222684328e+00
4.610000922143048796e-01 3.187843975249768369e-01 -1.249407250059568320e+00
4.620000924143359833e-01 3.037982238247525224e-01 -1.289047882874172712e+00
4.630000926143669759e-01 2.882928992647877942e-01 -1.326588545129476993e+00
4.640000928143980241e-01 2.722950174704354409e-01 -1.361983878640320667e+00
4.650000930144290723e-01 2.558316249116088237e-01 -1.395192563079149517e+00
4.660000932144601204e-01 2.389301696957561172e-01 -1.426177300670102399e+00
4.670000934144911131e-01 2.216184510027025267e-01 -1.454904794332201545e+00
4.680000936145222168e-01 2.039245692308575553e-01 -1.481345719535287708e+00
4.690000938145532094e-01 1.858768769201757098e-01 -1.505474690134482207e+00
4.700000940145842021e-01 1.675039305133190770e-01 -1.527270218443276484e+00
4.710000942146153058e-01 1.488344430124335926e-01 -1.546714669832810474e+00
4.720000944146461874e-01 1.298972375849657412e-01 -1.563794212113619686e+00
4.730000946146772911e-01 1.107212021682539155e-01 -1.578498759958044451e+00
4.740000948147082838e-01 9.133524511882804009e-02 -1.590821914643815393e+00
4.750000950147392764e-01 7.176825194855926404e-02 -1.600760899380174296e+00
4.760000952147703801e-01 5.204904318622166626e-02 -1.608316490479916316e+00
4.770000954148013728e-01 3.220633339948411611e-02 -1.613492944638355242e+00
4.780000956148324209e-01 1.226869140885515283e-02 -1.616297922577299095e+00
4.790000958148635246e-01 -7.735498278237855872e-03 -1.616742409308753459e+00
4.800000960148945173e-01 -2.777807278833633806e-02 -1.614840631269430338e+00
4.810000962149255099e-01 -4.783112693612177890e-02 -1.610609970573058103e+00
4.820000964149566136e-01 -6.786704799324727588e-02 -1.604070876623097774e+00
4.830000966149876063e-01 -8.785854915618217242e-02 -1.595246775321483179e+00
4.840000968150185989e-01 -1.077787017003270092e-01 -1.584163976106389038e+00
4.850000970150495916e-01 -1.276009658105343725e-01 -1.570851577065371263e+00
4.860000972150806953e-01 -1.472992200807679841e-01 -1.555341368313575057e+00
4.870000974151116879e-01 -1.668477896781693504e-01 -1.537667733874304998e+00
4.880000976151426806e-01 -1.862214731693567216e-01 -1.517867552269164699e+00
4.890000978151737843e-01 -2.053955680091310299e-01 -1.495980096022166528e+00
4.900000980152047769e-01 -2.243458946940613818e-01 -1.472046930276627918e+00
4.910000982152358251e-01 -2.430488195855624034e-01 -1.446111810717416013e+00
4.920000984152668178e-01 -2.614812764091432595e-01 -1.418220580984881130e+00
4.930000986152979214e-01 -2.796207864385056308e-01 -1.388421069760237936e+00
4.940000988153289141e-01 -2.974454773749784509e-01 -1.356762987695908862e+00
4.950000990153599068e-01 -3.149341009345963949e-01 -1.323297824357656305e+00
4.960000992153910104e-01 -3.320660491567550832e-01 -1.288078745338654629e+00
4.970000994154220031e-01 -3.488213694499182616e-01 -1.251160489695112510e+00
4.980000996154529957e-01 -3.651807783914292616e-01 -1.212599267866476538e+00
4.990000998154839884e-01 -3.811256742998191949e-01 -1.172452660203052277e+00
5.000001000155150921e-01 -3.966381485992026001e-01 -1.130779516240294047e+00
5.010001002155460847e-01 -4.117009959966325128e-01 -1.087639854850852794e+00
5.020001004155771884e-01 -4.262977234943792770e-01 -1.043094765394031231e+00
5.030001006156081811e-01 -4.404125582601086664e-01 -9.972063099777385142e-01
5.040001008156391737e-01 -4.540304543789200342e-01 -9.500374269415744477e-01
5.050001010156702774e-01 -4.671370985119889796e-01 -9.016518356636967768e-01
5.060001012157012701e-01 -4.797189144874032807e-01 -8.521139427877908457e-01
5.070001014157322627e-01 -4.917630668494670787e-01 -8.014887499606687671e-01
5.080001016157632554e-01 -5.032574633933413200e-01 -7.498417631648948145e-01
5.090001018157943591e-01 -5.141907567124960332e-01 -6.972389037251695010e-01
5.100001020158253517e-01 -5.245523447868855049e-01 -6.437464210605589043e-01
5.110001022158563444e-01 -5.343323706402227646e-01 -5.894308072521537989e-01
5.120001024158874481e-01 -5.435217210950692435e-01 -5.343587134895385615e-01
5.130001026159184407e-01 -5.521120246547497334e-01 -4.785968684460137901e-01
5.140001028159494334e-01 -5.600956485412940111e-01 -4.222119986398829572e-01
5.150001030159805371e-01 -5.674656949188227051e-01 -3.652707508269049108e-01
5.160001032160115297e-01 -5.742159963319029004e-01 -3.078396164654265688e-01
5.170001034160425224e-01 -5.803411103884734690e-01 -2.499848582910088046e-01
5.180001036160736261e-01 -5.858363137169388946e-01 -1.917724390329217932e-01
5.190001038161046187e-01 -5.906975952270018260e-01 -1.332679523002811839e-01
5.200001040161356114e-01 -5.949216487037481960e-01 -7.453655566126053678e-02
5.210001042161667151e-01 -5.985058647643395346e-01 -1.564290593475219440e-02
5.220001044161977077e-01 -6.014483222065375445e-01 4.334890329007286963e-02
5.230001046162287004e-01 -6.037477787780688443e-01 1.023754018951080758e-01
5.240001048162598041e-01 -6.054036613955939838e-01 1.613738012269153310e-01
5.250001050162907967e-01 -6.064160558418008051e-01 2.202820498398955495e-01
5.260001052163217894e-01 -6.067856959688064933e-01 2.790388869877584166e-01
5.270001054163528931e-01 -6.065139524357232581e-01 3.375838938652733212e-01
5.280001056163838857e-01 -6.056028210078790996e-01 3.958575426062737601e-01
5.290001058164148784e-01 -6.040549104448006412e-01 4.538012430466142888e-01
5.300001060164459821e-01 -6.018734300036479024e-01 5.113573872634225026e-01
5.310001062164769747e-01 -5.990621765843455737e-01 5.684693919049019772e-01
5.320001064165079674e-01 -5.956255215422084914e-01 6.250817383274528405e-01
5.330001066165390711e-01 -5.915683971933604068e-01 6.811400105591898235e-01
5.340001068165700637e-01 -5.868962830377778550e-01 7.365909311113526536e-01
5.350001070166010564e-01 -5.816151917242462499e-01 7.913823946613114391e-01
5.360001072166321601e-01 -5.757316547810148455e-01 8.454634996326861884e-01
5.370001074166631527e-01 -5.692527081353891960e-01 8.987845777002176906e-01
5.380001076166941454e-01 -5.621858774449387530e-01 9.512972212479604561e-01
5.390001078167252491e-01 -5.545391632624754319e-01 1.002954308808192918e+00
5.400001080167562417e-01 -5.463210260563360343e-01 1.053710028530432607e+00
5.410001082167872344e-01 -5.375403711069208779e-01 1.103519899693096828e+00
5.420001084168183381e-01 -5.282065332999302809e-01 1.152340792302866124e+00
5.430001086168493307e-01 -5.183292618360916260e-01 1.200130944818272427e+00
5.440001088168803234e-01 -5.079187048765889667e-01 1.246849980034461902e+00
5.450001090169114271e-01 -4.969853941428365451e-01 1.292458919167615683e+00
5.460001092169424197e-01 -4.855402294886124737e-01 1.336920194178639942e+00
5.470001094169734124e-01 -4.735944634619781435e-01 1.380197658376527414e+00
5.480001096170045161e-01 -4.611596858738394311e-01 1.422256595342345165e+00
5.490001098170355087e-01 -4.482478083893788323e-01 1.463063726215617866e+00
5.500001100170665014e-01 -4.348710491579956816e-01 1.502587215385388753e+00
5.510001102170976051e-01 -4.210419174968400569e-01 1.540796674628533314e+00
5.520001104171285977e-01 -4.067731986423999135e-01 1.577663165738524276e+00
5.530001106171595904e-01 -3.920779385840157949e-01 1.613159201687285327e+00
5.540001108171906941e-01 -3.769694289926894815e-01 1.647258746361222270e+00
5.550001110172216867e-01 -3.614611922578836456e-01 1.679937212928873658e+00
5.560001112172526794e-01 -3.455669666444594612e-01 1.711171460865382299e+00
5.570001114172837831e-01 -3.293006915814378766e-01 1.740939791686965554e+00
5.580001116173147757e-01 -3.126764930936266618e-01 1.769221943438898492e+00
5.590001118173457684e-01 -2.957086693866208815e-01 1.795999083980133859e+00
5.600001120173768721e-01 -2.784116765951977768e-01 1.821253803108152880e+00
5.610001122174078647e-01 -2.608001147045530543e-01 1.844970103567502129e+00
5.620001124174388574e-01 -2.428887136533071922e-01 1.867133390985257435e+00
5.630001126174698500e-01 -2.246923196267540390e-01 1.887730462776195939e+00
5.640001128175009537e-01 -2.062258815482588825e-01 1.906749496060347271e+00
5.650001130175319464e-01 -1.875044377762801473e-01 1.924180034634990211e+00
5.660001132175629390e-01 -1.685431030139510622e-01 1.940012975042934018e+00
5.670001134175940427e-01 -1.493570554377619541e-01 1.954240551778304580e+00
5.680001136176250354e-01 -1.299615240513742054e-01 1.966856321669676166e+00
5.690001138176560280e-01 -1.103717762701647009e-01 1.977855147478160047e+00
5.700001140176871317e-01 -9.060310574165471309e-02 1.987233180766766472e+00
5.710001142177181244e-01 -7.067082040652622466e-02 1.994987844056318238e+00
5.720001144177491170e-01 -5.059023080457050042e-02 2.001117812319010536e+00
5.730001146177802207e-01 -3.037663862951109697e-02 2.005622993846587043e+00
5.740001148178112134e-01 -1.004532553620294220e-02 2.008504510529565135e+00
5.750001150178422060e-01 1.038845779667208272e-02 2.009764677584080061e+00
5.760001152178733097e-01 3.090950234560010598e-02 2.009406982762217631e+00
5.770001154179043024e-01 5.150265116052740733e-02 2.007436065080927090e+00
5.780001156179352950e-01 7.215280952040577234e-02 2.003857693104040383e+00
5.790001158179663987e-01 9.284495482422042145e-02 1.998678742810964248e+00
5.800001160179975024e-01 1.135641462161200432e-01 1.991907175085084081e+00
5.810001162180286061e-01 1.342955339435698559e-01 1.983552012854015389e+00
5.820001164180595987e-01 1.550243684477184969e-01 1.973623317913129505e+00
5.830001166180907024e-01 1.757360091855098283e-01 1.962132167462515842e+00
5.840001168181218061e-01 1.964159331832802391e-01 1.949090630386248968e+00
5.850001170181529098e-01 2.170497433219711614e-01 1.934511743310286080e+00
5.860001172181840134e-01 2.376231763542490660e-01 1.918409486456443158e+00
5.870001174182151171e-01 2.581221106540942389e-01 1.900798759325964093e+00
5.880001176182462208e-01 2.785325736996752677e-01 1.881695356238779704e+00
5.890001178182773245e-01 2.988407492905523211e-01 1.861115941754096781e+00
5.900001180183084282e-01 3.190329845004704623e-01 1.839078025997454180e+00
5.910001182183395319e-01 3.390957963672152076e-01 1.815599939918604244e+00
5.920001184183706355e-01 3.590158783212028526e-01 1.790700810503809581e+00
5.930001186184016282e-01 3.787801063546649694e-01 1.764400535965372496e+00
5.940001188184327319e-01 3.983755449334906440e-01 1.736719760930387269e+00
5.950001190184638356e-01 4.177894526539021602e-01 1.707679851650086178e+00
5.960001192184949392e-01 4.370092876464001241e-01 1.677302871250167859e+00
5.970001194185260429e-01 4.560227127294733118e-01 1.645611555041956109e+00
5.980001196185571466e-01 4.748176003157743019e-01 1.612629285913097732e+00
5.990001198185882503e-01 4.933820370735622074e-01 1.578380069815504605e+00
6.000001200186193540e-01 5.117043283463955650e-01 1.542888511372547011e+00
6.010001202186504576e-01 5.297730023341347128e-01 1.506179789615456732e+00
6.020001204186815613e-01 5.475768140384377203e-01 1.468279633869055356e+00
6.030001206187125540e-01 5.651047489760347986e-01 1.429214299801700339e+00
6.040001208187436577e-01 5.823460266631985682e-01 1.389010545654085993e+00
6.050001210187747613e-01 5.992901038748527087e-01 1.347695608660965272e+00
6.060001212188058650e-01 6.159266776819432021e-01 1.305297181679123231e+00
6.070001214188369687e-01 6.322456882706736225e-01 1.261843390034500301e+00
6.080001216188680724e-01 6.482373215473523631e-01 1.217362768600449119e+00
6.090001218188991761e-01 6.638920115326211180e-01 1.171884239118716975e+00
6.100001220189302797e-01 6.792004425489198693e-01 1.125437087773973444e+00
6.110001222189613834e-01 6.941535512050749368e-01 1.078050943032222486e+00
6.120001224189924871e-01 7.087425281819638156e-01 1.029755753752717773e+00
6.130001226190235908e-01 7.229588198232358431e-01 9.805817675824725077e-01
6.140001228190545834e-01 7.367941295351085884e-01 9.305595096418471934e-01
6.150001230190856871e-01 7.502404189993101546e-01 8.797197615100476042e-01
6.160001232191167908e-01 7.632899092032225941e-01 8.280935405165995578e-01
6.170001234191478945e-01 7.759350812913498041e-01 7.757120793465168695e-01
6.180001236191789982e-01 7.881686772422110687e-01 7.226068059656249876e-01
6.190001238192101018e-01 7.999837003747929387e-01 6.688093238717494060e-01
6.200001240192412055e-01 8.113734156886925897e-01 6.143513926774036848e-01
6.210001242192723092e-01 8.223313500421013389e-01 5.592649090288269731e-01
6.220001244193034129e-01 8.328512921717552420e-01 5.035818878659183984e-01
6.230001246193345166e-01 8.429272925589988974e-01 4.473344440272045697e-01
6.240001248193656203e-01 8.525536631460772785e-01 3.905547742033907976e-01
6.250001250193966129e-01 8.617249769067798493e-01 3.332751392428100479e-01
6.260001252194277166e-01 8.704360672755345751e-01 2.755278468115053281e-01
6.270001254194588203e-01 8.786820274390251262e-01 2.173452344105146761e-01
6.280001256194899240e-01 8.864582094944046808e-01 1.587596527522403544e-01
6.290001258195210276e-01 8.937602234781357735e-01 9.980344949772140817e-02
6.300001260195521313e-01 9.005839362694629813e-01 4.050895335609497327e-02
6.310001262195832350e-01 9.069254703725105893e-01 -1.909154145282425385e-02
6.320001264196143387e-01 9.127812025809409757e-01 -7.896579037209229546e-02
6.330001266196454424e-01 9.181477625290931366e-01 -1.390816133170278412e-01
6.340001268196765460e-01 9.230220311334809136e-01 -1.994069091203969080e-01
6.350001270197076497e-01 9.274011389284871898e-01 -2.599096696136540818e-01
6.360001272197386424e-01 9.312824643000510161e-01 -3.205579933447764152e-01
6.370001274197697461e-01 9.346636316211152096e-01 -3.813200989335474023e-01
6.380001276198008497e-01 9.375425092925289139e-01 -4.421643380652656719e-01
6.390001278198319534e-01 9.399172076930883968e-01 -5.030592081243414615e-01
6.400001280198630571e-01 9.417860770423291950e-01 -5.639733644692416226e-01
6.410001282198941608e-01 9.431477051796388622e-01 -6.248756323506230448e-01
6.420001284199252645e-01 9.440009152632173883e-01 -6.857350184746731081e-01
6.430001286199563681e-01 9.443447633923490736e-01 -7.465207222138747767e-01
6.440001288199874718e-01 9.441785361564104528e-01 -8.072021464677524571e-01
6.450001290200185755e-01 9.435017481139748030e-01 -8.677489081756479816e-01
6.460001292200496792e-01 9.423141392053333565e-01 -9.281308484850721019e-01
6.470001294200806718e-01 9.406156721016754041e-01 -9.883180425781861178e-01
6.480001296201117755e-01 9.384065294941467128e-01 -1.048280809159622295e+00
6.490001298201428792e-01 9.356871113259129791e-01 -1.107989719608830859e+00
6.500001300201739829e-01 9.324580319703323905e-01 -1.167415606800502825e+00
6.510001302202050866e-01 9.287201173582569913e-01 -1.226529573596541578e+00
6.520001304202361903e-01 9.244744020574421350e-01 -1.285303001013275326e+00
6.530001306202672939e-01 9.197221263069806918e-01 -1.343707556067737396e+00
6.540001308202983976e-01 9.144647330096143945e-01 -1.401715199306905468e+00
6.550001310203295013e-01 9.087038646847253043e-01 -1.459298192023931851e+00
6.560001312203606050e-01 9.024413603847455390e-01 -1.516429103165473968e+00
6.570001314203915976e-01 8.956792525776705594e-01 -1.573080815934330801e+00
6.580001316204227013e-01 8.884197639982880368e-01 -1.629226534092028444e+00
6.590001318204538050e-01 8.806653044706960198e-01 -1.684839787965820790e+00
6.600001320204849087e-01 8.724184677046152858e-01 -1.739894440161484201e+00
6.610001322205160124e-01 8.636820280679406991e-01 -1.794364690991530953e+00
6.620001324205471160e-01 8.544589373379277708e-01 -1.848225083620316900e+00
6.630001326205782197e-01 8.447523214333247932e-01 -1.901450508931104011e+00
6.640001328206093234e-01 8.345654771297441599e-01 -1.954016210119857488e+00
6.650001330206404271e-01 8.239018687604708902e-01 -2.005897787020479051e+00
6.660001332206715308e-01 8.127651249048792881e-01 -2.057071200166198821e+00
6.670001334207026344e-01 8.011590350665467319e-01 -2.107512774591890903e+00
6.680001336207336271e-01 7.890875463431143988e-01 -2.157199203382111019e+00
6.690001338207647308e-01 7.765547600898823344e-01 -2.206107550969681252e+00
6.700001340207958345e-01 7.635649285790734320e-01 -2.254215256189581851e+00
6.710001342208269381e-01 7.501224516566327161e-01 -2.301500135093078381e+00
6.720001344208580418e-01 7.362318733983985730e-01 -2.347940383526880836e+00
6.730001346208891455e-01 7.218978787674021902e-01 -2.393514579482179716e+00
6.740001348209202492e-01 7.071252902740187141e-01 -2.438201685218412074e+00
6.750001350209513529e-01 6.919190646406262468e-01 -2.481981049166650077e+00
6.760001352209824566e-01 6.762842894723839482e-01 -2.524832407617363828e+00
6.770001354210135602e-01 6.602261799356952121e-01 -2.566735886197449190e+00
6.780001356210446639e-01 6.437500754458433949e-01 -2.607672001141323470e+00
6.790001358210756566e-01 6.268614363652561527e-01 -2.647621660367145857e+00
6.800001360211067603e-01 6.095658407137880541e-01 -2.686566164347832242e+00
6.810001362211378639e-01 5.918689808924789686e-01 -2.724487206783804627e+00
6.820001364211689676e-01 5.737766604220264632e-01 -2.761366875104161789e+00
6.830001366212000713e-01 5.552947906972195424e-01 -2.797187650779565882e+00
6.840001368212311750e-01 5.364293877585678549e-01 -2.831932409457588395e+00
6.850001370212622787e-01 5.171865690822982087e-01 -2.865584420925136655e+00
6.860001372212933823e-01 4.975725503898397184e-01 -2.898127348902570066e+00
6.870001374213244860e-01 4.775936424778818856e-01 -2.929545250674033152e+00
6.880001376213555897e-01 4.572562480700386733e-01 -2.959822576558566620e+00
6.890001378213866934e-01 4.365668586911187199e-01 -2.988944169226415148e+00
6.900001380214176860e-01 4.155320515649464919e-01 -3.016895262864997651e+00
6.910001382214487897e-01 3.941584865366399848e-01 -3.043661482198945389e+00
6.920001384214798934e-01 3.724529030202430313e-01 -3.069228841368459637e+00
6.930001386215109971e-01 3.504221169724990315e-01 -3.093583742670389825e+00
6.940001388215421008e-01 3.280730178935921670e-01 -3.116712975166188393e+00
6.950001390215732044e-01 3.054125658555928990e-01 -3.138603713160979858e+00
6.960001392216043081e-01 2.824477885593281168e-01 -3.159243514557838584e+00
6.970001394216354118e-01 2.591857784203522863e-01 -3.178620319091419510e+00
6.980001396216665155e-01 2.356336896846647766e-01 -3.196722446444893340e+00
6.990001398216976192e-01 2.117987355747765477e-01 -3.213538594255225256e+00
7.000001400217287229e-01 1.876881854666365423e-01 -3.229057836023878192e+00
7.010001402217597155e-01 1.633093620980556326e-01 -3.243269618885238348e+00
7.020001404217908192e-01 1.386696388091741006e-01 -3.256163761298155102e+00
7.030001406218219229e-01 1.137764368153782180e-01 -3.267730450643073770e+00
7.040001408218530266e-01 8.863722251306375977e-02 -3.277960240720647622e+00
7.050001410218841302e-01 6.325950481871966957e-02 -3.286844049160308590e+00
7.060001412219152339e-01 3.765083254170101951e-02 -3.294373154742393339e+00
7.070001414219463376e-01 1.181879179104831402e-02 -3.300539194637325924e+00
7.080001416219774413e-01 -1.422899658331961033e-02 -3.305334161565309348e+00
7.090001418220085450e-01 -4.048487951474011998e-02 -3.308750400879911790e+00
7.100001420220396486e-01 -6.694117420899552140e-02 -3.310780607578890589e+00
7.110001422220706413e-01 -9.359017059830662677e-02 -3.311417823245509595e+00
7.120001424221017450e-01 -1.204241337599281508e-01 -3.310655432923576225e+00
7.130001426221328487e-01 -1.474353062991039520e-01 -3.308487161929326792e+00
7.140001428221639523e-01 -1.746159106962698326e-01 -3.304907072603261664e+00
7.150001430221950560e-01 -2.019581516183088510e-01 -3.299909561004974012e+00
7.160001432222261597e-01 -2.294542181937513081e-01 -3.293489353553896937e+00
7.170001434222572634e-01 -2.570962862518106351e-01 -3.285641503618926595e+00
7.180001436222883671e-01 -2.848765205251726496e-01 -3.276361388059732427e+00
7.190001438223194707e-01 -3.127870768164740523e-01 -3.265644703722573094e+00
7.200001440223505744e-01 -3.408201041284502075e-01 -3.253487463898504295e+00
7.210001442223816781e-01 -3.689677467577761605e-01 -3.239885994747073283e+00
7.220001444224126708e-01 -3.972221463524446827e-01 -3.224836931642496296e+00
7.230001446224437744e-01 -4.255754439327200100e-01 -3.208337215526560371e+00
7.240001448224748781e-01 -4.540197818757831794e-01 -3.190384089218200270e+00
7.250001450225059818e-01 -4.825473058641248092e-01 -3.170975093691519309e+00
7.260001452225370855e-01 -5.111501667976967589e-01 -3.150108064326166080e+00
7.270001454225681892e-01 -5.398205226699259729e-01 -3.127781127132418959e+00
7.280001456225992928e-01 -5.685505404076734992e-01 -3.103992694953206399e+00
7.290001458226303965e-01 -5.973323976752600295e-01 -3.078741463645298992e+00
7.300001460226615002e-01 -6.261582846426690940e-01 -3.052026408241810262e+00
7.310001462226926039e-01 -6.550204057180808448e-01 -3.023846779098146254e+00
7.320001464227237076e-01 -6.839109812448703751e-01 -2.994202098023396541e+00
7.330001466227547002e-01 -7.128222491632493218e-01 -2.963092154399213918e+00
7.340001468227858039e-01 -7.417464666367261650e-01 -2.930517001288065249e+00
7.350001470228169076e-01 -7.706759116435430990e-01 -2.896476951532835908e+00
7.360001472228480113e-01 -7.996028845333379431e-01 -2.860972573849520195e+00
7.370001474228791150e-01 -8.285197095491994013e-01 -2.824004688914844241e+00
7.380001476229102186e-01 -8.574187363153511487e-01 -2.785574365450571577e+00
7.390001478229413223e-01 -8.862923412906946741e-01 -2.745682916306121157e+00
7.400001480229724260e-01 -9.151329291884425787e-01 -2.704331894541196046e+00
7.410001482230035297e-01 -9.439329343621455370e-01 -2.661523089519917562e+00
7.420001484230346334e-01 -9.726848221583349607e-01 -2.617258522991497305e+00
7.430001486230657370e-01 -1.001381090235934579e+00 -2.571540445169696820e+00
7.440001488230967297e-01 -1.030014269852787434e+00 -2.524371330840203598e+00
7.450001490231278334e-01 -1.058576927119659228e+00 -2.475753875466021103e+00
7.460001492231589371e-01 -1.087061664221903090e+00 -2.425690991301756583e+00
7.470001494231900407e-01 -1.115461120609151591e+00 -2.374185803517975479e+00
7.480001496232211444e-01 -1.143767974153278022e+00 -2.321241646336996922e+00
7.490001498232522481e-01 -1.171974942274961462e+00 -2.266862059181323552e+00
7.500001500232833518e-01 -1.200074783039148496e+00 -2.211050782835895401e+00
7.510001502233144555e-01 -1.228060296219740444e+00 -2.153811755625319790e+00
7.520001504233455591e-01 -1.255924324333815179e+00 -2.095149109607175486e+00
7.530001506233766628e-01 -1.283659753645715274e+00 -2.035067166782460024e+00
7.540001508234076555e-01 -1.311259515141323551e+00 -1.973570435324243810e+00
7.550001510234387592e-01 -1.338716585472881082e+00 -1.910663605825402067e+00
7.560001512234698628e-01 -1.366023987874634305e+00 -1.846351547566587037e+00
7.570001514235009665e-01 -1.393174793049709814e+00 -1.780639304805128331e+00
7.580001516235320702e-01 -1.420162120028526154e+00 -1.713532093085888164e+00
7.590001518235631739e-01 -1.446979136999085425e+00 -1.645035295574869050e+00
7.600001520235942776e-01 -1.473619062109511324e+00 -1.575154459416375996e+00
7.610001522236253813e-01 -1.500075164243170445e+00 -1.503895292115070337e+00
7.620001524236564849e-01 -1.526340763766786734e+00 -1.431263657949183532e+00
7.630001526236875886e-01 -1.552409233251816678e+00 -1.357265574390966290e+00
7.640001528237186923e-01 -1.578273998169405612e+00 -1.281907208567599321e+00
7.650001530237496850e-01 -1.603928537559379031e+00 -1.205194873749394047e+00
7.660001532237807886e-01 -1.629366384673618162e+00 -1.127135025863342799e+00
7.670001534238118923e-01 -1.654581127594130674e+00 -1.047734260035052323e+00
7.680001536238429960e-01 -1.679566409826236173e+00 -9.669993071594532585e-01
7.690001538238740997e-01 -1.704315930867165152e+00 -8.849370305009434112e-01
7.700001540239052034e-01 -1.728823446750473725e+00 -8.015544223233900256e-01
7.710001542239363070e-01 -1.753082770566616544e+00 -7.168586005505337422e-01
7.720001544239674107e-01 -1.777087772960036283e+00 -6.308568054571596084e-01
7.730001546239985144e-01 -1.800832382603140269e+00 -5.435563963915097663e-01
7.740001548240296181e-01 -1.824310586647514221e+00 -4.549648485293202316e-01
7.750001550240607218e-01 -1.847516431152742777e+00 -3.650897496598446978e-01
7.760001552240917144e-01 -1.870444021493180342e+00 -2.739387970042281295e-01
7.770001554241228181e-01 -1.893087522743054363e+00 -1.815197940664912690e-01
7.780001556241539218e-01 -1.915441160040215696e+00 -8.784064751757432454e-02
7.790001558241850255e-01 -1.937499218928944167e+00 7.090635887479317979e-03
7.800001560242161291e-01 -1.959256045682124858e+00 1.032659523587970141e-01
7.810001562242472328e-01 -1.980706047603161490e+00 2.006771040872306899e-01
7.820001564242783365e-01 -2.001843693307986172e+00 2.993158022264308937e-01
7.830001566243094402e-01 -2.022663512987525891e+00 3.991736698421934904e-01
7.840001568243405439e-01 -2.043160098650917522e+00 5.002422448240123609e-01
7.850001570243716476e-01 -2.063328104349845038e+00 6.025129827640101077e-01
7.860001572244027512e-01 -2.083162246384356653e+00 7.059772598012630240e-01
7.870001574244337439e-01 -2.102657303490523599e+00 8.106263754313465242e-01
7.880001576244648476e-01 -2.121808117010242523e+00 9.164515552811339782e-01
7.890001578244959513e-01 -2.140609591043523885e+00 1.023443953848588661e+00
7.900001580245270549e-01 -2.159056692583634529e+00 1.131594657207715793e+00
7.910001582245581586e-01 -2.177144451635383948e+00 1.240894685678441522e+00
7.920001584245892623e-01 -2.194867961316918414e+00 1.351334996461462268e+00
7.930001586246203660e-01 -2.212222377945327612e+00 1.462906486238021220e+00
7.940001588246514697e-01 -2.229202921106410606e+00 1.575599993734613902e+00
7.950001590246825733e-01 -2.245804873708901361e+00 1.689406302252624226e+00
7.960001592247136770e-01 -2.262023582023491297e+00 1.804316142162909475e+00
7.970001594247447807e-01 -2.277854455706963765e+00 1.920320193365379069e+00
7.980001596247757734e-01 -2.293292967811746852e+00 2.037409087713585087e+00
7.990001598248068770e-01 -2.308334654781205142e+00 2.155573411404467343e+00
8.000001600248379807e-01 -2.322975116430964437e+00 2.274803707333137304e+00
8.010001602248690844e-01 -2.337210015916601602e+00 2.395090477413023944e+00
8.020001604249001881e-01 -2.351035079687974871e+00 2.516424184861311364e+00
8.030001606249312918e-01 -2.364446097430506377e+00 2.638795256457726612e+00
8.040001608249623954e-01 -2.377438921993700660e+00 2.762194084757259027e+00
8.050001610249934991e-01 -2.390009469307211365e+00 2.886611030263602551e+00
8.060001612250246028e-01 -2.402153718284744777e+00 3.012036423583139833e+00
8.070001614250557065e-01 -2.413867710716075532e+00 3.138460567539024471e+00
8.080001616250866991e-01 -2.425147551147465386e+00 3.265873739251381025e+00
8.090001618251178028e-01 -2.435989406750763919e+00 3.394266192183872821e+00
8.100001620251489065e-01 -2.446389507181467859e+00 3.523628158156558943e+00
8.110001622251800102e-01 -2.456344144426010789e+00 3.653949849325540455e+00
8.120001624252111139e-01 -2.465849672638558143e+00 3.785221460129353677e+00
8.130001626252422176e-01 -2.474902507967575715e+00 3.917433169202355625e+00
8.140001628252733212e-01 -2.483499128372429254e+00 4.050575141255353451e+00
8.150001630253044249e-01 -2.491636073430275822e+00 4.184637528923611072e+00
8.160001632253355286e-01 -2.499309944133519146e+00 4.319610474582492365e+00
8.170001634253666323e-01 -2.506517402678055007e+00 4.455484112130921659e+00
8.180001636253977360e-01 -2.513255172242592650e+00 4.592248568742956394e+00
8.190001638254287286e-01 -2.519520036759257842e+00 4.729893966587537690e+00
8.200001640254598323e-01 -2.525308840675766664e+00 4.868410424516930846e+00
8.210001642254909360e-01 -2.530618488709373004e+00 5.007788059723726981e+00
8.220001644255220397e-01 -2.535445945592842421e+00 5.148016989366988483e+00
8.230001646255531433e-01 -2.539788235812693973e+00 5.289087332169152056e+00
8.240001648255842470e-01 -2.543642443339879655e+00 5.430989209999119716e+00
8.250001650256153507e-01 -2.547005711353201640e+00 5.573712749380330678e+00
8.260001652256464544e-01 -2.549875241955707139e+00 5.717248082999099701e+00
8.270001654256775581e-01 -2.552248295884235407e+00 5.861585351184652737e+00
8.280001656257086617e-01 -2.554122192212322950e+00 6.006714703354794516e+00
8.290001658257397654e-01 -2.555494308046711183e+00 6.152626299432446544e+00
8.300001660257707581e-01 -2.556362078217640832e+00 6.299310311233271342e+00
8.310001662258018618e-01 -2.556722994963171125e+00 6.446756923824752405e+00
8.320001664258329654e-01 -2.556574607607694283e+00 6.594956336856750312e+00
8.330001666258640691e-01 -2.555914522234872699e+00 6.743898765864184242e+00
8.340001668258951728e-01 -2.554740401355182655e+00 6.893574443541853114e+00
8.350001670259262765e-01 -2.553049963568263525e+00 7.043973620991725859e+00
8.360001672259573802e-01 -2.550840983220257652e+00 7.195086568943128036e+00
8.370001674259884838e-01 -2.548111290056339406e+00 7.346903578945845226e+00
8.380001676260195875e-01 -2.544858768868603516e+00 7.499414964536739170e+00
8.390001678260506912e-01 -2.541081359139512497e+00 7.652611062379924611e+00
8.400001680260817949e-01 -2.536777054681063071e+00 7.806482233380919844e+00
8.410001682261127876e-01 -2.531943903269856744e+00 7.961018863775011667e+00
8.420001684261438912e-01 -2.526580006278247748e+00 8.116211366190231757e+00
8.430001686261749949e-01 -2.520683518301734871e+00 8.272050180684976439e+00
8.440001688262060986e-01 -2.514252646782739298e+00 8.428525775770166817e+00
8.450001690262372023e-01 -2.507285651630902112e+00 8.585628649412546665e+00
8.460001692262683060e-01 -2.499780844840171490e+00 8.743349329955597327e+00
8.470001694262994096e-01 -2.491736590102842097e+00 8.901678377078676263e+00
8.480001696263305133e-01 -2.483151302420588902e+00 9.060606382715194584e+00
8.490001698263616170e-01 -2.474023447712694779e+00 9.220123971945698216e+00
8.500001700263927207e-01 -2.464351542421622465e+00 9.380221803867845765e+00
8.510001702264238244e-01 -2.454134153116068973e+00 9.540890572443556650e+00
8.520001704264548170e-01 -2.443369896091665439e+00 9.702121007323631474e+00
8.530001706264859207e-01 -2.432057436969431663e+00 9.863903874650237213e+00
8.540001708265170244e-01 -2.420195490292161633e+00 1.002622997783729808e+01
8.550001710265481281e-01 -2.407782819118835516e+00 1.018909015832938714e+01
8.560001712265792317e-01 -2.394818234617218877e+00 1.035247529633920927e+01
8.570001714266103354e-01 -2.381300595654763264e+00 1.051637631156401831e+01
8.580001716266414391e-01 -2.367228808387937811e+00 1.068078416388129170e+01
8.590001718266725428e-01 -2.352601825850122452e+00 1.084568985402387753e+01
8.600001720267036465e-01 -2.337418647538177741e+00 1.101108442423497280e+01
8.610001722267347501e-01 -2.321678318997805857e+00 1.117695895890320301e+01
8.620001724267657428e-01 -2.305379931407832927e+00 1.134330458517798057e+01
8.630001726267968465e-01 -2.288522621163509463e+00 1.151011247356571587e+01
8.640001728268279502e-01 -2.271105569458965689e+00 1.167737383850666255e+01
8.650001730268590538e-01 -2.253128001868895502e+00 1.184507993893326727e+01
8.660001732268901575e-01 -2.234589187929520548e+00 1.201322207884235560e+01
8.670001734269212612e-01 -2.215488440718944574e+00 1.218179160780596959e+01
8.680001736269523649e-01 -2.195825116437235991e+00 1.235077992142237946e+01
8.690001738269834686e-01 -2.175598613986221341e+00 1.252017846183615646e+01
8.700001740270145723e-01 -2.154808374548947469e+00 1.268997871820708134e+01
8.710001742270456759e-01 -2.133453881168987820e+00 1.286017222716192876e+01
8.720001744270767796e-01 -2.111534658329699887e+00 1.303075057322920394e+01
8.730001746271077723e-01 -2.089050271533509751e+00 1.320170538925750492e+01
8.740001748271388760e-01 -2.066000326881312965e+00 1.337302835681747659e+01
8.750001750271699796e-01 -2.042384470652106820e+00 1.354471120658761762e+01
8.760001752272010833e-01 -2.018202388882890830e+00 1.371674571872446258e+01
8.770001754272321870e-01 -1.993453806948947582e+00 1.388912372321711253e+01
8.780001756272632907e-01 -1.968138489144587222e+00 1.406183710022654232e+01
8.790001758272943944e-01 -1.942256238264419066e+00 1.423487778040983720e+01
8.800001760273254980e-01 -1.915806895185227843e+00 1.440823774522966971e+01
8.810001762273566017e-01 -1.888790338448543604e+00 1.458190902724929039e+01
8.820001764273877054e-01 -1.861206483843958148e+00 1.475588371041318148e+01
8.830001766274188091e-01 -1.833055283993268780e+00 1.493015393031373783e+01
8.840001768274498017e-01 -1.804336727935526019e+00 1.510471187444405672e+01
8.850001770274809054e-01 -1.775050840713017886e+00 1.527954978243738005e+01
8.860001772275120091e-01 -1.745197682958318453e+00 1.545465994629296169e+01
8.870001774275431128e-01 -1.714777350482389329e+00 1.563003471059008831e+01
8.880001776275742165e-01 -1.683789973863732969e+00 1.580566647272709702e+01
8.890001778276053201e-01 -1.652235718038769008e+00 1.598154768306172002e+01
8.900001780276364238e-01 -1.620114781893636557e+00 1.615767084507892548e+01
8.910001782276675275e-01 -1.587427397857289701e+00 1.633402851557117330e+01
8.920001784276986312e-01 -1.554173831495928360e+00 1.651061330478976430e+01
8.930001786277297349e-01 -1.520354381108850461e+00 1.668741787658449383e+01
8.940001788277608386e-01 -1.485969377325797147e+00 1.686443494853173419e+01
8.950001790277918312e-01 -1.451019182705821642e+00 1.704165729205143975e+01
8.960001792278229349e-01 -1.415504191337724649e+00 1.721907773251302132e+01
8.970001794278540386e-01 -1.379424828442153972e+00 1.739668914933032795e+01
8.980001796278851423e-01 -1.342781549975334832e+00 1.757448447604616248e+01
8.990001798279162459e-01 -1.305574842234538124e+00 1.775245670040636270e+01
9.000001800279473496e-01 -1.267805221465299725e+00 1.793059886442357609e+01
9.010001802279784533e-01 -1.229473233470440352e+00 1.810890406443122913e+01
9.020001804280095570e-01 -1.190579453220921957e+00 1.828736545112748502e+01
9.030001806280406607e-01 -1.151124484468586173e+00 1.846597622960986129e+01
9.040001808280717643e-01 -1.111108959360800785e+00 1.864472965940019478e+01
9.050001810281027570e-01 -1.070533538057061751e+00 1.882361905446057193e+01
9.060001812281338607e-01 -1.029398908347562980e+00 1.900263778320027441e+01
9.070001814281649644e-01 -9.877057852738185817e-01 1.918177926847368653e+01
9.080001816281960680e-01 -9.454549107512990602e-01 1.936103698756979696e+01
9.090001818282271717e-01 -9.026470531941391817e-01 1.954040447220058141e+01
9.100001820282582754e-01 -8.592830071417596471e-01 1.971987530852278070e+01
9.110001822282893791e-01 -8.153635928877493999e-01 1.989944313701480993e+01
9.120001824283204828e-01 -7.708896561111213686e-01 2.007910165245694856e+01
9.130001826283515864e-01 -7.258620675096578712e-01 2.025884460389151798e+01
9.140001828283826901e-01 -6.802817224354258396e-01 2.043866579456457444e+01
9.150001830284137938e-01 -6.341495405325320300e-01 2.061855908186032593e+01
9.160001832284447865e-01 -5.874664653771416445e-01 2.079851837722819141e+01
9.170001834284758901e-01 -5.402334641197539256e-01 2.097853764610299621e+01
9.180001836285069938e-01 -4.924515271298310348e-01 2.115861090781810461e+01
9.190001838285380975e-01 -4.441216676426990029e-01 2.133873223551192666e+01
9.200001840285692012e-01 -3.952449214088124552e-01 2.151889575602793414e+01
9.210001842286003049e-01 -3.458223463453745095e-01 2.169909564980814309e+01
9.220001844286314086e-01 -2.958550221903328836e-01 2.187932615078043241e+01
9.230001846286625122e-01 -2.453440501587662304e-01 2.205958154623976242e+01
9.240001848286936159e-01 -1.942905526016782403e-01 2.223985617672343551e+01
9.250001850287247196e-01 -1.426956726672106435e-01 2.242014443588054817e+01
9.260001852287558233e-01 -9.056057396429387230e-02 2.260044077033584387e+01
9.270001854287868159e-01 -3.788644022874730621e-02 2.278073967954797041e+01
9.280001856288179196e-01 1.532552500818888316e-02 2.296103571566249713e+01
9.290001858288490233e-01 6.907409874879444356e-02 2.314132348335963130e+01
9.300001860288801270e-01 1.233580388553874169e-01 2.332159763969679389e+01
9.310001862289112307e-01 1.781760843743774025e-01 2.350185289396164023e+01
9.320001864289423343e-01 2.335269558579651794e-01 2.368208400752792286e+01
9.330001866289734380e-01 2.894093556831818237e-01 2.386228579361278079e+01
9.340001868290045417e-01 3.458219683682764445e-01 2.404245311713265920e+01
9.350001870290356454e-01 4.027634608867047827e-01 2.422258089452572349e+01
9.360001872290667491e-01 4.602324829786053062e-01 2.440266409356685173e+01
9.370001874290978527e-01 5.182276674597472432e-01 2.458269773317868001e+01
9.380001876291288454e-01 5.767476305279407578e-01 2.476267688323843785e+01
9.390001878291599491e-01 6.357909720669429054e-01 2.494259666438106038e+01
9.400001880291910528e-01 6.953562759477622812e-01 2.512245224779826813e+01
9.410001882292221564e-01 7.554421103274839844e-01 2.530223885503404091e+01
9.420001884292532601e-01 8.160470279455208642e-01 2.548195175777657440e+01
9.430001886292843638e-01 8.771695664173269069e-01 2.566158627764665923e+01
9.440001888293154675e-01 9.388082485255628828e-01 2.584113778598279509e+01
9.450001890293465712e-01 1.000961582508718140e+00 2.602060170362297242e+01
9.460001892293776748e-01 1.063628062347185876e+00 2.619997350068329212e+01
9.470001894294087785e-01 1.126806168046789569e+00 2.637924869633369340e+01
9.480001896294398822e-01 1.190494365919774422e+00 2.655842285857052332e+01
9.490001898294708749e-01 1.254691108863236426e+00 2.673749160398646296e+01
9.500001900295019786e-01 1.319394836635055190e+00 2.691645059753761871e+01
9.510001902295330822e-01 1.384603976127216196e+00 2.709529555230791331e+01
9.520001904295641859e-01 1.450316941636660584e+00 2.727402222927111808e+01
9.530001906295952896e-01 1.516532135133715542e+00 2.745262643708021955e+01
9.540001908296263933e-01 1.583247946528100414e+00 2.763110403181270058e+01
9.550001910296574970e-01 1.650462753932156357e+00 2.780945091667790692e+01
9.560001912296886006e-01 1.718174923921473418e+00 2.798766304180133702e+01
9.570001914297197043e-01 1.786382811793152614e+00 2.816573640397561107e+01
9.580001916297508080e-01 1.855084761821555128e+00 2.834366704640921952e+01
9.590001918297818007e-01 1.924279107511559284e+00 2.852145105847338868e+01
9.600001920298129043e-01 1.993964171849359257e+00 2.869908457544710600e+01
9.610001922298440080e-01 2.064138267550701844e+00 2.887656377826032283e+01
9.620001924298751117e-01 2.134799697306724919e+00 2.905388489323568635e+01
9.630001926299062154e-01 2.205946754027292567e+00 2.923104419182847735e+01
9.640001928299373191e-01 2.277577721081868400e+00 2.940803799036508437e+01
9.650001930299684227e-01 2.349690872537944397e+00 2.958486264978011704e+01
9.660001932299995264e-01 2.422284473397015692e+00 2.976151457535210909e+01
9.670001934300306301e-01 2.495356779828125315e+00 2.993799021643791392e+01
9.680001936300617338e-01 2.568906039398978436e+00 3.011428606620578563e+01
9.690001938300928375e-01 2.642930491304636753e+00 3.029039866136757198e+01
9.700001940301238301e-01 2.717428366593790834e+00 3.046632458190954296e+01
9.710001942301549338e-01 2.792397888392679661e+00 3.064206045082241658e+01
9.720001944301860375e-01 2.867837272126524617e+00 3.081760293383026195e+01
9.730001946302171412e-01 2.943744725738665746e+00 3.099294873911865977e+01
9.740001948302482448e-01 3.020118449907281288e+00 3.116809461706306905e+01
9.750001950302793485e-01 3.096956638260022654e+00 3.134303735999376173e+01
9.760001952303104522e-01 3.174257477586297060e+00 3.151777380187315813e+01
9.770001954303415559e-01 3.252019148046860320e+00 3.169230081801478249e+01
9.780001956303726596e-01 3.330239823381132336e+00 3.186661532482504811e+01
9.790001958304037633e-01 3.408917671112310366e+00 3.204071427952740692e+01
9.800001960304348669e-01 3.488050852750177455e+00 3.221459467988623970e+01
9.810001962304658596e-01 3.567637523991621151e+00 3.238825356393002863e+01
9.820001964304969633e-01 3.647675834918915339e+00 3.256168800967444810e+01
9.830001966305280670e-01 3.728163930195670162e+00 3.273489513484495461e+01
9.840001968305591706e-01 3.809099949260593920e+00 3.290787209659921331e+01
9.850001970305902743e-01 3.890482026519014092e+00 3.308061609124929703e+01
9.860001972306213780e-01 3.972308291532134383e+00 3.325312435398372912e+01
9.870001974306524817e-01 4.054576869204113976e+00 3.342539415858936991e+01
9.880001976306835854e-01 4.137285879966948521e+00 3.359742281717341683e+01
9.890001978307146890e-01 4.220433439963164446e+00 3.376920767988502092e+01
9.900001980307457927e-01 4.304017661226312796e+00 3.394074613463730117e+01
9.910001982307768964e-01 4.388036651859363424e+00 3.411203560682930203e+01
9.920001984308078891e-01 4.472488516210873399e+00 3.428307355906792253e+01
9.930001986308389927e-01 4.557371355049128603e+00 3.445385749089027883e+01
9.940001988308700964e-01 4.642683265734024012e+00 3.462438493848592458e+01
9.950001990309012001e-01 4.728422342386883415e+00 3.479465347441978196e+01
9.955001991309166964e-01 4.771451471519984722e+00 3.487968990180476681e+01
9.960001992309323038e-01 4.814586676058046244e+00 3.496466070735687737e+01
9.965001993309479111e-01 4.857827716929927320e+00 3.504956559770522517e+01
9.970001994309634075e-01 4.901174354892535945e+00 3.513440428180140174e+01
9.975001995309789038e-01 4.944626350537518533e+00 3.521917647071417434e+01
9.977501995809867630e-01 4.966391782630811491e+00 3.526153753981788697e+01
9.980001996309945111e-01 4.988183464293873826e+00 3.530388187780789622e+01
9.982501996810022593e-01 5.010001365556042252e+00 3.534620944917227803e+01
9.985001997310101185e-01 5.031845456436297326e+00 3.538852021855947783e+01
9.987501997810178667e-01 5.053715706945298258e+00 3.543081415076579077e+01
9.988751998060216852e-01 5.064660632686692310e+00 3.545195479195810861e+01
9.990001998310256148e-01 5.075612087085519697e+00 3.547309121070890114e+01
9.991001798479230978e-01 5.084376194855457776e+00 3.548999392114404827e+01
9.992001598648205807e-01 5.093144474975042080e+00 3.550689392527340971e+01
9.993001398817178416e-01 5.101916925524184521e+00 3.552379122087278063e+01
9.994001198986153245e-01 5.110693544582670889e+00 3.554068580572113945e+01
9.995000999155128074e-01 5.119474330230055159e+00 3.555757767760043464e+01
9.995500899239615489e-01 5.123866284924399217e+00 3.556602259548438383e+01
9.996000799324102903e-01 5.128259280545723442e+00 3.557446683429567003e+01
9.996500699408590318e-01 5.132653316853923897e+00 3.558291039375789921e+01
9.997000599493076622e-01 5.137048393608877106e+00 3.559135327359490475e+01
9.997500499577564037e-01 5.141444510570473803e+00 3.559979547353062657e+01
9.997750449619807744e-01 5.143642959053714492e+00 3.560401631844932524e+01
9.998000399662051452e-01 5.145841667498563865e+00 3.560823699328928171e+01
9.998250349704295159e-01 5.148040635875000604e+00 3.561245749801604887e+01
9.998500299746537756e-01 5.150239864152991842e+00 3.561667783259517250e+01
9.998750249788781463e-01 5.152439352302544684e+00 3.562089799699226234e+01
9.998875224809903317e-01 5.153539193819769437e+00 3.562300801536178341e+01
9.999000199831025171e-01 5.154639100293623599e+00 3.562511799117286415e+01
9.999100179847922876e-01 5.155519072238959666e+00 3.562680594117683341e+01
9.999200159864820581e-01 5.156399085752213729e+00 3.562849386393842366e+01
9.999300139881717175e-01 5.157279140831457553e+00 3.563018175945545352e+01
9.999400119898614880e-01 5.158159237474786885e+00 3.563186962772574873e+01
9.999500099915512585e-01 5.159039375680270822e+00 3.563355746874716345e+01
9.999550089923960883e-01 5.159479460368217474e+00 3.563440137903878480e+01
9.999600079932410290e-01 5.159919555445988237e+00 3.563524528251740264e+01
9.999650069940859698e-01 5.160359660913340640e+00 3.563608917918266172e+01
9.999700059949307995e-01 5.160799776770019776e+00 3.563693306903426361e+01
9.999750049957756293e-01 5.161239903015798269e+00 3.563777695207202356e+01
9.999775044961980441e-01 5.161459970034520950e+00 3.563819889103563554e+01
9.999800039966204590e-01 5.161680039650430984e+00 3.563862082829563604e+01
9.999825034970428739e-01 5.161900111863496399e+00 3.563904276385201086e+01
9.999850029974652887e-01 5.162120186673684330e+00 3.563946469770478132e+01
9.999875024978877036e-01 5.162340264080964580e+00 3.563988662985386213e+01
9.999887522480990221e-01 5.162450303758517656e+00 3.564009759528952515e+01
9.999900019983102295e-01 5.162560344085320274e+00 3.564030856029926042e+01
9.999910017984792177e-01 5.162648376814232165e+00 3.564047733200037982e+01
9.999920015986483168e-01 5.162736409958676553e+00 3.564064610342885686e+01
9.999930013988171940e-01 5.162824443518623241e+00 3.564081487458476971e+01
9.999940011989861821e-01 5.162912477494104202e+00 3.564098364546804021e+01
9.999950009991551703e-01 5.163000511885095456e+00 3.564115241607870388e+01
9.999955008992396088e-01 5.163044529236406888e+00 3.564123680128184191e+01
9.999960007993240474e-01 5.163088546691597891e+00 3.564132118641677494e+01
9.999965006994085970e-01 5.163132564250672019e+00 3.564140557148360244e+01
9.999970005994931466e-01 5.163176581913626606e+00 3.564148995648226759e+01
9.999975004995775851e-01 5.163220599680450995e+00 3.564157434141272773e+01
9.999977504496198044e-01 5.163242608602818251e+00 3.564161653385242090e+01
9.999980003996620237e-01 5.163264617551155844e+00 3.564165872627508946e+01
9.999982503497042430e-01 5.163286626525459333e+00 3.564170091868066947e+01
9.999985002997464623e-01 5.163308635525734047e+00 3.564174311106928172e+01
9.999987502497886815e-01 5.163330644551977322e+00 3.564178530344079832e+01
9.999988752248099022e-01 5.163341649074845385e+00 3.564180639962017949e+01
9.999990001998310118e-01 5.163352653604201592e+00 3.564182749579530451e+01
9.999991001798479440e-01 5.163361457232360507e+00 3.564184437273232930e+01
9.999992001598647651e-01 5.163370260864667216e+00 3.564186124966661851e+01
9.999993001398816972e-01 5.163379064501139482e+00 3.564187812659822185e+01
9.999994001198986293e-01 5.163387868141765757e+00 3.564189500352708961e+01
9.999995000999155614e-01 5.163396671786546932e+00 3.564191188045322889e+01
9.999995500899239165e-01 5.163401073610482506e+00 3.564192031891522561e+01
9.999996000799323825e-01 5.163405475435472347e+00 3.564192875737661126e+01
9.999996500699408486e-01 5.163409877261499581e+00 3.564193719583724373e+01
9.999997000599493147e-01 5.163414279088562431e+00 3.564194563429725093e+01
9.999997500499577807e-01 5.163418680916667114e+00 3.564195407275658312e+01
9.999997750449619582e-01 5.163420881831104481e+00 3.564195829198596499e+01
9.999998000399661358e-01 5.163423082745800308e+00 3.564196251121520476e+01
9.999998250349704243e-01 5.163425283660766141e+00 3.564196673044426689e+01
9.999998500299746018e-01 5.163427484575982440e+00 3.564197094967315138e+01
9.999998750249788904e-01 5.163429685491466081e+00 3.564197516890189377e+01
9.999998875224809236e-01 5.163430785949297608e+00 3.564197727851615838e+01
9.999999000199830679e-01 5.163431886407200189e+00 3.564197938813042299e+01
9.999999143028426296e-01 5.163433144073453107e+00 3.564198179911809206e+01
9.999999285857021913e-01 5.163434401739790403e+00 3.564198421010569717e+01
9.999999428685617531e-01 5.163435659406212963e+00 3.564198662109325966e+01
9.999999571514213148e-01 5.163436917072723453e+00 3.564198903208075109e+01
9.999999714342808765e-01 5.163438174739313880e+00 3.564199144306817857e+01
9.999999857171404383e-01 5.163439432405991347e+00 3.564199385405556342e+01
1.000000000000000000e+00 5.163440690072754080e+00 3.564199626504291984e+01
