# 9 2 14.0261342225 0.00254127813639
# x xi_r xi_h
1.000000200031036027e-03 -7.886614667102493162e-03 -3.943353383891226235e-03
1.083333550033622073e-03 -8.543805249878156163e-03 -4.271961176250757379e-03
1.166666900036207903e-03 -9.200989280938726839e-03 -4.600567774875450114e-03
1.250000250038793949e-03 -9.858166257240990465e-03 -4.929173087016024829e-03
1.333333600041381080e-03 -1.051533567517878853e-02 -5.257777019830583293e-03
1.500000300046552956e-03 -1.182964981961548770e-02 -5.914980375642754119e-03
1.666667000051725916e-03 -1.314392767888684053e-02 -6.572177097779251069e-03
1.833333700056899093e-03 -1.445816521443659373e-02 -7.229366440514258842e-03
2.000000400062071186e-03 -1.577235838549236394e-02 -7.886547657154562366e-03
2.250000450069830193e-03 -1.774355612258328788e-02 -8.872302644847653019e-03
2.500000500077589199e-03 -1.971463133854442495e-02 -9.858035236256857195e-03
2.750000550085349073e-03 -2.168557042490695114e-02 -1.084374294421529446e-02
3.000000600093107213e-03 -2.365635977125861086e-02 -1.182942328120884824e-02
3.333334000103451832e-03 -2.628382244246791483e-02 -1.314361684665787434e-02
3.666667400113796885e-03 -2.891096243439015417e-02 -1.445775141795030416e-02
4.000000800124142372e-03 -3.153774746939300155e-02 -1.577182109329498469e-02
4.500000900139660386e-03 -3.547718886198259619e-02 -1.774279101267494524e-02
5.000001000155178399e-03 -3.941565000618690862e-02 -1.971358170657979206e-02
5.500001100170696412e-03 -4.335302191905870961e-02 -2.168417324153445666e-02
6.000001200186214426e-03 -4.728919559923366878e-02 -2.365454568177314046e-02
6.500001300201731572e-03 -5.122406201973710854e-02 -2.562467907959075156e-02
7.000001400217249585e-03 -5.515751213158616439e-02 -2.759455348865410065e-02
7.500001500232767598e-03 -5.908943685654498984e-02 -2.956414894623996675e-02
8.000001600248286479e-03 -6.301972709000061568e-02 -3.153344549159557003e-02
9.000001800279322506e-03 -7.087496749772508042e-02 -3.547106191985446161e-02
1.000000200031036027e-02 -7.872235985003998848e-02 -3.940724286511741031e-02
1.100000220034138936e-02 -8.656103005473818335e-02 -4.334182826929704191e-02
1.200000240037243059e-02 -9.439010336882860952e-02 -4.727465789747371805e-02
1.300000260040345967e-02 -1.022087043237366877e-01 -5.120557128048349588e-02
1.400000280043449917e-02 -1.100159566609563294e-01 -5.513440775930553844e-02
1.500000300046552999e-02 -1.178109832746349894e-01 -5.906100644231974256e-02
1.600000320049656949e-02 -1.255929061453371076e-01 -6.298520617670035071e-02
1.700000340052760031e-02 -1.333608462780314918e-01 -6.690684555753964591e-02
1.800000360055864154e-02 -1.411139236315127887e-01 -7.082576283286712293e-02
1.900000380058967930e-02 -1.488512570547874947e-01 -7.474179598475523545e-02
2.000000400062071013e-02 -1.565719642407323586e-01 -7.865478272859481590e-02
2.100000420065175136e-02 -1.642751616662347369e-01 -8.256456041638610133e-02
2.200000440068278912e-02 -1.719599645175414748e-01 -8.647096598564477099e-02
2.300000460071381994e-02 -1.796254866272378181e-01 -9.037383602973897423e-02
2.400000480074486117e-02 -1.872708404188485054e-01 -9.427300674758280763e-02
2.500000500077589893e-02 -1.948951368476573298e-01 -9.816831393222412439e-02
2.600000520080694016e-02 -2.024974853423776588e-01 -1.020595929508626709e-01
2.700000540083797099e-02 -2.100769937474352422e-01 -1.059466787315386516e-01
2.800000560086900875e-02 -2.176327682657937246e-01 -1.098294057425020509e-01
2.900000580090004998e-02 -2.251639134010819110e-01 -1.137076079659649491e-01
3.000000600093108080e-02 -2.326695319009642882e-01 -1.175811188933188478e-01
3.100000620096211856e-02 -2.401487247020591409e-01 -1.214497715039172809e-01
3.200000640099315979e-02 -2.476005908755711249e-01 -1.253133982528567281e-01
3.300000660102418715e-02 -2.550242275740963738e-01 -1.291718310548307103e-01
3.400000680105522838e-02 -2.624187299779983662e-01 -1.330249012539686804e-01
3.500000700108626961e-02 -2.697831912430325718e-01 -1.368724396239613672e-01
3.600000720111729696e-02 -2.771167024501872689e-01 -1.407142763513899719e-01
3.700000740114833819e-02 -2.844183525547765434e-01 -1.445502410012162731e-01
3.800000760117937249e-02 -2.916872283366895857e-01 -1.483801625199261398e-01
3.900000780121040678e-02 -2.989224143531100664e-01 -1.522038692198068033e-01
4.000000800124144801e-02 -3.061229928907138742e-01 -1.560211887442903289e-01
4.100000820127248924e-02 -3.132880439190286470e-01 -1.598319480713067953e-01
4.200000840130351659e-02 -3.204166450462846982e-01 -1.636359734988093173e-01
4.300000860133455782e-02 -3.275078714748834163e-01 -1.674330906086171356e-01
4.400000880136559905e-02 -3.345607959580522150e-01 -1.712231242711448609e-01
4.500000900139663335e-02 -3.415744887590830281e-01 -1.750058986318452914e-01
4.600000920142766764e-02 -3.485480176104878147e-01 -1.787812370764373382e-01
4.700000940145870887e-02 -3.554804476742258190e-01 -1.825489622321131156e-01
4.800000960148974316e-02 -3.623708415045415188e-01 -1.863088959585887106e-01
4.900000980152077745e-02 -3.692182590103092465e-01 -1.900608592990654933e-01
5.000001000155181868e-02 -3.760217574191206946e-01 -1.938046725046496110e-01
5.100001020158285991e-02 -3.827803912450297719e-01 -1.975401550220530211e-01
5.200001040161388727e-02 -3.894932122574609745e-01 -2.012671254779168917e-01
5.300001060164492850e-02 -3.961592694511895663e-01 -2.049854016637695509e-01
5.400001080167596973e-02 -4.027776090145254173e-01 -2.086948004633116804e-01
5.500001100170699708e-02 -4.093472742991591251e-01 -2.123951378945147794e-01
5.600001120173805219e-02 -4.158673057944564655e-01 -2.160862290946234388e-01
5.700001140176907954e-02 -4.223367411024638862e-01 -2.197678882932506406e-01
5.800001160180010690e-02 -4.287546149138567464e-01 -2.234399287990260774e-01
5.900001180183116201e-02 -4.351199589879692353e-01 -2.271021630374884248e-01
6.000001200186218936e-02 -4.414318021343976439e-01 -2.307544024909580216e-01
6.100001220189323059e-02 -4.476891701937710244e-01 -2.343964576810528277e-01
6.200001240192425794e-02 -4.538910860206154529e-01 -2.380281381665420859e-01
6.300001260195529917e-02 -4.600365694685137341e-01 -2.416492525314882511e-01
6.400001280198633347e-02 -4.661246373778693552e-01 -2.452596083911814939e-01
6.500001300201738164e-02 -4.721543035656020626e-01 -2.488590123664315978e-01
6.600001320204841593e-02 -4.781245788159924626e-01 -2.524472700698390804e-01
6.700001340207945022e-02 -4.840344708735763168e-01 -2.560241860994535434e-01
6.800001360211048451e-02 -4.898829844382358578e-01 -2.595895640285209582e-01
6.900001380214151880e-02 -4.956691211622378801e-01 -2.631432063928557663e-01
7.000001400217256697e-02 -5.013918796493523899e-01 -2.666849146828890738e-01
7.100001420220360127e-02 -5.070502554561896469e-01 -2.702144893347933063e-01
7.200001440223463556e-02 -5.126432410957170172e-01 -2.737317297205383304e-01
7.300001460226566985e-02 -5.181698260429528080e-01 -2.772364341389216835e-01
7.400001480229669026e-02 -5.236289967429830217e-01 -2.807283998083719423e-01
7.500001500232772456e-02 -5.290197366212893160e-01 -2.842074228575925399e-01
7.600001520235874497e-02 -5.343410260963573633e-01 -2.876732983169901781e-01
7.700001540238977926e-02 -5.395918425946727437e-01 -2.911258201114027555e-01
7.800001560242081355e-02 -5.447711605681638813e-01 -2.945647810526516586e-01
7.900001580245183397e-02 -5.498779515140815866e-01 -2.979899728311191098e-01
8.000001600248286826e-02 -5.549111839973744909e-01 -3.014011860094111261e-01
8.100001620251390255e-02 -5.598698236756559643e-01 -3.047982100162615060e-01
8.200001640254492297e-02 -5.647528333267756162e-01 -3.081808331397365430e-01
8.300001660257595726e-02 -5.695591728790135866e-01 -3.115488425211466184e-01
8.400001680260697767e-02 -5.742877994440804823e-01 -3.149020241528293074e-01
8.500001700263801196e-02 -5.789376673528733308e-01 -3.182401628704414898e-01
8.600001720266904626e-02 -5.835077281938690907e-01 -3.215630423457552234e-01
8.700001740270006667e-02 -5.879969308543238071e-01 -3.248704450833472257e-01
8.800001760273110096e-02 -5.924042215643913201e-01 -3.281621524160263648e-01
8.900001780276212138e-02 -5.967285439441435413e-01 -3.314379445005314340e-01
9.000001800279315567e-02 -6.009688390536639391e-01 -3.346976003175263226e-01
9.100001820282418996e-02 -6.051240454464972274e-01 -3.379408976772695361e-01
9.200001840285521038e-02 -6.091930992258952626e-01 -3.411676131992133487e-01
9.300001860288624467e-02 -6.131749341038614798e-01 -3.443775223154572074e-01
9.400001880291727896e-02 -6.170684814635415405e-01 -3.475703992689919697e-01
9.500001900294829937e-02 -6.208726704248305195e-01 -3.507460171115536207e-01
9.600001920297933367e-02 -6.245864279132397057e-01 -3.539041477024557625e-01
9.700001940301035408e-02 -6.282086787324981936e-01 -3.570445617245288639e-01
9.800001960304138837e-02 -6.317383456404893627e-01 -3.601670286672556953e-01
9.900001980307242266e-02 -6.351743494281066882e-01 -3.632713168233951961e-01
1.000000200031034014e-01 -6.385156090016129715e-01 -3.663571932937940701e-01
1.010000202031345051e-01 -6.417610414686156783e-01 -3.694244239876352531e-01
1.020000204031654978e-01 -6.449095622275896611e-01 -3.724727736229597741e-01
1.030000206031965043e-01 -6.479600850612247109e-01 -3.755020057385352605e-01
1.040000208032275941e-01 -6.509115222338714979e-01 -3.785118827060316438e-01
1.050000210032586007e-01 -6.537627845922306946e-01 -3.815021657028745961e-01
1.060000212032895933e-01 -6.565127816694423801e-01 -3.844726147274554195e-01
1.070000214033206970e-01 -6.591604217932791610e-01 -3.874229886025015723e-01
1.080000216033517035e-01 -6.617046121981922102e-01 -3.903530449783156331e-01
1.090000218033826962e-01 -6.641442591413225793e-01 -3.932625403389912178e-01
1.100000220034137027e-01 -6.664782680230547651e-01 -3.961512300348803972e-01
1.110000222034448064e-01 -6.687055435114378499e-01 -3.990188682546557675e-01
1.120000224034757991e-01 -6.708249896700918535e-01 -4.018652080337574706e-01
1.130000226035068056e-01 -6.728355100904036545e-01 -4.046900012656386436e-01
1.140000228035378954e-01 -6.747360080280068173e-01 -4.074929987080251337e-01
1.150000230035689019e-01 -6.765253865434800451e-01 -4.102739499894771380e-01
1.160000232035998946e-01 -6.782025486476688236e-01 -4.130326036370356446e-01
1.170000234036309011e-01 -6.797663974516842122e-01 -4.157687070858386291e-01
1.180000236036620048e-01 -6.812158363207440059e-01 -4.184820066568520347e-01
1.190000238036929975e-01 -6.825497690322129829e-01 -4.211722475819020817e-01
1.200000240037240040e-01 -6.837670999384194426e-01 -4.238391740133067853e-01
1.210000242037550938e-01 -6.848667341340117787e-01 -4.264825290338012387e-01
1.220000244037861004e-01 -6.858475776280056335e-01 -4.291020546729228946e-01
1.230000246038171069e-01 -6.867085375210394416e-01 -4.316974919508196340e-01
1.240000248038480996e-01 -6.874485221870871854e-01 -4.342685808444065043e-01
1.250000250038791894e-01 -6.880664414594001022e-01 -4.368150603109510755e-01
1.260000252039102098e-01 -6.885612068215049009e-01 -4.393366683053827604e-01
1.270000254039412024e-01 -6.889317316031281502e-01 -4.418331417938943240e-01
1.280000256039723061e-01 -6.891769311810341803e-01 -4.443042167680849031e-01
1.290000258040032988e-01 -6.892957231852239186e-01 -4.467496282898569815e-01
1.300000260040342914e-01 -6.892870277102994825e-01 -4.491691104919654509e-01
1.310000262040653118e-01 -6.891497675314058879e-01 -4.515623965731996314e-01
1.320000264040963878e-01 -6.888828683252210539e-01 -4.539292188297089914e-01
1.330000266041274082e-01 -6.884852588963142894e-01 -4.562693086725906344e-01
1.340000268041584008e-01 -6.879558714087247173e-01 -4.585823966458899004e-01
1.350000270041893935e-01 -6.872936416229351586e-01 -4.608682124556303661e-01
1.360000272042204972e-01 -6.864975091385818740e-01 -4.631264850185388693e-01
1.370000274042514898e-01 -6.855664176422582301e-01 -4.653569424320173620e-01
1.380000276042825103e-01 -6.844993151603775416e-01 -4.675593120122874535e-01
1.390000278043135862e-01 -6.832951543177353537e-01 -4.697333203185994344e-01
1.400000280043446066e-01 -6.819528926016159565e-01 -4.718786931755704073e-01
1.410000282043755993e-01 -6.804714926314661128e-01 -4.739951556957322509e-01
1.420000284044067029e-01 -6.788499224345510008e-01 -4.760824323448951123e-01
1.430000286044376956e-01 -6.770871557272308827e-01 -4.781402469254467658e-01
1.440000288044686882e-01 -6.751821722015497462e-01 -4.801683226030559748e-01
1.450000290044997919e-01 -6.731339578176728233e-01 -4.821663819402374762e-01
1.460000292045308123e-01 -6.709415051021820897e-01 -4.841341469234641814e-01
1.470000294045618050e-01 -6.686038134522099829e-01 -4.860713389907439508e-01
1.480000296045927977e-01 -6.661198894455628849e-01 -4.879776790750842697e-01
1.490000298046239013e-01 -6.634887471569816952e-01 -4.898528876525687914e-01
1.500000300046548940e-01 -6.607094084801324874e-01 -4.916966847268853247e-01
1.510000302046858867e-01 -6.577809034554055190e-01 -4.935087898802522077e-01
1.520000304047169903e-01 -6.547022706039176132e-01 -4.952889223067646340e-01
1.530000306047480108e-01 -6.514725572675910126e-01 -4.970368008456327313e-01
1.540000308047790034e-01 -6.480908199553502280e-01 -4.987521440152224983e-01
1.550000310048101071e-01 -6.445561246954767398e-01 -5.004346700503684575e-01
1.560000312048410998e-01 -6.408675473942460066e-01 -5.020840969574794643e-01
1.570000314048720924e-01 -6.370241742007275443e-01 -5.037001425275249300e-01
1.580000316049031128e-01 -6.330251018777290906e-01 -5.052825243786724929e-01
1.590000318049341888e-01 -6.288694381790566057e-01 -5.068309599990553638e-01
1.600000320049652092e-01 -6.245563022330832270e-01 -5.083451667875369395e-01
1.610000322049962018e-01 -6.200848249326462724e-01 -5.098248620956050692e-01
1.620000324050271945e-01 -6.154541493312859490e-01 -5.112697632701943551e-01
1.630000326050582982e-01 -6.106634310457277337e-01 -5.126795876658741813e-01
1.640000328050892908e-01 -6.057118386647342145e-01 -5.140540527066767007e-01
1.650000330051203112e-01 -6.005985541645330050e-01 -5.153928759516639424e-01
1.660000332051513872e-01 -5.953227733306738489e-01 -5.166957751259282361e-01
1.670000334051824076e-01 -5.898837061862615139e-01 -5.179624681672847508e-01
1.680000336052134002e-01 -5.842805774266403018e-01 -5.191926732740320682e-01
1.690000338052443929e-01 -5.785126268605321753e-01 -5.203861089538133200e-01
1.700000340052754966e-01 -5.725791098576211713e-01 -5.215424940632658046e-01
1.710000342053064892e-01 -5.664792978025742221e-01 -5.226615478425959971e-01
1.720000344053375096e-01 -5.602124785556047426e-01 -5.237429900018397699e-01
1.730000346053686133e-01 -5.537779569195508955e-01 -5.247865407587299913e-01
1.740000348053996060e-01 -5.471750551134059171e-01 -5.257919208906600694e-01
1.750000350054305986e-01 -5.404031132523240410e-01 -5.267588517885727351e-01
1.760000352054615913e-01 -5.334614898340972466e-01 -5.276870555118782224e-01
1.770000354054926950e-01 -5.263495622321069378e-01 -5.285762548431399699e-01
1.780000356055236876e-01 -5.190667271947098094e-01 -5.294261733328059494e-01
1.790000358055547081e-01 -5.116124013511017532e-01 -5.302365353716318452e-01
1.800000360055858117e-01 -5.039860217236071804e-01 -5.310070662473794778e-01
1.810000362056168044e-01 -4.961870462463826570e-01 -5.317374922021572692e-01
1.820000364056477971e-01 -4.882149542905074302e-01 -5.324275404929824651e-01
1.830000366056787897e-01 -4.800692471954403628e-01 -5.330769394533706462e-01
1.840000368057098934e-01 -4.717494488068197378e-01 -5.336854185559657404e-01
1.850000370057409138e-01 -4.632551060205771232e-01 -5.342527084714483454e-01
1.860000372057719065e-01 -4.545857893333317135e-01 -5.347785411351988483e-01
1.870000374058030101e-01 -4.457410933990280655e-01 -5.352626498167204483e-01
1.880000376058340028e-01 -4.367206375917729866e-01 -5.357047691837174552e-01
1.890000378058649955e-01 -4.275240665748250568e-01 -5.361046353697084266e-01
1.900000380058959881e-01 -4.181510508757035338e-01 -5.364619860427030096e-01
1.910000382059270918e-01 -4.086012874673520812e-01 -5.367765604749433761e-01
1.920000384059581122e-01 -3.988745003553180180e-01 -5.370480996115633010e-01
1.930000386059891049e-01 -3.889704411708996279e-01 -5.372763461382087380e-01
1.940000388060202086e-01 -3.788888897701790937e-01 -5.374610445621209598e-01
1.950000390060512012e-01 -3.686296548388547367e-01 -5.376019412827107713e-01
1.960000392060821939e-01 -3.581925745028339825e-01 -5.376987846660710169e-01
1.970000394061132976e-01 -3.475775169445116108e-01 -5.377513251208370093e-01
1.980000396061442902e-01 -3.367843810246456959e-01 -5.377593151751121070e-01
1.990000398061753106e-01 -3.258130969097522978e-01 -5.377225095539076571e-01
2.000000400062063866e-01 -3.146636267049697233e-01 -5.376406652522587315e-01
2.010000402062374070e-01 -3.033359650922654027e-01 -5.375135416218735918e-01
2.020000404062683996e-01 -2.918301399738534863e-01 -5.373409004518325816e-01
2.030000406062993923e-01 -2.801462131207687611e-01 -5.371225060492692549e-01
2.040000408063304960e-01 -2.682842808264871981e-01 -5.368581253224213867e-01
2.050000410063614886e-01 -2.562444745654788858e-01 -5.365475278647510171e-01
2.060000412063925090e-01 -2.440269616565747535e-01 -5.361904860401236483e-01
2.070000414064236127e-01 -2.316319459310831885e-01 -5.357867750623749314e-01
2.080000416064546054e-01 -2.190596684055141352e-01 -5.353361730857725265e-01
2.090000418064855980e-01 -2.063104079586694783e-01 -5.348384612997284515e-01
2.100000420065165907e-01 -1.933844820130240227e-01 -5.342934240136152368e-01
2.110000422065476944e-01 -1.802822472203057524e-01 -5.337008487470040752e-01
2.120000424065786870e-01 -1.670041001510925160e-01 -5.330605263209395872e-01
2.130000426066097075e-01 -1.535504779882793103e-01 -5.323722509502623046e-01
2.140000428066408111e-01 -1.399218592242520154e-01 -5.316358203369599966e-01
2.150000430066718038e-01 -1.261187643616007992e-01 -5.308510357645607192e-01
2.160000432067027965e-01 -1.121417566172085434e-01 -5.300177021935487121e-01
2.170000434067337891e-01 -9.799144262956829832e-02 -5.291356283546483352e-01
2.180000436067648928e-01 -8.366847316934435119e-02 -5.282046268289831703e-01
2.190000438067959132e-01 -6.917354385270442496e-02 -5.272245141712602612e-01
2.200000440068269059e-01 -5.450739585709143964e-02 -5.261951110020265387e-01
2.210000442068580095e-01 -3.967081663954713511e-02 -5.251162421047231854e-01
2.220000444068890022e-01 -2.466464065731446137e-02 -5.239877365259693054e-01
2.230000446069199949e-01 -9.489750090491124931e-03 -5.228094276766850346e-01
2.240000448069509875e-01 5.852924433483390476e-03 -5.215811534340394351e-01
2.250000450069820912e-01 2.136240311373349687e-02 -5.203027562442019693e-01
2.260000452070131116e-01 3.703765624863845224e-02 -5.189740832391537273e-01
2.270000454070441043e-01 5.287760350769097478e-02 -5.175949863501587700e-01
2.280000456070752080e-01 6.888111320220259570e-02 -5.161653223817631586e-01
2.290000458071062006e-01 8.504700155515980409e-02 -5.146849531338877348e-01
2.300000460071371933e-01 1.013740319709256488e-01 -5.131537455101841116e-01
2.310000462071682137e-01 1.178609143048719304e-01 -5.115715716268880442e-01
2.320000464071992896e-01 1.345063041332052456e-01 -5.099383089225139054e-01
2.330000466072303100e-01 1.513088020232788433e-01 -5.082538402683757228e-01
2.340000468072613027e-01 1.682669528046735752e-01 -5.065180540796674347e-01
2.350000470072924064e-01 1.853792448411728799e-01 -5.047308444163174368e-01
2.360000472073233990e-01 2.026441093040655672e-01 -5.028921111050308479e-01
2.370000474073543917e-01 2.200599194473302489e-01 -5.010017598561742336e-01
2.380000476073854121e-01 2.376249898848198927e-01 -4.990597023734557047e-01
2.390000478074164880e-01 2.553375758696967979e-01 -4.970658564683316238e-01
2.400000480074475084e-01 2.731958725765184504e-01 -4.950201461750352583e-01
2.410000482074785011e-01 2.911980143863484582e-01 -4.929225018662001245e-01
2.420000484075096048e-01 3.093420741751612968e-01 -4.907728603690522107e-01
2.430000486075405974e-01 3.276260626060555903e-01 -4.885711650851572996e-01
2.440000488075715901e-01 3.460479274258657090e-01 -4.863173661234730383e-01
2.450000490076026105e-01 3.646055527661186124e-01 -4.840114203951084715e-01
2.460000492076336864e-01 3.832967584485414414e-01 -4.816532917383548607e-01
2.470000494076647068e-01 4.021192992959691792e-01 -4.792429510403500292e-01
2.480000496076956995e-01 4.210708644489629116e-01 -4.767803763571216713e-01
2.490000498077268032e-01 4.401490766885083894e-01 -4.742655530341060022e-01
2.500000500077578236e-01 4.593514917652204987e-01 -4.716984738271227107e-01
2.510000502077888163e-01 4.786755977354852920e-01 -4.690791390237676328e-01
2.520000504078199199e-01 4.981188143049302686e-01 -4.664075565625447339e-01
2.530000506078509126e-01 5.176784921796161454e-01 -4.636837421533603343e-01
2.540000508078819053e-01 5.373519124256107560e-01 -4.609077194060618443e-01
2.550000510079130089e-01 5.571362858373598570e-01 -4.580795199500372616e-01
2.560000512079438906e-01 5.770287523152214382e-01 -4.551991835569419997e-01
2.570000514079749943e-01 5.970263802526947217e-01 -4.522667582636972217e-01
2.580000516080059869e-01 6.171261659338335148e-01 -4.492823004956653654e-01
2.590000518080369796e-01 6.373250329413572279e-01 -4.462458751899648912e-01
2.600000520080680833e-01 6.576198315759710367e-01 -4.431575559189752656e-01
2.610000522080990759e-01 6.780073382874921561e-01 -4.400174250176310253e-01
2.620000524081301241e-01 6.984842551182643966e-01 -4.368255737037354258e-01
2.630000526081611723e-01 7.190472091592565729e-01 -4.335821022004440750e-01
2.640000528081922204e-01 7.396927520195055727e-01 -4.302871198612597259e-01
2.650000530082232131e-01 7.604173593095091555e-01 -4.269407452935978231e-01
2.660000532082543168e-01 7.812174301390893971e-01 -4.235431064822389180e-01
2.670000534082853094e-01 8.020892866303005464e-01 -4.200943409126256523e-01
2.680000536083163021e-01 8.230291734459794784e-01 -4.165945956939583472e-01
2.690000538083474058e-01 8.440332573345253886e-01 -4.130440276820039336e-01
2.700000540083783984e-01 8.650976266914933710e-01 -4.094428036014464700e-01
2.710000542084093911e-01 8.862182911386434769e-01 -4.057911001684303964e-01
2.720000544084403837e-01 9.073911811210747524e-01 -4.020891042123078130e-01
2.730000546084714874e-01 9.286121475230395550e-01 -3.983370127970183860e-01
2.740000548085024801e-01 9.498769613031030623e-01 -3.945350333420076794e-01
2.750000550085334727e-01 9.711813131492937901e-01 -3.906833837426201272e-01
2.760000552085645764e-01 9.925208131548853840e-01 -3.867822924899080861e-01
2.770000554085956246e-01 1.013890990515498691e+00 -3.828319987898089471e-01
2.780000556086266172e-01 1.035287293248224438e+00 -3.788327526824638580e-01
2.790000558086576099e-01 1.056705087933454745e+00 -3.747848151604330491e-01
2.800000560086887136e-01 1.078139659480045642e+00 -3.706884582838005926e-01
2.810000562087197062e-01 1.099586210914489159e+00 -3.665439652972501405e-01
2.820000564087506989e-01 1.121039863194916109e+00 -3.623516307453485408e-01
2.830000566087816916e-01 1.142495655050591363e+00 -3.581117605868484599e-01
2.840000568088127952e-01 1.163948542847626610e+00 -3.538246723079783163e-01
2.850000570088437879e-01 1.185393400481664639e+00 -3.494906950346455266e-01
2.860000572088747806e-01 1.206825019298258805e+00 -3.451101696435091570e-01
2.870000574089058842e-01 1.228238108041701748e+00 -3.406834488720725806e-01
2.880000576089368769e-01 1.249627292833076719e+00 -3.362108974270801021e-01
2.890000578089679251e-01 1.270987117178274062e+00 -3.316928920917278645e-01
2.900000580089989732e-01 1.292312042006747985e+00 -3.271298218316304185e-01
2.910000582090300214e-01 1.313596445741814778e+00 -3.225220878992411389e-01
2.920000584090611251e-01 1.334834624403255177e+00 -3.178701039367495818e-01
2.930000586090921177e-01 1.356020791743030030e+00 -3.131742960773819529e-01
2.940000588091231104e-01 1.377149079414903721e+00 -3.084351030450346864e-01
2.950000590091542141e-01 1.398213537178786048e+00 -3.036529762524114440e-01
2.960000592091852067e-01 1.419208133140676731e+00 -2.988283798981159478e-01
2.970000594092161994e-01 1.440126754028912215e+00 -2.939617910590510697e-01
2.980000596092471921e-01 1.460963205507507023e+00 -2.890536997832643951e-01
2.990000598092781847e-01 1.481711212527540233e+00 -2.841046091803540730e-01
3.000000600093092884e-01 1.502364419717383326e+00 -2.791150355096227442e-01
3.010000602093402811e-01 1.522916391812586090e+00 -2.740855082660589304e-01
3.020000604093712737e-01 1.543360614126304098e+00 -2.690165702640590073e-01
3.030000606094023774e-01 1.563690493061064002e+00 -2.639087777188240946e-01
3.040000608094334256e-01 1.583899356662757274e+00 -2.587627003253412661e-01
3.050000610094644182e-01 1.603980455217702827e+00 -2.535789213348761395e-01
3.060000612094955219e-01 1.623926961893630283e+00 -2.483580376288960778e-01
3.070000614095265146e-01 1.643731973425507364e+00 -2.431006597911316292e-01
3.080000616095575072e-01 1.663388510847235491e+00 -2.378074121785429262e-01
3.090000618095886109e-01 1.682889520269699180e+00 -2.324789329820301509e-01
3.100000620096194925e-01 1.702227873706007477e+00 -2.271158742910599493e-01
3.110000622096505962e-01 1.721396369945113802e+00 -2.217189021538298055e-01
3.120000624096815889e-01 1.740387735474594688e+00 -2.162886966340463180e-01
3.130000626097125815e-01 1.759194625453418315e+00 -2.108259518645374808e-01
3.140000628097436852e-01 1.777809624735590788e+00 -2.053313760976137881e-01
3.150000630097746779e-01 1.796225248945527042e+00 -1.998056917520928122e-01
3.160000632098057260e-01 1.814433945606034992e+00 -1.942496354568913064e-01
3.170000634098367742e-01 1.832428095319774686e+00 -1.886639580910982050e-01
3.180000636098678224e-01 1.850200013005037336e+00 -1.830494248204385666e-01
3.190000638098988150e-01 1.867741949186775496e+00 -1.774068151305120966e-01
3.200000640099299187e-01 1.885046091343818730e+00 -1.717369228567594275e-01
3.210000642099609114e-01 1.902104565312879858e+00 -1.660405562071007313e-01
3.220000644099919040e-01 1.918909436750204200e+00 -1.603185377840098125e-01
3.230000646100230077e-01 1.935452712651927420e+00 -1.545717046016458485e-01
3.240000648100540004e-01 1.951726342933871372e+00 -1.488009080987011956e-01
3.250000650100849930e-01 1.967722222071652594e+00 -1.430070141469760026e-01
3.260000652101159857e-01 1.983432190801881045e+00 -1.371909030555854003e-01
3.270000654101469784e-01 1.998848037885298856e+00 -1.313534695707070377e-01
3.280000656101780820e-01 2.013961501932668430e+00 -1.254956228707606314e-01
3.290000658102090747e-01 2.028764273294198173e+00 -1.196182865569344056e-01
3.300000660102401229e-01 2.043247996013307866e+00 -1.137223986389484798e-01
3.310000662102712266e-01 2.057404269845567235e+00 -1.078089115162488565e-01
3.320000664103022192e-01 2.071224652343606643e+00 -1.018787919543219511e-01
3.330000666103332119e-01 2.084700661008593414e+00 -9.593302105441468830e-02
3.340000668103643156e-01 2.097823775509032540e+00 -8.997259421978796856e-02
3.350000670103953082e-01 2.110585439967768373e+00 -8.399852111623030970e-02
3.360000672104263009e-01 2.122977065317855239e+00 -7.801182562717046132e-02
3.370000674104572935e-01 2.134990031727991955e+00 -7.201354580333016453e-02
3.380000676104883972e-01 2.146615691098211709e+00 -6.600473380681821933e-02
3.390000678105193899e-01 2.157845369626493426e+00 -5.998645584955923649e-02
3.400000680105503825e-01 2.168670370446962092e+00 -5.395979212595865965e-02
3.410000682105814862e-01 2.179081976340296656e+00 -4.792583673970549074e-02
3.420000684106124789e-01 2.189071452516976546e+00 -4.188569762460655349e-02
3.430000686106435270e-01 2.198630049473974335e+00 -3.584049645940126649e-02
3.440000688106745752e-01 2.207749005925486063e+00 -2.979136857637438782e-02
3.450000690107056234e-01 2.216419551808174404e+00 -2.373946286352400167e-02
3.460000692107366160e-01 2.224632911361463350e+00 -1.768594166059657760e-02
3.470000694107677197e-01 2.232380306283448856e+00 -1.163198064857485191e-02
3.480000696107987124e-01 2.239652958962886853e+00 -5.578768732587949079e-03
3.490000698108297050e-01 2.246442095787690274e+00 4.724920818493122420e-04
3.500000700108608087e-01 2.252738950530376538e+00 6.520586819363979533e-03
3.510000702108916903e-01 2.258534767810846500e+00 1.256428767212428889e-02
3.520000704109227940e-01 2.263820806636877681e+00 1.860235414420557259e-02
3.530000706109537867e-01 2.268588344022649306e+00 2.463353320301734858e-02
3.540000708109847793e-01 2.272828678685603787e+00 3.065655943789417914e-02
3.550000710110158830e-01 2.276533134821942639e+00 3.667015522596494409e-02
3.560000712110468757e-01 2.279693065960964216e+00 4.267303090537679505e-02
3.570000714110779239e-01 2.282299858898428901e+00 4.866388495589110685e-02
3.580000716111090275e-01 2.284344937709118284e+00 5.464140418709350494e-02
3.590000718111400202e-01 2.285819767838731309e+00 6.060426393421747965e-02
3.600000720111710129e-01 2.286715860275194689e+00 6.655112826169079510e-02
3.610000722112021165e-01 2.287024775799427534e+00 7.248065017449206726e-02
3.620000724112331092e-01 2.286738129315556201e+00 7.839147183741242142e-02
3.630000726112641019e-01 2.285847594260549176e+00 8.428222480230627978e-02
3.640000728112952055e-01 2.284344907093174726e+00 9.015153024341479582e-02
3.650000730113260872e-01 2.282221871862148532e+00 9.599799920085071159e-02
3.660000732113571908e-01 2.279470364853290132e+00 1.018202328323261352e-01
3.670000734113881835e-01 2.276082339315479430e+00 1.076168226731508831e-01
3.680000736114191762e-01 2.272049830265087778e+00 1.133863509046708629e-01
3.690000738114502798e-01 2.267364959368600275e+00 1.191273906312955294e-01
3.700000740114812725e-01 2.262019939903021193e+00 1.248385061659278983e-01
3.710000742115123207e-01 2.256007081793629965e+00 1.305182533240767662e-01
3.720000744115434244e-01 2.249318796728581926e+00 1.361651797266676400e-01
3.730000746115744170e-01 2.241947603349825791e+00 1.417778251116199317e-01
3.740000748116054097e-01 2.233886132519710799e+00 1.473547216542615834e-01
3.750000750116365134e-01 2.225127132662604978e+00 1.528943942966435043e-01
3.760000752116675060e-01 2.215663475180824182e+00 1.583953610858121752e-01
3.770000754116984987e-01 2.205488159944047233e+00 1.638561335211053960e-01
3.780000756117294913e-01 2.194594320851351199e+00 1.692752169105249116e-01
3.790000758117605950e-01 2.182975231464990173e+00 1.746511107360201598e-01
3.800000760117915877e-01 2.170624310714856620e+00 1.799823090282021143e-01
3.810000762118225803e-01 2.157535128672616320e+00 1.852673007505587499e-01
3.820000764118535730e-01 2.143701412394364070e+00 1.905045701924422685e-01
3.830000766118846767e-01 2.129117051830581975e+00 1.956925973715564482e-01
3.840000768119157248e-01 2.113776105802144034e+00 2.008298584457887670e-01
3.850000770119467175e-01 2.097672808041002313e+00 2.059148261344316277e-01
3.860000772119778212e-01 2.080801573294111861e+00 2.109459701488184957e-01
3.870000774120088138e-01 2.063157003489109798e+00 2.159217576324001242e-01
3.880000776120398065e-01 2.044733893960134719e+00 2.208406536102888174e-01
3.890000778120709102e-01 2.025527239732129114e+00 2.257011214482879113e-01
3.900000780121019028e-01 2.005532241861876397e+00 2.305016233214183530e-01
3.910000782121328955e-01 1.984744313833915585e+00 2.352406206914651743e-01
3.920000784121638882e-01 1.963159088009439390e+00 2.399165747947643035e-01
3.930000786121949918e-01 1.940772422126135099e+00 2.445279471397554805e-01
3.940000788122259845e-01 1.917580405846875502e+00 2.490732000132231394e-01
3.950000790122569772e-01 1.893579367355074039e+00 2.535507969963796127e-01
3.960000792122880808e-01 1.868765879994434664e+00 2.579592034904400477e-01
3.970000794123190735e-01 1.843136768950691895e+00 2.622968872516805439e-01
3.980000796123501217e-01 1.816689117972891232e+00 2.665623189359528911e-01
3.990000798123812253e-01 1.789420276131649556e+00 2.707539726526281831e-01
4.000000800124122180e-01 1.761327864611707650e+00 2.748703265279400787e-01
4.010000802124432107e-01 1.732409783536029035e+00 2.789098632776890740e-01
4.020000804124743143e-01 1.702664218818576103e+00 2.828710707892557186e-01
4.030000806125053070e-01 1.672089649042835413e+00 2.867524427119714781e-01
4.040000808125362997e-01 1.640684852362973567e+00 2.905524790583200456e-01
4.050000810125672923e-01 1.608448913424462834e+00 2.942696868141694844e-01
4.060000812125982850e-01 1.575381230300880508e+00 2.979025805569744945e-01
4.070000814126293887e-01 1.541481521443534897e+00 3.014496830834987873e-01
4.080000816126603813e-01 1.506749832640431608e+00 3.049095260464675383e-01
4.090000818126913740e-01 1.471186543980930628e+00 3.082806506000626556e-01
4.100000820127224777e-01 1.434792376822420445e+00 3.115616080541708244e-01
4.110000822127535258e-01 1.397568400755188289e+00 3.147509605372781349e-01
4.120000824127845185e-01 1.359516040561504102e+00 3.178472816679147051e-01
4.130000826128156222e-01 1.320637083164938552e+00 3.208491572345248954e-01
4.140000828128466148e-01 1.280933684565688679e+00 3.237551858836514862e-01
4.150000830128776075e-01 1.240408376757653475e+00 3.265639798163006424e-01
4.160000832129087112e-01 1.199064074622922416e+00 3.292741654914618787e-01
4.170000834129395928e-01 1.156904082799194766e+00 3.318843843367372815e-01
4.180000836129706965e-01 1.113932102515322153e+00 3.343932934725165063e-01
4.190000838130016891e-01 1.070152238390252419e+00 3.367995664378831133e-01
4.200000840130326818e-01 1.025569005190625438e+00 3.391018939254802911e-01
4.210000842130637855e-01 9.801873345419843675e-01 3.412989845237924813e-01
4.220000844130947781e-01 9.340125815885249594e-01 3.433895654664902986e-01
4.230000846131258263e-01 8.870505315960980353e-01 3.453723833886490624e-01
4.240000848131568745e-01 8.393074064931455025e-01 3.472462050896424901e-01
4.250000850131879226e-01 7.907898713441182670e-01 3.490098183024987755e-01
4.260000852132189153e-01 7.415050407497453255e-01 3.506620324695056135e-01
4.270000854132500190e-01 6.914604851684501563e-01 3.522016795238361309e-01
4.280000856132810116e-01 6.406642371531202640e-01 3.536276146769604667e-01
4.290000858133120043e-01 5.891247974972171342e-01 3.549387172114765732e-01
4.300000860133431080e-01 5.368511412843050001e-01 3.561338912770244947e-01
4.310000862133741006e-01 4.838527238346730375e-01 3.572120666964741509e-01
4.320000864134050933e-01 4.301394865425428593e-01 3.581721997739017449e-01
4.330000866134360860e-01 3.757218625976465054e-01 3.590132741063179478e-01
4.340000868134671896e-01 3.206107825846307158e-01 3.597343014003000494e-01
4.350000870134981823e-01 2.648176799535422177e-01 3.603343222924990652e-01
4.360000872135291750e-01 2.083544963545906348e-01 3.608124071737086047e-01
4.370000874135602231e-01 1.512336868303269244e-01 3.611676570161853617e-01
4.380000876135913268e-01 9.346822485811913384e-02 3.613992042038749464e-01
4.390000878136223195e-01 3.507160723587127854e-02 3.615062133652152676e-01
4.400000880136533121e-01 -2.394214119635485957e-02 3.614878822081575294e-01
4.410000882136844158e-01 -8.355846300616030786e-02 3.613434423570486276e-01
4.420000884137154085e-01 -1.437622637975290163e-01 3.610721601909993583e-01
4.430000886137464011e-01 -2.045379080260039673e-01 3.606733376818583303e-01
4.440000888137773938e-01 -2.658692150079720595e-01 3.601463132341493067e-01
4.450000890138084975e-01 -3.277394551321458072e-01 3.594904625288094513e-01
4.460000892138394901e-01 -3.901313462811308308e-01 3.587051993617567658e-01
4.470000894138704828e-01 -4.530270504708442947e-01 3.577899764836818264e-01
4.480000896139015865e-01 -5.164081707159821066e-01 3.567442864388887802e-01
4.490000898139325791e-01 -5.802557481298166175e-01 3.555676624027265254e-01
4.500000900139636273e-01 -6.445502592665932617e-01 3.542596790171433363e-01
4.510000902139946755e-01 -7.092716137149032152e-01 3.528199532239029157e-01
4.520000904140257236e-01 -7.743991519505765142e-01 3.512481450949785922e-01
4.530000906140567163e-01 -8.399116434576354706e-01 3.495439586596391091e-01
4.540000908140878200e-01 -9.057872851259372027e-01 3.477071427277234061e-01
4.550000910141188126e-01 -9.720036999342966944e-01 3.457374917085936361e-01
4.560000912141498053e-01 -1.038537935927837941e+00 3.436348464249195378e-01
4.570000914141809090e-01 -1.105366465498259787e+00 3.413990949195124802e-01
4.580000916142117906e-01 -1.172465184976304142e+00 3.390301732613525965e-01
4.590000918142428943e-01 -1.239809414545514965e+00 3.365280663410345485e-01
4.600000920142738869e-01 -1.307373898486003494e+00 3.338928086596803513e-01
4.610000922143048796e-01 -1.375132805757469878e+00 3.311244851105769604e-01
4.620000924143359833e-01 -1.443059730930650097e+00 3.282232317526067034e-01
4.630000926143669759e-01 -1.511127695476349286e+00 3.251892365748700886e-01
4.640000928143980241e-01 -1.579309149421382230e+00 3.220227402518929249e-01
4.650000930144290723e-01 -1.647575973380646541e+00 3.187240368887969688e-01
4.660000932144601204e-01 -1.715899480974607538e+00 3.152934747558099327e-01
4.670000934144911131e-01 -1.784250421641593976e+00 3.117314570114655403e-01
4.680000936145222168e-01 -1.852598983854138570e+00 3.080384424138534194e-01
4.690000938145532094e-01 -1.920914798748776464e+00 3.042149460192464794e-01
4.700000940145842021e-01 -1.989166944178468954e+00 3.002615398660204993e-01
4.710000942146153058e-01 -2.057323949197058521e+00 2.961788536471738897e-01
4.720000944146461874e-01 -2.125353798985380571e+00 2.919675753680479602e-01
4.730000946146772911e-01 -2.193223940228107516e+00 2.876284519868244627e-01
4.740000948147082838e-01 -2.260901286950443456e+00 2.831622900398217402e-01
4.750000950147392764e-01 -2.328352226824049964e+00 2.785699562500082993e-01
4.760000952147703801e-01 -2.395542627951343206e+00 2.738523781180069450e-01
4.770000954148013728e-01 -2.462437846137266462e+00 2.690105444948611146e-01
4.780000956148324209e-01 -2.529002732657648966e+00 2.640455061358107369e-01
4.790000958148635246e-01 -2.595201642533124797e+00 2.589583762343294904e-01
4.800000960148945173e-01 -2.660998443317466489e+00 2.537503309356658465e-01
4.810000962149255099e-01 -2.726356524409222715e+00 2.484226098291155982e-01
4.820000964149566136e-01 -2.791238806895338431e+00 2.429765164182509651e-01
4.830000966149876063e-01 -2.855607753935275550e+00 2.374134185679754872e-01
4.840000968150185989e-01 -2.919425381694069621e+00 2.317347489276434247e-01
4.850000970150495916e-01 -2.982653270832926751e+00 2.259420053321864741e-01
4.860000972150806953e-01 -3.045252578565518231e+00 2.200367511755560168e-01
4.870000974151116879e-01 -3.107184051287839477e+00 2.140206157587938862e-01
4.880000976151426806e-01 -3.168408037789564702e+00 2.078952946113454547e-01
4.890000978151737843e-01 -3.228884503054577415e+00 2.016625497847262805e-01
4.900000980152047769e-01 -3.288573042658234691e+00 1.953242101177114498e-01
4.910000982152358251e-01 -3.347432897768638949e+00 1.888821714722244971e-01
4.920000984152668178e-01 -3.405422970758963164e+00 1.823383969390974801e-01
4.930000986152979214e-01 -3.462501841437755079e+00 1.756949170128591642e-01
4.940000988153289141e-01 -3.518627783903741424e+00 1.689538297347253359e-01
4.950000990153599068e-01 -3.573758784031564328e+00 1.621173008029414275e-01
4.960000992153910104e-01 -3.627852557594477112e+00 1.551875636496110877e-01
4.970000994154220031e-01 -3.680866569029663804e+00 1.481669194826471248e-01
4.980000996154529957e-01 -3.732758050851860077e+00 1.410577372939299801e-01
4.990000998154839884e-01 -3.783484023720580236e+00 1.338624538306407985e-01
5.000001000155150921e-01 -3.833001317165556365e+00 1.265835735295530451e-01
5.010001002155460847e-01 -3.881266590974947750e+00 1.192236684138195113e-01
5.020001004155771884e-01 -3.928236357250500799e+00 1.117853779512172629e-01
5.030001006156081811e-01 -3.973867003133345399e+00 1.042714088730173350e-01
5.040001008156391737e-01 -4.018114814203939567e+00 9.668453495262872843e-02
5.050001010156702774e-01 -4.060935998558992566e+00 8.902759674319966898e-02
5.060001012157012701e-01 -4.102286711567947997e+00 8.130350127334251553e-02
5.070001014157322627e-01 -4.142123081311224198e+00 7.351522170014881952e-02
5.080001016157632554e-01 -4.180401234701625945e+00 6.566579691869484092e-02
5.090001018157943591e-01 -4.217077324290340989e+00 5.775833112721090457e-02
5.100001020158253517e-01 -4.252107555757899782e+00 4.979599334703083136e-02
5.110001022158563444e-01 -4.285448216090481210e+00 4.178201689672480373e-02
5.120001024158874481e-01 -4.317055702441110476e+00 3.371969881970796057e-02
5.130001026159184407e-01 -4.346886551674867150e+00 2.561239926401641040e-02
5.140001028159494334e-01 -4.374897470596549987e+00 1.746354081394273575e-02
5.150001030159805371e-01 -4.401045366858689079e+00 9.276607772664440324e-03
5.160001032160115297e-01 -4.425287380547220373e+00 1.055145395112916515e-03
5.170001034160425224e-01 -4.447580916441614463e+00 -7.197240929656007272e-03
5.180001036160736261e-01 -4.467883676945341165e+00 -1.547688654728936707e-02
5.190001038161046187e-01 -4.486153695682169484e+00 -2.378006845887143533e-02
5.200001040161356114e-01 -4.502349371752993434e+00 -3.210300629425829472e-02
5.210001042161667151e-01 -4.516429504647118343e+00 -4.044186333866384153e-02
5.220001044161977077e-01 -4.528353329801307225e+00 -4.879274761315549602e-02
5.230001046162287004e-01 -4.538080554799186039e+00 -5.715171300967468448e-02
5.240001048162598041e-01 -4.545571396202650050e+00 -6.551476048104044880e-02
5.250001050162907967e-01 -4.550786617006375323e+00 -7.387783928709459880e-02
5.260001052163217894e-01 -4.553687564705674262e+00 -8.223684829689355269e-02
5.270001054163528931e-01 -4.554236209966948223e+00 -9.058763734774773202e-02
5.280001056163838857e-01 -4.552395185889317020e+00 -9.892600866165611462e-02
5.290001058164148784e-01 -4.548127827845084958e+00 -1.072477183196090533e-01
5.300001060164459821e-01 -4.541398213885867285e+00 -1.155484777942074742e-01
5.310001062164769747e-01 -4.532171205700227468e+00 -1.238239555410449166e-01
5.320001064165079674e-01 -4.520412490107832859e+00 -1.320697786492698311e-01
5.330001066165390711e-01 -4.506088621074145983e+00 -1.402815345516874035e-01
5.340001068165700637e-01 -4.489167062228720972e+00 -1.484547727947578277e-01
5.350001070166010564e-01 -4.469616229869209256e+00 -1.565850068688098840e-01
5.360001072166321601e-01 -4.447405536432160744e+00 -1.646677160987329303e-01
5.370001074166631527e-01 -4.422505434410725300e+00 -1.726983475953988434e-01
5.380001076166941454e-01 -4.394887460698288173e+00 -1.806723182678801054e-01
5.390001078167252491e-01 -4.364524281336032985e+00 -1.885850168960035989e-01
5.400001080167562417e-01 -4.331389736641416910e+00 -1.964318062664692499e-01
5.410001082167872344e-01 -4.295458886693212186e+00 -2.042080253684846192e-01
5.420001084168183381e-01 -4.256708057148034463e+00 -2.119089916509511728e-01
5.430001086168493307e-01 -4.215114885361814778e+00 -2.195300033411727858e-01
5.440001088168803234e-01 -4.170658366788773108e+00 -2.270663418248898280e-01
5.450001090169114271e-01 -4.123318901629136057e+00 -2.345132740875344179e-01
5.460001092169424197e-01 -4.073078341695753224e+00 -2.418660552165744493e-01
5.470001094169734124e-01 -4.019920037468504681e+00 -2.491199309647708915e-01
5.480001096170045161e-01 -3.963828885304293337e+00 -2.562701403740896833e-01
5.490001098170355087e-01 -3.904791374769155166e+00 -2.633119184599916340e-01
5.500001100170665014e-01 -3.842795636057624087e+00 -2.702404989557613546e-01
5.510001102170976051e-01 -3.777831487463596094e+00 -2.770511171164618536e-01
5.520001104171285977e-01 -3.709890482865374040e+00 -2.837390125820726805e-01
5.530001106171595904e-01 -3.638965959186356791e+00 -2.902994322991718779e-01
5.540001108171906941e-01 -3.565053083791845268e+00 -2.967276335001471366e-01
5.550001110172216867e-01 -3.488148901780720124e+00 -3.030188867417351606e-01
5.560001112172526794e-01 -3.408252383129497964e+00 -3.091684789988247695e-01
5.570001114172837831e-01 -3.325364469645448739e+00 -3.151717168144748116e-01
5.580001116173147757e-01 -3.239488121683673949e+00 -3.210239295052448871e-01
5.590001118173457684e-01 -3.150628364581796070e+00 -3.267204724208344069e-01
5.600001120173768721e-01 -3.058792334764820264e+00 -3.322567302570654246e-01
5.610001122174078647e-01 -2.963989325471180880e+00 -3.376281204211875053e-01
5.620001124174388574e-01 -2.866230832049620147e+00 -3.428300964484203850e-01
5.630001126174698500e-01 -2.765530596775518823e+00 -3.478581514685512577e-01
5.640001128175009537e-01 -2.661904653133616350e+00 -3.527078217213611699e-01
5.650001130175319464e-01 -2.555371369513028679e+00 -3.573746901195551384e-01
5.660001132175629390e-01 -2.445951492258803928e+00 -3.618543898578231999e-01
5.670001134175940427e-01 -2.333668188023400258e+00 -3.661426080665473037e-01
5.680001136176250354e-01 -2.218547085359794391e+00 -3.702350895084402516e-01
5.690001138176560280e-01 -2.100616315496772302e+00 -3.741276403159837782e-01
5.700001140176871317e-01 -1.979906552235588535e+00 -3.778161317710830858e-01
5.710001142177181244e-01 -1.856451050905748135e+00 -3.812965041206688444e-01
5.720001144177491170e-01 -1.730285686316705540e+00 -3.845647704287554203e-01
5.730001146177802207e-01 -1.601448989641051313e+00 -3.876170204628156535e-01
5.740001148178112134e-01 -1.469982184163219241e+00 -3.904494246122928724e-01
5.750001150178422060e-01 -1.335929219826522463e+00 -3.930582378371282881e-01
5.760001152178733097e-01 -1.199336806510527653e+00 -3.954398036440942010e-01
5.770001154179043024e-01 -1.060254445969186499e+00 -3.975905580886230917e-01
5.780001156179352950e-01 -9.187344623590233406e-01 -3.995070337997660981e-01
5.790001158179663987e-01 -7.748320312859113823e-01 -4.011858640257844333e-01
5.800001160179975024e-01 -6.286052072974953608e-01 -4.026237866978140123e-01
5.810001162180286061e-01 -4.801149497473120031e-01 -4.038176485089500778e-01
5.820001164180595987e-01 -3.294251469558657219e-01 -4.047644090059948629e-01
5.830001166180907024e-01 -1.766026385926003084e-01 -4.054611446909307526e-01
5.840001168181218061e-01 -2.171723620228503335e-02 -4.059050531289666863e-01
5.850001170181529098e-01 1.351582582024793144e-01 -4.060934570616325789e-01
5.860001172181840134e-01 2.939480355610603612e-01 -4.060238085195824187e-01
5.870001174182151171e-01 4.545732652762487502e-01 -4.056936929330942632e-01
5.880001176182462208e-01 6.169520828976252647e-01 -4.051008332368498666e-01
5.890001178182773245e-01 7.809995800577825831e-01 -4.042430939655168864e-01
5.900001180183084282e-01 9.466277967429891360e-01 -4.031184853366387433e-01
5.910001182183395319e-01 1.113745715980484441e+00 -4.017251673172338444e-01
5.920001184183706355e-01 1.282259261025120889e+00 -4.000614536704176216e-01
5.930001186184016282e-01 1.452071295128534612e+00 -3.981258159782705142e-01
5.940001188184327319e-01 1.623081623974545806e+00 -3.959168876370649515e-01
5.950001190184638356e-01 1.795187000864409965e+00 -3.934334678208917246e-01
5.960001192184949392e-01 1.968281134736497462e+00 -3.906745254096202213e-01
5.970001194185260429e-01 2.142254701104434833e+00 -3.876392028770365705e-01
5.980001196185571466e-01 2.316995355998238360e+00 -3.843268201348421509e-01
5.990001198185882503e-01 2.492387752992773819e+00 -3.807368783280420943e-01
6.000001200186193540e-01 2.668313563408061917e+00 -3.768690635783500387e-01
6.010001202186504576e-01 2.844651499765628255e+00 -3.727232506694953540e-01
6.020001204186815613e-01 3.021277342584606451e+00 -3.682995066707328569e-01
6.030001206187125540e-01 3.198063970601117134e+00 -3.635980944937637904e-01
6.040001208187436577e-01 3.374881394494078535e+00 -3.586194763782548645e-01
6.050001210187747613e-01 3.551596794199541662e+00 -3.533643173011033478e-01
6.060001212188058650e-01 3.728074559895675488e+00 -3.478334883045104964e-01
6.070001214188369687e-01 3.904176336738976349e+00 -3.420280697378496049e-01
6.080001216188680724e-01 4.079761073431708240e+00 -3.359493544082417515e-01
6.090001218188991761e-01 4.254685074699450453e+00 -3.295988506346729241e-01
6.100001220189302797e-01 4.428802057756351829e+00 -3.229782852004169924e-01
6.110001222189613834e-01 4.601963212834445649e+00 -3.160896061984587169e-01
6.120001224189924871e-01 4.774017267851760060e+00 -3.089349857645452557e-01
6.130001226190235908e-01 4.944810557292487196e+00 -3.015168226924096473e-01
6.140001228190545834e-01 5.114187095370567704e+00 -2.938377449256362461e-01
6.150001230190856871e-01 5.281988653546350498e+00 -2.859006119209088759e-01
6.160001232191167908e-01 5.448054842463595726e+00 -2.777085168765850431e-01
6.170001234191478945e-01 5.612223198372245037e+00 -2.692647888211878171e-01
6.180001236191789982e-01 5.774329274099478937e+00 -2.605729945560982808e-01
6.190001238192101018e-01 5.934206734629496438e+00 -2.516369404466821114e-01
6.200001240192412055e-01 6.091687457349407531e+00 -2.424606740560735496e-01
6.210001242192723092e-01 6.246601637015893438e+00 -2.330484856158025198e-01
6.220001244193034129e-01 6.398777895494039747e+00 -2.234049093274208808e-01
6.230001246193345166e-01 6.548043396316619358e+00 -2.135347244892652485e-01
6.240001248193656203e-01 6.694223964108461544e+00 -2.034429564424691528e-01
6.250001250193966129e-01 6.837144208917020904e+00 -1.931348773303337429e-01
6.260001252194277166e-01 6.976627655486410617e+00 -1.826160066651422442e-01
6.270001254194588203e-01 7.112496877507757276e+00 -1.718921116965347051e-01
6.280001256194899240e-01 7.244573636875107248e+00 -1.609692075755164709e-01
6.290001258195210276e-01 7.372679027970943544e+00 -1.498535573082291628e-01
6.300001260195521313e-01 7.496633627001207500e+00 -1.385516714936148031e-01
6.310001262195832350e-01 7.616257646394479330e+00 -1.270703078391118290e-01
6.320001264196143387e-01 7.731371094275074185e+00 -1.154164704485779180e-01
6.330001266196454424e-01 7.841793939014187309e+00 -1.035974088766584700e-01
6.340001268196765460e-01 7.947346278857885693e+00 -9.162061694387198252e-02
6.350001270197076497e-01 8.047848516624867443e+00 -7.949383130673276510e-02
6.360001272197386424e-01 8.143121539460741687e+00 -6.722502977729834239e-02
6.370001274197697461e-01 8.232986903629520015e+00 -5.482242938658737214e-02
6.380001276198008497e-01 8.317267024316198132e+00 -4.229448418642111490e-02
6.390001278198319534e-01 8.395785370407924830e+00 -2.964988278428176693e-02
6.400001280198630571e-01 8.468366664213849759e+00 -1.689754560592433494e-02
6.410001282198941608e-01 8.534837086076809243e+00 -4.046621880555175896e-03
6.420001284199252645e-01 8.595024483822312433e+00 8.893513656484513044e-03
6.430001286199563681e-01 8.648758586982664198e+00 2.191326434846990745e-02
6.440001288199874718e-01 8.695871225725952058e+00 3.500281549428930356e-02
6.450001290200185755e-01 8.736196554411533199e+00 4.815213852232753250e-02
6.460001292200496792e-01 8.769571279685019149e+00 6.135099546575532165e-02
6.470001294200806718e-01 8.795834893016985845e+00 7.458894374355881651e-02
6.480001296201117755e-01 8.814829907580875812e+00 8.785534125147891060e-02
6.490001298201428792e-01 8.826402099355897590e+00 1.011393517668108533e-01
6.500001300201739829e-01 8.830400752331627245e+00 1.144299506708688074e-01
6.510001302202050866e-01 8.826678907681046127e+00 1.277159309926552688e-01
6.520001304202361903e-01 8.815093616758661099e+00 1.409859097770838343e-01
6.530001306202672939e-01 8.795506197770373902e+00 1.542283347808598160e-01
6.540001308202983976e-01 8.767782495951012223e+00 1.674314914988744851e-01
6.550001310203295013e-01 8.731793147074776940e+00 1.805835105237115490e-01
6.560001312203606050e-01 8.687413844112981565e+00 1.936723752405899446e-01
6.570001314203915976e-01 8.634525606842029077e+00 2.066859298597812922e-01
6.580001316204227013e-01 8.573015054193311002e+00 2.196118877882912712e-01
6.590001318204538050e-01 8.502774679125096213e+00 2.324378403422466266e-01
6.600001320204849087e-01 8.423703125784157919e+00 2.451512658006835266e-01
6.610001322205160124e-01 8.335705468713438648e+00 2.577395388021812561e-01
6.620001324205471160e-01 8.238693493849099880e+00 2.701899400843432164e-01
6.630001326205782197e-01 8.132585981038248590e+00 2.824896665662331441e-01
6.640001328206093234e-01 8.017308987795615849e+00 2.946258417734428092e-01
6.650001330206404271e-01 7.892796134004805175e+00 3.065855266050624417e-01
6.660001332206715308e-01 7.758988887256419886e+00 3.183557304414119660e-01
6.670001334207026344e-01 7.615836848502326895e+00 3.299234225909709051e-01
6.680001336207336271e-01 7.463298037691902032e+00 3.412755440745030566e-01
6.690001338207647308e-01 7.301339179042297900e+00 3.523990197439304528e-01
6.700001340207958345e-01 7.129935985581757230e+00 3.632807707330172331e-01
6.710001342208269381e-01 6.949073442590283811e+00 3.739077272364839666e-01
6.720001344208580418e-01 6.758746089548929525e+00 3.842668416136397203e-01
6.730001346208891455e-01 6.558958300194554170e+00 3.943451018121265639e-01
6.740001348209202492e-01 6.349724560262934858e+00 4.041295451068432354e-01
6.750001350209513529e-01 6.131069742489002827e+00 4.136072721485758996e-01
6.760001352209824566e-01 5.903029378418924722e+00 4.227654613163077113e-01
6.770001354210135602e-01 5.665649926574463535e+00 4.315913833666115140e-01
6.780001356210446639e-01 5.418989036495929668e+00 4.400724163729515248e-01
6.790001358210756566e-01 5.163115808175962052e+00 4.481960609481718816e-01
6.800001360211067603e-01 4.898111046381960598e+00 4.559499557392507896e-01
6.810001362211378639e-01 4.624067509351863947e+00 4.633218931856784017e-01
6.820001364211689676e-01 4.341090151332631208e+00 4.702998355355257343e-01
6.830001366212000713e-01 4.049296358418181363e+00 4.768719311052954102e-01
6.840001368212311750e-01 3.748816177129142169e+00 4.830265307736144043e-01
6.850001370212622787e-01 3.439792535163646470e+00 4.887522046971483625e-01
6.860001372212933823e-01 3.122381453734788703e+00 4.940377592364186832e-01
6.870001374213244860e-01 2.796752250897521996e+00 4.988722540784936155e-01
6.880001376213555897e-01 2.463087735254771982e+00 5.032450195428386230e-01
6.890001378213866934e-01 2.121584389420088979e+00 5.071456740558691889e-01
6.900001380214176860e-01 1.772452542601929082e+00 5.105641417790222070e-01
6.910001382214487897e-01 1.415916531662638311e+00 5.134906703744337442e-01
6.920001384214798934e-01 1.052214849994398849e+00 5.159158488915394081e-01
6.930001386215109971e-01 6.816002835422206863e-01 5.178306257571728688e-01
6.940001388215421008e-01 3.043400332947119313e-01 5.192263268509660357e-01
6.950001390215732044e-01 -7.928417644737308090e-02 5.200946736470739573e-01
6.960001392216043081e-01 -4.689760047240635332e-01 5.204278014024731336e-01
6.970001394216354118e-01 -8.644244161987197916e-01 5.202182773713008856e-01
6.980001396216665155e-01 -1.265303619786572797e+00 5.194591190239017386e-01
6.990001398216976192e-01 -1.671273024353156389e+00 5.181438122486199394e-01
7.000001400217287229e-01 -2.081977212213642847e+00 5.162663295155295318e-01
7.010001402217597155e-01 -2.497045931169279864e+00 5.138211479700627304e-01
7.020001404217908192e-01 -2.916094105822755633e+00 5.108032674420411867e-01
7.030001406218219229e-01 -3.338721868918486990e+00 5.072082283412718828e-01
7.040001408218530266e-01 -3.764514613458127990e+00 5.030321294123456521e-01
7.050001410218841302e-01 -4.193043066342329261e+00 4.982716453225281006e-01
7.060001412219152339e-01 -4.623863384291992062e+00 4.929240440550355373e-01
7.070001414219463376e-01 -5.056517272802292240e+00 4.869872040792180279e-01
7.080001416219774413e-01 -5.490532128881498330e+00 4.804596312683780956e-01
7.090001418220085450e-01 -5.925421208324643807e+00 4.733404755351963700e-01
7.100001420220396486e-01 -6.360683818268390688e+00 4.656295471539627084e-01
7.110001422220706413e-01 -6.795805535768530525e+00 4.573273327380786846e-01
7.120001424221017450e-01 -7.230258453135594010e+00 4.484350108405371071e-01
7.130001426221328487e-01 -7.663501450755219935e+00 4.389544671443968982e-01
7.140001428221639523e-01 -8.094980498112237299e+00 4.288883092095295280e-01
7.150001430221950560e-01 -8.524128983724796882e+00 4.182398807412618935e-01
7.160001432222261597e-01 -8.950368074683213493e+00 4.070132753458445829e-01
7.170001434222572634e-01 -9.373107106473371530e+00 3.952133497370610704e-01
7.180001436222883671e-01 -9.791744003748462433e+00 3.828457363576489025e-01
7.190001438223194707e-01 -1.020566573269454835e+01 3.699168553786266744e-01
7.200001440223505744e-01 -1.061424878561554230e+01 3.564339260396356956e-01
7.210001442223816781e-01 -1.101685969834114687e+01 3.424049772922180268e-01
7.220001444224126708e-01 -1.141285560103585617e+01 3.278388577026424278e-01
7.230001446224437744e-01 -1.180158480296174872e+01 3.127452445843917350e-01
7.240001448224748781e-01 -1.218238741171904493e+01 2.971346523149518415e-01
7.250001450225059818e-01 -1.255459598745767558e+01 2.810184397981988491e-01
7.260001452225370855e-01 -1.291753623251837091e+01 2.644088170324599418e-01
7.270001454225681892e-01 -1.327052771692683741e+01 2.473188507438269512e-01
7.280001456225992928e-01 -1.361288464012568511e+01 2.297624690440672468e-01
7.290001458226303965e-01 -1.394391662928754272e+01 2.117544650722772981e-01
7.300001460226615002e-01 -1.426292957450926302e+01 1.933104995792892244e-01
7.310001462226926039e-01 -1.456922650113997442e+01 1.744471024137555226e-01
7.320001464227237076e-01 -1.486210847944668956e+01 1.551816728688145686e-01
7.330001466227547002e-01 -1.514087557176837961e+01 1.355324788482856480e-01
7.340001468227858039e-01 -1.540482781725441264e+01 1.155186548114304212e-01
7.350001470228169076e-01 -1.565326625422404838e+01 9.516019845554744838e-02
7.360001472228480113e-01 -1.588549398012307101e+01 7.447796609583344496e-02
7.370001474228791150e-01 -1.610081724898802236e+01 5.349366670235174148e-02
7.380001476229102186e-01 -1.629854660626067542e+01 3.222985455430962820e-02
7.390001478229413223e-01 -1.647799806072419670e+01 1.070992047234553025e-02
7.400001480229724260e-01 -1.663849429325755835e+01 -1.104191840989532207e-02
7.410001482230035297e-01 -1.677936590202666878e+01 -3.300063037303770097e-02
7.420001484230346334e-01 -1.689995268364901193e+01 -5.514038237547767146e-02
7.430001486230657370e-01 -1.699960494978302350e+01 -7.743455488900485850e-02
7.440001488230967297e-01 -1.707768487850536232e+01 -9.985575834263397954e-02
7.450001490231278334e-01 -1.713356789974683636e+01 -1.223758512089003908e-01
7.460001492231589371e-01 -1.716664411396151735e+01 -1.449659597658561339e-01
7.470001494231900407e-01 -1.717631974310412701e+01 -1.675964995668124680e-01
7.480001496232211444e-01 -1.716201861288734420e+01 -1.902371986483997190e-01
7.490001498232522481e-01 -1.712318366518382717e+01 -2.128571225060589267e-01
7.500001500232833518e-01 -1.705927849932708895e+01 -2.354247008644357042e-01
7.510001502233144555e-01 -1.696978894095065726e+01 -2.579077562683971814e-01
7.520001504233455591e-01 -1.685422463688726680e+01 -2.802735345185078386e-01
7.530001506233766628e-01 -1.671212067452773553e+01 -3.024887369727961572e-01
7.540001508234076555e-01 -1.654303922391360615e+01 -3.245195547344854048e-01
7.550001510234387592e-01 -1.634657120070884417e+01 -3.463317047430994888e-01
7.560001512234698628e-01 -1.612233794806298448e+01 -3.678904677838779613e-01
7.570001514235009665e-01 -1.586999293524159782e+01 -3.891607284279438583e-01
7.580001516235320702e-01 -1.558922347076066117e+01 -4.101070169128684939e-01
7.590001518235631739e-01 -1.527975242761785601e+01 -4.306935529704587484e-01
7.600001520235942776e-01 -1.494133997806746628e+01 -4.508842916055512684e-01
7.610001522236253813e-01 -1.457378533523570319e+01 -4.706429708265962852e-01
7.620001524236564849e-01 -1.417692849872013028e+01 -4.899331613272916996e-01
7.630001526236875886e-01 -1.375065200116181430e+01 -5.087183181052878922e-01
7.640001528237186923e-01 -1.329488265261990776e+01 -5.269618340172752546e-01
7.650001530237496850e-01 -1.280959327941613601e+01 -5.446270952535153809e-01
7.660001532237807886e-01 -1.229480445395283716e+01 -5.616775387130849007e-01
7.670001534238118923e-01 -1.175058621184314234e+01 -5.780767112586014944e-01
7.680001536238429960e-01 -1.117705975252158090e+01 -5.937883308242881686e-01
7.690001538238740997e-01 -1.057439911933470178e+01 -6.087763493466438192e-01
7.700001540239052034e-01 -9.942832854938307818e+00 -6.230050174823583697e-01
7.710001542239363070e-01 -9.282645627654922293e+00 -6.364389510732618715e-01
7.720001544239674107e-01 -8.594179824270415935e+00 -6.490431993130600929e-01
7.730001546239985144e-01 -7.877837104573527149e+00 -6.607833145654454787e-01
7.740001548240296181e-01 -7.134079912766175369e+00 -6.716254237777775637e-01
7.750001550240607218e-01 -6.363432940696720941e+00 -6.815363014290304333e-01
7.760001552240917144e-01 -5.566484537692714341e+00 -6.904834439449651917e-01
7.770001554241228181e-01 -4.743888061594253358e+00 -6.984351455076500681e-01
7.780001556241539218e-01 -3.896363165417214169e+00 -7.053605751803816437e-01
7.790001558241850255e-01 -3.024697013900242482e+00 -7.112298552628968373e-01
7.800001560242161291e-01 -2.129745424022603473e+00 -7.160141407853805040e-01
7.810001562242472328e-01 -1.212433923410570102e+00 -7.196857000432780316e-01
7.820001564242783365e-01 -2.737587203861460150e-01 -7.222179960692800549e-01
7.830001566243094402e-01 6.852124207489399543e-01 -7.235857689308320406e-01
7.840001568243405439e-01 1.663339405754838962e+00 -7.237651187266982422e-01
7.850001570243716476e-01 2.659409144534463643e+00 -7.227335891719035565e-01
7.860001572244027512e-01 3.672135000114183701e+00 -7.204702516286530800e-01
7.870001574244337439e-01 4.700156359521576732e+00 -7.169557894449978264e-01
7.880001576244648476e-01 5.742038333690127061e+00 -7.121725824540200422e-01
7.890001578244959513e-01 6.796271593642432940e+00 -7.061047914785122392e-01
7.900001580245270549e-01 7.861272350321828917e+00 -6.987384426784933877e-01
7.910001582245581586e-01 8.935382485543541975e+00 -6.900615115712052106e-01
7.920001584245892623e-01 1.001686984163294980e+01 -6.800640065454437444e-01
7.930001586246203660e-01 1.110392867740045375e+01 -6.687380516842559297e-01
7.940001588246514697e-01 1.219468029817237387e+01 -6.560779687021560669e-01
7.950001590246825733e-01 1.328717386765368502e+01 -6.420803577951142982e-01
7.960001592247136770e-01 1.437938740943950044e+01 -6.267441771936742567e-01
7.970001594247447807e-01 1.546922900601787276e+01 -6.100708212016486831e-01
7.980001596247757734e-01 1.655453820311446123e+01 -5.920641964949736602e-01
7.990001598248068770e-01 1.763308762722042644e+01 -5.727307964474672719e-01
8.000001600248379807e-01 1.870258482411244572e+01 -5.520797732425191118e-01
8.010001602248690844e-01 1.976067432612728680e+01 -5.301230075219988125e-01
8.020001604249001881e-01 2.080493995587584877e+01 -5.068751753161845341e-01
8.030001606249312918e-01 2.183290737398778703e+01 -4.823538119925392387e-01
8.040001608249623954e-01 2.284204687835370251e+01 -4.565793729482159335e-01
8.050001610249934991e-01 2.382977646218184375e+01 -4.295752907707973134e-01
8.060001612250246028e-01 2.479346513801118590e+01 -4.013680285855358854e-01
8.070001614250557065e-01 2.573043653461521885e+01 -3.719871292936364759e-01
8.080001616250866991e-01 2.663797277349021542e+01 -3.414652604051632845e-01
8.090001618251178028e-01 2.751331863135077782e+01 -3.098382541628803555e-01
8.100001620251489065e-01 2.835368599474555751e+01 -2.771451426477533619e-01
8.110001622251800102e-01 2.915625861256561180e+01 -2.434281875515010851e-01
8.120001624252111139e-01 2.991819715183083872e+01 -2.087329042968742443e-01
8.130001626252422176e-01 3.063664456171881767e+01 -1.731080801819351034e-01
8.140001628252733212e-01 3.130873175033316258e+01 -1.366057862208046314e-01
8.150001630253044249e-01 3.193158357819811854e+01 -9.928138235006588042e-02
8.160001632253355286e-01 3.250232517190941905e+01 -6.119351566734600872e-02
8.170001634253666323e-01 3.301808856076542043e+01 -2.240411136657827554e-02
8.180001636253977360e-01 3.347601963854715734e+01 1.702164396687099249e-02
8.190001638254287286e-01 3.387328545190715090e+01 5.701532703858949030e-02
8.200001640254598323e-01 3.420708181606433840e+01 9.750531084218891364e-02
8.210001642254909360e-01 3.447464125768179599e+01 1.384168063070365384e-01
8.220001644255220397e-01 3.467324128392692018e+01 1.796719129307636220e-01
8.230001646255531433e-01 3.480021297577307848e+01 2.211896787275777765e-01
8.240001648255842470e-01 3.485294990260013037e+01 2.628861698201376829e-01
8.250001650256153507e-01 3.482891735408375666e+01 3.046745499943431801e-01
8.260001652256464544e-01 3.472566188422840128e+01 3.464651705352440048e-01
8.270001654256775581e-01 3.454082116119631962e+01 3.881656706514396427e-01
8.280001656257086617e-01 3.427213411530944853e+01 4.296810887867979489e-01
8.290001658257397654e-01 3.391745137625296280e+01 4.709139851087252859e-01
8.300001660257707581e-01 3.347474598908702603e+01 5.117645754503937772e-01
8.310001662258018618e-01 3.294212439717240670e+01 5.521308769712194309e-01
8.320001664258329654e-01 3.231783767853890055e+01 5.919088657850756219e-01
8.330001666258640691e-01 3.160029302056491218e+01 6.309926467894775293e-01
8.340001668258951728e-01 3.078806541609748137e+01 6.692746359107170084e-01
8.350001670259262765e-01 2.987990956231817563e+01 7.066457549600563270e-01
8.360001672259573802e-01 2.887477194175134443e+01 7.429956392742517179e-01
8.370001674259884838e-01 2.777180306281835342e+01 7.782128582898558689e-01
8.380001676260195875e-01 2.657036983526031548e+01 8.121851491749100260e-01
8.390001678260506912e-01 2.527006805358435315e+01 8.447996636136301252e-01
8.400001680260817949e-01 2.387073495943314683e+01 8.759432278095060642e-01
8.410001682261127876e-01 2.237246185143328248e+01 9.055026157397184638e-01
8.420001684261438912e-01 2.077560670864587422e+01 9.333648356589328010e-01
8.430001686261749949e-01 1.908080679122599932e+01 9.594174298131602496e-01
8.440001688262060986e-01 1.728899117928530060e+01 9.835487872856567559e-01
8.450001690262372023e-01 1.540139320826409630e+01 1.005648469852849614e+00
8.460001692262683060e-01 1.341956275634123585e+01 1.025607550676100654e+00
8.470001694262994096e-01 1.134537833654798078e+01 1.043318965628688755e+00
8.480001696263305133e-01 9.181058943309547971e+00 1.058677876983359134e+00
8.490001698263616170e-01 6.929175600120943024e+00 1.071582049143228854e+00
8.500001700263927207e-01 4.592662551969730167e+00 1.081932236040655138e+00
8.510001702264238244e-01 2.174828042954032092e+00 1.089632579768827991e+00
8.520001704264548170e-01 -3.206353836852619543e-01 1.094591019948199406e+00
8.530001706264859207e-01 -2.889641129191711233e+00 1.096719713264005858e+00
8.540001708265170244e-01 -5.527699395992484277e+00 1.095935462542168448e+00
8.550001710265481281e-01 -8.229908730283971963e+00 1.092160154658657678e+00
8.560001712265792317e-01 -1.099094832674086497e+01 1.085321206501979496e+00
8.570001714266103354e-01 -1.380507117505425541e+01 1.075352018129701159e+00
8.580001716266414391e-01 -1.666609813148668096e+01 1.062192432178026058e+00
8.590001718266725428e-01 -1.956741300212661727e+01 1.045789198498125572e+00
8.600001720267036465e-01 -2.250195872801748109e+01 1.026096442904450567e+00
8.610001722267347501e-01 -2.546223476581375778e+01 1.003076138828500330e+00
8.620001724267657428e-01 -2.844029576106419555e+01 9.766985805765362461e-01
8.630001726267968465e-01 -3.142775161462577316e+01 9.469428567916389206e-01
8.640001728268279502e-01 -3.441576904604389853e+01 9.137973226193206733e-01
8.650001730268590538e-01 -3.739507476100011729e+01 8.772600689716331113e-01
8.660001732268901575e-01 -4.035596033307008668e+01 8.373393871800149935e-01
8.670001734269212612e-01 -4.328828891306298488e+01 7.940542272089203824e-01
8.680001736269523649e-01 -4.618150388208131574e+01 7.474346474969765231e-01
8.690001738269834686e-01 -4.902463956713597781e+01 6.975222543849258772e-01
8.700001740270145723e-01 -5.180633414063668596e+01 6.443706289548841726e-01
8.710001742270456759e-01 -5.451484482731651582e+01 5.880457389977099547e-01
8.720001744270767796e-01 -5.713806554411891625e+01 5.286263337017196307e-01
8.730001746271077723e-01 -5.966354710022937979e+01 4.662043185336126050e-01
8.740001748271388760e-01 -6.207852008573878066e+01 4.008851076588477724e-01
8.750001750271699796e-01 -6.436992057832456737e+01 3.327879511245923072e-01
8.760001752272010833e-01 -6.652441879781036960e+01 2.620462339034691501e-01
8.770001754272321870e-01 -6.852845083842247220e+01 1.888077437720621088e-01
8.780001756272632907e-01 -7.036825360799252849e+01 1.132349048740815128e-01
8.790001758272943944e-01 -7.202990310217045078e+01 3.550497369542452569e-02
8.800001760273254980e-01 -7.349935613986249905e+01 -4.418980594257053418e-02
8.810001762273566017e-01 -7.476249568352669428e+01 -1.256420923838518222e-01
8.820001764273877054e-01 -7.580517986456825952e+01 -2.086293837598048317e-01
8.830001766274188091e-01 -7.661329482980883654e+01 -2.929140074715338438e-01
8.840001768274498017e-01 -7.717281151976771980e+01 -3.782431653773645208e-01
8.850001770274809054e-01 -7.746984648321083000e+01 -4.643490386312896789e-01
8.860001772275120091e-01 -7.749072682499215148e+01 -5.509489562115698069e-01
8.870001774275431128e-01 -7.722205937554186050e+01 -6.377456312647988845e-01
8.880001776275742165e-01 -7.665080416033127619e+01 -7.244274694684958993e-01
8.890001778276053201e-01 -7.576435223615861503e+01 -8.106689536750285585e-01
8.900001780276364238e-01 -7.455060794802868429e+01 -8.961311091626499303e-01
8.910001782276675275e-01 -7.299807564561535855e+01 -9.804620538562429655e-01
8.920001784276986312e-01 -7.109595088166135213e+01 -1.063297637903622306e+00
8.930001786277297349e-01 -6.883421609603811930e+01 -1.144262177004418124e+00
8.940001788277608386e-01 -6.620374076840802502e+01 -1.222969283877711755e+00
8.950001790277918312e-01 -6.319638599933089296e+01 -1.299022802223547046e+00
8.960001792278229349e-01 -5.980511345406395662e+01 -1.372017847479350516e+00
8.970001794278540386e-01 -5.602409857504319035e+01 -1.441541958592611472e+00
8.980001796278851423e-01 -5.184884793787556134e+01 -1.507176364923950240e+00
8.990001798279162459e-01 -4.727632059145413024e+01 -1.568497372256220990e+00
9.000001800279473496e-01 -4.230505318525739966e+01 -1.625077871713706212e+00
9.010001802279784533e-01 -3.693528864581301718e+01 -1.676488975186945396e+00
9.020001804280095570e-01 -3.116910811942336323e+01 -1.722301780610256072e+00
9.030001806280406607e-01 -2.501056584930534399e+01 -1.762089270146948605e+00
9.040001808280717643e-01 -1.846582660201092452e+01 -1.795428343997827358e+00
9.050001810281027570e-01 -1.154330520006666738e+01 -1.821901992157757499e+00
9.060001812281338607e-01 -4.253807654880197298e+00 -1.841101605998542112e+00
9.070001814281649644e-01 3.389326674200840106e+00 -1.852629431049481301e+00
9.080001816281960680e-01 1.137008254263750295e+01 -1.856101161775003172e+00
9.090001818282271717e-01 1.966962663303293013e+01 -1.851148678506930878e+00
9.100001820282582754e-01 2.826616653109633859e+01 -1.837422925973032140e+00
9.110001822282893791e-01 3.713481177236842257e+01 -1.814596932043086808e+00
9.120001824283204828e-01 4.624743796720228062e+01 -1.782368964466090500e+00
9.130001826283515864e-01 5.557255511959892402e+01 -1.740465822353195247e+00
9.140001828283826901e-01 6.507518137183733131e+01 -1.688646258088149832e+00
9.150001830284137938e-01 7.471672353193768856e+01 -1.626704524153414599e+00
9.160001832284447865e-01 8.445486587539966195e+01 -1.554474038047329199e+00
9.170001834284758901e-01 9.424346885695899800e+01 -1.471831157030102588e+00
9.180001836285069938e-01 1.040324795228772672e+02 -1.378699052864217789e+00
9.190001838285380975e-01 1.137678555802602887e+02 -1.275051674997953466e+00
9.200001840285692012e-01 1.233915052576348899e+02 -1.160917788770043702e+00
9.210001842286003049e-01 1.328412452813602727e+02 -1.036385073177316096e+00
9.220001844286314086e-01 1.420507794960731474e+02 -9.016042605349233741e-01
9.230001846286625122e-01 1.509497008751082205e+02 -7.567932979581204478e-01
9.240001848286936159e-01 1.594635198995237602e+02 -6.022415079929986925e-01
9.250001850287247196e-01 1.675137225328951160e+02 -4.383137229076580210e-01
9.260001852287558233e-01 1.750178612843438088e+02 -2.654543641108657592e-01
9.270001854287868159e-01 1.818896831353323194e+02 -8.419143487733216080e-02
9.280001856288179196e-01 1.880392984076280527e+02 1.048596089886709160e-01
9.290001858288490233e-01 1.933733949715738731e+02 3.009921497425284143e-01
9.300001860288801270e-01 1.977955025366287032e+02 5.034049028502904921e-01
9.310001862289112307e-01 2.012063121311560394e+02 7.111986644395840163e-01
9.320001864289423343e-01 2.035040562670319275e+02 9.233733635506858883e-01
9.330001866289734380e-01 2.045849556980692796e+02 1.138825476797874936e+00
9.340001868290045417e-01 2.043437391209656084e+02 1.356345868549897027e+00
9.350001870290356454e-01 2.026742426349462676e+02 1.574618125617784470e+00
9.360001872290667491e-01 1.994700962730594540e+02 1.792217461751148377e+00
9.370001874290978527e-01 1.946255054458092673e+02 2.007610274001965234e+00
9.380001876291288454e-01 1.880361356982288896e+02 2.219154440248306770e+00
9.390001878291599491e-01 1.796001097763810606e+02 2.425100454908229342e+00
9.400001880291910528e-01 1.692191266305796660e+02 2.623593508145302788e+00
9.410001882292221564e-01 1.567997126522676297e+02 2.812676622705912788e+00
9.420001884292532601e-01 1.422546161516746110e+02 2.990294971964957416e+00
9.430001886292843638e-01 1.255043568362114002e+02 3.154301512829072784e+00
9.440001888293154675e-01 1.064789428474220188e+02 3.302464077890405303e+00
9.450001890293465712e-01 8.511976875961372002e+01 3.432474082678867777e+00
9.460001892293776748e-01 6.138170883857364402e+01 3.541957016068033592e+00
9.470001894294087785e-01 3.523542080674504007e+01 3.628484894892312962e+00
9.480001896294398822e-01 6.669876364684032666e+00 3.689590877676729441e+00
9.490001898294708749e-01 -2.430486421949442999e+01 3.722786247113066604e+00
9.500001900295019786e-01 -5.765461501757931728e+01 3.725579986588110959e+00
9.510001902295330822e-01 -9.331774522225764201e+01 3.695501192733764206e+00
9.520001904295641859e-01 -1.312015569219913402e+02 3.630124583681305861e+00
9.530001906295952896e-01 -1.711783376618331829e+02 3.527099381524647193e+00
9.540001908296263933e-01 -2.130810641786488304e+02 3.384181867470851035e+00
9.550001910296574970e-01 -2.566987322161154452e+02 3.199271929387727198e+00
9.560001912296886006e-01 -3.017712857581244066e+02 2.970453943992193313e+00
9.570001914297197043e-01 -3.479841173646169068e+02 2.696042359786638976e+00
9.580001916297508080e-01 -3.949621095469305487e+02 2.374632372209880327e+00
9.590001918297818007e-01 -4.422631852755558839e+02 2.005156109331326153e+00
9.600001920298129043e-01 -4.893713337669278189e+02 1.586944774891622778e+00
9.610001922298440080e-01 -5.356890756421216793e+02 1.119797225664326490e+00
9.620001924298751117e-01 -5.805293293840410342e+02 6.040554920686406204e-01
9.630001926299062154e-01 -6.231066387344878876e+02 4.068778480381371465e-02
9.640001928299373191e-01 -6.625277182631134565e+02 -5.686204339033600341e-01
9.650001930299684227e-01 -6.977812717998598373e+02 -1.221366697936785206e+00
9.660001932299995264e-01 -7.277270357448329605e+02 -1.914122447206235478e+00
9.670001934300306301e-01 -7.510839964475700299e+02 -2.642413900808861627e+00
9.680001936300617338e-01 -7.664177278742714634e+02 -3.400592149549098497e+00
9.690001938300928375e-01 -7.721267926491333355e+02 -4.181691676508787481e+00
9.700001940301238301e-01 -7.664281462566077607e+02 -4.977276464242334164e+00
9.710001942301549338e-01 -7.473414807169349388e+02 -5.777272794219078911e+00
9.720001944301860375e-01 -7.126724403890082158e+02 -6.569787788196363110e+00
9.730001946302171412e-01 -6.599946387034641475e+02 -7.340912682136112366e+00
9.740001948302482448e-01 -5.866304005754066111e+02 -8.074509760902529365e+00
9.750001950302793485e-01 -4.896301509805868477e+02 -8.751981816150632199e+00
9.760001952303104522e-01 -3.657503656904368086e+02 -9.352022920289368102e+00
9.770001954303415559e-01 -2.114299954393342489e+02 -9.850349236150600873e+00
9.780001956303726596e-01 -2.276526983116820801e+01 -1.021940850462797101e+01
9.790001958304037633e-01 2.045172179309139437e+02 -1.042806677097431134e+01
9.800001960304348669e-01 4.750892499000723888e+02 -1.044127082445761268e+01
9.810001962304658596e-01 7.940516560093838052e+02 -1.021968473540340305e+01
9.820001964304969633e-01 1.166967036716334633e+03 -9.719298778087088309e+00
9.830001966305280670e-01 1.599894658299921730e+03 -8.891008927235105830e+00
9.840001968305591706e-01 2.099427650147538316e+03 -7.680165009790771435e+00
9.850001970305902743e-01 2.672732640411854391e+03 -6.026085481835157687e+00
9.860001972306213780e-01 3.327591973819178747e+03 -3.861536682841804957e+00
9.870001974306524817e-01 4.072448663184231918e+03 -1.112174295495253595e+00
9.880001976306835854e-01 4.916454234350913794e+03 2.304055391189691271e+00
9.890001978307146890e-01 5.869519632852463474e+03 6.477556955070009614e+00
9.900001980307457927e-01 6.942369369587150686e+03 1.150777273457912209e+01
9.910001982307768964e-01 8.146599092256740732e+03 1.750391797922696568e+01
9.920001984308078891e-01 9.494736779236438451e+03 2.458576725321731615e+01
9.930001986308389927e-01 1.100030776295865326e+04 3.288449525684218600e+01
9.940001988308700964e-01 1.267790380081711373e+04 4.254357540732890897e+01
9.950001990309012001e-01 1.454325642306312511e+04 5.371973970699266943e+01
9.955001991309166964e-01 1.555158827898021809e+04 5.992958338065356116e+01
9.960001992309323038e-01 1.661331479939376732e+04 6.658400362771995162e+01
9.965001993309479111e-01 1.773075844379426417e+04 7.370678861518560154e+01
9.970001994309634075e-01 1.890632837746045698e+04 8.132275991719909314e+01
9.975001995309789038e-01 2.014252333383588484e+04 8.945781076050396052e+01
9.977501995809867630e-01 2.078416126473660916e+04 9.372838536599610393e+01
9.980001996309945111e-01 2.144193456245584821e+04 9.813894551582254167e+01
9.982501996810022593e-01 2.211618208680730095e+04 1.026930470615840107e+02
9.985001997310101185e-01 2.280724886422428244e+04 1.073943204698052227e+02
9.987501997810178667e-01 2.351548618753949268e+04 1.122464721688418194e+02
9.988751998060216852e-01 2.387615532128763152e+04 1.147303067433760049e+02
9.990001998310256148e-01 2.424125171728687201e+04 1.172532859171960240e+02
9.991001798479230978e-01 2.453648781647746000e+04 1.192997673134251784e+02
9.992001598648205807e-01 2.483460905422939686e+04 1.213718522096089885e+02
9.993001398817178416e-01 2.513563918314491457e+04 1.234697932887852403e+02
9.994001198986153245e-01 2.543960212616319404e+04 1.255938453129913484e+02
9.995000999155128074e-01 2.574652197764648008e+04 1.277442651380292347e+02
9.995500899239615489e-01 2.590109832069480035e+04 1.288294438194787404e+02
9.996000799324102903e-01 2.605642300447963862e+04 1.299213117283704833e+02
9.996500699408590318e-01 2.621249908949903329e+04 1.310199015672001508e+02
9.997000599493076622e-01 2.636932964717150753e+04 1.321252461721302893e+02
9.997500499577564037e-01 2.652691775987225992e+04 1.332373785134733453e+02
9.997750449619807744e-01 2.660599686560442569e+04 1.337960004253164641e+02
9.998000399662051452e-01 2.668526652096602629e+04 1.343563316961521821e+02
9.998250349704295159e-01 2.676472711435071324e+04 1.349183764852081140e+02
9.998500299746537756e-01 2.684437903484309936e+04 1.354821389601829082e+02
9.998750249788781463e-01 2.692422267222120718e+04 1.360476232972705759e+02
9.998875224809903317e-01 2.696421650673729891e+04 1.363310124714896574e+02
9.999000199831025171e-01 2.700425841695551935e+04 1.366148336811610307e+02
9.999100179847922876e-01 2.703632659250673896e+04 1.368422020668151902e+02
9.999200159864820581e-01 2.706842559287939002e+04 1.370698475595233106e+02
9.999300139881717175e-01 2.710055544315663792e+04 1.372977704282491800e+02
9.999400119898614880e-01 2.713271616844060554e+04 1.375259709421827949e+02
9.999500099915512585e-01 2.716490779385021597e+04 1.377544493707254674e+02
9.999550089923960883e-01 2.718101520195656849e+04 1.378687928872225257e+02
9.999600079932410290e-01 2.719713034452247666e+04 1.379832059835000280e+02
9.999650069940859698e-01 2.721325322469254388e+04 1.380976886932927528e+02
9.999700059949307995e-01 2.722938384561243220e+04 1.382122410503487231e+02
9.999750049957756293e-01 2.724552221042965539e+04 1.383268630884352319e+02
9.999775044961980441e-01 2.725359429778356571e+04 1.383842002484201714e+02
9.999800039966204590e-01 2.726166832229250576e+04 1.384415548413304862e+02
9.999825034970428739e-01 2.726974428435018490e+04 1.384989268713907506e+02
9.999850029974652887e-01 2.727782218435038158e+04 1.385563163428263351e+02
9.999875024978877036e-01 2.728590202268695066e+04 1.386137232598634057e+02
9.999887522480990221e-01 2.728994266885482284e+04 1.386424332618057633e+02
9.999900019983102295e-01 2.729398379975416901e+04 1.386711476267312264e+02
9.999910017984792177e-01 2.729721705351372657e+04 1.386941222603769290e+02
9.999920015986483168e-01 2.730045061755872666e+04 1.387170996869446356e+02
9.999930013988171940e-01 2.730368449191333639e+04 1.387400799066975878e+02
9.999940011989861821e-01 2.730691867660384742e+04 1.387630629199140628e+02
9.999950009991551703e-01 2.731015317165513989e+04 1.387860487268620489e+02
9.999955008992396088e-01 2.731177053557377440e+04 1.387975426780687656e+02
9.999960007993240474e-01 2.731338797709206483e+04 1.388090373278097900e+02
9.999965006994085970e-01 2.731500549621350729e+04 1.388205326761217862e+02
9.999970005994931466e-01 2.731662309294091756e+04 1.388320287230357337e+02
9.999975004995775851e-01 2.731824076727707507e+04 1.388435254685832376e+02
9.999977504496198044e-01 2.731904963354956271e+04 1.388492741033559241e+02
9.999980003996620237e-01 2.731985851922550501e+04 1.388550229128004219e+02
9.999982503497042430e-01 2.732066742430530576e+04 1.388607718969207383e+02
9.999985002997464623e-01 2.732147634878936151e+04 1.388665210557212788e+02
9.999987502497886815e-01 2.732228529267805425e+04 1.388722703892060508e+02
9.999988752248099022e-01 2.732268977189962243e+04 1.388751451214590986e+02
9.999990001998310118e-01 2.732309425597213703e+04 1.388780198973822451e+02
9.999991001798479440e-01 2.732341784672327412e+04 1.388803197495663255e+02
9.999992001598647651e-01 2.732374144057894955e+04 1.388826196296990361e+02
9.999993001398816972e-01 2.732406503753989091e+04 1.388849195377857768e+02
9.999994001198986293e-01 2.732438863760578897e+04 1.388872194738241035e+02
9.999995000999155614e-01 2.732471224077665465e+04 1.388895194378144140e+02
9.999995500899239165e-01 2.732487404352609519e+04 1.388906694302890514e+02
9.999996000799323825e-01 2.732503584705215326e+04 1.388918194297544346e+02
9.999996500699408486e-01 2.732519765135445414e+04 1.388929694362077214e+02
9.999997000599493147e-01 2.732535945643303421e+04 1.388941194496492528e+02
9.999997500499577807e-01 2.732552126228784982e+04 1.388952694700790857e+02
9.999997750449619582e-01 2.732560216550618861e+04 1.388958444829132759e+02
9.999998000399661358e-01 2.732568306891858083e+04 1.388964194974945201e+02
9.999998250349704243e-01 2.732576397252540482e+04 1.388969945138254616e+02
9.999998500299746018e-01 2.732584487632595483e+04 1.388975695319007286e+02
9.999998750249788904e-01 2.732592578032092570e+04 1.388981445517256930e+02
9.999998875224809236e-01 2.732596623239081237e+04 1.388984320622907660e+02
9.999999000199830679e-01 2.732600668450958256e+04 1.388987195732952102e+02
9.999999143028426296e-01 2.732605291556177690e+04 1.388990481578344145e+02
9.999999285857021913e-01 2.732609914667734120e+04 1.388993767429439572e+02
9.999999428685617531e-01 2.732614537785626089e+04 1.388997053286240657e+02
9.999999571514213148e-01 2.732619160909855782e+04 1.389000339148746548e+02
9.999999714342808765e-01 2.732623784040423561e+04 1.389003625016956676e+02
9.999999857171404383e-01 2.732628407177327972e+04 1.389006910890871893e+02
1.000000000000000000e+00 2.732633030320566832e+04 1.389010196770492485e+02
