# -7 2 0.754626875228 0.00426745079465
# x xi_r xi_h
0.000000000000000000e+00 0.000000000000000000e+00 0.000000000000000000e+00
1.000000200031036027e-03 -5.461761274071067485e-01 -2.730167217663539980e-01
1.083333550033622073e-03 -5.916524855767316682e-01 -2.957355428470876957e-01
1.166666900036207903e-03 -6.371196497435022144e-01 -3.184465497319343141e-01
1.250000250038793949e-03 -6.825769136663961678e-01 -3.411491423944032486e-01
1.333333600041381080e-03 -7.280235712752864963e-01 -3.638427210510540299e-01
1.500000300046552956e-03 -8.188822442695523618e-01 -4.092004385369477637e-01
1.666667000051725916e-03 -9.096900244425992765e-01 -4.545149094753770935e-01
1.833333700056899093e-03 -1.000441271558410783e+00 -4.997813462141108554e-01
2.000000400062071186e-03 -1.091130349965295343e+00 -5.449949667495246342e-01
2.250000450069830193e-03 -1.227035086406611963e+00 -6.127059243922388099e-01
2.500000500077589199e-03 -1.362768299745858114e+00 -6.802712193093375381e-01
2.750000550085349073e-03 -1.498311046010781133e+00 -7.476748042018162010e-01
3.000000600093107213e-03 -1.633644416969157742e+00 -8.149006750217475670e-01
3.333334000103451832e-03 -1.813730609747371325e+00 -9.042311530798248231e-01
3.666667400113796885e-03 -1.993366433442052221e+00 -9.931796552238285614e-01
4.000000800124142372e-03 -2.172507432105138303e+00 -1.081708685180895690e+00
4.500000900139660386e-03 -2.440194296257971462e+00 -1.213634191589888944e+00
5.000001000155178399e-03 -2.706519486802491770e+00 -1.344407075495294812e+00
5.500001100170696412e-03 -2.971335320947690928e+00 -1.473903625853279165e+00
6.000001200186214426e-03 -3.234495249334585321e+00 -1.602001495416299992e+00
6.500001300201731572e-03 -3.495853964985557116e+00 -1.728579830152792818e+00
7.000001400217249585e-03 -3.755267511848269901e+00 -1.853519398430740983e+00
7.500001500232767598e-03 -4.012593391365395057e+00 -1.976702716172741958e+00
8.000001600248286479e-03 -4.267690668393263387e+00 -2.098014172349175421e+00
9.000001800279322506e-03 -4.770644113410596354e+00 -2.334569144761238224e+00
1.000000200031036027e-02 -5.263035548890813153e+00 -2.562301447564217405e+00
1.100000220034138936e-02 -5.743804188468658367e+00 -2.780365719829003712e+00
1.200000240037243059e-02 -6.211923846316016018e+00 -2.987957631442780926e+00
1.300000260040345967e-02 -6.666405899438228033e+00 -3.184317210323915681e+00
1.400000280043449917e-02 -7.106302114363517219e+00 -3.368731966147052503e+00
1.500000300046552999e-02 -7.530707328081044594e+00 -3.540539784247595190e+00
1.600000320049656949e-02 -7.938761973016283946e+00 -3.699131583341114027e+00
1.700000340052760031e-02 -8.329654438307485975e+00 -3.843953726490372258e+00
1.800000360055864154e-02 -8.702623258753659385e+00 -3.974510166629822816e+00
1.900000380058967930e-02 -9.056959125248686959e+00 -4.090364333759059612e+00
2.000000400062071013e-02 -9.392006710790063551e+00 -4.191140740527329989e+00
2.100000420065175136e-02 -9.707166304660715284e+00 -4.276526300163219219e+00
2.200000440068278912e-02 -1.000189525005895419e+01 -4.346271360151503060e+00
2.300000460071381994e-02 -1.027570918265536548e+01 -4.400190451347178566e+00
2.400000480074486117e-02 -1.052818306657594860e+01 -4.438162737912864308e+00
2.500000500077589893e-02 -1.075895202486373670e+01 -4.460132176384094649e+00
2.600000520080694016e-02 -1.096771196316465335e+01 -4.466107382411729887e+00
2.700000540083797099e-02 -1.115421998595129516e+01 -4.456161208481704605e+00
2.800000560086900875e-02 -1.131829460543950638e+01 -4.430430035964128876e+00
2.900000580090004998e-02 -1.145981574413318249e+01 -4.389112787061829835e+00
3.000000600093108080e-02 -1.157872453288365122e+01 -4.332469664457924807e+00
3.100000620096211856e-02 -1.167502290705746582e+01 -4.260820625131826134e+00
3.200000640099315979e-02 -1.174877300414301473e+01 -4.174543598734536509e+00
3.300000660102418715e-02 -1.180009636693528030e+01 -4.074072460524971184e+00
3.400000680105522838e-02 -1.182917295709913574e+01 -3.959894770306050749e+00
3.500000700108626961e-02 -1.183623998473334815e+01 -3.832549291464528718e+00
3.600000720111729696e-02 -1.182159056017956722e+01 -3.692623302179994127e+00
3.700000740114833819e-02 -1.178557217484353536e+01 -3.540749713640395147e+00
3.800000760117937249e-02 -1.172858501855641400e+01 -3.377604012114778342e+00
3.900000780121040678e-02 -1.165108014151731197e+01 -3.203901039330490086e+00
4.000000800124144801e-02 -1.155355746927186900e+01 -3.020391628201978929e+00
4.100000820127248924e-02 -1.143656367978996258e+01 -2.827859112390754603e+00
4.200000840130351659e-02 -1.130068995210028504e+01 -2.627115726039165988e+00
4.300000860133455782e-02 -1.114656959624249843e+01 -2.418998911954607145e+00
4.400000880136559905e-02 -1.097487557473842124e+01 -2.204367557546038636e+00
4.500000900139663335e-02 -1.078631792604318917e+01 -1.984098175778509887e+00
4.600000920142766764e-02 -1.058164110061741248e+01 -1.759081049856111356e+00
4.700000940145870887e-02 -1.036162122052475176e+01 -1.530216360713046786e+00
4.800000960148974316e-02 -1.012706327358441882e+01 -1.298410314833240431e+00
4.900000980152077745e-02 -9.878798253153137310e+00 -1.064571290430020190e+00
5.000001000155181868e-02 -9.617680254722866806e+00 -8.296060204638964208e-01
5.100001020158285991e-02 -9.344583540480375206e+00 -5.944158286757005305e-01
5.200001040161388727e-02 -9.060399582895470871e+00 -3.598929358536578360e-01
5.300001060164492850e-02 -8.766034098339641645e+00 -1.269168525253997204e-01
5.400001080167596973e-02 -8.462404081595717997e+00 1.036491263367451676e-01
5.500001100170699708e-02 -8.150434851955813187e+00 3.309613097660870085e-01
5.600001120173805219e-02 -7.831057121331443049e+00 5.541988689471644136e-01
5.700001140176907954e-02 -7.505204094533626247e+00 7.725669515635542606e-01
5.800001160180010690e-02 -7.173808611594464146e+00 9.852996401885324440e-01
5.900001180183116201e-02 -6.837800341639610480e+00 1.191662743834005500e+00
6.000001200186218936e-02 -6.498103037452795938e+00 1.390956411720877028e+00
6.100001220189323059e-02 -6.155631859493845504e+00 1.582517560385898969e+00
6.200001240192425794e-02 -5.811290777667660556e+00 1.765722106082871612e+00
6.300001260195529917e-02 -5.465970058678941257e+00 1.939986995269283199e+00
6.400001280198633347e-02 -5.120543846321266912e+00 2.104772027383120303e+00
6.500001300201738164e-02 -4.775867841550883064e+00 2.259581464629882408e+00
6.600001320204841593e-02 -4.432777088678325761e+00 2.403965425295631064e+00
6.700001340207945022e-02 -4.092083873456000553e+00 2.537521057950165471e+00
6.800001360211048451e-02 -3.754575738290955478e+00 2.659893494888818211e+00
6.900001380214151880e-02 -3.421013619254244631e+00 2.770776584339362802e+00
7.000001400217256697e-02 -3.092130108986113957e+00 2.869913402102746147e+00
7.100001420220360127e-02 -2.768627849021463749e+00 2.957096544212675315e+00
7.200001440223463556e-02 -2.451178054487544333e+00 3.032168203254146377e+00
7.300001460226566985e-02 -2.140419173551063814e+00 3.095020031985118436e+00
7.400001480229669026e-02 -1.836955683419843721e+00 3.145592798832408832e+00
7.500001500232772456e-02 -1.541357024140973309e+00 3.183875840671207769e+00
7.600001520235874497e-02 -1.254156670881638513e+00 3.209906319220557691e+00
7.700001540238977926e-02 -9.758513448313883565e-01 3.223768288158407991e+00
7.800001560242081355e-02 -7.069003623323848462e-01 3.225591578779323676e+00
7.900001580245183397e-02 -4.477251213268873542e-01 3.215550512712150422e+00
8.000001600248286826e-02 -1.987087237090123248e-01 3.193862450886886251e+00
8.100001620251390255e-02 3.980426831548505850e-02 3.160786188452850531e+00
8.200001640254492297e-02 2.675079442192553891e-01 3.116620205867147941e+00
8.300001660257595726e-02 4.841350282921632608e-01 3.061700786841957900e+00
8.400001680260697767e-02 6.894567371474826789e-01 2.996400014233810527e+00
8.500001700263801196e-02 8.832825152055019391e-01 2.921123655149731047e+00
8.600001720266904626e-02 1.065459652132034529e+00 2.836308946958535859e+00
8.700001740270006667e-02 1.235872786555330505e+00 2.742422296048929287e+00
8.800001760273110096e-02 1.394443300699309995e+00 2.639956901222362262e+00
8.900001780276212138e-02 1.541128610857695369e+00 2.529430313739569502e+00
9.000001800279315567e-02 1.675921358895151592e+00 2.411381946057821413e+00
9.100001820282418996e-02 1.798848510193759465e+00 2.286370541208861518e+00
9.200001840285521038e-02 1.909970363658597625e+00 2.154971614444052719e+00
9.300001860288624467e-02 2.009379479576987482e+00 2.017774879202394178e+00
9.400001880291727896e-02 2.097199531276446205e+00 1.875381668631166177e+00
9.500001900294829937e-02 2.173584086638092217e+00 1.728402363894713689e+00
9.600001920297933367e-02 2.238715325614121010e+00 1.577453840160966791e+00
9.700001940301035408e-02 2.292802699963154112e+00 1.423156940848290697e+00
9.800001960304138837e-02 2.336081541447295518e+00 1.266133990030394507e+00
9.900001980307242266e-02 2.368811624746408384e+00 1.107006352945251182e+00
1.000000200031034014e-01 2.391275691335942977e+00 9.463920537696777213e-01
1.010000202031345051e-01 2.403777940531058643e+00 7.849034593283571448e-01
1.020000204031654978e-01 2.406642493835937202e+00 6.231450369575629589e-01
1.030000206031965043e-01 2.400211838652941854e+00 4.617111941795574159e-01
1.040000208032275941e-01 2.384845257298350507e+00 3.011842072169529927e-01
1.050000210032586007e-01 2.360917247142428455e+00 1.421322448307665298e-01
1.060000212032895933e-01 2.328815937550241522e+00 -1.489250651772874509e-02
1.070000214033206970e-01 2.288941509135520302e+00 -1.693556110126926695e-01
1.080000216033517035e-01 2.241704620657651414e+00 -3.207420406483713626e-01
1.090000218033826962e-01 2.187524848697826041e+00 -4.685577171756931114e-01
1.100000220034137027e-01 2.126829145040606051e+00 -6.123309354595923848e-01
1.110000222034448064e-01 2.060050316466661702e+00 -7.516136653322946781e-01
1.120000224034757991e-01 1.987625531432956727e+00 -8.859827298108977622e-01
1.130000226035068056e-01 1.909994857872616247e+00 -1.015040858100666687e+00
1.140000228035378954e-01 1.827599836096775787e+00 -1.138417612364102105e+00
1.150000230035689019e-01 1.740882090524246362e+00 -1.255770187833482598e+00
1.160000232035998946e-01 1.650281983700601751e+00 -1.366784086474029269e+00
1.170000234036309011e-01 1.556237315801992427e+00 -1.471173664767609468e+00
1.180000236036620048e-01 1.459182072554092935e+00 -1.568682556716112009e+00
1.190000238036929975e-01 1.359545224220975790e+00 -1.659083974031369424e+00
1.200000240037240040e-01 1.257749578043709349e+00 -1.742180885497347065e+00
1.210000242037550938e-01 1.154210686240227712e+00 -1.817806078163103134e+00
1.220000244037861004e-01 1.049335811406201246e+00 -1.885822103434705799e+00
1.230000246038171069e-01 9.435229508859757086e-01 -1.946121111604013576e+00
1.240000248038480996e-01 8.371599214273005574e-01 -1.998624578138834984e+00
1.250000250038791894e-01 7.306235051723208862e-01 -2.043282926448517500e+00
1.260000252039102098e-01 6.242786577753507427e-01 -2.080075051315512180e+00
1.270000254039412024e-01 5.184777791965688998e-01 -2.109007747717838388e+00
1.280000256039723061e-01 4.135600474796694015e-01 -2.130115050026760048e+00
1.290000258040032988e-01 3.098508155851413259e-01 -2.143457486908957321e+00
1.300000260040342914e-01 2.076610711314844648e-01 -2.149121256935837110e+00
1.310000262040653118e-01 1.072869586855743351e-01 -2.147217330604180852e+00
1.320000264040963878e-01 9.009364028573602426e-03 -2.137880484622725064e+00
1.330000266041274082e-01 -8.690644037133520017e-02 -2.121268273970118301e+00
1.340000268041584008e-01 -1.802110896296947595e-01 -2.097559947603151898e+00
1.350000270041893935e-01 -2.706713615877557877e-01 -2.066955313715653553e+00
1.360000272042204972e-01 -3.580703541192489792e-01 -2.029673560443611358e+00
1.370000274042514898e-01 -4.422076060389662500e-01 -1.985952037430552153e+00
1.380000276042825103e-01 -5.228991631974208021e-01 -1.936045004742900755e+00
1.390000278043135862e-01 -5.999775914823003431e-01 -1.880222354509408111e+00
1.400000280043446066e-01 -6.732919385590210304e-01 -1.818768311013600369e+00
1.410000282043755993e-01 -7.427076462915394028e-01 -1.751980114816413803e+00
1.420000284044067029e-01 -8.081064158841116951e-01 -1.680166696500496215e+00
1.430000286044376956e-01 -8.693860278620525461e-01 -1.603647344866482083e+00
1.440000288044686882e-01 -9.264601190842733924e-01 -1.522750375221366026e+00
1.450000290044997919e-01 -9.792579190502717079e-01 -1.437811802562593888e+00
1.460000292045308123e-01 -1.027723947811627125e+00 -1.349174024385918491e+00
1.470000294045618050e-01 -1.071817677839141059e+00 -1.257184517715699279e+00
1.480000296045927977e-01 -1.111513162229448071e+00 -1.162194554750481945e+00
1.490000298046239013e-01 -1.146798631656091194e+00 -1.064557941207747049e+00
1.500000300046548940e-01 -1.177676062477671204e+00 -9.646297811327171345e-01
1.510000302046858867e-01 -1.204160718423087362e+00 -8.627652721544099013e-01
1.520000304047169903e-01 -1.226280668269505103e+00 -7.593185343731114756e-01
1.530000306047480108e-01 -1.244076281910585280e+00 -6.546414760941513533e-01
1.540000308047790034e-01 -1.257599707191371152e+00 -5.490826993201030071e-01
1.550000310048101071e-01 -1.266914329856551502e+00 -4.429864476573428522e-01
1.560000312048410998e-01 -1.272094218922205755e+00 -3.366915990382002288e-01
1.570000314048720924e-01 -1.273223559736380128e+00 -2.305307053502584913e-01
1.580000316049031128e-01 -1.270396076945246033e+00 -1.248290809432608672e-01
1.590000318049341888e-01 -1.263714449527111539e+00 -1.990394160065898227e-02
1.600000320049652092e-01 -1.253289719995007712e+00 8.393640463667434437e-02
1.610000322049962018e-01 -1.239240699803478396e+00 1.863933136498009124e-01
1.620000324050271945e-01 -1.221693372925740650e+00 2.871785075223972084e-01
1.630000326050582982e-01 -1.200780299494244474e+00 3.860147222266095968e-01
1.640000328050892908e-01 -1.176640021321219143e+00 4.826363003081717840e-01
1.650000330051203112e-01 -1.149416471034985010e+00 5.767897283667864361e-01
1.660000332051513872e-01 -1.119258386485678880e+00 6.682341192677753172e-01
1.670000334051824076e-01 -1.086318731990389752e+00 7.567416393021973997e-01
1.680000336052134002e-01 -1.050754127901308399e+00 8.420978806756580504e-01
1.690000338052443929e-01 -1.012724289893119911e+00 9.241021798940087795e-01
1.700000340052754966e-01 -9.723914792778736160e-01 1.002567882767750440e+00
1.710000342053064892e-01 -9.299199655671452902e-01 1.077322556939066089e+00
1.720000344053375096e-01 -8.854755024104211669e-01 1.148208153117153296e+00
1.730000346053686133e-01 -8.392248179503609684e-01 1.215081116040535036e+00
1.740000348053996060e-01 -7.913351205486266471e-01 1.277812446606762409e+00
1.750000350054305986e-01 -7.419736207468177192e-01 1.336287716612058585e+00
1.760000352054615913e-01 -6.913070702405530454e-01 1.390407037671180568e+00
1.770000354054926950e-01 -6.395013185594268235e-01 1.440084985986721522e+00
1.780000356055236876e-01 -5.867208880620408129e-01 1.485250484702748341e+00
1.790000358055547081e-01 -5.331285677720328797e-01 1.525846645790620570e+00
1.800000360055858117e-01 -4.788850265007822959e-01 1.561830573267330102e+00
1.810000362056168044e-01 -4.241484456257038071e-01 1.593173129758606255e+00
1.820000364056477971e-01 -3.690741718164287088e-01 1.619858668438536320e+00
1.830000366056787897e-01 -3.138143899278703630e-01 1.641884732403950942e+00
1.840000368057098934e-01 -2.585178162085824960e-01 1.659261723578554504e+00
1.850000370057409138e-01 -2.033294119050884641e-01 1.672012543248892591e+00
1.860000372057719065e-01 -1.483901172773964272e-01 1.680172206398502288e+00
1.870000374058030101e-01 -9.383660597843297702e-02 1.683787431961291770e+00
1.880000376058340028e-01 -3.980105969153846512e-02 1.682916211100867976e+00
1.890000378058649955e-01 1.358903713599422282e-02 1.677627355665819442e+00
1.900000380058959881e-01 6.621108267867396868e-02 1.668000028918211530e+00
1.910000382059270918e-01 1.179475235030381375e-01 1.654123260615892210e+00
1.920000384059581122e-01 1.686860010341525440e-01 1.636095448491817095e+00
1.930000386059891049e-01 2.183194790737510993e-01 1.614023848144544360e+00
1.940000388060202086e-01 2.667463527665194789e-01 1.588024053354893050e+00
1.950000390060512012e-01 3.138705394479326949e-01 1.558219468678683661e+00
1.960000392060821939e-01 3.596015518408534617e-01 1.524740776232604400e+00
1.970000394061132976e-01 4.038545540998529915e-01 1.487725398480939321e+00
1.980000396061442902e-01 4.465504012302893844e-01 1.447316958778302132e+00
1.990000398061753106e-01 4.876156624343935264e-01 1.403664741359480717e+00
2.000000400062063866e-01 5.269826289587029589e-01 1.356923152390927312e+00
2.010000402062374070e-01 5.645893070373304568e-01 1.307251183687797580e+00
2.020000404062683996e-01 6.003793965422178358e-01 1.254811880528704737e+00
2.030000406062993923e-01 6.343022559650558501e-01 1.199771814998600306e+00
2.040000408063304960e-01 6.663128543675334026e-01 1.142300566203659606e+00
2.050000410063614886e-01 6.963717109456655230e-01 1.082570208616626450e+00
2.060000412063925090e-01 7.244448228606131801e-01 1.020754809737919766e+00
2.070000414064236127e-01 7.505035819925885976e-01 9.570299381690294815e-01
2.080000416064546054e-01 7.745246812770615330e-01 8.915721831618715898e-01
2.090000418064855980e-01 7.964900112828505740e-01 8.245586865779679364e-01
2.100000420065165907e-01 8.163865476891372097e-01 7.561666881111468452e-01
2.110000422065476944e-01 8.342062303148961577e-01 6.865730846027423562e-01
2.120000424065786870e-01 8.499458343491058665e-01 6.159540041644542274e-01
2.130000426066097075e-01 8.636068344228272631e-01 5.444843957583590521e-01
2.140000428066408111e-01 8.751952621556072787e-01 4.723376348102100164e-01
2.150000430066718038e-01 8.847215577985562129e-01 3.996851453605256843e-01
2.160000432067027965e-01 8.922004165850085933e-01 3.266960391876616021e-01
2.170000434067337891e-01 8.976506303870135373e-01 2.535367722675803681e-01
2.180000436067648928e-01 9.010949252619798733e-01 1.803708188703101734e-01
2.190000438067959132e-01 9.025597954596518147e-01 1.073583635514433476e-01
2.200000440068269059e-01 9.020753344432848042e-01 3.465601116568237106e-02
2.210000442068580095e-01 8.996750634620366283e-01 -3.758348495415583801e-02
2.220000444068890022e-01 8.953957581947755706e-01 -1.092114766004894932e-01
2.230000446069199949e-01 8.892772739674614790e-01 -1.800836560769950023e-01
2.240000448069509875e-01 8.813623700277345430e-01 -2.500602734188291376e-01
2.250000450069820912e-01 8.716965333413513317e-01 -3.190063355479038631e-01
2.260000452070131116e-01 8.603278023557006104e-01 -3.867917875223355617e-01
2.270000454070441043e-01 8.473065911557877694e-01 -4.532916760703187276e-01
2.280000456070752080e-01 8.326855144185068003e-01 -5.183862955994925636e-01
2.290000458071062006e-01 8.165192135510429550e-01 -5.819613170192752261e-01
2.300000460071371933e-01 7.988641843786936647e-01 -6.439078996539099320e-01
2.310000462071682137e-01 7.797786067273556609e-01 -7.041227865960951737e-01
2.320000464071992896e-01 7.593221762257986729e-01 -7.625083838771700151e-01
2.330000466072303100e-01 7.375559386327362743e-01 -8.189728238584323972e-01
2.340000468072613027e-01 7.145421269738080339e-01 -8.734300132738191946e-01
2.350000470072924064e-01 6.903440017540530826e-01 -9.257996663576778529e-01
2.360000472073233990e-01 6.650256944916905777e-01 -9.760073235866917329e-01
2.370000474073543917e-01 6.386520547995867547e-01 -1.023984356492779968e+00
2.380000476073854121e-01 6.112885012224194003e-01 -1.069667959047949646e+00
2.390000478074164880e-01 5.830008760189714367e-01 -1.113001126167105781e+00
2.400000480074475084e-01 5.538553040607147038e-01 -1.153932619859655340e+00
2.410000482074785011e-01 5.239180560002222320e-01 -1.192416923576858689e+00
2.420000484075096048e-01 4.932554158457655991e-01 -1.228414185309952167e+00
2.430000486075405974e-01 4.619335530616052177e-01 -1.261890150007515476e+00
2.440000488075715901e-01 4.300183992968660274e-01 -1.292816081905092895e+00
2.450000490076026105e-01 3.975755298313809472e-01 -1.321168677198322872e+00
2.460000492076336864e-01 3.646700498113552569e-01 -1.346929967799326500e+00
2.470000494076647068e-01 3.313664853320513193e-01 -1.370087216662802643e+00
2.480000496076956995e-01 2.977286794114966106e-01 -1.390632805248381398e+00
2.490000498077268032e-01 2.638196928857066137e-01 -1.408564113684254826e+00
2.500000500077578236e-01 2.297017102429463886e-01 -1.423883394186366891e+00
2.510000502077888163e-01 1.954359504022689376e-01 -1.436597638280724620e+00
2.520000504078199199e-01 1.610825824299635389e-01 -1.446718438360243386e+00
2.530000506078509126e-01 1.267006461764298986e-01 -1.454261844117630487e+00
2.540000508078819053e-01 9.234797780502786158e-02 -1.459248214396738241e+00
2.550000510079130089e-01 5.808114017496581599e-02 -1.461702064919355282e+00
2.560000512079438906e-01 2.395535803102493214e-02 -1.461651912422204269e+00
2.570000514079749943e-01 -9.975542056125160512e-03 -1.459130115680903339e+00
2.580000516080059869e-01 -4.365918706337352378e-02 -1.454172713892701641e+00
2.590000518080369796e-01 -7.704470827442619352e-02 -1.446819262876014367e+00
2.600000520080680833e-01 -1.100827875039711301e-01 -1.437112669530651532e+00
2.610000522080990759e-01 -1.427256988725407183e-01 -1.425099024999026742e+00
2.620000524081301241e-01 -1.749273462236632104e-01 -1.410827436906796128e+00
2.630000526081611723e-01 -2.066432962802952633e-01 -1.394349861110437461e+00
2.640000528081922204e-01 -2.378308076428925222e-01 -1.375720933334584783e+00
2.650000530082232131e-01 -2.684488557359054339e-01 -1.354997801051773143e+00
2.660000532082543168e-01 -2.984581538133755929e-01 -1.332239955958030908e+00
2.670000534082853094e-01 -3.278211701379356580e-01 -1.307509067376775302e+00
2.680000536083163021e-01 -3.565021414506944208e-01 -1.280868816907028140e+00
2.690000538083474058e-01 -3.844670828521401518e-01 -1.252384734615188844e+00
2.700000540083783984e-01 -4.116837942164717212e-01 -1.222124037052927603e+00
2.710000542084093911e-01 -4.381218632637313148e-01 -1.190155467369754305e+00
2.720000544084403837e-01 -4.637526654155600392e-01 -1.156549137767451052e+00
2.730000546084714874e-01 -4.885493605615261470e-01 -1.121376374531917186e+00
2.740000548085024801e-01 -5.124868868638288166e-01 -1.084709565860253244e+00
2.750000550085334727e-01 -5.355419517286112985e-01 -1.046622012685353598e+00
2.760000552085645764e-01 -5.576930200722470810e-01 -1.007187782684808353e+00
2.770000554085956246e-01 -5.789203000108812391e-01 -9.664815676457539917e-01
2.780000556086266172e-01 -5.992057261010390601e-01 -9.245785443443986784e-01
2.790000558086576099e-01 -6.185329402584210934e-01 -8.815542390791073490e-01
2.800000560086887136e-01 -6.368872704810003560e-01 -8.374843959810076566e-01
2.810000562087197062e-01 -6.542557075013916146e-01 -7.924448492290228074e-01
2.820000564087506989e-01 -6.706268794921856902e-01 -7.465113992605605375e-01
2.830000566087816916e-01 -6.859910249461919074e-01 -6.997596930679618188e-01
2.840000568088127952e-01 -7.003399638517810999e-01 -6.522651086561049860e-01
2.850000570088437879e-01 -7.136670672815811356e-01 -6.041026437241652225e-01
2.860000572088747806e-01 -7.259672255106285332e-01 -5.553468086229358391e-01
2.870000574089058842e-01 -7.372368147778077807e-01 -5.060715236281618790e-01
2.880000576089368769e-01 -7.474736628020181017e-01 -4.563500205580398039e-01
2.890000578089679251e-01 -7.566770131619580120e-01 -4.062547487549179048e-01
2.900000580089989732e-01 -7.648474886458047628e-01 -3.558572854401101382e-01
2.910000582090300214e-01 -7.719870536743249634e-01 -3.052282504409676300e-01
2.920000584090611251e-01 -7.780989758981434745e-01 -2.544372252810049306e-01
2.930000586090921177e-01 -7.831877870669861075e-01 -2.035526766150399791e-01
2.940000588091231104e-01 -7.872592432657899986e-01 -1.526418839833521279e-01
2.950000590091542141e-01 -7.903202846095402911e-01 -1.017708718512407573e-01
2.960000592091852067e-01 -7.923789944856746148e-01 -5.100434589281926251e-02
2.970000594092161994e-01 -7.934445584297494802e-01 -4.056334706962463270e-04
2.980000596092471921e-01 -7.935272227170055981e-01 4.996337173983071700e-02
2.990000598092781847e-01 -7.926382527493621710e-01 1.000422610440427629e-01
3.000000600093092884e-01 -7.907898913141959696e-01 1.497721580033482269e-01
3.010000602093402811e-01 -7.879953167881346143e-01 1.990957617634058763e-01
3.020000604093712737e-01 -7.842686013559596603e-01 2.479573865098896601e-01
3.030000606094023774e-01 -7.796246693116137827e-01 2.963029971311221811e-01
3.040000608094334256e-01 -7.740792555051815294e-01 3.440802411709680264e-01
3.050000610094644182e-01 -7.676488639966605465e-01 3.912384771585563081e-01
3.060000612094955219e-01 -7.603507269742838526e-01 4.377287994048404407e-01
3.070000614095265146e-01 -7.522027639921398112e-01 4.835040593604520431e-01
3.080000616095575072e-01 -7.432235415788335242e-01 5.285188836334360207e-01
3.090000618095886109e-01 -7.334322332660748733e-01 5.727296887442258067e-01
3.100000620096194925e-01 -7.228485800831977448e-01 6.160946927435105858e-01
3.110000622096505962e-01 -7.114928515607307213e-01 6.585739237809699054e-01
3.120000624096815889e-01 -6.993858072833960549e-01 7.001292257282705211e-01
3.130000626097125815e-01 -6.865486590301903558e-01 7.407242609600415140e-01
3.140000628097436852e-01 -6.730030335365537741e-01 7.803245103968252661e-01
3.150000630097746779e-01 -6.587709359110460738e-01 8.188972709143050865e-01
3.160000632098057260e-01 -6.438747137364085882e-01 8.564116502236852613e-01
3.170000634098367742e-01 -6.283370218824312348e-01 8.928385593278989063e-01
3.180000636098678224e-01 -6.121807880556808801e-01 9.281507026581743425e-01
3.190000638098988150e-01 -5.954291791087560348e-01 9.623225659979030011e-01
3.200000640099299187e-01 -5.781055681294956505e-01 9.953304022987945476e-01
3.210000642099609114e-01 -5.602335023285204274e-01 1.027152215469315566e+00
3.220000644099919040e-01 -5.418366717412897993e-01 1.057767742273233891e+00
3.230000646100230077e-01 -5.229388787587222476e-01 1.087158432418432463e+00
3.240000648100540004e-01 -5.035640084985947285e-01 1.115307426939022184e+00
3.250000650100849930e-01 -4.837360000279918304e-01 1.142199534969603025e+00
3.260000652101159857e-01 -4.634788184452779958e-01 1.167821209008522931e+00
3.270000654101469784e-01 -4.428164278283355793e-01 1.192160518765533084e+00
3.280000656101780820e-01 -4.217727650540909479e-01 1.215207123687339630e+00
3.290000658102090747e-01 -4.003717144928206073e-01 1.236952244252850885e+00
3.300000660102401229e-01 -3.786370835791321166e-01 1.257388632128077166e+00
3.310000662102712266e-01 -3.565925792600846966e-01 1.276510539271889177e+00
3.320000664103022192e-01 -3.342617853194851940e-01 1.294313686077439796e+00
3.330000666103332119e-01 -3.116681405762330992e-01 1.310795228612348984e+00
3.340000668103643156e-01 -2.888349179532391786e-01 1.325953725076435719e+00
3.350000670103953082e-01 -2.657852044121433166e-01 1.339789101532943505e+00
3.360000672104263009e-01 -2.425418817480567424e-01 1.352302616994917273e+00
3.370000674104572935e-01 -2.191276082374878920e-01 1.363496827942142442e+00
3.380000676104883972e-01 -1.955648011316215018e-01 1.373375552341236538e+00
3.390000678105193899e-01 -1.718756199861434242e-01 1.381943833239198671e+00
3.400000680105503825e-01 -1.480819508179736232e-01 1.389207901998374295e+00
3.410000682105814862e-01 -1.242053910784489540e-01 1.395175141238404803e+00
3.420000684106124789e-01 -1.002672354317062642e-01 1.399854047548449554e+00
3.430000686106435270e-01 -7.628846232633419711e-02 1.403254194032216740e+00
3.440000688106745752e-01 -5.228972134770966396e-02 1.405386192742625218e+00
3.450000690107056234e-01 -2.829132133787565923e-02 1.406261657055086767e+00
3.460000692107366160e-01 -4.313219269241895353e-03 1.405893164048556354e+00
3.470000694107677197e-01 1.962499014215494941e-02 1.404294216935357831e+00
3.480000696107987124e-01 4.350408409851159314e-02 1.401479207591331155e+00
3.490000698108297050e-01 6.730522067231155259e-02 1.397463379233375269e+00
3.500000700108608087e-01 9.100994706400870882e-02 1.392262789289106406e+00
3.510000702108916903e-01 1.146002071811342421e-01 1.385894272501144497e+00
3.520000704109227940e-01 1.380583485548662337e-01 1.378375404306336316e+00
3.530000706109537867e-01 1.613671286103429692e-01 1.369724464528148111e+00
3.540000708109847793e-01 1.845097203072404435e-01 1.359960401418231379e+00
3.550000710110158830e-01 2.074697171672786611e-01 1.349102796082108924e+00
3.560000712110468757e-01 2.302311377054482577e-01 1.337171827319563855e+00
3.570000714110779239e-01 2.527784292818660017e-01 1.324188236907575700e+00
3.580000716111090275e-01 2.750964713912038007e-01 1.310173295359942092e+00
3.590000718111400202e-01 2.971705784067608103e-01 1.295148768185180765e+00
3.600000720111710129e-01 3.189865017961876492e-01 1.279136882668150399e+00
3.610000722112021165e-01 3.405304318258702279e-01 1.262160295197931603e+00
3.620000724112331092e-01 3.617889987709777544e-01 1.244242059162734115e+00
3.630000726112641019e-01 3.827492736480801461e-01 1.225405593430883622e+00
3.640000728112952055e-01 4.033987684871594981e-01 1.205674651435348910e+00
3.650000730113260872e-01 4.237254361597680985e-01 1.185073290877586061e+00
3.660000732113571908e-01 4.437176697799212199e-01 1.163625844064978931e+00
3.670000734113881835e-01 4.633643016941724757e-01 1.141356888894129007e+00
3.680000736114191762e-01 4.826546020771894097e-01 1.118291220492370952e+00
3.690000738114502798e-01 5.015782771489474268e-01 1.094453823527951286e+00
3.700000740114812725e-01 5.201254670294570559e-01 1.069869845194733715e+00
3.710000742115123207e-01 5.382867432467473012e-01 1.044564568880981925e+00
3.720000744115434244e-01 5.560531059136091248e-01 1.018563388527619074e+00
3.730000746115744170e-01 5.734159805883420891e-01 9.918917836808494037e-01
3.740000748116054097e-01 5.903672148345510129e-01 9.645752952427826266e-01
3.750000750116365134e-01 6.068990744947542204e-01 9.366395019226533281e-01
3.760000752116675060e-01 6.230042396922925718e-01 9.081099973902008182e-01
3.770000754116984987e-01 6.386758005757974255e-01 8.790123681316898141e-01
3.780000756117294913e-01 6.539072528201641532e-01 8.493721720081981452e-01
3.790000758117605950e-01 6.686924928976833993e-01 8.192149175137136696e-01
3.800000760117915877e-01 6.830258131327301419e-01 7.885660437334592876e-01
3.810000762118225803e-01 6.969018965531184051e-01 7.574509009988602548e-01
3.820000764118535730e-01 7.103158115508750869e-01 7.258947322318961559e-01
3.830000766118846767e-01 7.232630063649271301e-01 6.939226549777454123e-01
3.840000768119157248e-01 7.357393033978689711e-01 6.615596441194212529e-01
3.850000770119467175e-01 7.477408933786783285e-01 6.288305152685544908e-01
3.860000772119778212e-01 7.592643293829487439e-01 5.957599088257984343e-01
3.870000774120088138e-01 7.703065207218636745e-01 5.623722747036998815e-01
3.880000776120398065e-01 7.808647267108569379e-01 5.286918577044719125e-01
3.890000778120709102e-01 7.909365503285777921e-01 4.947426835444534987e-01
3.900000780121019028e-01 8.005199317764603029e-01 4.605485455166736797e-01
3.910000782121328955e-01 8.096131419488815650e-01 4.261329917815807056e-01
3.920000784121638882e-01 8.182147758236147927e-01 3.915193132790652508e-01
3.930000786121949918e-01 8.263237457819556653e-01 3.567305322503228071e-01
3.940000788122259845e-01 8.339392748675901190e-01 3.217893913576974074e-01
3.950000790122569772e-01 8.410608899929499227e-01 2.867183433944090476e-01
3.960000792122880808e-01 8.476884151015283697e-01 2.515395415726479622e-01
3.970000794123190735e-01 8.538219642943259968e-01 2.162748303790200666e-01
3.980000796123501217e-01 8.594619349282861531e-01 1.809457369861534048e-01
3.990000798123812253e-01 8.646090006943065731e-01 1.455734632089508429e-01
4.000000800124122180e-01 8.692641046821074635e-01 1.101788779939837232e-01
4.010000802124432107e-01 8.734284524389718252e-01 7.478251043018613320e-02
4.020000804124743143e-01 8.771035050290650892e-01 3.940454326899699850e-02
4.030000806125053070e-01 8.802909720997957876e-01 4.064806942013110547e-03
4.040000808125362997e-01 8.829928049613904317e-01 -3.121722593551469818e-02
4.050000810125672923e-01 8.852111896856081907e-01 -6.642244558849456915e-02
4.060000812125982850e-01 8.869485402292395237e-01 -1.015321096448273674e-01
4.070000814126293887e-01 8.882074915877656851e-01 -1.365278472492240380e-01
4.080000816126603813e-01 8.889908929843348684e-01 -1.713916627404074855e-01
4.090000818126913740e-01 8.893018010989438560e-01 -2.061059389039337775e-01
4.100000820127224777e-01 8.891434733424876669e-01 -2.406534398127993524e-01
4.110000822127535258e-01 8.885193611800862312e-01 -2.750173132680341914e-01
4.120000824127845185e-01 8.874331035078856234e-01 -3.091810928513595291e-01
4.130000826128156222e-01 8.858885200872895771e-01 -3.431286996019605740e-01
4.140000828128466148e-01 8.838896050403707294e-01 -3.768444433293524076e-01
4.150000830128776075e-01 8.814405204099858837e-01 -4.103130235742504794e-01
4.160000832129087112e-01 8.785455897879231868e-01 -4.435195302279061891e-01
4.170000834129395928e-01 8.752092920142015009e-01 -4.764494438211578364e-01
4.180000836129706965e-01 8.714362549504474087e-01 -5.090886355045868283e-01
4.190000838130016891e-01 8.672312493300565750e-01 -5.414233667158504515e-01
4.200000840130326818e-01 8.625991826877029700e-01 -5.734402885543727901e-01
4.210000842130637855e-01 8.575450933705389689e-01 -6.051264408730199218e-01
4.220000844130947781e-01 8.520741446332917857e-01 -6.364692510975427098e-01
4.230000846131258263e-01 8.461916188192575294e-01 -6.674565327847145069e-01
4.240000848131568745e-01 8.399029116290448460e-01 -6.980764839297287638e-01
4.250000850131879226e-01 8.332135264787674522e-01 -7.283176850334032171e-01
4.260000852132189153e-01 8.261290689492101214e-01 -7.581690969395241675e-01
4.270000854132500190e-01 8.186552413273635587e-01 -7.876200584524496451e-01
4.280000856132810116e-01 8.107978372415693968e-01 -8.166602837449395969e-01
4.290000858133120043e-01 8.025627363913742096e-01 -8.452798595657013969e-01
4.300000860133431080e-01 7.939558993730920777e-01 -8.734692422509577892e-01
4.310000862133741006e-01 7.849833626018904997e-01 -9.012192545672917943e-01
4.320000864134050933e-01 7.756512333310925378e-01 -9.285210823763430099e-01
4.330000866134360860e-01 7.659656847693119275e-01 -9.553662711347202796e-01
4.340000868134671896e-01 7.559329512959223063e-01 -9.817467222414625327e-01
4.350000870134981823e-01 7.455593237752045077e-01 -1.007654689240118806e+00
4.360000872135291750e-01 7.348511449694543618e-01 -1.033082773883709837e+00
4.370000874135602231e-01 7.238148050512022147e-01 -1.058023922070850054e+00
4.380000876135913268e-01 7.124567372146195510e-01 -1.082471419661013456e+00
4.390000878136223195e-01 7.007834133860788572e-01 -1.106418888176707638e+00
4.400000880136533121e-01 6.888013400337533731e-01 -1.129860280400167172e+00
4.410000882136844158e-01 6.765170540760547802e-01 -1.152789875871951253e+00
4.420000884137154085e-01 6.639371188886337150e-01 -1.175202276298614956e+00
4.430000886137464011e-01 6.510681204095948305e-01 -1.197092400871448081e+00
4.440000888137773938e-01 6.379166633425126243e-01 -1.218455481511702132e+00
4.450000890138084975e-01 6.244893674566750486e-01 -1.239287058057290114e+00
4.460000892138394901e-01 6.107928639839926843e-01 -1.259582973368848835e+00
4.470000894138704828e-01 5.968337921120033807e-01 -1.279339368383350051e+00
4.480000896139015865e-01 5.826187955722605949e-01 -1.298552677115817122e+00
4.490000898139325791e-01 5.681545193233519253e-01 -1.317219621614888814e+00
4.500000900139636273e-01 5.534476063277461444e-01 -1.335337206877861949e+00
4.510000902139946755e-01 5.385046944216368425e-01 -1.352902715730623484e+00
4.520000904140257236e-01 5.233324132768705228e-01 -1.369913703677774874e+00
4.530000906140567163e-01 5.079373814540220078e-01 -1.386367993727997128e+00
4.540000908140878200e-01 4.923262035456557606e-01 -1.402263671199546424e+00
4.550000910141188126e-01 4.765054674087313979e-01 -1.417599078510639155e+00
4.560000912141498053e-01 4.604817414851161139e-01 -1.432372809957880744e+00
4.570000914141809090e-01 4.442615722091710073e-01 -1.446583706481693765e+00
4.580000916142117906e-01 4.278514815012051109e-01 -1.460230850451008644e+00
4.590000918142428943e-01 4.112579643456274470e-01 -1.473313560433401559e+00
4.600000920142738869e-01 3.944874864527198599e-01 -1.485831385973041430e+00
4.610000922143048796e-01 3.775464820027952806e-01 -1.497784102379722038e+00
4.620000924143359833e-01 3.604413514715318900e-01 -1.509171705531110019e+00
4.630000926143669759e-01 3.431784595352539990e-01 -1.519994406691624222e+00
4.640000928143980241e-01 3.257641330548905478e-01 -1.530252627351230021e+00
4.650000930144290723e-01 3.082046591373531208e-01 -1.539946994087256105e+00
4.660000932144601204e-01 2.905062832730608280e-01 -1.549078333452232670e+00
4.670000934144911131e-01 2.726752075482946625e-01 -1.557647666890576987e+00
4.680000936145222168e-01 2.547175889311077412e-01 -1.565656205686845270e+00
4.690000938145532094e-01 2.366395376294561370e-01 -1.573105345948082157e+00
4.700000940145842021e-01 2.184471155202804271e-01 -1.579996663615325092e+00
4.710000942146153058e-01 2.001463346481989758e-01 -1.586331909526931927e+00
4.720000944146461874e-01 1.817431557923889218e-01 -1.592113004522792030e+00
4.730000946146772911e-01 1.632434871003930199e-01 -1.597342034581902714e+00
4.740000948147082838e-01 1.446531827875583431e-01 -1.602021246009427635e+00
4.750000950147392764e-01 1.259780419007338892e-01 -1.606153040670726284e+00
4.760000952147703801e-01 1.072238071449052588e-01 -1.609739971274045667e+00
4.770000954148013728e-01 8.839616377144765558e-02 -1.612784736703541943e+00
4.780000956148324209e-01 6.950073852665512864e-02 -1.615290177404123062e+00
4.790000958148635246e-01 5.054309865923340556e-02 -1.617259270819541239e+00
4.800000960148945173e-01 3.152875098545280391e-02 -1.618695126885061120e+00
4.810000962149255099e-01 1.246314101063311988e-02 -1.619600983575921305e+00
4.820000964149566136e-01 -6.648347894331428989e-03 -1.619980202512729006e+00
4.830000966149876063e-01 -2.580039526267538172e-02 -1.619836264622448230e+00
4.840000968150185989e-01 -4.498774424896835600e-02 -1.619172765855853013e+00
4.850000970150495916e-01 -6.420520229517200084e-02 -1.617993412981284296e+00
4.860000972150806953e-01 -8.344764174680428803e-02 -1.616302019422511282e+00
4.870000974151116879e-01 -1.027100004204099110e-01 -1.614102501162111292e+00
4.880000976151426806e-01 -1.219872821235975374e-01 -1.611398872707317187e+00
4.890000978151737843e-01 -1.412745571288661905e-01 -1.608195243118368367e+00
4.900000980152047769e-01 -1.605669626024578689e-01 -1.604495812099867802e+00
4.910000982152358251e-01 -1.798597029894308530e-01 -1.600304866155567662e+00
4.920000984152668178e-01 -1.991480503561324222e-01 -1.595626774806946591e+00
4.930000986152979214e-01 -2.184273446912748384e-01 -1.590465986875883475e+00
4.940000988153289141e-01 -2.376929941667438317e-01 -1.584827026831654884e+00
4.950000990153599068e-01 -2.569404753593153568e-01 -1.578714491202445336e+00
4.960000992153910104e-01 -2.761653334343963095e-01 -1.572133045051199218e+00
4.970000994154220031e-01 -2.953631822928611816e-01 -1.565087418510455741e+00
4.980000996154529957e-01 -3.145297046821524112e-01 -1.557582403395493031e+00
4.990000998154839884e-01 -3.336606522727595947e-01 -1.549622849874683794e+00
5.000001000155150921e-01 -3.527518457010768715e-01 -1.541213663202329220e+00
5.010001002155460847e-01 -3.717991745797065151e-01 -1.532359800517972603e+00
5.020001004155771884e-01 -3.907985974762536729e-01 -1.523066267710044164e+00
5.030001006156081811e-01 -4.097461418616052953e-01 -1.513338116343628581e+00
5.040001008156391737e-01 -4.286379040287486841e-01 -1.503180440652115202e+00
5.050001010156702774e-01 -4.474700489830599204e-01 -1.492598374592436050e+00
5.060001012157012701e-01 -4.662388103050551513e-01 -1.481597088963588993e+00
5.070001014157322627e-01 -4.849404899865771834e-01 -1.470181788588086347e+00
5.080001016157632554e-01 -5.035714582413064466e-01 -1.458357709555944792e+00
5.090001018157943591e-01 -5.221281532905500677e-01 -1.446130116530796927e+00
5.100001020158253517e-01 -5.406070811251691977e-01 -1.433504300115292285e+00
5.110001022158563444e-01 -5.590048152445529217e-01 -1.420485574279590102e+00
5.120001024158874481e-01 -5.773179963735221021e-01 -1.407079273856761459e+00
5.130001026159184407e-01 -5.955433321580165806e-01 -1.393290752089618945e+00
5.140001028159494334e-01 -6.136775968403733739e-01 -1.379125378240195321e+00
5.150001030159805371e-01 -6.317176309149898916e-01 -1.364588535258413504e+00
5.160001032160115297e-01 -6.496603407652010720e-01 -1.349685617509227997e+00
5.170001034160425224e-01 -6.675026982821584687e-01 -1.334422028557668671e+00
5.180001036160736261e-01 -6.852417404664399303e-01 -1.318803179011190041e+00
5.190001038161046187e-01 -7.028745690131655843e-01 -1.302834484418652572e+00
5.200001040161356114e-01 -7.203983498813565367e-01 -1.286521363225293646e+00
5.210001042161667151e-01 -7.378103128482220718e-01 -1.269869234783035150e+00
5.220001044161977077e-01 -7.551077510490925571e-01 -1.252883517415452008e+00
5.230001046162287004e-01 -7.722880205036871670e-01 -1.235569626536122012e+00
5.240001048162598041e-01 -7.893485396293311585e-01 -1.217932972817535653e+00
5.250001050162907967e-01 -8.062867887418292412e-01 -1.199978960421729468e+00
5.260001052163217894e-01 -8.231003095446703943e-01 -1.181712985275211292e+00
5.270001054163528931e-01 -8.397867046070957020e-01 -1.163140433395917217e+00
5.280001056163838857e-01 -8.563436368316593716e-01 -1.144266679271220832e+00
5.290001058164148784e-01 -8.727688289118942233e-01 -1.125097084285554550e+00
5.300001060164459821e-01 -8.890600627806271028e-01 -1.105636995196923378e+00
5.310001062164769747e-01 -9.052151790495148731e-01 -1.085891742661556192e+00
5.320001064165079674e-01 -9.212320764403643114e-01 -1.065866639805907123e+00
5.330001066165390711e-01 -9.371087112087298499e-01 -1.045566980845293203e+00
5.340001068165700637e-01 -9.528430965603315039e-01 -1.024998039748394207e+00
5.350001070166010564e-01 -9.684333020607936993e-01 -1.004165068946826889e+00
5.360001072166321601e-01 -9.838774530391823925e-01 -9.830732980890735107e-01
5.370001074166631527e-01 -9.991737299858117760e-01 -9.617279328379789716e-01
5.380001076166941454e-01 -1.014320367944802070e+00 -9.401341537102657631e-01
5.390001078167252491e-01 -1.029315655901759552e+00 -9.182971149546642620e-01
5.400001080167562417e-01 -1.044157936167110057e+00 -8.962219434836775633e-01
5.410001082167872344e-01 -1.058845603755551368e+00 -8.739137378353415420e-01
5.420001084168183381e-01 -1.073377105761911698e+00 -8.513775671763048614e-01
5.430001086168493307e-01 -1.087750940733854588e+00 -8.286184703448103983e-01
5.440001088168803234e-01 -1.101965658041832219e+00 -8.056414549319219631e-01
5.450001090169114271e-01 -1.116019857246637992e+00 -7.824514964003000950e-01
5.460001092169424197e-01 -1.129912187464934270e+00 -7.590535372397545499e-01
5.470001094169734124e-01 -1.143641346733109687e+00 -7.354524861588271900e-01
5.480001096170045161e-01 -1.157206081369793527e+00 -7.116532173116949522e-01
5.490001098170355087e-01 -1.170605185337357135e+00 -6.876605695596593737e-01
5.500001100170665014e-01 -1.183837499602737653e+00 -6.634793457664677208e-01
5.510001102170976051e-01 -1.196901911497861404e+00 -6.391143121267959248e-01
5.520001104171285977e-01 -1.209797354079986009e+00 -6.145701975271556927e-01
5.530001106171595904e-01 -1.222522805492238573e+00 -5.898516929382461305e-01
5.540001108171906941e-01 -1.235077288324599731e+00 -5.649634508373985176e-01
5.550001110172216867e-01 -1.247459868975646646e+00 -5.399100846651547769e-01
5.560001112172526794e-01 -1.259669657015322075e+00 -5.146961683080387706e-01
5.570001114172837831e-01 -1.271705804548930452e+00 -4.893262356109009947e-01
5.580001116173147757e-01 -1.283567505582606572e+00 -4.638047799178283692e-01
5.590001118173457684e-01 -1.295253995390516444e+00 -4.381362536406553376e-01
5.600001120173768721e-01 -1.306764549883973281e+00 -4.123250678544814196e-01
5.610001122174078647e-01 -1.318098484982701102e+00 -3.863755919195067112e-01
5.620001124174388574e-01 -1.329255155988462889e+00 -3.602921531285436796e-01
5.630001126174698500e-01 -1.340233956961214723e+00 -3.340790363795929085e-01
5.640001128175009537e-01 -1.351034320098003949e+00 -3.077404838728453607e-01
5.650001130175319464e-01 -1.361655715114775456e+00 -2.812806948315066946e-01
5.660001132175629390e-01 -1.372097648631267264e+00 -2.547038252458007079e-01
5.670001134175940427e-01 -1.382359663559153518e+00 -2.280139876396015675e-01
5.680001136176250354e-01 -1.392441338493583869e+00 -2.012152508589884758e-01
5.690001138176560280e-01 -1.402342287108278684e+00 -1.743116398820083179e-01
5.700001140176871317e-01 -1.412062157554321296e+00 -1.473071356506391871e-01
5.710001142177181244e-01 -1.421600631862823816e+00 -1.202056749216326298e-01
5.720001144177491170e-01 -1.430957425351543577e+00 -9.301115013738875392e-02
5.730001146177802207e-01 -1.440132286035591402e+00 -6.572740931614622084e-02
5.740001148178112134e-01 -1.449124994042344738e+00 -3.835825596082298450e-02
5.750001150178422060e-01 -1.457935361030694432e+00 -1.090744898595027296e-02
5.760001152178733097e-01 -1.466563229614712860e+00 1.662129733776743570e-02
5.770001154179043024e-01 -1.475008472791841108e+00 4.422431342180777741e-02
5.780001156179352950e-01 -1.483270993375723990e+00 7.189797438163418597e-02
5.790001158179663987e-01 -1.491350723433735093e+00 9.963870004238582767e-02
5.800001160179975024e-01 -1.499247623729305090e+00 1.274429549289761987e-01
5.810001162180286061e-01 -1.506961683169129707e+00 1.553072482410882416e-01
5.820001164180595987e-01 -1.514492918255321730e+00 1.832281338135075544e-01
5.830001166180907024e-01 -1.521841372542585447e+00 2.112022100622337473e-01
5.840001168181218061e-01 -1.529007116100454144e+00 2.392261199165769403e-01
5.850001170181529098e-01 -1.535990244980687036e+00 2.672965507386316220e-01
5.860001172181840134e-01 -1.542790880689871136e+00 2.954102342294772088e-01
5.870001174182151171e-01 -1.549409169667265163e+00 3.235639463229854074e-01
5.880001176182462208e-01 -1.555845282767936322e+00 3.517545070676454388e-01
5.890001178182773245e-01 -1.562099414751241921e+00 3.799787804967960092e-01
5.900001180183084282e-01 -1.568171783774679362e+00 4.082336744876647883e-01
5.910001182183395319e-01 -1.574062630893161119e+00 4.365161406096119134e-01
5.920001184183706355e-01 -1.579772219563723823e+00 4.648231739619630987e-01
5.930001186184016282e-01 -1.585300835155718735e+00 4.931518130018171520e-01
5.940001188184327319e-01 -1.590648784466490717e+00 5.214991393621779547e-01
5.950001190184638356e-01 -1.595816395242588559e+00 5.498622776608206308e-01
5.960001192184949392e-01 -1.600804015706498440e+00 5.782383953001902777e-01
5.970001194185260429e-01 -1.605612014088943607e+00 6.066247022587224480e-01
5.980001196185571466e-01 -1.610240778166731612e+00 6.350184508737851674e-01
5.990001198185882503e-01 -1.614690714806186644e+00 6.634169356162846753e-01
6.000001200186193540e-01 -1.618962249512148288e+00 6.918174928590853368e-01
6.010001202186504576e-01 -1.623055825982577804e+00 7.202175006370228338e-01
6.020001204186815613e-01 -1.626971905668729512e+00 7.486143784001314527e-01
6.030001206187125540e-01 -1.630710967340917916e+00 7.770055867602759792e-01
6.040001208187436577e-01 -1.634273506659855046e+00 8.053886272314366712e-01
6.050001210187747613e-01 -1.637660035753562227e+00 8.337610419638856740e-01
6.060001212188058650e-01 -1.640871082799854275e+00 8.621204134726091484e-01
6.070001214188369687e-01 -1.643907191614366381e+00 8.904643643601919401e-01
6.080001216188680724e-01 -1.646768921244133432e+00 9.187905570344699901e-01
6.090001218188991761e-01 -1.649456845566692476e+00 9.470966934211890731e-01
6.100001220189302797e-01 -1.651971552894693218e+00 9.753805146719664032e-01
6.110001222189613834e-01 -1.654313645586007908e+00 1.003639800867732301e+00
6.120001224189924871e-01 -1.656483739659308174e+00 1.031872370717986653e+00
6.130001226190235908e-01 -1.658482464415095725e+00 1.060076081255962865e+00
6.140001228190545834e-01 -1.660310462062153158e+00 1.088248827529797902e+00
6.150001230190856871e-01 -1.661968387349405329e+00 1.116388542291042452e+00
6.160001232191167908e-01 -1.663456907203158863e+00 1.144493195679102682e+00
6.170001234191478945e-01 -1.664776700369687168e+00 1.172560794902738790e+00
6.180001236191789982e-01 -1.665928457063136969e+00 1.200589383918704511e+00
6.190001238192101018e-01 -1.666912878618720839e+00 1.228577043107694999e+00
6.200001240192412055e-01 -1.667730677151174845e+00 1.256521888947804921e+00
6.210001242192723092e-01 -1.668382575218430697e+00 1.284422073685690613e+00
6.220001244193034129e-01 -1.668869305490489063e+00 1.312275785005613482e+00
6.230001246193345166e-01 -1.669191610423442329e+00 1.340081245696562506e+00
6.240001248193656203e-01 -1.669350241938626578e+00 1.367836713317611919e+00
6.250001250193966129e-01 -1.669345961106845966e+00 1.395540479861704375e+00
6.260001252194277166e-01 -1.669179537837653715e+00 1.423190871418021697e+00
6.270001254194588203e-01 -1.668851750573636439e+00 1.450786247833083964e+00
6.280001256194899240e-01 -1.668363385989667824e+00 1.478325002370763697e+00
6.290001258195210276e-01 -1.667715238697081270e+00 1.505805561371322598e+00
6.300001260195521313e-01 -1.666908110952744160e+00 1.533226383909727319e+00
6.310001262195832350e-01 -1.665942812372972703e+00 1.560585961453244686e+00
6.320001264196143387e-01 -1.664820159652252940e+00 1.587882817518553313e+00
6.330001266196454424e-01 -1.663540976286722595e+00 1.615115507328457323e+00
6.340001268196765460e-01 -1.662106092302368943e+00 1.642282617468359796e+00
6.350001270197076497e-01 -1.660516343987908261e+00 1.669382765542612557e+00
6.360001272197386424e-01 -1.658772573632288472e+00 1.696414599830851078e+00
6.370001274197697461e-01 -1.656875629266782779e+00 1.723376798944476596e+00
6.380001276198008497e-01 -1.654826364411627004e+00 1.750268071483328747e+00
6.390001278198319534e-01 -1.652625637827146443e+00 1.777087155692730791e+00
6.400001280198630571e-01 -1.650274313269342041e+00 1.803832819120972708e+00
6.410001282198941608e-01 -1.647773259249875499e+00 1.830503858277344964e+00
6.420001284199252645e-01 -1.645123348800417995e+00 1.857099098290828643e+00
6.430001286199563681e-01 -1.642325459241307239e+00 1.883617392569631122e+00
6.440001288199874718e-01 -1.639380471954472895e+00 1.910057622461796001e+00
6.450001290200185755e-01 -1.636289272160580177e+00 1.936418696915724214e+00
6.460001292200496792e-01 -1.633052748700349222e+00 1.962699552142654458e+00
6.470001294200806718e-01 -1.629671793820004710e+00 1.988899151280020927e+00
6.480001296201117755e-01 -1.626147302960797569e+00 2.015016484055981660e+00
6.490001298201428792e-01 -1.622480174552561882e+00 2.041050566455160364e+00
6.500001300201739829e-01 -1.618671309811258840e+00 2.067000440385750260e+00
6.510001302202050866e-01 -1.614721612540456874e+00 2.092865173348009922e+00
6.520001304202361903e-01 -1.610631988936700232e+00 2.118643858104226840e+00
6.530001306202672939e-01 -1.606403347398727144e+00 2.144335612350216635e+00
6.540001308202983976e-01 -1.602036598340481621e+00 2.169939578388425883e+00
6.550001310203295013e-01 -1.597532654007875141e+00 2.195454922802682063e+00
6.560001312203606050e-01 -1.592892428299252927e+00 2.220880836134671021e+00
6.570001314203915976e-01 -1.588116836589517522e+00 2.246216532562173906e+00
6.580001316204227013e-01 -1.583206795557854596e+00 2.271461249579579178e+00
6.590001318204538050e-01 -1.578163223019024120e+00 2.296614247680908605e+00
6.600001320204849087e-01 -1.572987037758172280e+00 2.321674810041050918e+00
6.610001322205160124e-01 -1.567679159369110620e+00 2.346642242202652273e+00
6.620001324205471160e-01 -1.562240508096033542e+00 2.371515871764119154e+00
6.630001326205782197e-01 -1.556672004678596677e+00 2.396295048069515765e+00
6.640001328206093234e-01 -1.550974570200338798e+00 2.420979141900562848e+00
6.650001330206404271e-01 -1.545149125940385781e+00 2.445567545170759693e+00
6.660001332206715308e-01 -1.539196593228399301e+00 2.470059670621676418e+00
6.670001334207026344e-01 -1.533117893302727408e+00 2.494454951521429376e+00
6.680001336207336271e-01 -1.526913947171696817e+00 2.518752841365399675e+00
6.690001338207647308e-01 -1.520585675478026255e+00 2.542952813579212101e+00
6.700001340207958345e-01 -1.514133998366292699e+00 2.567054361223979786e+00
6.710001342208269381e-01 -1.507559835353428745e+00 2.591056996703876791e+00
6.720001344208580418e-01 -1.500864105202189158e+00 2.614960251476048381e+00
6.730001346208891455e-01 -1.494047725797551518e+00 2.638763675762875405e+00
6.740001348209202492e-01 -1.487111614026010997e+00 2.662466838266608793e+00
6.750001350209513529e-01 -1.480056685657720417e+00 2.686069325886423442e+00
6.760001352209824566e-01 -1.472883855231434280e+00 2.709570743437874629e+00
6.770001354210135602e-01 -1.465594035942219708e+00 2.732970713374791139e+00
6.780001356210446639e-01 -1.458188139531888528e+00 2.756268875513621541e+00
6.790001358210756566e-01 -1.450667076182079240e+00 2.779464886766848775e+00
6.800001360211067603e-01 -1.443031754409966227e+00 2.802558420869399214e+00
6.810001362211378639e-01 -1.435283080966622604e+00 2.825549168100826680e+00
6.820001364211689676e-01 -1.427421960737938811e+00 2.848436835026103342e+00
6.830001366212000713e-01 -1.419449296648047198e+00 2.871221144232471545e+00
6.840001368212311750e-01 -1.411365989565217971e+00 2.893901834068797196e+00
6.850001370212622787e-01 -1.403172938210193399e+00 2.916478658387449574e+00
6.860001372212933823e-01 -1.394871039066927887e+00 2.938951386288716883e+00
6.870001374213244860e-01 -1.386461186295680825e+00 2.961319801867742907e+00
6.880001376213555897e-01 -1.377944271648440244e+00 2.983583703964009626e+00
6.890001378213866934e-01 -1.369321184386628421e+00 3.005742905913360907e+00
6.900001380214176860e-01 -1.360592811201053465e+00 3.027797235302543744e+00
6.910001382214487897e-01 -1.351760036134076692e+00 3.049746533726334530e+00
6.920001384214798934e-01 -1.342823740503951147e+00 3.071590656547149578e+00
6.930001386215109971e-01 -1.333784802831300409e+00 3.093329472657237122e+00
6.940001388215421008e-01 -1.324644098767695066e+00 3.114962864243388641e+00
6.950001390215732044e-01 -1.315402501026300852e+00 3.136490726554182373e+00
6.960001392216043081e-01 -1.306060879314557388e+00 3.157912967669751048e+00
6.970001394216354118e-01 -1.296620100268852882e+00 3.179229508274091121e+00
6.980001396216665155e-01 -1.287081027391160370e+00 3.200440281429869582e+00
6.990001398216976192e-01 -1.277444520987602194e+00 3.221545232356740840e+00
7.000001400217287229e-01 -1.267711438108857003e+00 3.242544318226444400e+00
7.010001402217597155e-01 -1.257882632492448582e+00 3.263437507922994918e+00
7.020001404217908192e-01 -1.247958954506925844e+00 3.284224781829502504e+00
7.030001406218219229e-01 -1.237941251097827822e+00 3.304906131620469090e+00
7.040001408218530266e-01 -1.227830365735386176e+00 3.325481560051679164e+00
7.050001410218841302e-01 -1.217627138363968742e+00 3.345951080752544105e+00
7.060001412219152339e-01 -1.207332405353218174e+00 3.366314718020921415e+00
7.070001414219463376e-01 -1.196946999450865468e+00 3.386572506620372902e+00
7.080001416219774413e-01 -1.186471749737182169e+00 3.406724491579854686e+00
7.090001418220085450e-01 -1.175907481581040637e+00 3.426770727995843924e+00
7.100001420220396486e-01 -1.165255016597562365e+00 3.446711280836876945e+00
7.110001422220706413e-01 -1.154515172607306184e+00 3.466546224750466365e+00
7.120001424221017450e-01 -1.143688763596985236e+00 3.486275643872445151e+00
7.130001426221328487e-01 -1.132776599681680985e+00 3.505899631638635494e+00
7.140001428221639523e-01 -1.121779487068515158e+00 3.525418290598915760e+00
7.150001430221950560e-01 -1.110698228021760992e+00 3.544831732233618471e+00
7.160001432222261597e-01 -1.099533620829371783e+00 3.564140076772254417e+00
7.170001434222572634e-01 -1.088286459770884118e+00 3.583343453014558033e+00
7.180001436222883671e-01 -1.076957535086679130e+00 3.602441998153830927e+00
7.190001438223194707e-01 -1.065547632948580459e+00 3.621435857602571140e+00
7.200001440223505744e-01 -1.054057535431728976e+00 3.640325184826201266e+00
7.210001442223816781e-01 -1.042488020487691402e+00 3.659110141185704990e+00
7.220001444224126708e-01 -1.030839861918871891e+00 3.677790895737582666e+00
7.230001446224437744e-01 -1.019113829354209466e+00 3.696367625082163322e+00
7.240001448224748781e-01 -1.007310688226046747e+00 3.714840513202191996e+00
7.250001450225059818e-01 -9.954311997481553043e-01 3.733209751301979296e+00
7.260001452225370855e-01 -9.834761208949267530e-01 3.751475537648672809e+00
7.270001454225681892e-01 -9.714462043816914916e-01 3.769638077415757849e+00
7.280001456225992928e-01 -9.593421986461462270e-01 3.787697582528640972e+00
7.290001458226303965e-01 -9.471648478308698493e-01 3.805654271512386888e+00
7.300001460226615002e-01 -9.349148917669002357e-01 3.823508369341559909e+00
7.310001462226926039e-01 -9.225930659583519988e-01 3.841260107292150394e+00
7.320001464227237076e-01 -9.102001015680520890e-01 3.858909722795561770e+00
7.330001466227547002e-01 -8.977367254041802580e-01 3.876457459294679886e+00
7.340001468227858039e-01 -8.852036599078730861e-01 3.893903566101956759e+00
7.350001470228169076e-01 -8.726016231417987878e-01 3.911248298259489165e+00
7.360001472228480113e-01 -8.599313287796555016e-01 3.928491916401150252e+00
7.370001474228791150e-01 -8.471934860965910641e-01 3.945634686616639630e+00
7.380001476229102186e-01 -8.343887999605140715e-01 3.962676880317549166e+00
7.390001478229413223e-01 -8.215179708242822398e-01 3.979618774105323276e+00
7.400001480229724260e-01 -8.085816947187477455e-01 3.996460649641177643e+00
7.410001482230035297e-01 -7.955806632465942663e-01 4.013202793532935075e+00
7.420001484230346334e-01 -7.825155635769763807e-01 4.029845497200245319e+00
7.430001486230657370e-01 -7.693870784410311581e-01 4.046389056731221956e+00
7.440001488230967297e-01 -7.561958861281972144e-01 4.062833772773570828e+00
7.450001490231278334e-01 -7.429426604832434222e-01 4.079179950413950095e+00
7.460001492231589371e-01 -7.296280709040641188e-01 4.095427899059147059e+00
7.470001494231900407e-01 -7.162527823401860783e-01 4.111577932319066875e+00
7.480001496232211444e-01 -7.028174552919933538e-01 4.127630367891513608e+00
7.490001498232522481e-01 -6.893227458106467864e-01 4.143585527448688133e+00
7.500001500232833518e-01 -6.757693054986843029e-01 4.159443736525483715e+00
7.510001502233144555e-01 -6.621577815112792420e-01 4.175205324409483332e+00
7.520001504233455591e-01 -6.484888165581517150e-01 4.190870624032648983e+00
7.530001506233766628e-01 -6.347630489061023562e-01 4.206439971864710969e+00
7.540001508234076555e-01 -6.209811123821727952e-01 4.221913707808233163e+00
7.550001510234387592e-01 -6.071436363773926592e-01 4.237292175095328517e+00
7.560001512234698628e-01 -5.932512458511293163e-01 4.252575720185972408e+00
7.570001514235009665e-01 -5.793045613359933954e-01 4.267764692667993742e+00
7.580001516235320702e-01 -5.653041989433124082e-01 4.282859445158587519e+00
7.590001518235631739e-01 -5.512507703691389427e-01 4.297860333207463412e+00
7.600001520235942776e-01 -5.371448829007945402e-01 4.312767715201504259e+00
7.610001522236253813e-01 -5.229871394239209437e-01 4.327581952272601562e+00
7.620001524236564849e-01 -5.087781384299694398e-01 4.342303408226192651e+00
7.630001526236875886e-01 -4.945184740242096200e-01 4.356932449418962072e+00
7.640001528237186923e-01 -4.802087359342940842e-01 4.371469444673665272e+00
7.650001530237496850e-01 -4.658495095192548008e-01 4.385914765197762577e+00
7.660001532237807886e-01 -4.514413757789278447e-01 4.400268784497212593e+00
7.670001534238118923e-01 -4.369849113638297755e-01 4.414531878291692912e+00
7.680001536238429960e-01 -4.224806885854458516e-01 4.428704424431221476e+00
7.690001538238740997e-01 -4.079292754269380761e-01 4.442786802814237213e+00
7.700001540239052034e-01 -3.933312355542569749e-01 4.456779395307014724e+00
7.710001542239363070e-01 -3.786871283276424527e-01 4.470682585664471631e+00
7.720001544239674107e-01 -3.639975088135066761e-01 4.484496759452320624e+00
7.730001546239985144e-01 -3.492629277966841084e-01 4.498222303970596414e+00
7.740001548240296181e-01 -3.344839317930433098e-01 4.511859608178431458e+00
7.750001550240607218e-01 -3.196610630624420746e-01 4.525409062620190603e+00
7.760001552240917144e-01 -3.047948596220254047e-01 4.538871059352882043e+00
7.770001554241228181e-01 -2.898858552598412297e-01 4.552245991874820596e+00
7.780001556241539218e-01 -2.749345795487900257e-01 4.565534255055549551e+00
7.790001558241850255e-01 -2.599415578608657573e-01 4.578736245067017485e+00
7.800001560242161291e-01 -2.449073113817037683e-01 4.591852359315943488e+00
7.810001562242472328e-01 -2.298323571254139164e-01 4.604882996377410720e+00
7.820001564242783365e-01 -2.147172079496764141e-01 4.617828555936252855e+00
7.830001566243094402e-01 -1.995623725710531648e-01 4.630689438735045904e+00
7.840001568243405439e-01 -1.843683555806215624e-01 4.643466046477353615e+00
7.850001570243716476e-01 -1.691356574599165163e-01 4.656158781780829869e+00
7.860001572244027512e-01 -1.538647745970697645e-01 4.668768048118288050e+00
7.870001574244337439e-01 -1.385561993031811656e-01 4.681294249758267689e+00
7.880001576244648476e-01 -1.232104198289093594e-01 4.693737791706751317e+00
7.890001578244959513e-01 -1.078279203812972653e-01 4.706099079649950667e+00
7.900001580245270549e-01 -9.240918114079270385e-02 4.718378519898169365e+00
7.910001582245581586e-01 -7.695467827848007092e-02 4.730576519330717211e+00
7.920001584245892623e-01 -6.146488397350618332e-02 4.742693485341868076e+00
7.930001586246203660e-01 -4.594026643069449439e-02 4.754729825787848974e+00
7.940001588246514697e-01 -3.038128989834015109e-02 4.766685948934835437e+00
7.950001590246825733e-01 -1.478841468617898489e-02 4.778562263407954980e+00
7.960001592247136770e-01 8.379028164766016756e-04 4.790359178141269325e+00
7.970001594247447807e-01 1.649721012244188476e-02 4.802077102328729197e+00
7.980001596247757734e-01 3.218905862820876235e-02 4.813716445376071462e+00
7.990001598248068770e-01 4.791300359535680120e-02 4.825277616853702156e+00
8.000001600248379807e-01 6.366860413180643052e-02 4.836761026450448142e+00
8.010001602248690844e-01 7.945542317295534174e-02 4.848167083928270671e+00
8.020001604249001881e-01 9.527302746267862776e-02 4.859496199077861789e+00
8.030001606249312918e-01 1.111209875342497183e-01 4.870748781689639095e+00
8.040001608249623954e-01 1.269988776911597228e-01 4.881925241501267720e+00
8.050001610249934991e-01 1.429062759877548494e-01 4.893025988140296434e+00
8.060001612250246028e-01 1.588427642097580417e-01 4.904051431095334479e+00
8.070001614250557065e-01 1.748079278547257365e-01 4.915001979676062227e+00
8.080001616250866991e-01 1.908013561124111968e-01 4.925878042974090931e+00
8.090001618251178028e-01 2.068226418450475890e-01 4.936680029824632499e+00
8.100001620251489065e-01 2.228713815675316401e-01 4.947408348768985498e+00
8.110001622251800102e-01 2.389471754275473703e-01 4.958063408017794771e+00
8.120001624252111139e-01 2.550496271856080299e-01 4.968645615415121952e+00
8.130001626252422176e-01 2.711783441950330054e-01 4.979155378403254950e+00
8.140001628252733212e-01 2.873329373818611643e-01 4.989593103988309686e+00
8.150001630253044249e-01 3.035130212247060810e-01 4.999959198706545038e+00
8.160001632253355286e-01 3.197182137345576103e-01 5.010254068591443399e+00
8.170001634253666323e-01 3.359481364345341392e-01 5.020478119141478679e+00
8.180001636253977360e-01 3.522024143395890428e-01 5.030631755288660578e+00
8.190001638254287286e-01 3.684806759361763939e-01 5.040715381367690817e+00
8.200001640254598323e-01 3.847825531618869754e-01 5.050729401085886749e+00
8.210001642254909360e-01 4.011076813850347200e-01 5.060674217493755123e+00
8.220001644255220397e-01 4.174556993842314379e-01 5.070550232956226644e+00
8.230001646255531433e-01 4.338262493279341214e-01 5.080357849126031944e+00
8.240001648255842470e-01 4.502189767540225040e-01 5.090097466933100279e+00
8.250001650256153507e-01 4.666335305493365393e-01 5.099769486531219087e+00
8.260001652256464544e-01 4.830695629291305582e-01 5.109374307276199900e+00
8.270001654256775581e-01 4.995267294165487426e-01 5.118912327705236187e+00
8.280001656257086617e-01 5.160046888221041517e-01 5.128383945512021924e+00
8.290001658257397654e-01 5.325031032231561934e-01 5.137789557522477679e+00
8.300001660257707581e-01 5.490216379433847660e-01 5.147129559671104637e+00
8.310001662258018618e-01 5.655599615322796092e-01 5.156404346977875974e+00
8.320001664258329654e-01 5.821177457446148340e-01 5.165614313525724199e+00
8.330001666258640691e-01 5.986946655199516520e-01 5.174759852438591601e+00
8.340001668258951728e-01 6.152903989621464342e-01 5.183841355860026923e+00
8.350001670259262765e-01 6.319046273188736462e-01 5.192859214932338929e+00
8.360001672259573802e-01 6.485370349611656593e-01 5.201813819776272219e+00
8.370001674259884838e-01 6.651873093629762090e-01 5.210705559471236370e+00
8.380001676260195875e-01 6.818551410807653923e-01 5.219534822036007604e+00
8.390001678260506912e-01 6.985402237331088671e-01 5.228301994409996212e+00
8.400001680260817949e-01 7.152422539803393597e-01 5.237007462434962513e+00
8.410001682261127876e-01 7.319609315042123754e-01 5.245651610837271939e+00
8.420001684261438912e-01 7.486959589876178711e-01 5.254234823210595096e+00
8.430001686261749949e-01 7.654470420943069175e-01 5.262757481999101650e+00
8.440001688262060986e-01 7.822138894486923011e-01 5.271219968486900775e+00
8.450001690262372023e-01 7.989962126157205136e-01 5.279622662790869114e+00
8.460001692262683060e-01 8.157937260807381907e-01 5.287965943818016434e+00
8.470001694262994096e-01 8.326061472293538879e-01 5.296250189262976527e+00
8.480001696263305133e-01 8.494331963273918928e-01 5.304475775594648113e+00
8.490001698263616170e-01 8.662745965008894489e-01 5.312643078042125211e+00
8.500001700263927207e-01 8.831300737161508208e-01 5.320752470581110671e+00
8.510001702264238244e-01 8.999993567598505440e-01 5.328804325920690310e+00
8.520001704264548170e-01 9.168821772191888542e-01 5.336799015490550246e+00
8.530001706264859207e-01 9.337782694621131752e-01 5.344736909428579708e+00
8.540001708265170244e-01 9.506873706175754668e-01 5.352618376568901937e+00
8.550001710265481281e-01 9.676092205558695092e-01 5.360443784430221292e+00
8.560001712265792317e-01 9.845435618690192570e-01 5.368213499204639305e+00
8.570001714266103354e-01 1.001490139851229033e+00 5.375927885746782486e+00
8.580001716266414391e-01 1.018448702479398005e+00 5.383587307563318269e+00
8.590001718266725428e-01 1.035419000393701161e+00 5.391192126802832441e+00
8.600001720267036465e-01 1.052400786878233907e+00 5.398742704246067170e+00
8.610001722267347501e-01 1.069393817841725047e+00 5.406239399296483228e+00
8.620001724267657428e-01 1.086397851798316161e+00 5.413682569971168590e+00
8.630001726267968465e-01 1.103412649848421134e+00 5.421072572892120967e+00
8.640001728268279502e-01 1.120437975659639207e+00 5.428409763277803002e+00
8.650001730268590538e-01 1.137473595447754171e+00 5.435694494935036758e+00
8.660001732268901575e-01 1.154519277957847256e+00 5.442927120265948382e+00
8.670001734269212612e-01 1.171574794445513490e+00 5.450107990254733359e+00
8.680001736269523649e-01 1.188639918658064509e+00 5.457237454436774549e+00
8.690001738269834686e-01 1.205714426815784002e+00 5.464315860907619005e+00
8.700001740270145723e-01 1.222798097593306377e+00 5.471343556316558221e+00
8.710001742270456759e-01 1.239890712101080261e+00 5.478320885860444633e+00
8.720001744270767796e-01 1.256992053866904380e+00 5.485248193277784345e+00
8.730001746271077723e-01 1.274101908817548479e+00 5.492125820843098083e+00
8.740001748271388760e-01 1.291220065260460181e+00 5.498954109361602782e+00
8.750001750271699796e-01 1.308346313865543120e+00 5.505733398164091241e+00
8.760001752272010833e-01 1.325480447647026772e+00 5.512464025102145726e+00
8.770001754272321870e-01 1.342622261945418893e+00 5.519146326543577175e+00
8.780001756272632907e-01 1.359771554409542560e+00 5.525780637368104209e+00
8.790001758272943944e-01 1.376928124978652246e+00 5.532367290963325246e+00
8.800001760273254980e-01 1.394091775864649163e+00 5.538906619220880678e+00
8.810001762273566017e-01 1.411262311534367653e+00 5.545398952532901937e+00
8.820001764273877054e-01 1.428439538691959720e+00 5.551844619788660395e+00
8.830001766274188091e-01 1.445623266261361284e+00 5.558243948371474730e+00
8.840001768274498017e-01 1.462813305368849237e+00 5.564597264155814571e+00
8.850001770274809054e-01 1.480009469325689997e+00 5.570904891504639522e+00
8.860001772275120091e-01 1.497211573610864654e+00 5.577167153266951338e+00
8.870001774275431128e-01 1.514419435853901152e+00 5.583384370775923422e+00
8.880001776275742165e-01 1.531632875817826811e+00 5.589556863860602576e+00
8.890001778276053201e-01 1.548851715382208338e+00 5.595684950826851356e+00
8.900001780276364238e-01 1.566075778526222484e+00 5.601768948453388575e+00
8.910001782276675275e-01 1.583304891311825502e+00 5.607809171996557929e+00
8.920001784276986312e-01 1.600538881867034302e+00 5.613805935189160934e+00
8.930001786277297349e-01 1.617777580369303525e+00 5.619759550239456836e+00
8.940001788277608386e-01 1.635020819028987882e+00 5.625670327830347262e+00
8.950001790277918312e-01 1.652268432072898641e+00 5.631538577118744726e+00
8.960001792278229349e-01 1.669520255727962921e+00 5.637364605735124101e+00
8.970001794278540386e-01 1.686776128204958036e+00 5.643148719783236622e+00
8.980001796278851423e-01 1.704035889682352201e+00 5.648891223839984654e+00
8.990001798279162459e-01 1.721299382290234270e+00 5.654592420955519394e+00
9.000001800279473496e-01 1.738566450094338967e+00 5.660252612653385640e+00
9.010001802279784533e-01 1.755836939080161807e+00 5.665872098930952561e+00
9.020001804280095570e-01 1.773110697137168179e+00 5.671451178259904857e+00
9.030001806280406607e-01 1.790387574043102115e+00 5.676990147586941760e+00
9.040001808280717643e-01 1.807667421448380107e+00 5.682489302334578163e+00
9.050001810281027570e-01 1.824950092860581741e+00 5.687948936402131395e+00
9.060001812281338607e-01 1.842235443629042679e+00 5.693369342166815450e+00
9.070001814281649644e-01 1.859523330929525375e+00 5.698750810484989771e+00
9.080001816281960680e-01 1.876813613748994136e+00 5.704093630693538586e+00
9.090001818282271717e-01 1.894106152870490556e+00 5.709398090613550636e+00
9.100001820282582754e-01 1.911400810858157495e+00 5.714664476566079898e+00
9.110001822282893791e-01 1.928697452042314353e+00 5.719893073348080392e+00
9.120001824283204828e-01 1.945995942504572307e+00 5.725084164241340368e+00
9.130001826283515864e-01 1.963296150063069012e+00 5.730238031017791833e+00
9.140001828283826901e-01 1.980597944257809440e+00 5.735354953941664391e+00
9.150001830284137938e-01 1.997901196336107521e+00 5.740435211771823809e+00
9.160001832284447865e-01 2.015205779238108175e+00 5.745479081764158558e+00
9.170001834284758901e-01 2.032511567582421019e+00 5.750486839674104900e+00
9.180001836285069938e-01 2.049818437651826475e+00 5.755458759759283893e+00
9.190001838285380975e-01 2.067126267379095328e+00 5.760395114782231651e+00
9.200001840285692012e-01 2.084434936332888011e+00 5.765296176013231744e+00
9.210001842286003049e-01 2.101744325703754690e+00 5.770162213233259507e+00
9.220001844286314086e-01 2.119054318290224170e+00 5.774993494737005406e+00
9.230001846286625122e-01 2.136364798484988281e+00 5.779790287335997867e+00
9.240001848286936159e-01 2.153675652261176854e+00 5.784552856361856676e+00
9.250001850287247196e-01 2.170986767158725073e+00 5.789281465669540161e+00
9.260001852287558233e-01 2.188298032270834970e+00 5.793976377640799313e+00
9.270001854287868159e-01 2.205609338230523075e+00 5.798637853187610602e+00
9.280001856288179196e-01 2.222920577197279979e+00 5.803266151755770430e+00
9.290001858288490233e-01 2.240231642843780957e+00 5.807861531328517124e+00
9.300001860288801270e-01 2.257542430342732942e+00 5.812424248430245299e+00
9.310001862289112307e-01 2.274852836353792540e+00 5.816954558134103337e+00
9.320001864289423343e-01 2.292162759010627049e+00 5.821452714071361889e+00
9.330001866289734380e-01 2.309472097908012778e+00 5.825918968417761690e+00
9.340001868290045417e-01 2.326780754089001313e+00 5.830353571905624754e+00
9.350001870290356454e-01 2.344088630032199028e+00 5.834756773828714493e+00
9.360001872290667491e-01 2.361395629639140736e+00 5.839128822046389722e+00
9.370001874290978527e-01 2.378701658221752613e+00 5.843469962987870581e+00
9.380001876291288454e-01 2.396006622489899485e+00 5.847780441656531991e+00
9.390001878291599491e-01 2.413310430539040929e+00 5.852060501634307244e+00
9.400001880291910528e-01 2.430612991837943326e+00 5.856310385086101356e+00
9.410001882292221564e-01 2.447914217216506039e+00 5.860530332764275485e+00
9.420001884292532601e-01 2.465214018853668421e+00 5.864720584013202398e+00
9.430001886292843638e-01 2.482512310265402533e+00 5.868881376773876113e+00
9.440001888293154675e-01 2.499809006292794678e+00 5.873012947588548194e+00
9.450001890293465712e-01 2.517104023090212639e+00 5.877115531605429766e+00
9.460001892293776748e-01 2.534397278113558638e+00 5.881189362583448599e+00
9.470001894294087785e-01 2.551688690108615098e+00 5.885234672897043495e+00
9.480001896294398822e-01 2.568978179099466352e+00 5.889251693541003085e+00
9.490001898294708749e-01 2.586265666377011385e+00 5.893240654135357026e+00
9.500001900295019786e-01 2.603551074487564954e+00 5.897201782930290292e+00
9.510001902295330822e-01 2.620834327221530202e+00 5.901135306811124970e+00
9.520001904295641859e-01 2.638115349602171644e+00 5.905041451303326028e+00
9.530001906295952896e-01 2.655394067874483621e+00 5.908920440583987244e+00
9.540001908296263933e-01 2.672670409494176447e+00 5.912772497484264811e+00
9.550001910296574970e-01 2.689944303116676760e+00 5.916597843484233898e+00
9.560001912296886006e-01 2.707215678586209151e+00 5.920396698724945672e+00
9.570001914297197043e-01 2.724484466924983028e+00 5.924169282013674653e+00
9.580001916297508080e-01 2.741750600322463427e+00 5.927915810829158083e+00
9.590001918297818007e-01 2.759014012124716420e+00 5.931636501326890354e+00
9.600001920298129043e-01 2.776274636823853559e+00 5.935331568344420106e+00
9.610001922298440080e-01 2.793532410047531833e+00 5.939001225406696172e+00
9.620001924298751117e-01 2.810787268548557094e+00 5.942645684731404643e+00
9.630001926299062154e-01 2.828039150194555429e+00 5.946265157234400078e+00
9.640001928299373191e-01 2.845287993957732020e+00 5.949859852535085203e+00
9.650001930299684227e-01 2.862533739904701058e+00 5.953429978961860769e+00
9.660001932299995264e-01 2.879776329186401362e+00 5.956975743557586966e+00
9.670001934300306301e-01 2.897015704028087058e+00 5.960497352085057265e+00
9.680001936300617338e-01 2.914251807719398180e+00 5.963995009032485584e+00
9.690001938300928375e-01 2.931484584604506338e+00 5.967468917619051183e+00
9.700001940301238301e-01 2.948713980072338536e+00 5.970919279800404489e+00
9.710001942301549338e-01 2.965939940546884479e+00 5.974346296274236856e+00
9.720001944301860375e-01 2.983162413477561170e+00 5.977750166485829020e+00
9.730001946302171412e-01 3.000381347329672987e+00 5.981131088633659942e+00
9.740001948302482448e-01 3.017596691574935708e+00 5.984489259675174644e+00
9.750001950302793485e-01 3.034808396682118659e+00 5.987824875339768482e+00
9.760001952303104522e-01 3.052016414107756592e+00 5.991138130125054140e+00
9.770001954303415559e-01 3.069220696286885985e+00 5.994429217301355806e+00
9.780001956303726596e-01 3.086421196623865271e+00 5.997698328920616717e+00
9.790001958304037633e-01 3.103617869483270120e+00 6.000945655822109259e+00
9.800001960304348669e-01 3.120810670180874880e+00 6.004171387638096213e+00
9.810001962304658596e-01 3.137999554974705951e+00 6.007375712799557732e+00
9.820001964304969633e-01 3.155184481056169776e+00 6.010558818541833936e+00
9.830001966305280670e-01 3.172365406541238109e+00 6.013720890910384753e+00
9.840001968305591706e-01 3.189542290461722551e+00 6.016862114766469816e+00
9.850001970305902743e-01 3.206715092756612151e+00 6.019982673792871886e+00
9.860001972306213780e-01 3.223883774263480273e+00 6.023082750499617610e+00
9.870001974306524817e-01 3.241048296709966525e+00 6.026162526229698280e+00
9.880001976306835854e-01 3.258208622705321744e+00 6.029222181164788807e+00
9.890001978307146890e-01 3.275364715732032916e+00 6.032261894330980034e+00
9.900001980307457927e-01 3.292516540137503611e+00 6.035281843604508367e+00
9.910001982307768964e-01 3.309664061125814349e+00 6.038282205717473872e+00
9.920001984308078891e-01 3.326807244749545589e+00 6.041263156263561029e+00
9.930001986308389927e-01 3.343946057901669544e+00 6.044224869703795022e+00
9.940001988308700964e-01 3.361080468307501068e+00 6.047167519372210975e+00
9.950001990309012001e-01 3.378210444516722699e+00 6.050091277481635998e+00
9.955001991309166964e-01 3.386773760192840932e+00 6.051546125710713930e+00
9.960001992309323038e-01 3.395335955895446567e+00 6.052996315129651528e+00
9.965001993309479111e-01 3.403897027921608753e+00 6.054441866943855999e+00
9.970001994309634075e-01 3.412456972618381101e+00 6.055882802307027468e+00
9.975001995309789038e-01 3.421015786382738177e+00 6.057319142287735936e+00
9.977501995809867630e-01 3.425294768052793870e+00 6.058035595579648991e+00
9.980001996309945111e-01 3.429573465661069243e+00 6.058750907901273131e+00
9.982501996810022593e-01 3.433851878771078781e+00 6.059465081864455982e+00
9.985001997310101185e-01 3.438130006949305262e+00 6.060178120080634834e+00
9.987501997810178667e-01 3.442407849765400041e+00 6.060890025159181960e+00
9.988751998060216852e-01 3.444546664029028982e+00 6.061245553585474788e+00
9.990001998310256148e-01 3.446685406792170614e+00 6.061600799702905107e+00
9.991001798479230978e-01 3.448396007249724171e+00 6.061884736762654491e+00
9.992001598648205807e-01 3.450106561904385583e+00 6.062168493590162299e+00
9.993001398817178416e-01 3.451817070729214620e+00 6.062452070351553424e+00
9.994001198986153245e-01 3.453527533697366536e+00 6.062735467212781337e+00
9.995000999155128074e-01 3.455237950782067635e+00 6.063018684339650299e+00
9.995500899239615489e-01 3.456093142109780025e+00 6.063160225554457661e+00
9.996000799324102903e-01 3.456948321956627712e+00 6.063301721897775387e+00
9.996500699408590318e-01 3.457803490319287576e+00 6.063443173390267837e+00
9.997000599493076622e-01 3.458658647194437386e+00 6.063584580052609141e+00
9.997500499577564037e-01 3.459513792578768232e+00 6.063725941905452110e+00
9.997750449619807744e-01 3.459941360960844037e+00 6.063796606034768111e+00
9.998000399662051452e-01 3.460368926468972983e+00 6.063867258969446894e+00
9.998250349704295159e-01 3.460796489102745177e+00 6.063937900712072171e+00
9.998500299746537756e-01 3.461224048861745395e+00 6.064008531265224100e+00
9.998750249788781463e-01 3.461651605745565075e+00 6.064079150631473070e+00
9.998875224809903317e-01 3.461865383109152816e+00 6.064114456120317520e+00
9.999000199831025171e-01 3.462079159753790769e+00 6.064149758813401014e+00
9.999100179847922876e-01 3.462250180551821099e+00 6.064177998955142534e+00
9.999200159864820581e-01 3.462421200889665762e+00 6.064206237307966596e+00
9.999300139881717175e-01 3.462592220767295004e+00 6.064234473872045506e+00
9.999400119898614880e-01 3.462763240184686619e+00 6.064262708647531142e+00
9.999500099915512585e-01 3.462934259141811744e+00 6.064290941634607357e+00
9.999550089923960883e-01 3.463019768447765490e+00 6.064305057457536563e+00
9.999600079932410290e-01 3.463105277638644175e+00 6.064319172833419813e+00
9.999650069940859698e-01 3.463190786714443803e+00 6.064333287762283753e+00
9.999700059949307995e-01 3.463276295675158156e+00 6.064347402244147922e+00
9.999750049957756293e-01 3.463361804520785903e+00 6.064361516279027420e+00
9.999775044961980441e-01 3.463404558900441632e+00 6.064368573128859019e+00
9.999800039966204590e-01 3.463447313251325266e+00 6.064375629866952444e+00
9.999825034970428739e-01 3.463490067573435471e+00 6.064382686493306807e+00
9.999850029974652887e-01 3.463532821866771361e+00 6.064389743007930100e+00
9.999875024978877036e-01 3.463575576131332934e+00 6.064396799410824990e+00
9.999887522480990221e-01 3.463596953252825905e+00 6.064400327570373506e+00
9.999900019983102295e-01 3.463618330367122855e+00 6.064403855701987922e+00
9.999910017984792177e-01 3.463635432053381535e+00 6.064406678187172162e+00
9.999920015986483168e-01 3.463652533735037675e+00 6.064409500654478258e+00
9.999930013988171940e-01 3.463669635412085945e+00 6.064412323103908875e+00
9.999940011989861821e-01 3.463686737084533451e+00 6.064415145535468454e+00
9.999950009991551703e-01 3.463703838752374420e+00 6.064417967949148114e+00
9.999955008992396088e-01 3.463712389584567841e+00 6.064419379149288858e+00
9.999960007993240474e-01 3.463720940415611071e+00 6.064420790344953183e+00
9.999965006994085970e-01 3.463729491245505443e+00 6.064422201536156187e+00
9.999970005994931466e-01 3.463738042074247847e+00 6.064423612722886325e+00
9.999975004995775851e-01 3.463746592901838284e+00 6.064425023905147150e+00
9.999977504496198044e-01 3.463750868315201181e+00 6.064425729494601569e+00
9.999980003996620237e-01 3.463755143728276753e+00 6.064426435082943101e+00
9.999982503497042430e-01 3.463759419141063667e+00 6.064427140670161087e+00
9.999985002997464623e-01 3.463763694553563255e+00 6.064427846256266186e+00
9.999987502497886815e-01 3.463767969965774629e+00 6.064428551841251291e+00
9.999988752248099022e-01 3.463770107671775733e+00 6.064428904633329509e+00
9.999990001998310118e-01 3.463772245377701786e+00 6.064429257425122621e+00
9.999991001798479440e-01 3.463773955542391203e+00 6.064429539658359403e+00
9.999992001598647651e-01 3.463775665707033546e+00 6.064429821891414996e+00
9.999993001398816972e-01 3.463777375871631481e+00 6.064430104124292953e+00
9.999994001198986293e-01 3.463779086036182786e+00 6.064430386356990610e+00
9.999995000999155614e-01 3.463780796200688794e+00 6.064430668589515072e+00
9.999995500899239165e-01 3.463781651282922702e+00 6.064430809705705805e+00
9.999996000799323825e-01 3.463782506365145952e+00 6.064430950821854793e+00
9.999996500699408486e-01 3.463783361447359432e+00 6.064431091937953155e+00
9.999997000599493147e-01 3.463784216529559590e+00 6.064431233054016879e+00
9.999997500499577807e-01 3.463785071611749089e+00 6.064431374170030864e+00
9.999997750449619582e-01 3.463785499152839176e+00 6.064431444728017873e+00
9.999998000399661358e-01 3.463785926693925710e+00 6.064431515286002217e+00
9.999998250349704243e-01 3.463786354235012244e+00 6.064431585843967909e+00
9.999998500299746018e-01 3.463786781776092560e+00 6.064431656401923831e+00
9.999998750249788904e-01 3.463787209317171989e+00 6.064431726959869096e+00
9.999998875224809236e-01 3.463787423087709705e+00 6.064431762238835510e+00
9.999999000199830679e-01 3.463787636858247865e+00 6.064431797517807254e+00
9.999999143028426296e-01 3.463787881167433191e+00 6.064431837836619543e+00
9.999999285857021913e-01 3.463788125476614965e+00 6.064431878155429168e+00
9.999999428685617531e-01 3.463788369785798515e+00 6.064431918474237904e+00
9.999999571514213148e-01 3.463788614094981622e+00 6.064431958793041311e+00
9.999999714342808765e-01 3.463788858404163395e+00 6.064431999111839389e+00
9.999999857171404383e-01 3.463789102713343837e+00 6.064432039430638355e+00
1.000000000000000000e+00 3.463789347022523391e+00 6.064432079749430216e+00
