# -3 2 1.34991522008 0.0247012218189
# x xi_r xi_h
0.000000000000000000e+00 0.000000000000000000e+00 0.000000000000000000e+00
1.000000200031036027e-03 -1.619048504100668029e-01 -8.094569401519539908e-02
1.083333550033622073e-03 -1.753936818474082782e-01 -8.768828300214474847e-02
1.166666900036207903e-03 -1.888817359237489890e-01 -9.443017962697135281e-02
1.250000250038793949e-03 -2.023689528861979670e-01 -1.011713306444737837e-01
1.333333600041381080e-03 -2.158552729759424527e-01 -1.079116828147145962e-01
1.500000300046552956e-03 -2.428249834930682749e-01 -1.213897776829450936e-01
1.666667000051725916e-03 -2.697903893980936330e-01 -1.348640384383404112e-01
1.833333700056899093e-03 -2.967510126633157719e-01 -1.483340394108842997e-01
2.000000400062071186e-03 -3.237063753431261848e-01 -1.617993550749609599e-01
2.250000450069830193e-03 -3.641285106716314335e-01 -1.819876138967079782e-01
2.500000500077589199e-03 -4.045361233038274884e-01 -2.021629408991696131e-01
2.750000550085349073e-03 -4.449276027740101669e-01 -2.223239031867791371e-01
3.000000600093107213e-03 -4.853013395437332789e-01 -2.424690691019614486e-01
3.333334000103451832e-03 -5.391026088130622673e-01 -2.693022461446095139e-01
3.666667400113796885e-03 -5.928656663523327319e-01 -2.961014117274629043e-01
4.000000800124142372e-03 -6.465867064772263806e-01 -3.228631848510676305e-01
4.500000900139660386e-03 -7.270811700216387452e-01 -3.629283519682686143e-01
5.000001000155178399e-03 -8.074597340568105963e-01 -4.028904285891443116e-01
5.500001100170696412e-03 -8.877096173468941309e-01 -4.427380857228851996e-01
6.000001200186214426e-03 -9.678180691005472402e-01 -4.824600339590756071e-01
6.500001300201731572e-03 -1.047772371867172536e+00 -5.220450271674562659e-01
7.000001400217249585e-03 -1.127559844642737286e+00 -5.614818666464673758e-01
7.500001500232767598e-03 -1.207167845742016743e+00 -6.007594046186499614e-01
8.000001600248286479e-03 -1.286583775864341916e+00 -6.398665484385838154e-01
9.000001800279322506e-03 -1.444789255142419737e+00 -7.175255796601769376e-01
1.000000200031036027e-02 -1.602076446260904508e+00 -7.943714606377899612e-01
1.100000220034138936e-02 -1.758346377703895902e+00 -8.703178112258763699e-01
1.200000240037243059e-02 -1.913501034730313632e+00 -9.452794880936253863e-01
1.300000260040345967e-02 -2.067443449958927815e+00 -1.019172699276189142e+00
1.400000280043449917e-02 -2.220077792791157023e+00 -1.091915118429219955e+00
1.500000300046552999e-02 -2.371309457480334171e+00 -1.163425994802856689e+00
1.600000320049656949e-02 -2.521045149420168219e+00 -1.233626260799495666e+00
1.700000340052760031e-02 -2.669192969805260329e+00 -1.302438637382456355e+00
1.800000360055864154e-02 -2.815662498304098538e+00 -1.369787734395973455e+00
1.900000380058967930e-02 -2.960364873951607301e+00 -1.435600151096188881e+00
2.000000400062071013e-02 -3.103212874353268980e+00 -1.499804571641476958e+00
2.100000420065175136e-02 -3.244120992497989242e+00 -1.562331855214353693e+00
2.200000440068278912e-02 -3.383005511075763305e+00 -1.623115123397964155e+00
2.300000460071381994e-02 -3.519784574726774640e+00 -1.682089846018283819e+00
2.400000480074486117e-02 -3.654378260049534255e+00 -1.739193920720945030e+00
2.500000500077589893e-02 -3.786708643067482782e+00 -1.794367749222720354e+00
2.600000520080694016e-02 -3.916699864166977907e+00 -1.847554309218712776e+00
2.700000540083797099e-02 -4.044278190429315245e+00 -1.898699222125775021e+00
2.800000560086900875e-02 -4.169372075286976731e+00 -1.947750816311832223e+00
2.900000580090004998e-02 -4.291912215418037135e+00 -1.994660185767894500e+00
3.000000600093108080e-02 -4.411831604855946942e+00 -2.039381244622138212e+00
3.100000620096211856e-02 -4.529065586264525933e+00 -2.081870776749332741e+00
3.200000640099315979e-02 -4.643551899312577724e+00 -2.122088480873162375e+00
3.300000660102418715e-02 -4.755230726110758255e+00 -2.159997010883732749e+00
3.400000680105522838e-02 -4.864044733642145957e+00 -2.195562011174846617e+00
3.500000700108626961e-02 -4.969939113181345292e+00 -2.228752147712123044e+00
3.600000720111729696e-02 -5.072861616686635600e+00 -2.259539134006977257e+00
3.700000740114833819e-02 -5.172762590088096246e+00 -2.287897752003444030e+00
3.800000760117937249e-02 -5.269595003484652374e+00 -2.313805868767502716e+00
3.900000780121040678e-02 -5.363314478254233464e+00 -2.337244448054368373e+00
4.000000800124144801e-02 -5.453879311015678688e+00 -2.358197556809868090e+00
4.100000820127248924e-02 -5.541250494464945220e+00 -2.376652367507701147e+00
4.200000840130351659e-02 -5.625391735103928426e+00 -2.392599155472486583e+00
4.300000860133455782e-02 -5.706269467818479768e+00 -2.406031291217726853e+00
4.400000880136559905e-02 -5.783852867339604131e+00 -2.416945228769022957e+00
4.500000900139663335e-02 -5.858113856620556170e+00 -2.425340489135928923e+00
4.600000920142766764e-02 -5.929027112104944486e+00 -2.431219639004763788e+00
4.700000940145870887e-02 -5.996570065926335680e+00 -2.434588265527777740e+00
4.800000960148974316e-02 -6.060722905086864287e+00 -2.435454946618575978e+00
4.900000980152077745e-02 -6.121468567598912003e+00 -2.433831216494783511e+00
5.000001000155181868e-02 -6.178792735658486635e+00 -2.429731528057438528e+00
5.100001020158285991e-02 -6.232683825912959996e+00 -2.423173210714455461e+00
5.200001040161388727e-02 -6.283132976828039062e+00 -2.414176424240198404e+00
5.300001060164492850e-02 -6.330134033199202648e+00 -2.402764108844993807e+00
5.400001080167596973e-02 -6.373683527821423667e+00 -2.388961930927512523e+00
5.500001100170699708e-02 -6.413780660420935753e+00 -2.372798226662488741e+00
5.600001120173805219e-02 -6.450427273938973194e+00 -2.354303941449297888e+00
5.700001140176907954e-02 -6.483627828177058738e+00 -2.333512565970704777e+00
5.800001160180010690e-02 -6.513389370871752959e+00 -2.310460069292942897e+00
5.900001180183116201e-02 -6.539721506302427656e+00 -2.285184829490405800e+00
6.000001200186218936e-02 -6.562636361467602875e+00 -2.257727560400865308e+00
6.100001220189323059e-02 -6.582148549876238874e+00 -2.228131236210871613e+00
6.200001240192425794e-02 -6.598275133064692710e+00 -2.196441013678897214e+00
6.300001260195529917e-02 -6.611035579917547977e+00 -2.162704151901946314e+00
6.400001280198633347e-02 -6.620451723873299166e+00 -2.126969930044543489e+00
6.500001300201738164e-02 -6.626547718087478778e+00 -2.089289562749785389e+00
6.600001320204841593e-02 -6.629349988628772117e+00 -2.049716113820390095e+00
6.700001340207945022e-02 -6.628887185802511794e+00 -2.008304408273242636e+00
6.800001360211048451e-02 -6.625190133688946936e+00 -1.965110942834934926e+00
6.900001380214151880e-02 -6.618291777980888746e+00 -1.920193795068267484e+00
7.000001400217256697e-02 -6.608227132210910071e+00 -1.873612531351813271e+00
7.100001420220360127e-02 -6.595033222458996036e+00 -1.825428113832781030e+00
7.200001440223463556e-02 -6.578749030630452133e+00 -1.775702806522979849e+00
7.300001460226566985e-02 -6.559415436395346966e+00 -1.724500080719194806e+00
7.400001480229669026e-02 -6.537075157882262566e+00 -1.671884519915590284e+00
7.500001500232772456e-02 -6.511772691218268960e+00 -1.617921724346232937e+00
7.600001520235874497e-02 -6.483554249007226211e+00 -1.562678215339448506e+00
7.700001540238977926e-02 -6.452467697839511018e+00 -1.506221339644125301e+00
7.800001560242081355e-02 -6.418562494925684980e+00 -1.448619173874875266e+00
7.900001580245183397e-02 -6.381889623945999901e+00 -1.389940429226813157e+00
8.000001600248286826e-02 -6.342501530207551141e+00 -1.330254356625544032e+00
8.100001620251390255e-02 -6.300452055200917556e+00 -1.269630652447409691e+00
8.200001640254492297e-02 -6.255796370646226734e+00 -1.208139364949773809e+00
8.300001660257595726e-02 -6.208590912118332916e+00 -1.145850801557885212e+00
8.400001680260697767e-02 -6.158893312340345538e+00 -1.082835437152423363e+00
8.500001700263801196e-02 -6.106762334232478828e+00 -1.019163823453258733e+00
8.600001720266904626e-02 -6.052257803801841973e+00 -9.549064996546411388e-01
8.700001740270006667e-02 -5.995440542958954566e+00 -8.901339044414022794e-01
8.800001760273110096e-02 -5.936372302344644858e+00 -8.249162894842091420e-01
8.900001780276212138e-02 -5.875115694249146259e+00 -7.593236345323371994e-01
9.000001800279315567e-02 -5.811734125703933884e+00 -6.934255642185099822e-01
9.100001820282418996e-02 -5.746291731825325932e+00 -6.272912666725825037e-01
9.200001840285521038e-02 -5.678853309484186873e+00 -5.609894139854991746e-01
9.300001860288624467e-02 -5.609484251376920305e+00 -4.945880847261915347e-01
9.400001880291727896e-02 -5.538250480572012080e+00 -4.281546885229621791e-01
9.500001900294829937e-02 -5.465218385601974482e+00 -3.617558928045012667e-01
9.600001920297933367e-02 -5.390454756169004824e+00 -2.954575517777092153e-01
9.700001940301035408e-02 -5.314026719531219634e+00 -2.293246377179646578e-01
9.800001960304138837e-02 -5.236001677631722195e+00 -1.634211745947075356e-01
9.900001980307242266e-02 -5.156447245031708704e+00 -9.781017415185588870e-02
1.000000200031034014e-01 -5.075431187707997616e+00 -3.255357447291135076e-02
1.010000202031345051e-01 -4.993021362771519200e+00 3.228781893096727834e-02
1.020000204031654978e-01 -4.909285659160806503e+00 9.665438946166525491e-02
1.030000206031965043e-01 -4.824291939362050918e+00 1.604877631739434485e-01
1.040000208032275941e-01 -4.738107982204534885e+00 2.237308598909814594e-01
1.050000210032586007e-01 -4.650801426777360525e+00 2.863279416308742720e-01
1.060000212032895933e-01 -4.562439717512380533e+00 3.482246583541935836e-01
1.070000214033206970e-01 -4.473090050474990420e+00 4.093680910124505856e-01
1.080000216033517035e-01 -4.382819320901257143e+00 4.697067918847906975e-01
1.090000218033826962e-01 -4.291694072017754102e+00 5.291908222012264851e-01
1.100000220034137027e-01 -4.199780445176945598e+00 5.877717870936837175e-01
1.110000222034448064e-01 -4.107144131339230952e+00 6.454028677557479554e-01
1.120000224034757991e-01 -4.013850323931532849e+00 7.020388509272498245e-01
1.130000226035068056e-01 -3.919963673107814017e+00 7.576361556949848808e-01
1.140000228035378954e-01 -3.825548241435037244e+00 8.121528576126922916e-01
1.150000230035689019e-01 -3.730667461025615861e+00 8.655487101665966243e-01
1.160000232035998946e-01 -3.635384092134131162e+00 9.177851636616107811e-01
1.170000234036309011e-01 -3.539760183233801705e+00 9.688253814815532827e-01
1.180000236036620048e-01 -3.443857032588653055e+00 1.018634253699523207e+00
1.190000238036929975e-01 -3.347735151332730030e+00 1.067178408256008515e+00
1.200000240037240040e-01 -3.251454228064210472e+00 1.114426219618062097e+00
1.210000242037550938e-01 -3.155073094961739599e+00 1.160347814991670390e+00
1.220000244037861004e-01 -3.058649695427368975e+00 1.204915078151371333e+00
1.230000246038171069e-01 -2.962241053256584600e+00 1.248101651004222656e+00
1.240000248038480996e-01 -2.865903243338216111e+00 1.289882932635056045e+00
1.250000250038791894e-01 -2.769691363884366542e+00 1.330236076252656163e+00
1.260000252039102098e-01 -2.673659510183976629e+00 1.369139983933941540e+00
1.270000254039412024e-01 -2.577860749874950841e+00 1.406575299227255993e+00
1.280000256039723061e-01 -2.482347099727593598e+00 1.442524397686963944e+00
1.290000258040032988e-01 -2.387169503928126435e+00 1.476971375504819273e+00
1.300000260040342914e-01 -2.292377813851906421e+00 1.509902036059613817e+00
1.310000262040653118e-01 -2.198020769317145184e+00 1.541303874560269849e+00
1.320000264040963878e-01 -2.104145981303219060e+00 1.571166060995913716e+00
1.330000266041274082e-01 -2.010799916116256636e+00 1.599479421301494009e+00
1.340000268041584008e-01 -1.918027880985551992e+00 1.626236416851558619e+00
1.350000270041893935e-01 -1.825874011071438874e+00 1.651431122391357809e+00
1.360000272042204972e-01 -1.734381257862304571e+00 1.675059202512289458e+00
1.370000274042514898e-01 -1.643591378943617842e+00 1.697117886381682039e+00
1.380000276042825103e-01 -1.553544929117538720e+00 1.717605941321532992e+00
1.390000278043135862e-01 -1.464281252845711423e+00 1.736523645023883677e+00
1.400000280043446066e-01 -1.375838477991673026e+00 1.753872756515149733e+00
1.410000282043755993e-01 -1.288253510837318316e+00 1.769656485948714275e+00
1.420000284044067029e-01 -1.201562032343762354e+00 1.783879463460104509e+00
1.430000286044376956e-01 -1.115798495631916909e+00 1.796547706687223078e+00
1.440000288044686882e-01 -1.030996124657537427e+00 1.807668587490485868e+00
1.450000290044997919e-01 -9.471869140481926630e-01 1.817250797813370067e+00
1.460000292045308123e-01 -8.644016300724698398e-01 1.825304314703319886e+00
1.470000294045618050e-01 -7.826698127116307191e-01 1.831840364587737247e+00
1.480000296045927977e-01 -7.020197788018194274e-01 1.836871386932569017e+00
1.490000298046239013e-01 -6.224786262140807880e-01 1.840410997308602026e+00
1.500000300046548940e-01 -5.440722390448944346e-01 1.842473949673026024e+00
1.510000302046858867e-01 -4.668252937850397855e-01 1.843076098422494091e+00
1.520000304047169903e-01 -3.907612664309741968e-01 1.842234359967331647e+00
1.530000306047480108e-01 -3.159024405074655206e-01 1.839966673955149679e+00
1.540000308047790034e-01 -2.422699159686942938e-01 1.836291964209107341e+00
1.550000310048101071e-01 -1.698836189447217315e-01 1.831230099450391835e+00
1.560000312048410998e-01 -9.876231229891832553e-02 1.824801853916629302e+00
1.570000314048720924e-01 -2.892360696510537163e-02 1.817028867713496698e+00
1.580000316049031128e-01 3.961602596764485229e-02 1.807933607220127303e+00
1.590000318049341888e-01 1.068412424575398839e-01 1.797539325493295648e+00
1.600000320049652092e-01 1.727378120325704647e-01 1.785870022715392524e+00
1.610000322049962018e-01 2.372926036655023385e-01 1.772950406748454721e+00
1.620000324050271945e-01 3.004935710339442512e-01 1.758805853842703382e+00
1.630000326050582982e-01 3.623297371957605595e-01 1.743462369439633175e+00
1.640000328050892908e-01 4.227911787131494736e-01 1.726946549394523078e+00
1.650000330051203112e-01 4.818690092604089314e-01 1.709285541496568417e+00
1.660000332051513872e-01 5.395553627445914824e-01 1.690507007201434098e+00
1.670000334051824076e-01 5.958433759687939979e-01 1.670639083789474011e+00
1.680000336052134002e-01 6.507271708696512613e-01 1.649710346937299787e+00
1.690000338052443929e-01 7.042018363592529306e-01 1.627749773739357364e+00
1.700000340052754966e-01 7.562634098006577599e-01 1.604786706182765199e+00
1.710000342053064892e-01 8.069088581453635056e-01 1.580850815124925646e+00
1.720000344053375096e-01 8.561360587641544395e-01 1.555972064975955638e+00
1.730000346053686133e-01 9.039437799994947120e-01 1.530180678804059724e+00
1.740000348053996060e-01 9.503316614650109129e-01 1.503507104089240265e+00
1.750000350054305986e-01 9.953001941199964842e-01 1.475981979111997466e+00
1.760000352054615913e-01 1.038850700145514949e+00 1.447636099998362402e+00
1.770000354054926950e-01 1.080985312647891217e+00 1.418500388440262938e+00
1.780000356055236876e-01 1.121706955214303525e+00 1.388605860087259058e+00
1.790000358055547081e-01 1.161019321345948097e+00 1.357983593729512828e+00
1.800000360055858117e-01 1.198926853793241598e+00 1.326664701169096183e+00
1.810000362056168044e-01 1.235434723815497238e+00 1.294680297842788264e+00
1.820000364056477971e-01 1.270548810387869043e+00 1.262061474216805257e+00
1.830000366056787897e-01 1.304275679377707720e+00 1.228839267959972226e+00
1.840000368057098934e-01 1.336622562711622608e+00 1.195044636906464008e+00
1.850000370057409138e-01 1.367597337553730474e+00 1.160708432807507240e+00
1.860000372057719065e-01 1.397208505515169286e+00 1.125861375906545447e+00
1.870000374058030101e-01 1.425465171914492402e+00 1.090534030331052007e+00
1.880000376058340028e-01 1.452377025107316033e+00 1.054756780289661577e+00
1.890000378058649955e-01 1.477954315902979543e+00 1.018559807098709857e+00
1.900000380058959881e-01 1.502207837085517417e+00 9.819730670352166957e-01
1.910000382059270918e-01 1.525148903055492333e+00 9.450262700178302389e-01
1.920000384059581122e-01 1.546789329608456720e+00 9.077488591124266426e-01
1.930000386059891049e-01 1.567141413865080324e+00 8.701699908629930702e-01
1.940000388060202086e-01 1.586217914367827886e+00 8.323185164689227422e-01
1.950000390060512012e-01 1.604032031357980115e+00 7.942229637640482176e-01
1.960000392060821939e-01 1.620597387245882315e+00 7.559115200198347484e-01
1.970000394061132976e-01 1.635928007287036579e+00 7.174120155627585760e-01
1.980000396061442902e-01 1.650038300475897390e+00 6.787519081994239922e-01
1.990000398061753106e-01 1.662943040668595440e+00 6.399582684419142797e-01
2.000000400062063866e-01 1.674657347945008867e+00 6.010577655209613512e-01
2.010000402062374070e-01 1.685196670220387327e+00 5.620766541994599574e-01
2.020000404062683996e-01 1.694576765115998640e+00 5.230407623516315496e-01
2.030000406062993923e-01 1.702813682097315873e+00 4.839754793071422423e-01
2.040000408063304960e-01 1.709923744887951624e+00 4.449057449520671392e-01
2.050000410063614886e-01 1.715923534166940767e+00 4.058560395738000648e-01
2.060000412063925090e-01 1.720829870556423336e+00 3.668503744379302267e-01
2.070000414064236127e-01 1.724659797906048508e+00 3.279122830811111444e-01
2.080000416064546054e-01 1.727430566880155505e+00 2.890648133190198976e-01
2.090000418064855980e-01 1.729159618853349567e+00 2.503305199473175868e-01
2.100000420065165907e-01 1.729864570119168166e+00 2.117314581151031883e-01
2.110000422065476944e-01 1.729563196416115112e+00 1.732891773672615710e-01
2.120000424065786870e-01 1.728273417775046950e+00 1.350247163377371884e-01
2.130000426066097075e-01 1.726013283691324673e+00 9.695859807879558812e-02
2.140000428066408111e-01 1.722800958624692402e+00 5.911082601111839613e-02
2.150000430066718038e-01 1.718654707829379902e+00 2.150088047921811657e-02
2.160000432067027965e-01 1.713592883516514176e+00 -1.585228410343637179e-02
2.170000434067337891e-01 1.707633911350453282e+00 -5.293024153501583312e-02
2.180000436067648928e-01 1.700796277280204327e+00 -8.971509554345685755e-02
2.190000438067959132e-01 1.693098514707072955e+00 -1.261894809662119088e-01
2.200000440068269059e-01 1.684559191989027038e+00 -1.623365644060082991e-01
2.210000442068580095e-01 1.675196900281637369e+00 -1.981400443755357288e-01
2.220000444068890022e-01 1.665030241715435677e+00 -2.335841509489779144e-01
2.230000446069199949e-01 1.654077817909157089e+00 -2.686536449367371016e-01
2.240000448069509875e-01 1.642358218817970616e+00 -3.033338165997451763e-01
2.250000450069820912e-01 1.629890011915493098e+00 -3.376104839197034413e-01
2.260000452070131116e-01 1.616691731708094881e+00 -3.714699904515682549e-01
2.270000454070441043e-01 1.602781869579625429e+00 -4.048992027674882532e-01
2.280000456070752080e-01 1.588178863964447851e+00 -4.378855074736585640e-01
2.290000458071062006e-01 1.572901090846623662e+00 -4.704168078780077700e-01
2.300000460071371933e-01 1.556966854582664261e+00 -5.024815202873451625e-01
2.310000462071682137e-01 1.540394379045020745e+00 -5.340685699573411993e-01
2.320000464071992896e-01 1.523201799083309993e+00 -5.651673867111407512e-01
2.330000466072303100e-01 1.505407152300043849e+00 -5.957679002421119030e-01
2.340000468072613027e-01 1.487028371137456340e+00 -6.258605351157836560e-01
2.350000470072924064e-01 1.468083275271897303e+00 -6.554362054714429897e-01
2.360000472073233990e-01 1.448589564312015021e+00 -6.844863094767174028e-01
2.370000474073543917e-01 1.428564810796666640e+00 -7.130027235218573400e-01
2.380000476073854121e-01 1.408026453488517182e+00 -7.409777961619063991e-01
2.390000478074164880e-01 1.386991790959159143e+00 -7.684043418358710298e-01
2.400000480074475084e-01 1.365477975461371063e+00 -7.952756343721236743e-01
2.410000482074785011e-01 1.343502007084033778e+00 -8.215854002937311718e-01
2.420000484075096048e-01 1.321080728185127784e+00 -8.473278119369390682e-01
2.430000486075405974e-01 1.298230818098089490e+00 -8.724974804015021013e-01
2.440000488075715901e-01 1.274968788106487727e+00 -8.970894483653032436e-01
2.450000490076026105e-01 1.251310976682491249e+00 -9.210991826819513451e-01
2.460000492076336864e-01 1.227273544984346376e+00 -9.445225668919505768e-01
2.470000494076647068e-01 1.202872472607551035e+00 -9.673558936045629775e-01
2.480000496076956995e-01 1.178123553584695893e+00 -9.895958567638545311e-01
2.490000498077268032e-01 1.153042392628911728e+00 -1.011239543813854169e+00
2.500000500077578236e-01 1.127644401615747638e+00 -1.032284427773802138e+00
2.510000502077888163e-01 1.101944796298304663e+00 -1.052728359234269551e+00
2.520000504078199199e-01 1.075958593250441631e+00 -1.072569558278315682e+00
2.530000506078509126e-01 1.049700607032889588e+00 -1.091806606345337993e+00
2.540000508078819053e-01 1.023185447576812512e+00 -1.110438438064215383e+00
2.550000510079130089e-01 9.964275177796163563e-01 -1.128464333026269362e+00
2.560000512079438906e-01 9.694410113078222313e-01 -1.145883907534017920e+00
2.570000514079749943e-01 9.422399106017246284e-01 -1.162697106328440810e+00
2.580000516080059869e-01 9.148379850765804289e-01 -1.178904194303160180e+00
2.590000518080369796e-01 8.872487895150844572e-01 -1.194505748213738450e+00
2.600000520080680833e-01 8.594856626459097537e-01 -1.209502648390259782e+00
2.610000522080990759e-01 8.315617259030608777e-01 -1.223896070470953612e+00
2.620000524081301241e-01 8.034898823609011309e-01 -1.237687477135117398e+00
2.630000526081611723e-01 7.752828158398777925e-01 -1.250878609866174829e+00
2.640000528081922204e-01 7.469529901777508529e-01 -1.263471480753610487e+00
2.650000530082232131e-01 7.185126486612133379e-01 -1.275468364329525706e+00
2.660000532082543168e-01 6.899738136129440758e-01 -1.286871789449546499e+00
2.670000534082853094e-01 6.613482861291404280e-01 -1.297684531223955773e+00
2.680000536083163021e-01 6.326476459626018123e-01 -1.307909603004649313e+00
2.690000538083474058e-01 6.038832515465203388e-01 -1.317550248433108973e+00
2.700000540083783984e-01 5.750662401542009361e-01 -1.326609933553986043e+00
2.710000542084093911e-01 5.462075281899374524e-01 -1.335092339001371808e+00
2.720000544084403837e-01 5.173178116063769094e-01 -1.343001352259319381e+00
2.730000546084714874e-01 4.884075664437864117e-01 -1.350341060002344884e+00
2.740000548085024801e-01 4.594870494866450383e-01 -1.357115740519843072e+00
2.750000550085334727e-01 4.305662990330957340e-01 -1.363329856228163051e+00
2.760000552085645764e-01 4.016551357728720961e-01 -1.368988046273881487e+00
2.770000554085956246e-01 3.727631637693281652e-01 -1.374095119231610873e+00
2.780000556086266172e-01 3.438997715412968059e-01 -1.378656045902487692e+00
2.790000558086576099e-01 3.150741332405914141e-01 -1.382675952212051307e+00
2.800000560086887136e-01 2.862952099210849810e-01 -1.386160112202851957e+00
2.810000562087197062e-01 2.575717508953648816e-01 -1.389113941142861464e+00
2.820000564087506989e-01 2.289122951749033574e-01 -1.391542988738735165e+00
2.830000566087816916e-01 2.003251729899041822e-01 -1.393452932459065208e+00
2.840000568088127952e-01 1.718185073850410638e-01 -1.394849570969587393e+00
2.850000570088437879e-01 1.434002158873379784e-01 -1.395738817682028010e+00
2.860000572088747806e-01 1.150780122425615476e-01 -1.396126694418148739e+00
2.870000574089058842e-01 8.685940821656840116e-02 -1.396019325191220073e+00
2.880000576089368769e-01 5.875171545810584095e-02 -1.395422930103475734e+00
2.890000578089679251e-01 3.076204741968812523e-02 -1.394343819362852566e+00
2.900000580089989732e-01 2.897321333232190984e-03 -1.392788387419924723e+00
2.910000582090300214e-01 -2.483573976282404255e-02 -1.390763107224818995e+00
2.920000584090611251e-01 -5.243060494805285021e-02 -1.388274524605020099e+00
2.930000586090921177e-01 -7.988093329930806563e-02 -1.385329252764497143e+00
2.940000588091231104e-01 -1.071805717277451997e-01 -1.381933966904438371e+00
2.950000590091542141e-01 -1.343235527765015702e-01 -1.378095398966823426e+00
2.960000592091852067e-01 -1.613040923819560324e-01 -1.373820332503387753e+00
2.970000594092161994e-01 -1.881165876012284022e-01 -1.369115597653599137e+00
2.980000596092471921e-01 -2.147556143085723179e-01 -1.363988066254945064e+00
2.990000598092781847e-01 -2.412159248633909125e-01 -1.358444647072702516e+00
3.000000600093092884e-01 -2.674924457523721877e-01 -1.352492281149930919e+00
3.010000602093402811e-01 -2.935802752081834721e-01 -1.346137937277873009e+00
3.020000604093712737e-01 -3.194746808071481925e-01 -1.339388607586160518e+00
3.030000606094023774e-01 -3.451710970481717267e-01 -1.332251303252191210e+00
3.040000608094334256e-01 -3.706651229151947669e-01 -1.324733050328861683e+00
3.050000610094644182e-01 -3.959525194253255553e-01 -1.316840885689853691e+00
3.060000612094955219e-01 -4.210292071647350753e-01 -1.308581853091557834e+00
3.070000614095265146e-01 -4.458912638144128526e-01 -1.299962999354797422e+00
3.080000616095575072e-01 -4.705349216678735291e-01 -1.290991370670133476e+00
3.090000618095886109e-01 -4.949565651423600832e-01 -1.281674008977054635e+00
3.100000620096194925e-01 -5.191527282853611869e-01 -1.272017948491422690e+00
3.110000622096505962e-01 -5.431200922784825691e-01 -1.262030212336331170e+00
3.120000624096815889e-01 -5.668554829402584483e-01 -1.251717809281051030e+00
3.130000626097125815e-01 -5.903558682295390048e-01 -1.241087730588399607e+00
3.140000628097436852e-01 -6.136183557510133113e-01 -1.230146946969164823e+00
3.150000630097746779e-01 -6.366401902643583632e-01 -1.218902405642157127e+00
3.160000632098057260e-01 -6.594187511984894723e-01 -1.207361027498416561e+00
3.170000634098367742e-01 -6.819515501722882567e-01 -1.195529704368080592e+00
3.180000636098678224e-01 -7.042362285231273944e-01 -1.183415296388395710e+00
3.190000638098988150e-01 -7.262705548445251846e-01 -1.171024629474373802e+00
3.200000640099299187e-01 -7.480524225342212175e-01 -1.158364492891108766e+00
3.210000642099609114e-01 -7.695798473536051842e-01 -1.145441636899892757e+00
3.220000644099919040e-01 -7.908509649996431357e-01 -1.132262770521263562e+00
3.230000646100230077e-01 -8.118640286905263181e-01 -1.118834559385613270e+00
3.240000648100540004e-01 -8.326174067659815048e-01 -1.105163623674465967e+00
3.250000650100849930e-01 -8.531095803032204827e-01 -1.091256536151484324e+00
3.260000652101159857e-01 -8.733391407494273118e-01 -1.077119820281515983e+00
3.270000654101469784e-01 -8.933047875716447761e-01 -1.062759948435988422e+00
3.280000656101780820e-01 -9.130053259249131248e-01 -1.048183340182899936e+00
3.290000658102090747e-01 -9.324396643393995099e-01 -1.033396360659756930e+00
3.300000660102401229e-01 -9.516068124272900608e-01 -1.018405319027653633e+00
3.310000662102712266e-01 -9.705058786101538049e-01 -1.003216467007395751e+00
3.320000664103022192e-01 -9.891360678674749884e-01 -9.878359974944653787e-01
3.330000666103332119e-01 -1.007496679506811654e+00 -9.722700432357573863e-01
3.340000668103643156e-01 -1.025587104956173556e+00 -9.565246755959045943e-01
3.350000670103953082e-01 -1.043406825579268560e+00 -9.406059033919053070e-01
3.360000672104263009e-01 -1.060955410514089481e+00 -9.245196717982596679e-01
3.370000674104572935e-01 -1.078232514535286235e+00 -9.082718613212870107e-01
3.380000676104883972e-01 -1.095237875940756833e+00 -8.918682868409590903e-01
3.390000678105193899e-01 -1.111971314462859795e+00 -8.753146967185175820e-01
3.400000680105503825e-01 -1.128432729204617235e+00 -8.586167719682448185e-01
3.410000682105814862e-01 -1.144622096601228378e+00 -8.417801254917282039e-01
3.420000684106124789e-01 -1.160539468407217445e+00 -8.248103013729524147e-01
3.430000686106435270e-01 -1.176184969709499928e+00 -8.077127742335926674e-01
3.440000688106745752e-01 -1.191558796966620148e+00 -7.904929486457143994e-01
3.450000690107056234e-01 -1.206661216074330412e+00 -7.731561585964606964e-01
3.460000692107366160e-01 -1.221492560457711374e+00 -7.557076670119733386e-01
3.470000694107677197e-01 -1.236053229190045677e+00 -7.381526653326809795e-01
3.480000696107987124e-01 -1.250343685138577632e+00 -7.204962731398329989e-01
3.490000698108297050e-01 -1.264364453137278410e+00 -7.027435378318181991e-01
3.500000700108608087e-01 -1.278116118186702455e+00 -6.848994343487883052e-01
3.510000702108916903e-01 -1.291599323681028144e+00 -6.669688649440727035e-01
3.520000704109227940e-01 -1.304814769662333562e+00 -6.489566590009300251e-01
3.530000706109537867e-01 -1.317763211102133791e+00 -6.308675728932141569e-01
3.540000708109847793e-01 -1.330445456210210597e+00 -6.127062898885005104e-01
3.550000710110158830e-01 -1.342862364770732730e+00 -5.944774200926579155e-01
3.560000712110468757e-01 -1.355014846505651072e+00 -5.761855004338617414e-01
3.570000714110779239e-01 -1.366903859465304016e+00 -5.578349946838274676e-01
3.580000716111090275e-01 -1.378530408446184685e+00 -5.394302935176161773e-01
3.590000718111400202e-01 -1.389895543435823777e+00 -5.209757146085974844e-01
3.600000720111710129e-01 -1.401000358084696584e+00 -5.024755027578254873e-01
3.610000722112021165e-01 -1.411845988205049585e+00 -4.839338300565687589e-01
3.620000724112331092e-01 -1.422433610296542028e+00 -4.653547960807588035e-01
3.630000726112641019e-01 -1.432764440098573289e+00 -4.467424281161257449e-01
3.640000728112952055e-01 -1.442839731169156980e+00 -4.281006814128659466e-01
3.650000730113260872e-01 -1.452660773490201507e+00 -4.094334394686328094e-01
3.660000732113571908e-01 -1.462228892099026956e+00 -3.907445143387308639e-01
3.670000734113881835e-01 -1.471545445745956249e+00 -3.720376469722178614e-01
3.680000736114191762e-01 -1.480611825577790031e+00 -3.533165075731848348e-01
3.690000738114502798e-01 -1.489429453846993878e+00 -3.345846959862738834e-01
3.700000740114812725e-01 -1.497999782646377787e+00 -3.158457421044884028e-01
3.710000742115123207e-01 -1.506324292669074083e+00 -2.971031062990619476e-01
3.720000744115434244e-01 -1.514404491993597723e+00 -2.783601798701372254e-01
3.730000746115744170e-01 -1.522241914893753600e+00 -2.596202855173178614e-01
3.740000748116054097e-01 -1.529838120673178814e+00 -2.408866778291017530e-01
3.750000750116365134e-01 -1.537194692524279871e+00 -2.221625437902801370e-01
3.760000752116675060e-01 -1.544313236411303247e+00 -2.034510033063946510e-01
3.770000754116984987e-01 -1.551195379977323041e+00 -1.847551097443477508e-01
3.780000756117294913e-01 -1.557842771474864829e+00 -1.660778504883153039e-01
3.790000758117605950e-01 -1.564257078719919702e+00 -1.474221475099365963e-01
3.800000760117915877e-01 -1.570439988069082471e+00 -1.287908579524827957e-01
3.810000762118225803e-01 -1.576393203419554911e+00 -1.101867747279624554e-01
3.820000764118535730e-01 -1.582118445231740722e+00 -9.161262712582328438e-02
3.830000766118846767e-01 -1.587617449574160844e+00 -7.307108143314246240e-02
3.840000768119157248e-01 -1.592891967190394498e+00 -5.456474156539796450e-02
3.850000770119467175e-01 -1.597943762587784589e+00 -3.609614970707053505e-02
3.860000772119778212e-01 -1.602774613147624816e+00 -1.766778696140044319e-02
3.870000774120088138e-01 -1.607386308256526508e+00 7.179259913832585892e-04
3.880000776120398065e-01 -1.611780648458705612e+00 1.905862822801556583e-02
3.890000778120709102e-01 -1.615959444628874975e+00 3.735201790897489660e-02
3.900000780121019028e-01 -1.619924517165474587e+00 5.559585159868857263e-02
3.910000782121328955e-01 -1.623677695203922466e+00 7.378794357960997974e-02
3.920000784121638882e-01 -1.627220815849621083e+00 9.192616516097082413e-02
3.930000786121949918e-01 -1.630555723430423321e+00 1.100084439829594612e-01
3.940000788122259845e-01 -1.633684268768266001e+00 1.280327633164035361e-01
3.950000790122569772e-01 -1.636608308469671202e+00 1.459971613587381645e-01
3.960000792122880808e-01 -1.639329704234815166e+00 1.638997305267168303e-01
3.970000794123190735e-01 -1.641850322184895905e+00 1.817386167463775071e-01
3.980000796123501217e-01 -1.644172032207484202e+00 1.995120187407281587e-01
3.990000798123812253e-01 -1.646296707319585773e+00 2.172181873156051601e-01
4.000000800124122180e-01 -1.648226223048103511e+00 2.348554246441633131e-01
4.010000802124432107e-01 -1.649962456827438473e+00 2.524220835504175642e-01
4.020000804124743143e-01 -1.651507287413913394e+00 2.699165667922387990e-01
4.030000806125053070e-01 -1.652862594316731881e+00 2.873373263432587588e-01
4.040000808125362997e-01 -1.654030257245211688e+00 3.046828626764604420e-01
4.050000810125672923e-01 -1.655012155571996324e+00 3.219517240484998100e-01
4.060000812125982850e-01 -1.655810167811966549e+00 3.391425057838948764e-01
4.070000814126293887e-01 -1.656426171116555990e+00 3.562538495609555711e-01
4.080000816126603813e-01 -1.656862040783202872e+00 3.732844426993379150e-01
4.090000818126913740e-01 -1.657119649779651427e+00 3.902330174495447501e-01
4.100000820127224777e-01 -1.657200868282847628e+00 4.070983502846731161e-01
4.110000822127535258e-01 -1.657107563232124603e+00 4.238792611946852196e-01
4.120000824127845185e-01 -1.656841597896442364e+00 4.405746129835017566e-01
4.130000826128156222e-01 -1.656404831455382309e+00 4.571833105691560095e-01
4.140000828128466148e-01 -1.655799118593657804e+00 4.737043002872854403e-01
4.150000830128776075e-01 -1.655026309108845073e+00 4.901365691981965367e-01
4.160000832129087112e-01 -1.654088247532106370e+00 5.064791443963144735e-01
4.170000834129395928e-01 -1.652986772761611212e+00 5.227310923221304417e-01
4.180000836129706965e-01 -1.651723717708437844e+00 5.388915180874355171e-01
4.190000838130016891e-01 -1.650300908954701162e+00 5.549595647963201372e-01
4.200000840130326818e-01 -1.648720166423622624e+00 5.709344128729119117e-01
4.210000842130637855e-01 -1.646983303061318127e+00 5.868152793941510126e-01
4.220000844130947781e-01 -1.645092124530048716e+00 6.026014174275012847e-01
4.230000846131258263e-01 -1.643048428912699865e+00 6.182921153737852560e-01
4.240000848131568745e-01 -1.640854006428250855e+00 6.338866963152832712e-01
4.250000850131879226e-01 -1.638510639157987558e+00 6.493845173692290862e-01
4.260000852132189153e-01 -1.636020100782244802e+00 6.647849690468603523e-01
4.270000854132500190e-01 -1.633384156327423176e+00 6.800874746181350128e-01
4.280000856132810116e-01 -1.630604561923080231e+00 6.952914894822317393e-01
4.290000858133120043e-01 -1.627683064568853144e+00 7.103965005437046232e-01
4.300000860133431080e-01 -1.624621401910992136e+00 7.254020255900546221e-01
4.310000862133741006e-01 -1.621421302028302813e+00 7.403076126858015860e-01
4.320000864134050933e-01 -1.618084483227275161e+00 7.551128395672037641e-01
4.330000866134360860e-01 -1.614612653846185797e+00 7.698173130416910981e-01
4.340000868134671896e-01 -1.611007512067961667e+00 7.844206683950155634e-01
4.350000870134981823e-01 -1.607270745741605111e+00 7.989225688048310348e-01
4.360000872135291750e-01 -1.603404032211973806e+00 8.133227047607249904e-01
4.370000874135602231e-01 -1.599409038157720397e+00 8.276207934907869879e-01
4.380000876135913268e-01 -1.595287419437195320e+00 8.418165783947567649e-01
4.390000878136223195e-01 -1.591040820942114742e+00 8.559098284837979298e-01
4.400000880136533121e-01 -1.586670876458815327e+00 8.699003378269439812e-01
4.410000882136844158e-01 -1.582179208536889314e+00 8.837879250042540713e-01
4.420000884137154085e-01 -1.577567428365042490e+00 8.975724325666967207e-01
4.430000886137464011e-01 -1.572837135653968099e+00 9.112537264989925001e-01
4.440000888137773938e-01 -1.567989918526083715e+00 9.248316956920438203e-01
4.450000890138084975e-01 -1.563027353411940323e+00 9.383062514312806579e-01
4.460000892138394901e-01 -1.557951004953133767e+00 9.516773268792497742e-01
4.470000894138704828e-01 -1.552762425911545563e+00 9.649448765692489882e-01
4.480000896139015865e-01 -1.547463157084765228e+00 9.781088759058332860e-01
4.490000898139325791e-01 -1.542054727227510469e+00 9.911693206721482463e-01
4.500000900139636273e-01 -1.536538652978894026e+00 1.004126226544076461e+00
4.510000902139946755e-01 -1.530916438795387968e+00 1.016979628611176079e+00
4.520000904140257236e-01 -1.525189576889316889e+00 1.029729580904441333e+00
4.530000906140567163e-01 -1.519359547172734581e+00 1.042376155930834436e+00
4.540000908140878200e-01 -1.513427817206540960e+00 1.054919444214595048e+00
4.550000910141188126e-01 -1.507395842154687360e+00 1.067359553845304454e+00
4.560000912141498053e-01 -1.501265064743326549e+00 1.079696610031655846e+00
4.570000914141809090e-01 -1.495036915224782659e+00 1.091930754656780467e+00
4.580000916142117906e-01 -1.488712811346183162e+00 1.104062145856261390e+00
4.590000918142428943e-01 -1.482294158322621902e+00 1.116090957590334609e+00
4.600000920142738869e-01 -1.475782348814724143e+00 1.128017379224109495e+00
4.610000922143048796e-01 -1.469178762910491320e+00 1.139841615115433138e+00
4.620000924143359833e-01 -1.462484768111281808e+00 1.151563884209299449e+00
4.630000926143669759e-01 -1.455701719321825349e+00 1.163184419638749079e+00
4.640000928143980241e-01 -1.448830958844127492e+00 1.174703468332235934e+00
4.650000930144290723e-01 -1.441873816375156103e+00 1.186121290627408120e+00
4.660000932144601204e-01 -1.434831609008197395e+00 1.197438159891259790e+00
4.670000934144911131e-01 -1.427705641237751788e+00 1.208654362146632577e+00
4.680000936145222168e-01 -1.420497204967867466e+00 1.219770195704972915e+00
4.690000938145532094e-01 -1.413207579523813706e+00 1.230785970805328366e+00
4.700000940145842021e-01 -1.405838031666960086e+00 1.241702009253649930e+00
4.710000942146153058e-01 -1.398389815612792075e+00 1.252518644078284060e+00
4.720000944146461874e-01 -1.390864173051920005e+00 1.263236219191511633e+00
4.730000946146772911e-01 -1.383262333173992609e+00 1.273855089049447553e+00
4.740000948147082838e-01 -1.375585512694437851e+00 1.284375618321283108e+00
4.750000950147392764e-01 -1.367834915883910707e+00 1.294798181564461137e+00
4.760000952147703801e-01 -1.360011734600367950e+00 1.305123162905690748e+00
4.770000954148013728e-01 -1.352117148323676687e+00 1.315350955727759619e+00
4.780000956148324209e-01 -1.344152324192655179e+00 1.325481962362091259e+00
4.790000958148635246e-01 -1.336118417044471984e+00 1.335516593786977513e+00
4.800000960148945173e-01 -1.328016569456314633e+00 1.345455269331433890e+00
4.810000962149255099e-01 -1.319847911789232331e+00 1.355298416384616456e+00
4.820000964149566136e-01 -1.311613562234086539e+00 1.365046470110749421e+00
4.830000966149876063e-01 -1.303314626859525927e+00 1.374699873167456676e+00
4.840000968150185989e-01 -1.294952199661911552e+00 1.384259075427249686e+00
4.850000970150495916e-01 -1.286527362617102987e+00 1.393724533718384562e+00
4.860000972150806953e-01 -1.278041185734026586e+00 1.403096711557117571e+00
4.870000974151116879e-01 -1.269494727109967247e+00 1.412376078888655018e+00
4.880000976151426806e-01 -1.260889032987512648e+00 1.421563111833651138e+00
4.890000978151737843e-01 -1.252225137813078648e+00 1.430658292439761503e+00
4.900000980152047769e-01 -1.243504064296941269e+00 1.439662108438203747e+00
4.910000982152358251e-01 -1.234726823474723956e+00 1.448575053005249247e+00
4.920000984152668178e-01 -1.225894414770256624e+00 1.457397624528582014e+00
4.930000986152979214e-01 -1.217007826059764763e+00 1.466130326378471960e+00
4.940000988153289141e-01 -1.208068033737308644e+00 1.474773666683693696e+00
4.950000990153599068e-01 -1.199076002781429118e+00 1.483328158112127593e+00
4.960000992153910104e-01 -1.190032686822926289e+00 1.491794317655712243e+00
4.970000994154220031e-01 -1.180939028213746189e+00 1.500172666414393285e+00
4.980000996154529957e-01 -1.171795958096888635e+00 1.508463729397404141e+00
4.990000998154839884e-01 -1.162604396477275426e+00 1.516668035322104258e+00
5.000001000155150921e-01 -1.153365252293554022e+00 1.524786116415091985e+00
5.010001002155460847e-01 -1.144079423490773184e+00 1.532818508219464304e+00
5.020001004155771884e-01 -1.134747797093878852e+00 1.540765749406327823e+00
5.030001006156081811e-01 -1.125371249282003827e+00 1.548628381590462899e+00
5.040001008156391737e-01 -1.115950645463462010e+00 1.556406949150134444e+00
5.050001010156702774e-01 -1.106486840351448064e+00 1.564101999050931724e+00
5.060001012157012701e-01 -1.096980678040369694e+00 1.571714080673605851e+00
5.070001014157322627e-01 -1.087432992082773220e+00 1.579243745645864561e+00
5.080001016157632554e-01 -1.077844605566828928e+00 1.586691547678010572e+00
5.090001018157943591e-01 -1.068216331194329793e+00 1.594058042402415332e+00
5.100001020158253517e-01 -1.058548971359174251e+00 1.601343787214021486e+00
5.110001022158563444e-01 -1.048843318226287513e+00 1.608549341116456866e+00
5.120001024158874481e-01 -1.039100153810931015e+00 1.615675264578837256e+00
5.130001026159184407e-01 -1.029320250058382458e+00 1.622722119386490025e+00
5.140001028159494334e-01 -1.019504368923932036e+00 1.629690468498466105e+00
5.150001030159805371e-01 -1.009653262453181988e+00 1.636580875908554056e+00
5.160001032160115297e-01 -9.997676728626173626e-01 1.643393906509702518e+00
5.170001034160425224e-01 -9.898483326203877386e-01 1.650130125961787986e+00
5.180001036160736261e-01 -9.798959645272984353e-01 1.656790100562681500e+00
5.190001038161046187e-01 -9.699112817979749224e-01 1.663374397122532322e+00
5.200001040161356114e-01 -9.598949881421506847e-01 1.669883582841257708e+00
5.210001042161667151e-01 -9.498477778460781007e-01 1.676318225189146638e+00
5.220001044161977077e-01 -9.397703358540231422e-01 1.682678891790537756e+00
5.230001046162287004e-01 -9.296633378498053712e-01 1.688966150309785252e+00
5.240001048162598041e-01 -9.195274503383971121e-01 1.695180568336235316e+00
5.250001050162907967e-01 -9.093633307275154065e-01 1.701322713284670440e+00
5.260001052163217894e-01 -8.991716274091756667e-01 1.707393152288693372e+00
5.270001054163528931e-01 -8.889529798412215689e-01 1.713392452098030816e+00
5.280001056163838857e-01 -8.787080186287946626e-01 1.719321178979478448e+00
5.290001058164148784e-01 -8.684373656057016166e-01 1.725179898620597285e+00
5.300001060164459821e-01 -8.581416339156953121e-01 1.730969176036043056e+00
5.310001062164769747e-01 -8.478214280936210434e-01 1.736689575476523917e+00
5.320001064165079674e-01 -8.374773441464087309e-01 1.742341660340329001e+00
5.330001066165390711e-01 -8.271099696339142548e-01 1.747925993087372287e+00
5.340001068165700637e-01 -8.167198837495708297e-01 1.753443135155698718e+00
5.350001070166010564e-01 -8.063076574008333219e-01 1.758893646880449690e+00
5.360001072166321601e-01 -7.958738532894127360e-01 1.764278087415186436e+00
5.370001074166631527e-01 -7.854190259912779970e-01 1.769597014655550193e+00
5.380001076166941454e-01 -7.749437220363993850e-01 1.774850985163762385e+00
5.390001078167252491e-01 -7.644484799882615977e-01 1.780040554088275329e+00
5.400001080167562417e-01 -7.539338305230834925e-01 1.785166275108908351e+00
5.410001082167872344e-01 -7.434002965087067594e-01 1.790228700365320114e+00
5.420001084168183381e-01 -7.328483930832024873e-01 1.795228380389989997e+00
5.430001086168493307e-01 -7.222786277331608717e-01 1.800165864044875441e+00
5.440001088168803234e-01 -7.116915003716395294e-01 1.805041698460099653e+00
5.450001090169114271e-01 -7.010875034157785235e-01 1.809856428974628395e+00
5.460001092169424197e-01 -6.904671218640565655e-01 1.814610599078896547e+00
5.470001094169734124e-01 -6.798308333731770681e-01 1.819304750359359124e+00
5.480001096170045161e-01 -6.691791083345803859e-01 1.823939422444901926e+00
5.490001098170355087e-01 -6.585124099505760276e-01 1.828515152955097589e+00
5.500001100170665014e-01 -6.478311943100655279e-01 1.833032477450260878e+00
5.510001102170976051e-01 -6.371359104638667503e-01 1.837491929383261002e+00
5.520001104171285977e-01 -6.264270004996344010e-01 1.841894040053067449e+00
5.530001106171595904e-01 -6.157048996163357879e-01 1.846239338559158449e+00
5.540001108171906941e-01 -6.049700361983324504e-01 1.850528351754114675e+00
5.550001110172216867e-01 -5.942228318890069305e-01 1.854761604209734571e+00
5.560001112172526794e-01 -5.834637016639276919e-01 1.858939618174879849e+00
5.570001114172837831e-01 -5.726930539035782752e-01 1.863062913536286169e+00
5.580001116173147757e-01 -5.619112904656288210e-01 1.867132007781663550e+00
5.590001118173457684e-01 -5.511188067567365234e-01 1.871147415964275806e+00
5.600001120173768721e-01 -5.403159918038872300e-01 1.875109650668970840e+00
5.610001122174078647e-01 -5.295032283252606442e-01 1.879019221979621790e+00
5.620001124174388574e-01 -5.186808928006050312e-01 1.882876637447981283e+00
5.630001126174698500e-01 -5.078493555411438543e-01 1.886682402063854180e+00
5.640001128175009537e-01 -4.970089807589796460e-01 1.890437018226639010e+00
5.650001130175319464e-01 -4.861601266360193185e-01 1.894140985718131054e+00
5.660001132175629390e-01 -4.753031453923853289e-01 1.897794801676622400e+00
5.670001134175940427e-01 -4.644383833543392348e-01 1.901398960572234342e+00
5.680001136176250354e-01 -4.535661810217064271e-01 1.904953954182514453e+00
5.690001138176560280e-01 -4.426868731347912145e-01 1.908460271565727284e+00
5.700001140176871317e-01 -4.318007887407918077e-01 1.911918399047855655e+00
5.710001142177181244e-01 -4.209082512596810099e-01 1.915328820200082438e+00
5.720001144177491170e-01 -4.100095785495785350e-01 1.918692015819094543e+00
5.730001146177802207e-01 -3.991050829716122905e-01 1.922008463909210096e+00
5.740001148178112134e-01 -3.881950714542678482e-01 1.925278639665555458e+00
5.750001150178422060e-01 -3.772798455572039522e-01 1.928503015458262748e+00
5.760001152178733097e-01 -3.663597015345590457e-01 1.931682060817684343e+00
5.770001154179043024e-01 -3.554349303977351604e-01 1.934816242420553722e+00
5.780001156179352950e-01 -3.445058179776501750e-01 1.937906024077126421e+00
5.790001158179663987e-01 -3.335726449864722110e-01 1.940951866719240249e+00
5.800001160179975024e-01 -3.226356870788334441e-01 1.943954228389270789e+00
5.810001162180286061e-01 -3.116952149125086224e-01 1.946913564229987958e+00
5.820001164180595987e-01 -3.007514942085766085e-01 1.949830326475264330e+00
5.830001166180907024e-01 -2.898047858110494035e-01 1.952704964441172031e+00
5.840001168181218061e-01 -2.788553457459922447e-01 1.955537924516352444e+00
5.850001170181529098e-01 -2.679034252801031357e-01 1.958329650158941782e+00
5.860001172181840134e-01 -2.569492709787687956e-01 1.961080581889295793e+00
5.870001174182151171e-01 -2.459931247635972207e-01 1.963791157284344058e+00
5.880001176182462208e-01 -2.350352239694275258e-01 1.966461810973001878e+00
5.890001178182773245e-01 -2.240758014008168986e-01 1.969092974632302262e+00
5.900001180183084282e-01 -2.131150853880051099e-01 1.971685076984226237e+00
5.910001182183395319e-01 -2.021532998423576644e-01 1.974238543793212175e+00
5.920001184183706355e-01 -1.911906643112896431e-01 1.976753797864325479e+00
5.930001186184016282e-01 -1.802273940326712953e-01 1.979231259042079305e+00
5.940001188184327319e-01 -1.692636999887107696e-01 1.981671344209874341e+00
5.950001190184638356e-01 -1.582997889593325269e-01 1.984074467290051658e+00
5.960001192184949392e-01 -1.473358635750295076e-01 1.986441039244539963e+00
5.970001194185260429e-01 -1.363721223692087869e-01 1.988771468076080406e+00
5.980001196185571466e-01 -1.254087598300256401e-01 1.991066158829625010e+00
5.990001198185882503e-01 -1.144459664517124969e-01 1.993325513593182441e+00
6.000001200186193540e-01 -1.034839287853978329e-01 1.995549931503558083e+00
6.010001202186504576e-01 -9.252282948941656371e-02 1.997739808748746793e+00
6.020001204186815613e-01 -8.156284737911932703e-02 1.999895538571547338e+00
6.030001206187125540e-01 -7.060415747618319082e-02 2.002017511273892936e+00
6.040001208187436577e-01 -5.964693105741777218e-02 2.004106114221650969e+00
6.050001210187747613e-01 -4.869133570308729897e-02 2.006161731849871899e+00
6.060001212188058650e-01 -3.773753534472694404e-02 2.008184745668487814e+00
6.070001214188369687e-01 -2.678569031247432855e-02 2.010175534268435094e+00
6.080001216188680724e-01 -1.583595738191057034e-02 2.012134473328184736e+00
6.090001218188991761e-01 -4.888489820415855246e-03 2.014061935620688359e+00
6.100001220189302797e-01 6.056562566958681101e-03 2.015958291020697679e+00
6.110001222189613834e-01 1.699905339209976593e-02 2.017823906512473453e+00
6.120001224189924871e-01 2.793883963891866107e-02 2.019659146197848809e+00
6.130001226190235908e-01 3.887578161891282191e-02 2.021464371304507068e+00
6.140001228190545834e-01 4.980974292719823199e-02 2.023239940194198727e+00
6.150001230190856871e-01 6.074059039901728158e-02 2.024986208372913321e+00
6.160001232191167908e-01 7.166819406670178749e-02 2.026703528499910867e+00
6.170001234191478945e-01 8.259242711711115015e-02 2.028392250397347940e+00
6.180001236191789982e-01 9.351316584952462652e-02 2.030052721060285670e+00
6.190001238192101018e-01 1.044302896339926456e-01 2.031685284666989944e+00
6.200001240192412055e-01 1.153436808701420457e-01 2.033290282589488740e+00
6.210001242192723092e-01 1.262532249464325962e-01 2.034868053404420785e+00
6.220001244193034129e-01 1.371588101998617582e-01 2.036418932904114687e+00
6.230001246193345166e-01 1.480603278761142283e-01 2.037943254107942526e+00
6.240001248193656203e-01 1.589576720901527407e-01 2.039441347273880822e+00
6.250001250193966129e-01 1.698507397872473790e-01 2.040913539910331753e+00
6.260001252194277166e-01 1.807394307044445647e-01 2.042360156788134873e+00
6.270001254194588203e-01 1.916236473324572365e-01 2.043781519952818204e+00
6.280001256194899240e-01 2.025032948779955377e-01 2.045177948737010531e+00
6.290001258195210276e-01 2.133782812265184736e-01 2.046549759773065080e+00
6.300001260195521313e-01 2.242485169054078409e-01 2.047897267005928779e+00
6.310001262195832350e-01 2.351139150475590189e-01 2.049220781706110550e+00
6.320001264196143387e-01 2.459743913553893990e-01 2.050520612482863658e+00
6.330001266196454424e-01 2.568298640652574849e-01 2.051797065297502609e+00
6.340001268196765460e-01 2.676802539122927760e-01 2.053050443476900799e+00
6.350001270197076497e-01 2.785254840956292721e-01 2.054281047727120058e+00
6.360001272197386424e-01 2.893654802440411844e-01 2.055489176147186736e+00
6.370001274197697461e-01 3.002001703819831002e-01 2.056675124243010799e+00
6.380001276198008497e-01 3.110294848960129532e-01 2.057839184941415933e+00
6.390001278198319534e-01 3.218533565016202247e-01 2.058981648604310433e+00
6.400001280198630571e-01 3.326717202104351179e-01 2.060102803042953123e+00
6.410001282198941608e-01 3.434845132978255333e-01 2.061202933532348069e+00
6.420001284199252645e-01 3.542916752708765715e-01 2.062282322825720549e+00
6.430001286199563681e-01 3.650931478367462346e-01 2.063341251169230617e+00
6.440001288199874718e-01 3.758888748714023231e-01 2.064379996316992649e+00
6.450001290200185755e-01 3.866788023887269832e-01 2.065398833545080137e+00
6.460001292200496792e-01 3.974628785099878492e-01 2.066398035666655808e+00
6.470001294200806718e-01 4.082410534336737284e-01 2.067377873046933434e+00
6.480001296201117755e-01 4.190132794056997123e-01 2.068338613618170729e+00
6.490001298201428792e-01 4.297795106899591211e-01 2.069280522894723529e+00
6.500001300201739829e-01 4.405397035392396576e-01 2.070203863988159476e+00
6.510001302202050866e-01 4.512938161664898917e-01 2.071108897622428557e+00
6.520001304202361903e-01 4.620418087164292475e-01 2.071995882149071377e+00
6.530001306202672939e-01 4.727836432375113196e-01 2.072865073562495386e+00
6.540001308202983976e-01 4.835192836542197559e-01 2.073716725515271975e+00
6.550001310203295013e-01 4.942486957397114189e-01 2.074551089333477538e+00
6.560001312203606050e-01 5.049718470887885058e-01 2.075368414032069175e+00
6.570001314203915976e-01 5.156887070912035131e-01 2.076168946330283926e+00
6.580001316204227013e-01 5.263992469053028200e-01 2.076952930667461228e+00
6.590001318204538050e-01 5.371034394319881278e-01 2.077720609219462222e+00
6.600001320204849087e-01 5.478012592890033616e-01 2.078472221911702000e+00
6.610001322205160124e-01 5.584926827855329901e-01 2.079208006435617762e+00
6.620001324205471160e-01 5.691776878971199771e-01 2.079928198264303418e+00
6.630001326205782197e-01 5.798562542408961518e-01 2.080633030668001648e+00
6.640001328206093234e-01 5.905283630511249937e-01 2.081322734729605717e+00
6.650001330206404271e-01 6.011939971550486206e-01 2.081997539360154192e+00
6.660001332206715308e-01 6.118531409490383099e-01 2.082657671314323000e+00
6.670001334207026344e-01 6.225057803750472241e-01 2.083303355205911256e+00
6.680001336207336271e-01 6.331519028973564556e-01 2.083934813523315110e+00
6.690001338207647308e-01 6.437914974796227208e-01 2.084552266644993601e+00
6.700001340207958345e-01 6.544245545622040527e-01 2.085155932854910521e+00
6.710001342208269381e-01 6.650510660397865870e-01 2.085746028357954973e+00
6.720001344208580418e-01 6.756710252392893468e-01 2.086322767295351266e+00
6.730001346208891455e-01 6.862844268980533569e-01 2.086886361760036834e+00
6.740001348209202492e-01 6.968912671423054261e-01 2.087437021812011295e+00
6.750001350209513529e-01 7.074915434659047042e-01 2.087974955493658857e+00
6.760001352209824566e-01 7.180852547093576899e-01 2.088500368845037869e+00
6.770001354210135602e-01 7.286724010391018025e-01 2.089013465919133505e+00
6.780001356210446639e-01 7.392529839270608472e-01 2.089514448797080703e+00
6.790001358210756566e-01 7.498270061304805889e-01 2.090003517608299166e+00
6.800001360211067603e-01 7.603944716720451025e-01 2.090480870543276470e+00
6.810001362211378639e-01 7.709553858201972920e-01 2.090946703861483957e+00
6.820001364211689676e-01 7.815097550697199802e-01 2.091401211911390501e+00
6.830001366212000713e-01 7.920575871225832287e-01 2.091844587145511358e+00
6.840001368212311750e-01 8.025988908690413481e-01 2.092277020135397514e+00
6.850001370212622787e-01 8.131336763689837044e-01 2.092698699586569067e+00
6.860001372212933823e-01 8.236619548335231134e-01 2.093109812353413535e+00
6.870001374213244860e-01 8.341837386068313709e-01 2.093510543454008221e+00
6.880001376213555897e-01 8.446990411482103722e-01 2.093901076084911939e+00
6.890001378213866934e-01 8.552078770144041497e-01 2.094281591635885231e+00
6.900001380214176860e-01 8.657102618421380624e-01 2.094652269704556868e+00
6.910001382214487897e-01 8.762062123309015682e-01 2.095013288111031713e+00
6.920001384214798934e-01 8.866957462259433820e-01 2.095364822912438640e+00
6.930001386215109971e-01 8.971788823015061087e-01 2.095707048417412288e+00
6.940001388215421008e-01 9.076556403442791465e-01 2.096040137200518849e+00
6.950001390215732044e-01 9.181260411370710806e-01 2.096364260116609035e+00
6.960001392216043081e-01 9.285901064427053431e-01 2.096679586315107091e+00
6.970001394216354118e-01 9.390478589881264826e-01 2.096986283254235861e+00
6.980001396216665155e-01 9.494993224487228156e-01 2.097284516715172575e+00
6.990001398216976192e-01 9.599445214328627962e-01 2.097574450816764191e+00
7.000001400217287229e-01 9.703834814666795205e-01 2.097856248039388305e+00
7.010001402217597155e-01 9.808162289790423038e-01 2.098130069224306560e+00
7.020001404217908192e-01 9.912427912866873525e-01 2.098396073588963961e+00
7.030001406218219229e-01 1.001663196579553272e+00 2.098654418744039241e+00
7.040001408218530266e-01 1.012077473906343839e+00 2.098905260707218279e+00
7.050001410218841302e-01 1.022485653160278840e+00 2.099148753916888932e+00
7.060001412219152339e-01 1.032887765065042096e+00 2.099385051245763023e+00
7.070001414219463376e-01 1.043283841160921765e+00 2.099614304014433497e+00
7.080001416219774413e-01 1.053673913791136174e+00 2.099836662004838761e+00
7.090001418220085450e-01 1.064058016088359704e+00 2.100052273473663078e+00
7.100001420220396486e-01 1.074436181961418102e+00 2.100261285165657910e+00
7.110001422220706413e-01 1.084808446082178524e+00 2.100463842326882880e+00
7.120001424221017450e-01 1.095174843872618764e+00 2.100660088717871243e+00
7.130001426221328487e-01 1.105535411492070130e+00 2.100850166626714088e+00
7.140001428221639523e-01 1.115890185824641945e+00 2.101034216882063710e+00
7.150001430221950560e-01 1.126239204466821686e+00 2.101212378866067709e+00
7.160001432222261597e-01 1.136582505715241886e+00 2.101384790527199176e+00
7.170001434222572634e-01 1.146920128554623330e+00 2.101551588393035797e+00
7.180001436222883671e-01 1.157252112645886344e+00 2.101712907582928835e+00
7.190001438223194707e-01 1.167578498314419733e+00 2.101868881820613488e+00
7.200001440223505744e-01 1.177899326538541347e+00 2.102019643450074415e+00
7.210001442223816781e-01 1.188214638938147161e+00 2.102165323455052359e+00
7.220001444224126708e-01 1.198524477763481810e+00 2.102306051452595081e+00
7.230001446224437744e-01 1.208828885884034587e+00 2.102441955713334476e+00
7.240001448224748781e-01 1.219127906777604631e+00 2.102573163174699111e+00
7.250001450225059818e-01 1.229421584519548638e+00 2.102699799453069840e+00
7.260001452225370855e-01 1.239709963772164691e+00 2.102821988855848812e+00
7.270001454225681892e-01 1.249993089774234623e+00 2.102939854393455654e+00
7.280001456225992928e-01 1.260271008330713816e+00 2.103053517791235283e+00
7.290001458226303965e-01 1.270543765802568448e+00 2.103163099501289324e+00
7.300001460226615002e-01 1.280811409096756393e+00 2.103268718714211172e+00
7.310001462226926039e-01 1.291073985656356005e+00 2.103370493370757988e+00
7.320001464227237076e-01 1.301331543450831907e+00 2.103468540173422774e+00
7.330001466227547002e-01 1.311584130966443329e+00 2.103562974597932289e+00
7.340001468227858039e-01 1.321831797196793890e+00 2.103653910904660584e+00
7.350001470228169076e-01 1.332074591633508609e+00 2.103741462149952390e+00
7.360001472228480113e-01 1.342312564257057028e+00 2.103825740197377225e+00
7.370001474228791150e-01 1.352545765527701560e+00 2.103906855728879588e+00
7.380001476229102186e-01 1.362774246376580178e+00 2.103984918255870973e+00
7.390001478229413223e-01 1.372998058196919668e+00 2.104060036130212197e+00
7.400001480229724260e-01 1.383217252835376776e+00 2.104132316555126447e+00
7.410001482230035297e-01 1.393431882583531012e+00 2.104201865603905208e+00
7.420001484230346334e-01 1.403642000169522452e+00 2.104268788226020703e+00
7.430001486230657370e-01 1.413847658749753489e+00 2.104333188247915043e+00
7.440001488230967297e-01 1.424048911900700931e+00 2.104395168390810422e+00
7.450001490231278334e-01 1.434245813610885989e+00 2.104454830281245137e+00
7.460001492231589371e-01 1.444438418272943503e+00 2.104512274461547428e+00
7.470001494231900407e-01 1.454626780675829512e+00 2.104567600400213401e+00
7.480001496232211444e-01 1.464810955997134068e+00 2.104620906502211231e+00
7.490001498232522481e-01 1.474990999795505964e+00 2.104672290119201872e+00
7.500001500232833518e-01 1.485166968003200472e+00 2.104721847559682502e+00
7.510001502233144555e-01 1.495338916918728334e+00 2.104769674099046917e+00
7.520001504233455591e-01 1.505506903199621993e+00 2.104815863989565106e+00
7.530001506233766628e-01 1.515670983855307519e+00 2.104860510470281554e+00
7.540001508234076555e-01 1.525831216240081556e+00 2.104903705776841161e+00
7.550001510234387592e-01 1.535987658046204185e+00 2.104945541151227228e+00
7.560001512234698628e-01 1.546140367297080154e+00 2.104986106851416405e+00
7.570001514235009665e-01 1.556289402340558681e+00 2.105025492160971901e+00
7.580001516235320702e-01 1.566434821842323410e+00 2.105063785398534115e+00
7.590001518235631739e-01 1.576576684779392945e+00 2.105101073927245103e+00
7.600001520235942776e-01 1.586715050433712415e+00 2.105137444164093541e+00
7.610001522236253813e-01 1.596849978385849855e+00 2.105172981589946701e+00
7.620001524236564849e-01 1.606981528508827584e+00 2.105207770768800390e+00
7.630001526236875886e-01 1.617109760962031073e+00 2.105241895341443126e+00
7.640001528237186923e-01 1.627234736185161568e+00 2.105275438036541047e+00
7.650001530237496850e-01 1.637356514892298165e+00 2.105308480682736239e+00
7.660001532237807886e-01 1.647475158066069811e+00 2.105341104217564485e+00
7.670001534238118923e-01 1.657590726951909232e+00 2.105373388696308190e+00
7.680001536238429960e-01 1.667703283052401231e+00 2.105405413300765360e+00
7.690001538238740997e-01 1.677812888121720913e+00 2.105437256347954644e+00
7.700001540239052034e-01 1.687919604160154075e+00 2.105468995298737322e+00
7.710001542239363070e-01 1.698023493408710394e+00 2.105500706766368246e+00
7.720001544239674107e-01 1.708124618343812573e+00 2.105532466524972612e+00
7.730001546239985144e-01 1.718223041672077622e+00 2.105564349517953460e+00
7.740001548240296181e-01 1.728318826325178303e+00 2.105596429866318786e+00
7.750001550240607218e-01 1.738412035454779847e+00 2.105628780876940720e+00
7.760001552240917144e-01 1.748502732427564821e+00 2.105661475050741860e+00
7.770001554241228181e-01 1.758590980820341931e+00 2.105694584090804344e+00
7.780001556241539218e-01 1.768676844415214111e+00 2.105728178910416748e+00
7.790001558241850255e-01 1.778760387194843196e+00 2.105762329641037045e+00
7.800001560242161291e-01 1.788841673337780769e+00 2.105797105640192068e+00
7.810001562242472328e-01 1.798920767213878946e+00 2.105832575499302362e+00
7.820001564242783365e-01 1.808997733379780870e+00 2.105868807054453118e+00
7.830001566243094402e-01 1.819072636574522228e+00 2.105905867399491704e+00
7.840001568243405439e-01 1.829145541715163858e+00 2.105943822878172167e+00
7.850001570243716476e-01 1.839216513892462768e+00 2.105982739098537060e+00
7.860001572244027512e-01 1.849285618366645290e+00 2.106022680941144642e+00
7.870001574244337439e-01 1.859352920563247524e+00 2.106063712566525581e+00
7.880001576244648476e-01 1.869418486069033714e+00 2.106105897422558826e+00
7.890001578244959513e-01 1.879482380627965687e+00 2.106149298251799973e+00
7.900001580245270549e-01 1.889544670137254911e+00 2.106193977098725245e+00
7.910001582245581586e-01 1.899605420643474041e+00 2.106239995316928848e+00
7.920001584245892623e-01 1.909664698338730426e+00 2.106287413576231060e+00
7.930001586246203660e-01 1.919722569556912450e+00 2.106336291869745914e+00
7.940001588246514697e-01 1.929779100769989375e+00 2.106386689520868938e+00
7.950001590246825733e-01 1.939834358584378471e+00 2.106438665190202286e+00
7.960001592247136770e-01 1.949888409737376760e+00 2.106492276882420356e+00
7.970001594247447807e-01 1.959941321093642941e+00 2.106547581953069237e+00
7.980001596247757734e-01 1.969993159641752589e+00 2.106604637115296441e+00
7.990001598248068770e-01 1.980043992490802429e+00 2.106663498446534000e+00
8.000001600248379807e-01 1.990093886867075890e+00 2.106724221395099850e+00
8.010001602248690844e-01 2.000142910110764838e+00 2.106786860786748150e+00
8.020001604249001881e-01 2.010191129672754151e+00 2.106851470831148987e+00
8.030001606249312918e-01 2.020238613111474013e+00 2.106918105134585328e+00
8.040001608249623954e-01 2.030285428089823263e+00 2.106986816701976739e+00
8.050001610249934991e-01 2.040331642372105403e+00 2.107057657936457051e+00
8.060001612250246028e-01 2.050377323821010123e+00 2.107130680650860732e+00
8.070001614250557065e-01 2.060422540394666768e+00 2.107205936073949903e+00
8.080001616250866991e-01 2.070467360143751101e+00 2.107283474856565864e+00
8.090001618251178028e-01 2.080511851208648455e+00 2.107363347077742421e+00
8.100001620251489065e-01 2.090556081816654199e+00 2.107445602250742844e+00
8.110001622251800102e-01 2.100600120279239480e+00 2.107530289329051953e+00
8.120001624252111139e-01 2.110644034989361817e+00 2.107617456712310045e+00
8.130001626252422176e-01 2.120687894418814334e+00 2.107707152252185967e+00
8.140001628252733212e-01 2.130731767115638053e+00 2.107799423258196470e+00
8.150001630253044249e-01 2.140775721701574152e+00 2.107894316503473142e+00
8.160001632253355286e-01 2.150819826869562856e+00 2.107991878230465854e+00
8.170001634253666323e-01 2.160864151381288512e+00 2.108092154156601783e+00
8.180001636253977360e-01 2.170908764064771734e+00 2.108195189479880494e+00
8.190001638254287286e-01 2.180953733812004636e+00 2.108301028884418393e+00
8.200001640254598323e-01 2.190999129576635340e+00 2.108409716545939894e+00
8.210001642254909360e-01 2.201045020371684036e+00 2.108521296137215284e+00
8.220001644255220397e-01 2.211091475267317197e+00 2.108635810833436430e+00
8.230001646255531433e-01 2.221138563388652010e+00 2.108753303318170236e+00
8.240001648255842470e-01 2.231186353913642506e+00 2.108873815795583972e+00
8.250001650256153507e-01 2.241234916070986571e+00 2.108997389984637483e+00
8.260001652256464544e-01 2.251284319138034284e+00 2.109124067126089574e+00
8.270001654256775581e-01 2.261334632438764203e+00 2.109253887989660736e+00
8.280001656257086617e-01 2.271385925341792955e+00 2.109386892879133057e+00
8.290001658257397654e-01 2.281438267258428798e+00 2.109523121637411514e+00
8.300001660257707581e-01 2.291491727640767362e+00 2.109662613651526186e+00
8.310001662258018618e-01 2.301546375979822034e+00 2.109805407857590520e+00
8.320001664258329654e-01 2.311602281803687653e+00 2.109951542745710729e+00
8.330001666258640691e-01 2.321659514675752156e+00 2.110101056364841909e+00
8.340001668258951728e-01 2.331718144192926889e+00 2.110253986327615294e+00
8.350001670259262765e-01 2.341778239983935528e+00 2.110410369815082454e+00
8.360001672259573802e-01 2.351839871707619878e+00 2.110570243581455063e+00
8.370001674259884838e-01 2.361903109051287419e+00 2.110733643958762062e+00
8.380001676260195875e-01 2.371968021729095710e+00 2.110900606861483730e+00
8.390001678260506912e-01 2.382034679480463435e+00 2.111071167791126246e+00
8.400001680260817949e-01 2.392103152068522753e+00 2.111245361840757173e+00
8.410001682261127876e-01 2.402173509278596075e+00 2.111423223699492535e+00
8.420001684261438912e-01 2.412245820916718131e+00 2.111604787656939042e+00
8.430001686261749949e-01 2.422320156808171365e+00 2.111790087607591460e+00
8.440001688262060986e-01 2.432396586796080395e+00 2.111979157057494838e+00
8.450001690262372023e-01 2.442475180740041552e+00 2.112172029132015183e+00
8.460001692262683060e-01 2.452556008514772401e+00 2.112368736569191441e+00
8.470001694262994096e-01 2.462639140008756389e+00 2.112569311728979216e+00
8.480001696263305133e-01 2.472724645122946541e+00 2.112773786597898162e+00
8.490001698263616170e-01 2.482812593769489595e+00 2.112982192793193548e+00
8.500001700263927207e-01 2.492903055870493212e+00 2.113194561566961394e+00
8.510001702264238244e-01 2.502996101356807834e+00 2.113410923810219000e+00
8.520001704264548170e-01 2.513091800166844525e+00 2.113631310056953705e+00
8.530001706264859207e-01 2.523190222245422554e+00 2.113855750488115692e+00
8.540001708265170244e-01 2.533291437542636526e+00 2.114084274935576158e+00
8.550001710265481281e-01 2.543395516012753266e+00 2.114316912886044175e+00
8.560001712265792317e-01 2.553502527613140227e+00 2.114553693484949370e+00
8.570001714266103354e-01 2.563612542303213893e+00 2.114794645540271301e+00
8.580001716266414391e-01 2.573725630043417922e+00 2.115039797526345744e+00
8.590001718266725428e-01 2.583841860794225287e+00 2.115289177587623470e+00
8.600001720267036465e-01 2.593961304515159494e+00 2.115542813542384604e+00
8.610001722267347501e-01 2.604084031163857116e+00 2.115800732886431668e+00
8.620001724267657428e-01 2.614210110695131206e+00 2.116062962796721347e+00
8.630001726267968465e-01 2.624339613060080456e+00 2.116329530134982040e+00
8.640001728268279502e-01 2.634472608205206789e+00 2.116600461451273674e+00
8.650001730268590538e-01 2.644609166071560935e+00 2.116875782987521770e+00
8.660001732268901575e-01 2.654749356593940846e+00 2.117155520686725190e+00
8.670001734269212612e-01 2.664893249700102551e+00 2.117439700194144070e+00
8.680001736269523649e-01 2.675040915309976342e+00 2.117728346851488919e+00
8.690001738269834686e-01 2.685192423334882061e+00 2.118021485706496509e+00
8.700001740270145723e-01 2.695347843676784816e+00 2.118319141516335158e+00
8.710001742270456759e-01 2.705507246227584428e+00 2.118621338750953154e+00
8.720001744270767796e-01 2.715670700868412002e+00 2.118928101596390778e+00
8.730001746271077723e-01 2.725838277468953130e+00 2.119239453958066566e+00
8.740001748271388760e-01 2.736010045886800413e+00 2.119555419464022261e+00
8.750001750271699796e-01 2.746186075966806417e+00 2.119876021468132254e+00
8.760001752272010833e-01 2.756366437540473502e+00 2.120201283053291252e+00
8.770001754272321870e-01 2.766551200425361845e+00 2.120531227034558874e+00
8.780001756272632907e-01 2.776740434424503245e+00 2.120865875962279823e+00
8.790001758272943944e-01 2.786934209325847345e+00 2.121205252125163643e+00
8.800001760273254980e-01 2.797132594901728275e+00 2.121549377553335614e+00
8.810001762273566017e-01 2.807335660908331754e+00 2.121898274021360553e+00
8.820001764273877054e-01 2.817543477085197701e+00 2.122251963051231538e+00
8.830001766274188091e-01 2.827756113154739293e+00 2.122610465915325317e+00
8.840001768274498017e-01 2.837973638821771782e+00 2.122973803639327972e+00
8.850001770274809054e-01 2.848196123773062638e+00 2.123341997005130377e+00
8.860001772275120091e-01 2.858423637676893669e+00 2.123715066553695685e+00
8.870001774275431128e-01 2.868656250182654688e+00 2.124093032588027619e+00
8.880001776275742165e-01 2.878894030920455815e+00 2.124475915181191166e+00
8.890001778276053201e-01 2.889137049500761556e+00 2.124863734172522722e+00
8.900001780276364238e-01 2.899385375514010654e+00 2.125256509169490826e+00
8.910001782276675275e-01 2.909639078530261269e+00 2.125654259552781866e+00
8.920001784276986312e-01 2.919898228098850801e+00 2.126057004479010359e+00
8.930001786277297349e-01 2.930162893748086805e+00 2.126464762883403914e+00
8.940001788277608386e-01 2.940433144984936131e+00 2.126877553482446448e+00
8.950001790277918312e-01 2.950709051294735819e+00 2.127295394776512083e+00
8.960001792278229349e-01 2.960990682140928865e+00 2.127718305052459069e+00
8.970001794278540386e-01 2.971278106964790222e+00 2.128146302386201949e+00
8.980001796278851423e-01 2.981571395185197204e+00 2.128579404645253970e+00
8.990001798279162459e-01 2.991870616198387456e+00 2.129017629491247732e+00
9.000001800279473496e-01 3.002175839377748012e+00 2.129460994382421202e+00
9.010001802279784533e-01 3.012487134073609241e+00 2.129909516576085071e+00
9.020001804280095570e-01 3.022804569613057435e+00 2.130363213131059474e+00
9.030001806280406607e-01 3.033128215299757624e+00 2.130822100910090278e+00
9.040001808280717643e-01 3.043458140413786595e+00 2.131286196582230730e+00
9.050001810281027570e-01 3.053794414211485009e+00 2.131755516625204905e+00
9.060001812281338607e-01 3.064137105925321514e+00 2.132230077327741391e+00
9.070001814281649644e-01 3.074486284763763067e+00 2.132709894791888772e+00
9.080001816281960680e-01 3.084842019911161248e+00 2.133194984935291583e+00
9.090001818282271717e-01 3.095204380527655452e+00 2.133685363494269627e+00
9.100001820282582754e-01 3.105573435749104494e+00 2.134181046031324858e+00
9.110001822282893791e-01 3.115949254687017778e+00 2.134682047927681126e+00
9.120001824283204828e-01 3.126331906428476692e+00 2.135188384388128302e+00
9.130001826283515864e-01 3.136721460036072884e+00 2.135700070444415122e+00
9.140001828283826901e-01 3.147117984547870062e+00 2.136217120957413229e+00
9.150001830284137938e-01 3.157521548977368031e+00 2.136739550619259909e+00
9.160001832284447865e-01 3.167932222313492030e+00 2.137267373955473282e+00
9.170001834284758901e-01 3.178350073520574082e+00 2.137800605327049741e+00
9.180001836285069938e-01 3.188775171538355657e+00 2.138339258932543174e+00
9.190001838285380975e-01 3.199207585282004551e+00 2.138883348810111329e+00
9.200001840285692012e-01 3.209647383642132645e+00 2.139432888839551516e+00
9.210001842286003049e-01 3.220094635484829659e+00 2.139987892744308784e+00
9.220001844286314086e-01 3.230549409651700898e+00 2.140548374093461881e+00
9.230001846286625122e-01 3.241011774959925873e+00 2.141114346303695903e+00
9.240001848286936159e-01 3.251481800202312922e+00 2.141685822641246073e+00
9.250001850287247196e-01 3.261959554147374707e+00 2.142262816223818866e+00
9.260001852287558233e-01 3.272445105539402377e+00 2.142845340022501155e+00
9.270001854287868159e-01 3.282938523098561934e+00 2.143433406863647583e+00
9.280001856288179196e-01 3.293439875520991489e+00 2.144027029430735087e+00
9.290001858288490233e-01 3.303949231478896742e+00 2.144626220266218297e+00
9.300001860288801270e-01 3.314466659620684652e+00 2.145230991773341422e+00
9.310001862289112307e-01 3.324992228571078456e+00 2.145841356219342799e+00
9.320001864289423343e-01 3.335526006931265997e+00 2.146457325739271838e+00
9.330001866289734380e-01 3.346068063279052929e+00 2.147078912331254585e+00
9.340001868290045417e-01 3.356618466168991066e+00 2.147706127861237047e+00
9.350001870290356454e-01 3.367177284132544912e+00 2.148338984065000901e+00
9.360001872290667491e-01 3.377744585678249312e+00 2.148977492549877244e+00
9.370001874290978527e-01 3.388320439291891972e+00 2.149621664796453668e+00
9.380001876291288454e-01 3.398904913436691544e+00 2.150271512160262244e+00
9.390001878291599491e-01 3.409498076553490797e+00 2.150927045873448851e+00
9.400001880291910528e-01 3.420099997060945807e+00 2.151588277046429187e+00
9.410001882292221564e-01 3.430710743355742220e+00 2.152255216669515470e+00
9.420001884292532601e-01 3.441330383812798654e+00 2.152927875614539577e+00
9.430001886292843638e-01 3.451958986785490957e+00 2.153606264636450440e+00
9.440001888293154675e-01 3.462596620605873365e+00 2.154290394374896778e+00
9.450001890293465712e-01 3.473243353584915205e+00 2.154980275355791619e+00
9.460001892293776748e-01 3.483899254012745583e+00 2.155675917992861734e+00
9.470001894294087785e-01 3.494564390158886535e+00 2.156377332589182405e+00
9.480001896294398822e-01 3.505238830272519479e+00 2.157084529338685108e+00
9.490001898294708749e-01 3.515922642582737012e+00 2.157797518327664310e+00
9.500001900295019786e-01 3.526615895298817804e+00 2.158516309536253619e+00
9.510001902295330822e-01 3.537318656610485945e+00 2.159240912839894833e+00
9.520001904295641859e-01 3.548030994688202711e+00 2.159971338010787889e+00
9.530001906295952896e-01 3.558752977683443230e+00 2.160707594721687386e+00
9.540001908296263933e-01 3.569484673729014013e+00 2.161449692546337786e+00
9.550001910296574970e-01 3.580226150939332719e+00 2.162197640957136180e+00
9.560001912296886006e-01 3.590977477410727925e+00 2.162951449329043818e+00
9.570001914297197043e-01 3.601738721221752648e+00 2.163711126940987661e+00
9.580001916297508080e-01 3.612509950433494765e+00 2.164476682977224620e+00
9.590001918297818007e-01 3.623291233089896757e+00 2.165248126528700912e+00
9.600001920298129043e-01 3.634082637218091882e+00 2.166025466594393656e+00
9.610001922298440080e-01 3.644884230828717264e+00 2.166808712082639587e+00
9.620001924298751117e-01 3.655696081916265161e+00 2.167597871812446453e+00
9.630001926299062154e-01 3.666518258459412927e+00 2.168392954514799520e+00
9.640001928299373191e-01 3.677350828421387607e+00 2.169193968833935227e+00
9.650001930299684227e-01 3.688193859750292791e+00 2.170000923328627263e+00
9.660001932299995264e-01 3.699047420379480311e+00 2.170813826473431796e+00
9.670001934300306301e-01 3.709911578227920170e+00 2.171632686659945577e+00
9.680001936300617338e-01 3.720786401200541604e+00 2.172457512198024521e+00
9.690001938300928375e-01 3.731671957188637201e+00 2.173288311317007615e+00
9.700001940301238301e-01 3.742568314070203961e+00 2.174125092166919959e+00
9.710001942301549338e-01 3.753475539710352304e+00 2.174967862819666031e+00
9.720001944301860375e-01 3.764393701961677774e+00 2.175816631270206525e+00
9.730001946302171412e-01 3.775322868664650500e+00 2.176671405437723195e+00
9.740001948302482448e-01 3.786263107648014881e+00 2.177532193166841434e+00
9.750001950302793485e-01 3.797214486729185268e+00 2.178399002231458770e+00
9.760001952303104522e-01 3.808177073714652305e+00 2.179271840332468457e+00
9.770001954303415559e-01 3.819150936400393270e+00 2.180150715098457148e+00
9.780001956303726596e-01 3.830136142572266866e+00 2.181035634088007935e+00
9.790001958304037633e-01 3.841132760006443547e+00 2.181926604790803026e+00
9.800001960304348669e-01 3.852140856469821628e+00 2.182823634628717091e+00
9.810001962304658596e-01 3.863160499720435848e+00 2.183726730956893292e+00
9.820001964304969633e-01 3.874191757507899680e+00 2.184635901064808650e+00
9.830001966305280670e-01 3.885234697573834328e+00 2.185551152177329204e+00
9.840001968305591706e-01 3.896289387652294156e+00 2.186472491455753620e+00
9.850001970305902743e-01 3.907355895470211227e+00 2.187399925998850581e+00
9.860001972306213780e-01 3.918434288747832728e+00 2.188333462843875310e+00
9.870001974306524817e-01 3.929524635199177052e+00 2.189273108967577652e+00
9.880001976306835854e-01 3.940627002532457901e+00 2.190218871287209712e+00
9.890001978307146890e-01 3.951741458450559463e+00 2.191170756661508179e+00
9.900001980307457927e-01 3.962868070651488495e+00 2.192128771891677097e+00
9.910001982307768964e-01 3.974006906828814412e+00 2.193092923722349763e+00
9.920001984308078891e-01 3.985158034672157790e+00 2.194063218842546181e+00
9.930001986308389927e-01 3.996321521867634008e+00 2.195039663886627412e+00
9.940001988308700964e-01 4.007497436098335086e+00 2.196022265435218834e+00
9.950001990309012001e-01 4.018685845044790206e+00 2.197011030016144950e+00
9.955001991309166964e-01 4.024284756186015777e+00 2.197507725468618389e+00
9.960001992309323038e-01 4.029886816385476855e+00 2.198005964105444576e+00
9.965001993309479111e-01 4.035492034102720282e+00 2.198505746725109677e+00
9.970001994309634075e-01 4.041100417797262701e+00 2.199007074129240014e+00
9.975001995309789038e-01 4.046711975928515947e+00 2.199509947110463326e+00
9.977501995809867630e-01 4.049518948051503919e+00 2.199761963441073220e+00
9.980001996309945111e-01 4.052326716955923835e+00 2.200014366463875604e+00
9.982501996810022593e-01 4.055135283699200066e+00 2.200267156276197067e+00
9.985001997310101185e-01 4.057944649338806720e+00 2.200520332976555693e+00
9.987501997810178667e-01 4.060754814932153955e+00 2.200773896664102391e+00
9.988751998060216852e-01 4.062160198041907755e+00 2.200900823658782812e+00
9.990001998310256148e-01 4.063565781536611077e+00 2.201027847436988427e+00
9.991001798479230978e-01 4.064690167728412185e+00 2.201129515804652659e+00
9.992001598648205807e-01 4.065814682267475000e+00 2.201231246102864247e+00
9.993001398817178416e-01 4.066939325221446744e+00 2.201333038337948800e+00
9.994001198986153245e-01 4.068064096657968420e+00 2.201434892516210606e+00
9.995000999155128074e-01 4.069188996644673040e+00 2.201536808643926424e+00
9.995500899239615489e-01 4.069751494865475827e+00 2.201587789940783857e+00
9.996000799324102903e-01 4.070314025249193612e+00 2.201638786727348140e+00
9.996500699408590318e-01 4.070876587804270308e+00 2.201689799004394210e+00
9.997000599493076622e-01 4.071439182539163149e+00 2.201740826772701887e+00
9.997500499577564037e-01 4.072001809462324040e+00 2.201791870033040777e+00
9.997750449619807744e-01 4.072283134997150889e+00 2.201817397472965343e+00
9.998000399662051452e-01 4.072564468582215547e+00 2.201842928786187592e+00
9.998250349704295159e-01 4.072845810218572282e+00 2.201868463972803891e+00
9.998500299746537756e-01 4.073127159907276251e+00 2.201894003032911051e+00
9.998750249788781463e-01 4.073408517649392380e+00 2.201919545966605440e+00
9.998875224809903317e-01 4.073549199540809518e+00 2.201932318886076434e+00
9.999000199831025171e-01 4.073689883445973159e+00 2.201945092773981205e+00
9.999100179847922876e-01 4.073802432020093178e+00 2.201955312581585833e+00
9.999200159864820581e-01 4.073914981883161701e+00 2.201965533008998221e+00
9.999300139881717175e-01 4.074027533035246229e+00 2.201975754056229917e+00
9.999400119898614880e-01 4.074140085476421369e+00 2.201985975723282252e+00
9.999500099915512585e-01 4.074252639206751958e+00 2.201996198010167216e+00
9.999550089923960883e-01 4.074308916555371418e+00 2.202001309386045769e+00
9.999600079932410290e-01 4.074365194226303721e+00 2.202006420916883034e+00
9.999650069940859698e-01 4.074421472219556861e+00 2.202011532602683452e+00
9.999700059949307995e-01 4.074477750535137055e+00 2.202016644443443472e+00
9.999750049957756293e-01 4.074534029173063843e+00 2.202021756439166644e+00
9.999775044961980441e-01 4.074562168612907875e+00 2.202024312495141078e+00
9.999800039966204590e-01 4.074590308133334560e+00 2.202026868589852970e+00
9.999825034970428739e-01 4.074618447734354554e+00 2.202029424723306317e+00
9.999850029974652887e-01 4.074646587415961640e+00 2.202031980895500674e+00
9.999875024978877036e-01 4.074674727178162037e+00 2.202034537106436929e+00
9.999887522480990221e-01 4.074688797089486059e+00 2.202035815226432991e+00
9.999900019983102295e-01 4.074702867020955743e+00 2.202037093356112862e+00
9.999910017984792177e-01 4.074714122980640951e+00 2.202038115866832513e+00
9.999920015986483168e-01 4.074725378953218957e+00 2.202039138383748096e+00
9.999930013988171940e-01 4.074736634938689761e+00 2.202040160906863608e+00
9.999940011989861821e-01 4.074747890937056916e+00 2.202041183436177718e+00
9.999950009991551703e-01 4.074759146948320421e+00 2.202042205971690869e+00
9.999955008992396088e-01 4.074764774958788749e+00 2.202042717241772252e+00
9.999960007993240474e-01 4.074770402972480277e+00 2.202043228513402173e+00
9.999965006994085970e-01 4.074776030989396780e+00 2.202043739786582410e+00
9.999970005994931466e-01 4.074781659009536483e+00 2.202044251061311630e+00
9.999975004995775851e-01 4.074787287032896721e+00 2.202044762337592498e+00
9.999977504496198044e-01 4.074790101045788759e+00 2.202045017976312469e+00
9.999980003996620237e-01 4.074792915059484599e+00 2.202045273615421461e+00
9.999982503497042430e-01 4.074795729073986017e+00 2.202045529254916367e+00
9.999985002997464623e-01 4.074798543089294789e+00 2.202045784894799851e+00
9.999987502497886815e-01 4.074801357105408250e+00 2.202046040535069693e+00
9.999988752248099022e-01 4.074802764113766074e+00 2.202046168355349831e+00
9.999990001998310118e-01 4.074804171122329954e+00 2.202046296175728113e+00
9.999991001798479440e-01 4.074805296729323345e+00 2.202046398432099927e+00
9.999992001598647651e-01 4.074806422336444633e+00 2.202046500688533026e+00
9.999993001398816972e-01 4.074807547943697372e+00 2.202046602945028742e+00
9.999994001198986293e-01 4.074808673551077121e+00 2.202046705201586629e+00
9.999995000999155614e-01 4.074809799158588319e+00 2.202046807458207134e+00
9.999995500899239165e-01 4.074810361962388328e+00 2.202046858586539368e+00
9.999996000799323825e-01 4.074810924766226528e+00 2.202046909714890255e+00
9.999996500699408486e-01 4.074811487570094037e+00 2.202046960843252688e+00
9.999997000599493147e-01 4.074812050373992633e+00 2.202047011971631996e+00
9.999997500499577807e-01 4.074812613177927645e+00 2.202047063100026403e+00
9.999997750449619582e-01 4.074812894579902256e+00 2.202047088664230934e+00
9.999998000399661358e-01 4.074813175981891078e+00 2.202047114228438573e+00
9.999998250349704243e-01 4.074813457383882564e+00 2.202047139792650210e+00
9.999998500299746018e-01 4.074813738785885597e+00 2.202047165356863179e+00
9.999998750249788904e-01 4.074814020187899288e+00 2.202047190921083253e+00
9.999998875224809236e-01 4.074814160888907466e+00 2.202047203703194178e+00
9.999999000199830679e-01 4.074814301589915644e+00 2.202047216485306880e+00
9.999999143028426296e-01 4.074814462391072034e+00 2.202047231093435808e+00
9.999999285857021913e-01 4.074814623192231977e+00 2.202047245701564293e+00
9.999999428685617531e-01 4.074814783993395473e+00 2.202047260309697219e+00
9.999999571514213148e-01 4.074814944794559857e+00 2.202047274917829256e+00
9.999999714342808765e-01 4.074815105595726905e+00 2.202047289525963514e+00
9.999999857171404383e-01 4.074815266396901059e+00 2.202047304134099104e+00
1.000000000000000000e+00 4.074815427198071660e+00 2.202047318742236026e+00
