# -8 2 0.679974427216 0.00277616778326
# x xi_r xi_h
1.000000200031036027e-03 6.753051233609242976e-01 3.375441153631906221e-01
1.083333550033622073e-03 7.315217585682675105e-01 3.656230086819987068e-01
1.166666900036207903e-03 7.877242885619175627e-01 3.936899598918888188e-01
1.250000250038793949e-03 8.439116301531213171e-01 4.217440524103372446e-01
1.333333600041381080e-03 9.000827005014334636e-01 4.497843701150883722e-01
1.500000300046552956e-03 1.012371698081478533e+00 5.058200190999051493e-01
1.666667000051725916e-03 1.124582626952056463e+00 5.617895883701282678e-01
1.833333700056899093e-03 1.236706840552102671e+00 6.176857690017456548e-01
2.000000400062071186e-03 1.348735701077994342e+00 6.735012627126862883e-01
2.250000450069830193e-03 1.516581334344482723e+00 7.570572823680975505e-01
2.500000500077589199e-03 1.684163941964761380e+00 8.403908357671872054e-01
2.750000550085349073e-03 1.851454514198448864e+00 9.234774622740402616e-01
3.000000600093107213e-03 2.018424108857190369e+00 1.006292782380234563e+00
3.333334000103451832e-03 2.240501052899912082e+00 1.116249206898081159e+00
3.666667400113796885e-03 2.461887857588986872e+00 1.225622831052707973e+00
4.000000800124142372e-03 2.682516605905453488e+00 1.334356689896253334e+00
4.500000900139660386e-03 3.011890578634055959e+00 1.496134234494684634e+00
5.000001000155178399e-03 3.339180187427395641e+00 1.656155824248274566e+00
5.500001100170696412e-03 3.664160654986579946e+00 1.814234516641839656e+00
6.000001200186214426e-03 3.986609338912858735e+00 1.970185918512835643e+00
6.500001300201731572e-03 4.306305935503233151e+00 2.123828425826030930e+00
7.000001400217249585e-03 4.623032681839990055e+00 2.274983461303314414e+00
7.500001500232767598e-03 4.936574554142101334e+00 2.423475705096706623e+00
8.000001600248286479e-03 5.246719463905272995e+00 2.569133323715324657e+00
9.000001800279322506e-03 5.855985867688529467e+00 2.851276104555270585e+00
1.000000200031036027e-02 6.449201110609926957e+00 3.120115155211519831e+00
1.100000220034138936e-02 7.024793309751581560e+00 3.374423240932844070e+00
1.200000240037243059e-02 7.581255085213546074e+00 3.613048800503431579e+00
1.300000260040345967e-02 8.117148877419060327e+00 3.834921768148022991e+00
1.400000280043449917e-02 8.631111957451619077e+00 4.039058935223784452e+00
1.500000300046552999e-02 9.121861108982994182e+00 4.224568807554376804e+00
1.600000320049656949e-02 9.588196961225966319e+00 4.390655940251094513e+00
1.700000340052760031e-02 1.002900795631001429e+01 4.536624728414366814e+00
1.800000360055864154e-02 1.044327393443249541e+01 4.661882624439026124e+00
1.900000380058967930e-02 1.083006932411930201e+01 4.765942785100808265e+00
2.000000400062071013e-02 1.118856592629902380e+01 4.848426117449550432e+00
2.100000420065175136e-02 1.151803528029919121e+01 4.909062715413424094e+00
2.200000440068278912e-02 1.181785060422086175e+01 4.947692691861002245e+00
2.300000460071381994e-02 1.208748830582370104e+01 4.964266408066044356e+00
2.400000480074486117e-02 1.232652906003322002e+01 4.958844088339843026e+00
2.500000500077589893e-02 1.253465845101728071e+01 4.931594836068011745e+00
2.600000520080694016e-02 1.271166717987656725e+01 4.882795057935117811e+00
2.700000540083797099e-02 1.285745084076831013e+01 4.812826310429702659e+00
2.800000560086900875e-02 1.297200927034699447e+01 4.722172584574505727e+00
2.900000580090004998e-02 1.305544547736892014e+01 4.611417049028750270e+00
3.000000600093108080e-02 1.310796416141145038e+01 4.481238275688500750e+00
3.100000620096211856e-02 1.312986983144120678e+01 4.332405972024146124e+00
3.200000640099315979e-02 1.312156453673630807e+01 4.165776250013062842e+00
3.300000660102418715e-02 1.308354522445177537e+01 3.982286462353987755e+00
3.400000680105522838e-02 1.301640073968350819e+01 3.782949639345809523e+00
3.500000700108626961e-02 1.292080848554241612e+01 3.568848563413852037e+00
3.600000720111729696e-02 1.279753076211877172e+01 3.341129517092721546e+00
3.700000740114833819e-02 1.264741080442343168e+01 3.100995743833970142e+00
3.800000760117937249e-02 1.247136854074145695e+01 2.849700663269476575e+00
3.900000780121040678e-02 1.227039609384233465e+01 2.588540880696878599e+00
4.000000800124144801e-02 1.204555304833723106e+01 2.318849033301437768e+00
4.100000820127248924e-02 1.179796150839706748e+01 2.041986516683949038e+00
4.200000840130351659e-02 1.152880097066834608e+01 1.759336133310268169e+00
4.300000860133455782e-02 1.123930303769277828e+01 1.472294705963355543e+00
4.400000880136559905e-02 1.093074599761337673e+01 1.182265699300586448e+00
4.500000900139663335e-02 1.060444929616674870e+01 8.906518904555675853e-01
4.600000920142766764e-02 1.026176792704210783e+01 5.988481299990683349e-01
4.700000940145870887e-02 9.904086766720007873e+00 3.082342334671105966e-01
4.800000960148974316e-02 9.532814879725748369e+00 2.016804154367446075e-02
4.900000980152077745e-02 9.149379819934363667e+00 -2.640213138073738697e-01
5.000001000155181868e-02 8.755221953186790529e+00 -5.430399019727045751e-01
5.100001020158285991e-02 8.351788825905659408e+00 -8.156352121060790328e-01
5.200001040161388727e-02 7.940529603757855881e+00 -1.080602065844399107e+00
5.300001060164492850e-02 7.522889603668807545e+00 -1.336788195400994805e+00
5.400001080167596973e-02 7.100304941651913282e+00 -1.583099460036866413e+00
5.500001100170699708e-02 6.674197317927176520e+00 -1.818504678165048905e+00
5.600001120173805219e-02 6.245968959707154156e+00 -2.042040053077805783e+00
5.700001140176907954e-02 5.816997740946616702e+00 -2.252813173688522408e+00
5.800001160180010690e-02 5.388632497130052990e+00 -2.450006574785553504e+00
5.900001180183116201e-02 4.962188551850642781e+00 -2.632880844509468243e+00
6.000001200186218936e-02 4.538943470647373246e+00 -2.800777267367071222e+00
6.100001220189323059e-02 4.120133056203277633e+00 -2.953119996986298013e+00
6.200001240192425794e-02 3.706947597509609782e+00 -3.089417754288855456e+00
6.300001260195529917e-02 3.300528384158044393e+00 -3.209265049400739755e+00
6.400001280198633347e-02 2.901964495435232827e+00 -3.312342929051034446e+00
6.500001300201738164e-02 2.512289872405086832e+00 -3.398419252933828183e+00
6.600001320204841593e-02 2.132480679659717548e+00 -3.467348506379867690e+00
6.700001340207945022e-02 1.763452961884440784e+00 -3.519071158677325784e+00
6.800001360211048451e-02 1.406060598890630509e+00 -3.553612578701303981e+00
6.900001380214151880e-02 1.061093561292387299e+00 -3.571081522005448150e+00
7.000001400217256697e-02 7.292764675383663908e-01 -3.571668205805492935e+00
7.100001420220360127e-02 4.112674415812730411e-01 -3.555641990153262988e+00
7.200001440223463556e-02 1.076572690816972599e-01 -3.523348685561530580e+00
7.300001460226566985e-02 -1.810311513024931984e-01 -3.475207509096450487e+00
7.400001480229669026e-02 -4.543430662851549173e-01 -3.411707712488438737e+00
7.500001500232772456e-02 -7.118918419582779267e-01 -3.333404907128481476e+00
7.600001520235874497e-02 -9.533586605897605981e-01 -3.240917112102381203e+00
7.700001540238977926e-02 -1.178491948477652373e+00 -3.134920552390974890e+00
7.800001560242081355e-02 -1.387106544163989819e+00 -3.016145235164951810e+00
7.900001580245183397e-02 -1.579082617275567202e+00 -2.885370332752778211e+00
8.000001600248286826e-02 -1.754364349148032298e+00 -2.743419401350833731e+00
8.100001620251390255e-02 -1.912958387198672394e+00 -2.591155464756246030e+00
8.200001640254492297e-02 -2.054932085739200165e+00 -2.429475992505476523e+00
8.300001660257595726e-02 -2.180411546564298142e+00 -2.259307801733708931e+00
8.400001680260697767e-02 -2.289579473213203542e+00 -2.081601911813592665e+00
8.500001700263801196e-02 -2.382672853275277447e+00 -1.897328380315170149e+00
8.600001720266904626e-02 -2.459980483501666093e+00 -1.707471148376692671e+00
8.700001740270006667e-02 -2.521840352795387208e+00 -1.513022922798280767e+00
8.800001760273110096e-02 -2.568636898375659339e+00 -1.314980121244052613e+00
8.900001780276212138e-02 -2.600798150554327393e+00 -1.114337905981876098e+00
9.000001800279315567e-02 -2.618792781626150923e+00 -9.120853304601262979e-01
9.100001820282418996e-02 -2.623127074359801636e+00 -7.092006217546401592e-01
9.200001840285521038e-02 -2.614341825483405657e+00 -5.066466205331968675e-01
9.300001860288624467e-02 -2.593009199400682974e+00 -3.053663989798393597e-01
9.400001880291727896e-02 -2.559729547143296813e+00 -1.062790753409458833e-01
9.500001900294829937e-02 -2.515128205265245498e+00 8.972415767903896278e-02
9.600001920297933367e-02 -2.459852289027160577e+00 2.817837750934010232e-01
9.700001940301035408e-02 -2.394567493800907609e+00 4.690754185029845647e-01
9.800001960304138837e-02 -2.319954918153335210e+00 6.508131394184052398e-01
9.900001980307242266e-02 -2.236707921549943912e+00 8.262523765342297821e-01
1.000000200031034014e-01 -2.145529029052185788e+00 9.946926582471812273e-01
1.010000202031345051e-01 -2.047126894774037087e+00 1.155480023385167865e+00
1.020000204031654978e-01 -1.942213335220501325e+00 1.308009154847389777e+00
1.030000206031965043e-01 -1.831500442954134611e+00 1.451725222599320464e+00
1.040000208032275941e-01 -1.715697790332201711e+00 1.586125434068222706e+00
1.050000210032586007e-01 -1.595509732337394349e+00 1.710760291435136304e+00
1.060000212032895933e-01 -1.471632816778744246e+00 1.825234557403206281e+00
1.070000214033206970e-01 -1.344753309377459516e+00 1.929207932059617159e+00
1.080000216033517035e-01 -1.215544840489479972e+00 2.022395445114697932e+00
1.090000218033826962e-01 -1.084666179442986378e+00 2.104567569175573194e+00
1.100000220034137027e-01 -9.527591416915811573e-01 2.175550061144352121e+00
1.110000222034448064e-01 -8.204466332219373381e-01 2.235223539454531672e+00
1.120000224034757991e-01 -6.883308358903953428e-01 2.283522806978255382e+00
1.130000226035068056e-01 -5.569915365991511269e-01 2.320435929849657519e+00
1.140000228035378954e-01 -4.269846024876959856e-01 2.346003083521075006e+00
1.150000230035689019e-01 -2.988406035918855230e-01 2.360315178316131579e+00
1.160000232035998946e-01 -1.730635837149681888e-01 2.363512277615044344e+00
1.170000234036309011e-01 -5.012997957620835693e-02 2.355781822135479153e+00
1.180000236036620048e-01 6.951231234600047104e-02 2.337356674505519649e+00
1.190000238036929975e-01 1.854447224992082921e-01 2.308512999352613448e+00
1.200000240037240040e-01 2.972786502953795318e-01 2.269567993699573183e+00
1.210000242037550938e-01 4.046559638901084388e-01 2.220877483201515457e+00
1.220000244037861004e-01 5.072493606293726476e-01 2.162833399899560582e+00
1.230000246038171069e-01 6.047625915960666010e-01 2.095861157336826430e+00
1.240000248038480996e-01 6.969305541446058072e-01 2.020416938280532815e+00
1.250000250038791894e-01 7.835192567482177628e-01 1.936984911469331383e+00
1.260000252039102098e-01 8.643256608869138713e-01 1.846074392602095049e+00
1.270000254039412024e-01 9.391774050533494567e-01 1.748216964923673178e+00
1.280000256039723061e-01 1.007932416275089338e+00 1.643963574469581301e+00
1.290000258040032988e-01 1.070478414837707115e+00 1.533881614743396682e+00
1.300000260040342914e-01 1.126732318133784272e+00 1.418552014773197589e+00
1.310000262040653118e-01 1.176639549769892934e+00 1.298566344500382108e+00
1.320000264040963878e-01 1.220173260244262314e+00 1.174523950828243901e+00
1.330000266041274082e-01 1.257333465643001080e+00 1.047029136755147416e+00
1.340000268041584008e-01 1.288146110902146591e+00 9.166883956241574927e-01
1.350000270041893935e-01 1.312662064253299565e+00 7.841077118033237259e-01
1.360000272042204972e-01 1.330956049506867078e+00 6.498899383692555709e-01
1.370000274042514898e-01 1.343125522827260498e+00 5.146322615017092650e-01
1.380000276042825103e-01 1.349289500633471972e+00 3.789237609625457637e-01
1.390000278043135862e-01 1.349587345206159306e+00 2.433430747750117695e-01
1.400000280043446066e-01 1.344177514497647108e+00 1.084561756515417669e-01
1.410000282043755993e-01 1.333236282535496642e+00 -2.518573411299385861e-02
1.420000284044067029e-01 1.316956436679801890e+00 -1.570482033956068502e-01
1.430000286044376956e-01 1.295545957840013918e+00 -2.866153835431919372e-01
1.440000288044686882e-01 1.269226689585732482e+00 -4.133917458545448564e-01
1.450000290044997919e-01 1.238233001893777718e+00 -5.369036617825047042e-01
1.460000292045308123e-01 1.202810455063331396e+00 -6.567008431126173384e-01
1.470000294045618050e-01 1.163214469106478077e+00 -7.723576401398759561e-01
1.480000296045927977e-01 1.119709003682737736e+00 -8.834741966386839840e-01
1.490000298046239013e-01 1.072565253395276530e+00 -9.896774611110830122e-01
1.500000300046548940e-01 1.022060363008685746e+00 -1.090622054330480761e+00
1.510000302046858867e-01 9.684761668786662225e-01 -1.185990994245440744e+00
1.520000304047169903e-01 9.120979566057032528e-01 -1.275496279598034244e+00
1.530000306047480108e-01 8.532132806454827412e-01 -1.358879334350508561e+00
1.540000308047790034e-01 7.921107793234717365e-01 -1.435911315562796053e+00
1.550000310048101071e-01 7.290790584136721542e-01 -1.506393287901163003e+00
1.560000312048410998e-01 6.644056041522961031e-01 -1.570156268494395713e+00
1.570000314048720924e-01 5.983757422717472796e-01 -1.627061146076471232e+00
1.580000316049031128e-01 5.312716433541563310e-01 -1.676998479163428479e+00
1.590000318049341888e-01 4.633713765180831334e-01 -1.719888178111723898e+00
1.600000320049652092e-01 3.949480131745762845e-01 -1.755679076311543740e+00
1.610000322049962018e-01 3.262687823149951205e-01 -1.784348396088330624e+00
1.620000324050271945e-01 2.575942785250444067e-01 -1.805901115139308954e+00
1.630000326050582982e-01 1.891777236608507273e-01 -1.820369239443709430e+00
1.640000328050892908e-01 1.212642828668602651e-01 -1.827810989171689160e+00
1.650000330051203112e-01 5.409043536868994584e-02 -1.828309903825032778e+00
1.660000332051513872e-01 -1.211659975555713122e-02 -1.821973872968797536e+00
1.670000334051824076e-01 -7.713938284783571075e-02 -1.808934099312613064e+00
1.680000336052134002e-01 -1.407707182260017342e-01 -1.789344000716676764e+00
1.690000338052443929e-01 -2.028140644655448688e-01 -1.763378057760241591e+00
1.700000340052754966e-01 -2.630838910420391086e-01 -1.731230613457423351e+00
1.710000342053064892e-01 -3.214059821502311953e-01 -1.693114631710834095e+00
1.720000344053375096e-01 -3.776176886891522422e-01 -1.649260421181805158e+00
1.730000346053686133e-01 -4.315681295575861109e-01 -1.599914330630338499e+00
1.740000348053996060e-01 -4.831183435479445842e-01 -1.545337422204093425e+00
1.750000350054305986e-01 -5.321413932636036570e-01 -1.485804128748428488e+00
1.760000352054615913e-01 -5.785224226058621744e-01 -1.421600901077594514e+00
1.770000354054926950e-01 -6.221586694865149925e-01 -1.353024850956701108e+00
1.780000356055236876e-01 -6.629594355198537015e-01 -1.280382395317728461e+00
1.790000358055547081e-01 -7.008460145358753612e-01 -1.203987907127379797e+00
1.800000360055858117e-01 -7.357515818311829436e-01 -1.124162377870658647e+00
1.810000362056168044e-01 -7.676210461368749849e-01 -1.041232096534330465e+00
1.820000364056477971e-01 -7.964108663368932861e-01 -9.555273496700481539e-01
1.830000366056787897e-01 -8.220888350129216260e-01 -8.673811468371639410e-01
1.840000368057098934e-01 -8.446338309242383824e-01 -7.771279754557298691e-01
1.850000370057409138e-01 -8.640355425534613776e-01 -6.851025888135078290e-01
1.860000372057719065e-01 -8.802941648625981497e-01 -5.916388307102649069e-01
1.870000374058030101e-01 -8.934200714081125261e-01 -4.970684999035631657e-01
1.880000376058340028e-01 -9.034334639590160254e-01 -4.017202572376573633e-01
1.890000378058649955e-01 -9.103640017496649195e-01 -3.059185780709356983e-01
1.900000380058959881e-01 -9.142504124790704623e-01 -2.099827523138984020e-01
1.910000382059270918e-01 -9.151400871412334048e-01 -1.142259341108837895e-01
1.920000384059581122e-01 -9.130886607370939378e-01 -1.895424292007499498e-02
1.930000386059891049e-01 -9.081595808786481205e-01 7.553408252474619333e-02
1.940000388060202086e-01 -9.004236662500078037e-01 1.689494761606869233e-01
1.950000390060512012e-01 -8.899586568389417085e-01 2.610117815020417953e-01
1.960000392060821939e-01 -8.768487577965945468e-01 3.514509328017107470e-01
1.970000394061132976e-01 -8.611841787230618550e-01 4.400075800145835658e-01
1.980000396061442902e-01 -8.430606701124510050e-01 5.264336573435055566e-01
1.990000398061753106e-01 -8.225790586237196056e-01 6.104928953730166530e-01
2.000000400062063866e-01 -7.998447827733536908e-01 6.919612770047900430e-01
2.010000402062374070e-01 -7.749674305730231971e-01 7.706274376412081129e-01
2.020000404062683996e-01 -7.480602805603228100e-01 8.462930102190541204e-01
2.030000406062993923e-01 -7.192398475943154734e-01 9.187729158967544718e-01
2.040000408063304960e-01 -6.886254347096397721e-01 9.878956013707239636e-01
2.050000410063614886e-01 -6.563386922440713755e-01 1.053503223950677636e+00
2.060000412063925090e-01 -6.225031853750120359e-01 1.115451785672057827e+00
2.070000414064236127e-01 -5.872439711209497260e-01 1.173611217844149346e+00
2.080000416064546054e-01 -5.506871857841160178e-01 1.227865417604216303e+00
2.090000418064855980e-01 -5.129596437310175450e-01 1.278112238119218036e+00
2.100000420065165907e-01 -4.741884483295328301e-01 1.324263434150024787e+00
2.110000422065476944e-01 -4.345006157837201233e-01 1.366244564847618914e+00
2.120000424065786870e-01 -3.940227125307222411e-01 1.403994855688541765e+00
2.130000426066097075e-01 -3.528805067892729630e-01 1.437467021531642297e+00
2.140000428066408111e-01 -3.111986347758544103e-01 1.466627052834112321e+00
2.150000430066718038e-01 -2.691002820329429501e-01 1.491453967110238921e+00
2.160000432067027965e-01 -2.267068802441593312e-01 1.511939527751833712e+00
2.170000434067337891e-01 -1.841378198437098601e-01 1.528087932345849831e+00
2.180000436067648928e-01 -1.415101786628138736e-01 1.539915472617653380e+00
2.190000438067959132e-01 -9.893846679121931498e-02 1.547450168333044385e+00
2.200000440068269059e-01 -5.653438777208805860e-02 1.550731377115293519e+00
2.210000442068580095e-01 -1.440661619229192947e-02 1.549809382436287075e+00
2.220000444068890022e-01 2.733940832633402485e-02 1.544744961921232118e+00
2.230000446069199949e-01 6.860167078150419817e-02 1.535608938079686903e+00
2.240000448069509875e-01 1.092817541871222015e-01 1.522481713552096050e+00
2.250000450069820912e-01 1.492849968553126017e-01 1.505452792924711680e+00
2.260000452070131116e-01 1.885206337516940611e-01 1.484620293161421634e+00
2.270000454070441043e-01 2.269019221528518759e-01 1.460090444562521794e+00
2.280000456070752080e-01 2.643462518713414755e-01 1.431977084061504923e+00
2.290000458071062006e-01 3.007752403513052619e-01 1.400401142967012458e+00
2.300000460071371933e-01 3.361148129716785005e-01 1.365490130763391985e+00
2.310000462071682137e-01 3.702952689222418492e-01 1.327377616741561406e+00
2.320000464071992896e-01 4.032513330458102896e-01 1.286202711124040610e+00
2.330000466072303100e-01 4.349221940647011175e-01 1.242109547277225223e+00
2.340000468072613027e-01 4.652515296318294746e-01 1.195246766531412819e+00
2.350000470072924064e-01 4.941875186661438546e-01 1.145767007032152396e+00
2.360000472073233990e-01 5.216828414500617184e-01 1.093826398070238515e+00
2.370000474073543917e-01 5.476946679815226648e-01 1.039584061117311720e+00
2.380000476073854121e-01 5.721846350848557305e-01 9.832016187852010702e-01
2.390000478074164880e-01 5.951188127953648266e-01 9.248427128776613992e-01
2.400000480074475084e-01 6.164676605409568078e-01 8.646725325871368328e-01
2.410000482074785011e-01 6.362059736501298746e-01 8.028573538215308947e-01
2.420000484075096048e-01 6.543128207197806967e-01 7.395640905686159394e-01
2.430000486075405974e-01 6.707714723786641908e-01 6.749598591331683606e-01
2.440000488075715901e-01 6.855693219830439888e-01 6.092115560104840455e-01
2.450000490076026105e-01 6.986977987789780853e-01 5.424854500089322240e-01
2.460000492076336864e-01 7.101522740634939046e-01 4.749467893329518686e-01
2.470000494076647068e-01 7.199319608733473208e-01 4.067594241048683723e-01
2.480000496076956995e-01 7.280398077236325260e-01 3.380854447961926801e-01
2.490000498077268032e-01 7.344823869117064197e-01 2.690848369692401265e-01
2.500000500077578236e-01 7.392697778937741271e-01 1.999151526604896478e-01
2.510000502077888163e-01 7.424154462322251069e-01 1.307311986729706166e-01
2.520000504078199199e-01 7.439361186014852301e-01 6.168474198315519741e-02
2.530000506078509126e-01 7.438516543289672711e-01 -7.075767588648726285e-03
2.540000508078819053e-01 7.421849139356752056e-01 -7.540545735810395833e-02
2.550000510079130089e-01 7.389616251280390902e-01 -1.431632743746791836e-01
2.560000512079438906e-01 7.342102466790488835e-01 -2.102122106506320864e-01
2.570000514079749943e-01 7.279618306226932622e-01 -2.764195110892798679e-01
2.580000516080059869e-01 7.202498831710388849e-01 -3.416568642261244015e-01
2.590000518080369796e-01 7.111102247481526639e-01 -4.058005759407038449e-01
2.600000520080680833e-01 7.005808495196111929e-01 -4.687317263384623289e-01
2.610000522080990759e-01 6.887017847805028126e-01 -5.303363100455772416e-01
2.620000524081301241e-01 6.755149505488058370e-01 -5.905053601802896512e-01
2.630000526081611723e-01 6.610640196948821545e-01 -6.491350563150813935e-01
2.640000528081922204e-01 6.453942789214112130e-01 -7.061268167721924671e-01
2.650000530082232131e-01 6.285524908916630960e-01 -7.613873756159919015e-01
2.660000532082543168e-01 6.105867577876281649e-01 -8.148288447371890841e-01
2.670000534082853094e-01 5.915463865631356288e-01 -8.663687614463528863e-01
2.680000536083163021e-01 5.714817561407735669e-01 -9.159301220155154910e-01
2.690000538083474058e-01 5.504441867852813974e-01 -9.634414016252897950e-01
2.700000540083783984e-01 5.284858118700880292e-01 -1.008836561191273740e+00
2.710000542084093911e-01 5.056594522378573542e-01 -1.052055041560143955e+00
2.720000544084403837e-01 4.820184933403689476e-01 -1.093041745574177437e+00
2.730000546084714874e-01 4.576167653278317426e-01 -1.131747008516232889e+00
2.740000548085024801e-01 4.325084262427009718e-01 -1.168126557454616687e+00
2.750000550085334727e-01 4.067478484585002052e-01 -1.202141460013373075e+00
2.760000552085645764e-01 3.803895084898644696e-01 -1.233758063098335800e+00
2.770000554085956246e-01 3.534878802860977332e-01 -1.262947922112021448e+00
2.780000556086266172e-01 3.260973321070614883e-01 -1.289687721194396675e+00
2.790000558086576099e-01 2.982720270671310736e-01 -1.313959185019796028e+00
2.800000560086887136e-01 2.700658274203725506e-01 -1.335748982674523244e+00
2.810000562087197062e-01 2.415322026478761153e-01 -1.355048624161307114e+00
2.820000564087506989e-01 2.127241413962827343e-01 -1.371854350042746251e+00
2.830000566087816916e-01 1.836940673054009987e-01 -1.386167014744732029e+00
2.840000568088127952e-01 1.544937587519554789e-01 -1.397991964031380263e+00
2.850000570088437879e-01 1.251742725261122402e-01 -1.407338907154894514e+00
2.860000572088747806e-01 9.578587144759220795e-02 -1.414221784174800378e+00
2.870000574089058842e-01 6.637795591877353185e-02 -1.418658628932087273e+00
2.880000576089368769e-01 3.699899940323086306e-02 -1.420671428149470561e+00
2.890000578089679251e-01 7.696487809759487014e-03 -1.420285977122566656e+00
2.900000580089989732e-01 -2.148313724607416389e-02 -1.417531732452394833e+00
2.910000582090300214e-01 -5.049453133836011298e-02 -1.412441662255984554e+00
2.920000584090611251e-01 -7.929349632774441992e-02 -1.405052094279849673e+00
2.930000586090921177e-01 -1.078370257079235145e-01 -1.395402562327098250e+00
2.940000588091231104e-01 -1.360833462570001651e-01 -1.383535651394803834e+00
2.950000590091542141e-01 -1.639919560546526101e-01 -1.369496841904960904e+00
2.960000592091852067e-01 -1.915236589314301685e-01 -1.353334353398873757e+00
2.970000594092161994e-01 -2.186405954211498859e-01 -1.335098988031439893e+00
2.980000596092471921e-01 -2.453062702918859805e-01 -1.314843974226335144e+00
2.990000598092781847e-01 -2.714855767352366001e-01 -1.292624810801689117e+00
3.000000600093092884e-01 -2.971448172970391766e-01 -1.268499111874361596e+00
3.010000602093402811e-01 -3.222517216359945258e-01 -1.242526452835204909e+00
3.020000604093712737e-01 -3.467754611996240466e-01 -1.214768217671628570e+00
3.030000606094023774e-01 -3.706866609094553455e-01 -1.185287447898651481e+00
3.040000608094334256e-01 -3.939574079496199199e-01 -1.154148693344351662e+00
3.050000610094644182e-01 -4.165612577548853945e-01 -1.121417865020866156e+00
3.060000612094955219e-01 -4.384732372957134694e-01 -1.087162090296967198e+00
3.070000614095265146e-01 -4.596698457592715004e-01 -1.051449570577242199e+00
3.080000616095575072e-01 -4.801290527263560870e-01 -1.014349441677842911e+00
3.090000618095886109e-01 -4.998302939444771442e-01 -9.759316370336506008e-01
3.100000620096194925e-01 -5.187544647981024992e-01 -9.362667539583209297e-01
3.110000622096505962e-01 -5.368839115775115856e-01 -8.954259230655681190e-01
3.120000624096815889e-01 -5.542024206473071812e-01 -8.534806809893882296e-01
3.130000626097125815e-01 -5.706952056154731556e-01 -8.105028465240334823e-01
3.140000628097436852e-01 -5.863488926033827431e-01 -7.665644002906127907e-01
3.150000630097746779e-01 -6.011515037164901765e-01 -7.217373680250106505e-01
3.160000632098057260e-01 -6.150924388146052912e-01 -6.760937075698816301e-01
3.170000634098367742e-01 -6.281624556796008285e-01 -6.297051996421973996e-01
3.180000636098678224e-01 -6.403536486772036795e-01 -5.826433424367513103e-01
3.190000638098988150e-01 -6.516594260082351209e-01 -5.349792501166298342e-01
3.200000640099299187e-01 -6.620744856431663994e-01 -4.867835552295585178e-01
3.210000642099609114e-01 -6.715947900320929920e-01 -4.381263150690387076e-01
3.220000644099919040e-01 -6.802175396806684482e-01 -3.890769220220549052e-01
3.230000646100230077e-01 -6.879411456807865699e-01 -3.397040179000459514e-01
3.240000648100540004e-01 -6.947652012827186807e-01 -2.900754122587362316e-01
3.250000650100849930e-01 -7.006904525934628536e-01 -2.402580047017608689e-01
3.260000652101159857e-01 -7.057187684839408837e-01 -1.903177111550168332e-01
3.270000654101469784e-01 -7.098531097855568239e-01 -1.403193940911665605e-01
3.280000656101780820e-01 -7.130974978543868081e-01 -9.032679667694423764e-02
3.290000658102090747e-01 -7.154569825790111359e-01 -4.040248080929693258e-02
3.300000660102401229e-01 -7.169376099056778973e-01 9.392230999767946925e-03
3.310000662102712266e-01 -7.175463889521617178e-01 5.899730993557002895e-02
3.320000664103022192e-01 -7.172912587792645844e-01 1.083540714426157181e-01
3.330000666103332119e-01 -7.161810548864933068e-01 1.574052220896452747e-01
3.340000668103643156e-01 -7.142254754960816188e-01 2.060949027998382477e-01
3.350000670103953082e-01 -7.114350476870979767e-01 2.543687285119661801e-01
3.360000672104263009e-01 -7.078210934389174147e-01 3.021738243410891922e-01
3.370000674104572935e-01 -7.033956956409145311e-01 3.494588583114440206e-01
3.380000676104883972e-01 -6.981716641228242759e-01 3.961740707374172832e-01
3.390000678105193899e-01 -6.921625017577984762e-01 4.422713003315525970e-01
3.400000680105503825e-01 -6.853823706877979482e-01 4.877040071209780003e-01
3.410000682105814862e-01 -6.778460587185920483e-01 5.324272922561199550e-01
3.420000684106124789e-01 -6.695689459292827328e-01 5.763979147977722484e-01
3.430000686106435270e-01 -6.605669715389493879e-01 6.195743055707055857e-01
3.440000688106745752e-01 -6.508566010707389493e-01 6.619165781728774123e-01
3.450000690107056234e-01 -6.404547938514494332e-01 7.033865372268184313e-01
3.460000692107366160e-01 -6.293789708824746310e-01 7.439476839713078382e-01
3.470000694107677197e-01 -6.176469831157805901e-01 7.835652192816329187e-01
3.480000696107987124e-01 -6.052770801664425493e-01 8.222060442119880630e-01
3.490000698108297050e-01 -5.922878794912059819e-01 8.598387581532928037e-01
3.500000700108608087e-01 -5.786983360604970317e-01 8.964336546997755395e-01
3.510000702108916903e-01 -5.645277125492879078e-01 9.319627153176099910e-01
3.520000704109227940e-01 -5.497955500703075593e-01 9.663996009087272299e-01
3.530000706109537867e-01 -5.345216394712006824e-01 9.997196413624966915e-01
3.540000708109847793e-01 -5.187259932153637232e-01 1.031899823187423459e+00
3.550000710110158830e-01 -5.024288178644407132e-01 1.062918775315019548e+00
3.560000712110468757e-01 -4.856504871787097888e-01 1.092756753165572414e+00
3.570000714110779239e-01 -4.684115158499204679e-01 1.121395621063455694e+00
3.580000716111090275e-01 -4.507325338795291070e-01 1.148818833095227143e+00
3.590000718111400202e-01 -4.326342616136907848e-01 1.175011412494610497e+00
3.600000720111710129e-01 -4.141374854448613418e-01 1.199959929641092549e+00
3.610000722112021165e-01 -3.952630341884336151e-01 1.223652478756749984e+00
3.620000724112331092e-01 -3.760317561413846765e-01 1.246078653384471879e+00
3.630000726112641019e-01 -3.564644968286001525e-01 1.267229520729038272e+00
3.640000728112952055e-01 -3.365820774412525695e-01 1.287097594940981526e+00
3.650000730113260872e-01 -3.164052739703395734e-01 1.305676809421355555e+00
3.660000732113571908e-01 -2.959547970373372916e-01 1.322962488223754729e+00
3.670000734113881835e-01 -2.752512724228028396e-01 1.338951316627535970e+00
3.680000736114191762e-01 -2.543152222926398087e-01 1.353641310956024135e+00
3.690000738114502798e-01 -2.331670471207393514e-01 1.367031787711297630e+00
3.700000740114812725e-01 -2.118270083057468001e-01 1.379123332090873788e+00
3.710000742115123207e-01 -1.903152114787632632e-01 1.389917765955976936e+00
3.720000744115434244e-01 -1.686515904979227765e-01 1.399418115315294697e+00
3.730000746115744170e-01 -1.468558921249718818e-01 1.407628577387069368e+00
3.740000748116054097e-01 -1.249476613781630857e-01 1.414554487300248686e+00
3.750000750116365134e-01 -1.029462275550750566e-01 1.420202284493365497e+00
3.760000752116675060e-01 -8.087069091828298639e-02 1.424579478867806337e+00
3.770000754116984987e-01 -5.873991003612728801e-02 1.427694616750041501e+00
3.780000756117294913e-01 -3.657248977025932130e-02 1.429557246715373875e+00
3.790000758117605950e-01 -1.438676990109902243e-02 1.430177885321902265e+00
3.800000760117915877e-01 7.799185618231605811e-03 1.429567982807265381e+00
3.810000762118225803e-01 2.996759878941026092e-02 1.427739888794461676e+00
3.820000764118535730e-01 5.210098708815434632e-02 1.424706818044986445e+00
3.830000766118846767e-01 7.418217238594314311e-02 1.420482816307518270e+00
3.840000768119157248e-01 9.619428928530128486e-02 1.415082726301142735e+00
3.850000770119467175e-01 1.181207928801106671e-01 1.408522153871775817e+00
3.860000772119778212e-01 1.399454659526762623e-01 1.400817434358516911e+00
3.870000774120088138e-01 1.616524256195410736e-01 1.391985599204817792e+00
3.880000776120398065e-01 1.832261294383164263e-01 1.382044342847507767e+00
3.890000778120709102e-01 2.046513809879670354e-01 1.371011989914926010e+00
3.900000780121019028e-01 2.259133349351726550e-01 1.358907462763644380e+00
3.910000782121328955e-01 2.469975015995467260e-01 1.345750249378656394e+00
3.920000784121638882e-01 2.678897510306232355e-01 1.331560371670494680e+00
3.930000786121949918e-01 2.885763166096570465e-01 1.316358354190252822e+00
3.940000788122259845e-01 3.090437981893136565e-01 1.300165193279378739e+00
3.950000790122569772e-01 3.292791647843569813e-01 1.283002326682254335e+00
3.960000792122880808e-01 3.492697568265123453e-01 1.264891603639278772e+00
3.970000794123190735e-01 3.690032879967073409e-01 1.245855255478609536e+00
3.980000796123501217e-01 3.884678466478578285e-01 1.225915866723316316e+00
3.990000798123812253e-01 4.076518968313343483e-01 1.205096346729308099e+00
4.000000800124122180e-01 4.265442789402364432e-01 1.183419901867957424e+00
4.010000802124432107e-01 4.451342099825035259e-01 1.160910008266093030e+00
4.020000804124743143e-01 4.634112834968197592e-01 1.137590385114737535e+00
4.030000806125053070e-01 4.813654691241754935e-01 1.113484968553133836e+00
4.040000808125362997e-01 4.989871118478688694e-01 1.088617886147443370e+00
4.050000810125672923e-01 5.162669309146423746e-01 1.063013431964013877e+00
4.060000812125982850e-01 5.331960184494397570e-01 1.036696042240546456e+00
4.070000814126293887e-01 5.497658377761345250e-01 1.009690271667310846e+00
4.080000816126603813e-01 5.659682214564659697e-01 9.820207702808467776e-01
4.090000818126913740e-01 5.817953690592503335e-01 9.537122609737386236e-01
4.100000820127224777e-01 5.972398446717638310e-01 9.247895176231486492e-01
4.110000822127535258e-01 6.122945741649834517e-01 8.952773438398708983e-01
4.120000824127845185e-01 6.269528422242388599e-01 8.652005523387594765e-01
4.130000826128156222e-01 6.412082891565719089e-01 8.345839449306486912e-01
4.140000828128466148e-01 6.550549074859600696e-01 8.034522931350145392e-01
4.150000830128776075e-01 6.684870383473004996e-01 7.718303194119013888e-01
4.160000832129087112e-01 6.814993676898577490e-01 7.397426790090060322e-01
4.170000834129395928e-01 6.940869223006304045e-01 7.072139424219962001e-01
4.180000836129706965e-01 7.062450656580339103e-01 6.742685784783324365e-01
4.190000838130016891e-01 7.179694936259227722e-01 6.409309380137157008e-01
4.200000840130326818e-01 7.292562299976956819e-01 6.072252381544591682e-01
4.210000842130637855e-01 7.401016219001113061e-01 5.731755471970606530e-01
4.220000844130947781e-01 7.505023350661789161e-01 5.388057700788633220e-01
4.230000846131258263e-01 7.604553489862699855e-01 5.041396344335420387e-01
4.240000848131568745e-01 7.699579519463326527e-01 4.692006772248458746e-01
4.250000850131879226e-01 7.790077359618885477e-01 4.340122319515142268e-01
4.260000852132189153e-01 7.876025916162311402e-01 3.985974164159064581e-01
4.270000854132500190e-01 7.957407028110281555e-01 3.629791210485515118e-01
4.280000856132810116e-01 8.034205414372854737e-01 3.271799977805064930e-01
4.290000858133120043e-01 8.106408619744031041e-01 2.912224494549484621e-01
4.300000860133431080e-01 8.174006960247854892e-01 2.551286197679888956e-01
4.310000862133741006e-01 8.236993467913159561e-01 2.189203837358019988e-01
4.320000864134050933e-01 8.295363835047599999e-01 1.826193386706932154e-01
4.330000866134360860e-01 8.349116358078443323e-01 1.462467956599623198e-01
4.340000868134671896e-01 8.398251881025931009e-01 1.098237715388949570e-01
4.350000870134981823e-01 8.442773738672936235e-01 7.337098134740736854e-02
4.360000872135291750e-01 8.482687699492194033e-01 3.690883126039919832e-02
4.370000874135602231e-01 8.518001908390282484e-01 4.574119818066654428e-04
4.380000876135913268e-01 8.548726829325313803e-01 -3.596350740782143507e-02
4.390000878136223195e-01 8.574875187853204794e-01 -7.233448516051611821e-02
4.400000880136533121e-01 8.596461913655246700e-01 -1.086364121370834712e-01
4.410000882136844158e-01 8.613504083097656139e-01 -1.448505166607594596e-01
4.420000884137154085e-01 8.626020861871717127e-01 -1.809583689587259958e-01
4.430000886137464011e-01 8.634033447761100266e-01 -2.169418852009137866e-01
4.440000888137773938e-01 8.637565013581030016e-01 -2.527833311475344291e-01
4.450000890138084975e-01 8.636640650332264579e-01 -2.884653254185735594e-01
4.460000892138394901e-01 8.631287310610460395e-01 -3.239708423903981949e-01
4.470000894138704828e-01 8.621533752309881171e-01 -3.592832147330774495e-01
4.480000896139015865e-01 8.607410482658539586e-01 -3.943861355980823880e-01
4.490000898139325791e-01 8.588949702620232163e-01 -4.292636604667947053e-01
4.500000900139636273e-01 8.566185251696968317e-01 -4.639002086700625416e-01
4.510000902139946755e-01 8.539152553163802395e-01 -4.982805645889469837e-01
4.520000904140257236e-01 8.507888559766159098e-01 -5.323898785468852424e-01
4.530000906140567163e-01 8.472431699908379299e-01 -5.662136674032531847e-01
4.540000908140878200e-01 8.432821824360370311e-01 -5.997378148582143131e-01
4.550000910141188126e-01 8.389100153507954571e-01 -6.329485714788658512e-01
4.560000912141498053e-01 8.341309225170748798e-01 -6.658325544555799835e-01
4.570000914141809090e-01 8.289492843010224377e-01 -6.983767470954073131e-01
4.580000916142117906e-01 8.233696025548988828e-01 -7.305684980753567315e-01
4.590000918142428943e-01 8.173964955820657297e-01 -7.623955204479715420e-01
4.600000920142738869e-01 8.110346931668959147e-01 -7.938458904161077578e-01
4.610000922143048796e-01 8.042890316712949517e-01 -8.249080458860691412e-01
4.620000924143359833e-01 7.971644491994076542e-01 -8.555707848074061150e-01
4.630000926143669759e-01 7.896659808319675955e-01 -8.858232633081847274e-01
4.640000928143980241e-01 7.817987539316112455e-01 -9.156549936343973961e-01
4.650000930144290723e-01 7.735679835203785881e-01 -9.450558419020280709e-01
4.660000932144601204e-01 7.649789677305018909e-01 -9.740160256701069219e-01
4.670000934144911131e-01 7.560370833294772774e-01 -1.002526111342968207e+00
4.680000936145222168e-01 7.467477813203093895e-01 -1.030577011409736343e+00
4.690000938145532094e-01 7.371165826177260572e-01 -1.058159981528907334e+00
4.700000940145842021e-01 7.271490738010586430e-01 -1.085266617460587169e+00
4.710000942146153058e-01 7.168509029443979053e-01 -1.111888851867524952e+00
4.720000944146461874e-01 7.062277755244825705e-01 -1.138018950984301503e+00
4.730000946146772911e-01 6.952854504067680352e-01 -1.163649511154783989e+00
4.740000948147082838e-01 6.840297359100349084e-01 -1.188773455254410916e+00
4.750000950147392764e-01 6.724664859497690994e-01 -1.213384029001386422e+00
4.760000952147703801e-01 6.606015962605055192e-01 -1.237474797163439000e+00
4.770000954148013728e-01 6.484410006972366469e-01 -1.261039639666725387e+00
4.780000956148324209e-01 6.359906676159227112e-01 -1.284072747613255627e+00
4.790000958148635246e-01 6.232565963330517489e-01 -1.306568619213051674e+00
4.800000960148945173e-01 6.102448136641875909e-01 -1.328522055637083810e+00
4.810000962149255099e-01 5.969613705413030491e-01 -1.349928156796876610e+00
4.820000964149566136e-01 5.834123387087023493e-01 -1.370782317056510102e+00
4.830000966149876063e-01 5.696038074972599174e-01 -1.391080220880504204e+00
4.840000968150185989e-01 5.555418806766578843e-01 -1.410817838422683268e+00
4.850000970150495916e-01 5.412326733851902105e-01 -1.429991421077891012e+00
4.860000972150806953e-01 5.266823091367052179e-01 -1.448597496973495380e+00
4.870000974151116879e-01 5.118969169042355549e-01 -1.466632866422922232e+00
4.880000976151426806e-01 4.968826282797969007e-01 -1.484094597342973332e+00
4.890000978151737843e-01 4.816455747097774798e-01 -1.500980020639093304e+00
4.900000980152047769e-01 4.661918848053176467e-01 -1.517286725563068206e+00
4.910000982152358251e-01 4.505276817270332246e-01 -1.533012555047481573e+00
4.920000984152668178e-01 4.346590806434241783e-01 -1.548155601021060646e+00
4.930000986152979214e-01 4.185921862622321576e-01 -1.562714199708983731e+00
4.940000988153289141e-01 4.023330904340396974e-01 -1.576686926921994747e+00
4.950000990153599068e-01 3.858878698273122687e-01 -1.590072593338098361e+00
4.960000992153910104e-01 3.692625836741070255e-01 -1.602870239780122441e+00
4.970000994154220031e-01 3.524632715856608201e-01 -1.615079132486947566e+00
4.980000996154529957e-01 3.354959514369617035e-01 -1.626698758401478262e+00
4.990000998154839884e-01 3.183666173194156790e-01 -1.637728820457506673e+00
5.000001000155150921e-01 3.010812375607739289e-01 -1.648169232873530454e+00
5.010001002155460847e-01 2.836457528114081916e-01 -1.658020116460783733e+00
5.020001004155771884e-01 2.660660741960048092e-01 -1.667281793946321811e+00
5.030001006156081811e-01 2.483480815297631761e-01 -1.675954785313832129e+00
5.040001008156391737e-01 2.304976215981069665e-01 -1.684039803164830262e+00
5.050001010156702774e-01 2.125205064989915682e-01 -1.691537748102648342e+00
5.060001012157012701e-01 1.944225120468142387e-01 -1.698449704141631544e+00
5.070001014157322627e-01 1.762093762369273120e-01 -1.704776934143782841e+00
5.080001016157632554e-01 1.578867977698010239e-01 -1.710520875284981868e+00
5.090001018157943591e-01 1.394604346338061962e-01 -1.715683134552869582e+00
5.100001020158253517e-01 1.209359027456518992e-01 -1.720265484275370627e+00
5.110001022158563444e-01 1.023187746474399917e-01 -1.724269857686734353e+00
5.120001024158874481e-01 8.361457825931335741e-02 -1.727698344538293407e+00
5.130001026159184407e-01 6.482879568667425374e-02 -1.730553186737631366e+00
5.140001028159494334e-01 4.596686208097511966e-02 -1.732836774031633942e+00
5.150001030159805371e-01 2.703416455307993196e-02 -1.734551639731420014e+00
5.160001032160115297e-01 8.036041138158233829e-03 -1.735700456480485210e+00
5.170001034160425224e-01 -1.102222018892570939e-02 -1.736286032067340113e+00
5.180001036160736261e-01 -3.013538244870800006e-02 -1.736311305283871675e+00
5.190001038161046187e-01 -4.929826054373770416e-02 -1.735779341830528288e+00
5.200001040161356114e-01 -6.850572209773814203e-02 -1.734693330269424294e+00
5.210001042161667151e-01 -8.775268824828648395e-02 -1.733056578026305861e+00
5.220001044161977077e-01 -1.070341343940339612e-01 -1.730872507442302588e+00
5.230001046162287004e-01 -1.263450908974804721e-01 -1.728144651875536564e+00
5.240001048162598041e-01 -1.456806437442301760e-01 -1.724876651850134390e+00
5.250001050162907967e-01 -1.650359351597842084e-01 -1.721072251270176823e+00
5.260001052163217894e-01 -1.844061641848854793e-01 -1.716735293676088014e+00
5.270001054163528931e-01 -2.037865872102971598e-01 -1.711869718555482089e+00
5.280001056163838857e-01 -2.231725184720118604e-01 -1.706479557708747485e+00
5.290001058164148784e-01 -2.425593305078705686e-01 -1.700568931668889228e+00
5.300001060164459821e-01 -2.619424545765030032e-01 -1.694142046176023264e+00
5.310001062164769747e-01 -2.813173810395472874e-01 -1.687203188706866808e+00
5.320001064165079674e-01 -3.006796597080961808e-01 -1.679756725059522449e+00
5.330001066165390711e-01 -3.200249001542531113e-01 -1.671807095993797398e+00
5.340001068165700637e-01 -3.393487719887271492e-01 -1.663358813927241719e+00
5.350001070166010564e-01 -3.586470051053830543e-01 -1.654416459687072960e+00
5.360001072166321601e-01 -3.779153898936025713e-01 -1.644984679318065135e+00
5.370001074166631527e-01 -3.971497774193460950e-01 -1.635068180946493976e+00
5.380001076166941454e-01 -4.163460795758001654e-01 -1.624671731698764665e+00
5.390001078167252491e-01 -4.355002692043767887e-01 -1.613800154669818188e+00
5.400001080167562417e-01 -4.546083801870169361e-01 -1.602458325968823427e+00
5.410001082167872344e-01 -4.736665075106833434e-01 -1.590651171803173058e+00
5.420001084168183381e-01 -4.926708073047222358e-01 -1.578383665620590515e+00
5.430001086168493307e-01 -5.116174968519522359e-01 -1.565660825308313520e+00
5.440001088168803234e-01 -5.305028545742975776e-01 -1.552487710447656655e+00
5.450001090169114271e-01 -5.493232199937201354e-01 -1.538869419623753121e+00
5.460001092169424197e-01 -5.680749936692321977e-01 -1.524811087790210795e+00
5.470001094169734124e-01 -5.867546371107795755e-01 -1.510317883688408802e+00
5.480001096170045161e-01 -6.053586726706926546e-01 -1.495395007321104863e+00
5.490001098170355087e-01 -6.238836834134711129e-01 -1.480047687480059215e+00
5.500001100170665014e-01 -6.423263129646310521e-01 -1.464281179327276083e+00
5.510001102170976051e-01 -6.606832653392983312e-01 -1.448100762029519872e+00
5.520001104171285977e-01 -6.789513047512569788e-01 -1.431511736445692407e+00
5.530001106171595904e-01 -6.971272554031491264e-01 -1.414519422866011844e+00
5.540001108171906941e-01 -7.152080012584478563e-01 -1.397129158800674675e+00
5.550001110172216867e-01 -7.331904857959183897e-01 -1.379346296829190743e+00
5.560001112172526794e-01 -7.510717117472476279e-01 -1.361176202493003196e+00
5.570001114172837831e-01 -7.688487408183922733e-01 -1.342624252239900784e+00
5.580001116173147757e-01 -7.865186933953026704e-01 -1.323695831419118063e+00
5.590001118173457684e-01 -8.040787482346403170e-01 -1.304396332325977736e+00
5.600001120173768721e-01 -8.215261421400713582e-01 -1.284731152295588430e+00
5.610001122174078647e-01 -8.388581696247214836e-01 -1.264705691845032343e+00
5.620001124174388574e-01 -8.560721825603888613e-01 -1.244325352863477896e+00
5.630001126174698500e-01 -8.731655898140407990e-01 -1.223595536849687804e+00
5.640001128175009537e-01 -8.901358568721717823e-01 -1.202521643196317491e+00
5.650001130175319464e-01 -9.069805054535374778e-01 -1.181109067520452305e+00
5.660001132175629390e-01 -9.236971131108155930e-01 -1.159363200039750463e+00
5.670001134175940427e-01 -9.402833128216794290e-01 -1.137289423993654625e+00
5.680001136176250354e-01 -9.567367925697929376e-01 -1.114893114108487238e+00
5.690001138176560280e-01 -9.730552949162073473e-01 -1.092179635104457258e+00
5.700001140176871317e-01 -9.892366165616599538e-01 -1.069154340253259727e+00
5.710001142177181244e-01 -1.005278607900266685e+00 -1.045822569971770033e+00
5.720001144177491170e-01 -1.021179172565029436e+00 -1.022189650458829702e+00
5.730001146177802207e-01 -1.036936266965588160e+00 -9.982608923738616191e-01
5.740001148178112134e-01 -1.052547899818670363e+00 -9.740415895562095638e-01
5.750001150178422060e-01 -1.068012131671682186e+00 -9.495370177845607884e-01
5.760001152178733097e-01 -1.083327074419816460e+00 -9.247524335758545710e-01
5.770001154179043024e-01 -1.098490890817097831e+00 -8.996930730230204842e-01
5.780001156179352950e-01 -1.113501793981774179e+00 -8.743641506709106670e-01
5.790001158179663987e-01 -1.128358046896405620e+00 -8.487708584298170322e-01
5.800001160179975024e-01 -1.143057961903037656e+00 -8.229183645259267044e-01
5.810001162180286061e-01 -1.157599900193829301e+00 -7.968118124880724240e-01
5.820001164180595987e-01 -1.171982271297471456e+00 -7.704563201701795094e-01
5.830001166180907024e-01 -1.186203532561751706e+00 -7.438569788085649392e-01
5.840001168181218061e-01 -1.200262188632568838e+00 -7.170188521131954928e-01
5.850001170181529098e-01 -1.214156790929766139e+00 -6.899469753948941353e-01
5.860001172181840134e-01 -1.227885937120086979e+00 -6.626463547237068097e-01
5.870001174182151171e-01 -1.241448270587537372e+00 -6.351219661202248679e-01
5.880001176182462208e-01 -1.254842479901467467e+00 -6.073787547789823993e-01
5.890001178182773245e-01 -1.268067298282653521e+00 -5.794216343231852751e-01
5.900001180183084282e-01 -1.281121503067660372e+00 -5.512554860901609510e-01
5.910001182183395319e-01 -1.294003915171762831e+00 -5.228851584469306202e-01
5.920001184183706355e-01 -1.306713398550678473e+00 -4.943154661352945900e-01
5.930001186184016282e-01 -1.319248859661376505e+00 -4.655511896458445764e-01
5.940001188184327319e-01 -1.331609246922206724e+00 -4.365970746202979536e-01
5.950001190184638356e-01 -1.343793550172573958e+00 -4.074578312815927417e-01
5.960001192184949392e-01 -1.355800800132414219e+00 -3.781381338911298240e-01
5.970001194185260429e-01 -1.367630067861679288e+00 -3.486426202326116108e-01
5.980001196185571466e-01 -1.379280464220044911e+00 -3.189758911218383841e-01
5.990001198185882503e-01 -1.390751139327049968e+00 -2.891425099418502009e-01
6.000001200186193540e-01 -1.402041282022883362e+00 -2.591470022036518328e-01
6.010001202186504576e-01 -1.413150119330015775e+00 -2.289938551305489289e-01
6.020001204186815613e-01 -1.424076915915847286e+00 -1.986875172664509248e-01
6.030001206187125540e-01 -1.434820973556555801e+00 -1.682323981074727581e-01
6.040001208187436577e-01 -1.445381630602338374e+00 -1.376328677562390912e-01
6.050001210187747613e-01 -1.455758261444179080e+00 -1.068932565984087868e-01
6.060001212188058650e-01 -1.465950275982350837e+00 -7.601785500083552138e-02
6.070001214188369687e-01 -1.475957119096769743e+00 -4.501091303089516799e-02
6.080001216188680724e-01 -1.485778270119377131e+00 -1.387664019645140807e-02
6.090001218188991761e-01 -1.495413242308676116e+00 1.738079479403986660e-02
6.100001220189302797e-01 -1.504861582326575853e+00 4.875726425177840523e-02
6.110001222189613834e-01 -1.514122869717669850e+00 8.024868170872294371e-02
6.120001224189924871e-01 -1.523196716391073791e+00 1.118510021000137800e-01
6.130001226190235908e-01 -1.532082766104951421e+00 1.435602219281914838e-01
6.140001228190545834e-01 -1.540780693953836211e+00 1.753723794096251065e-01
6.150001230190856871e-01 -1.549290205858876446e+00 2.072835546038166998e-01
6.160001232191167908e-01 -1.557611038061097464e+00 2.392898695258028063e-01
6.170001234191478945e-01 -1.565742956617795167e+00 2.713874882422241397e-01
6.180001236191789982e-01 -1.573685756902148514e+00 3.035726169514622041e-01
6.190001238192101018e-01 -1.581439263106146242e+00 3.358415040482914393e-01
6.200001240192412055e-01 -1.589003327746922212e+00 3.681904401734730770e-01
6.210001242192723092e-01 -1.596377831176571060e+00 4.006157582487120949e-01
6.220001244193034129e-01 -1.603562681095540787e+00 4.331138334973871906e-01
6.230001246193345166e-01 -1.610557812069668415e+00 4.656810834514679143e-01
6.240001248193656203e-01 -1.617363185050930685e+00 4.983139679450082626e-01
6.250001250193966129e-01 -1.623978786901978610e+00 5.310089890946178004e-01
6.260001252194277166e-01 -1.630404629924525839e+00 5.637626912673255886e-01
6.270001254194588203e-01 -1.636640751391639226e+00 5.965716610361125882e-01
6.280001256194899240e-01 -1.642687213083998898e+00 6.294325271236353991e-01
6.290001258195210276e-01 -1.648544100830177550e+00 6.623419603343749795e-01
6.300001260195521313e-01 -1.654211524050981819e+00 6.952966734756694800e-01
6.310001262195832350e-01 -1.659689615307925914e+00 7.282934212679229580e-01
6.320001264196143387e-01 -1.664978529855849043e+00 7.613290002443614535e-01
6.330001266196454424e-01 -1.670078445199740802e+00 7.944002486406627206e-01
6.340001268196765460e-01 -1.674989560655798071e+00 8.275040462748058934e-01
6.350001270197076497e-01 -1.679712096916756048e+00 8.606373144174611634e-01
6.360001272197386424e-01 -1.684246295621516509e+00 8.937970156532384358e-01
6.370001274197697461e-01 -1.688592418929110384e+00 9.269801537331294750e-01
6.380001276198008497e-01 -1.692750749097013507e+00 9.601837734184056616e-01
6.390001278198319534e-01 -1.696721588063840658e+00 9.934049603163273012e-01
6.400001280198630571e-01 -1.700505257036446283e+00 1.026640840707930158e+00
6.410001282198941608e-01 -1.704102096081432594e+00 1.059888581368183091e+00
6.420001284199252645e-01 -1.707512463721099660e+00 1.093145389378800569e+00
6.430001286199563681e-01 -1.710736736533836844e+00 1.126408511934057888e+00
6.440001288199874718e-01 -1.713775308758974880e+00 1.159675236139955157e+00
6.450001290200185755e-01 -1.716628591906103063e+00 1.192942888806240997e+00
6.460001292200496792e-01 -1.719297014368866838e+00 1.226208836232729693e+00
6.470001294200806718e-01 -1.721781021043236271e+00 1.259470483989475698e+00
6.480001296201117755e-01 -1.724081072950266913e+00 1.292725276691188752e+00
6.490001298201428792e-01 -1.726197646863332658e+00 1.325970697766092110e+00
6.500001300201739829e-01 -1.728131234939852101e+00 1.359204269219531414e+00
6.510001302202050866e-01 -1.729882344357486224e+00 1.392423551392528269e+00
6.520001304202361903e-01 -1.731451496954815594e+00 1.425626142715511024e+00
6.530001306202672939e-01 -1.732839228876489335e+00 1.458809679457453434e+00
6.540001308202983976e-01 -1.734046090222831848e+00 1.491971835470631946e+00
6.550001310203295013e-01 -1.735072644703911093e+00 1.525110321931216317e+00
6.560001312203606050e-01 -1.735919469298041529e+00 1.558222887075894958e+00
6.570001314203915976e-01 -1.736587153914724402e+00 1.591307315934749722e+00
6.580001316204227013e-01 -1.737076301062004502e+00 1.624361430060888178e+00
6.590001318204538050e-01 -1.737387525518225617e+00 1.657383087257173315e+00
6.600001320204849087e-01 -1.737521454008176702e+00 1.690370181297135455e+00
6.610001322205160124e-01 -1.737478724883617875e+00 1.723320641645468498e+00
6.620001324205471160e-01 -1.737259987808156048e+00 1.756232433175099139e+00
6.630001326205782197e-01 -1.736865903446450421e+00 1.789103555881496277e+00
6.640001328206093234e-01 -1.736297143157736977e+00 1.821932044594507527e+00
6.650001330206404271e-01 -1.735554388693642647e+00 1.854715968687893124e+00
6.660001332206715308e-01 -1.734638331900271613e+00 1.887453431786703328e+00
6.670001334207026344e-01 -1.733549674424539777e+00 1.920142571472660320e+00
6.680001336207336271e-01 -1.732289127424731401e+00 1.952781558987712662e+00
6.690001338207647308e-01 -1.730857411285254610e+00 1.985368598935900897e+00
6.700001340207958345e-01 -1.729255255335571340e+00 2.017901928983648840e+00
6.710001342208269381e-01 -1.727483397573274626e+00 2.050379819558683980e+00
6.720001344208580418e-01 -1.725542584391284606e+00 2.082800573547667344e+00
6.730001346208891455e-01 -1.723433570309135687e+00 2.115162525992694054e+00
6.740001348209202492e-01 -1.721157117708328022e+00 2.147464043786785570e+00
6.750001350209513529e-01 -1.718713996571715308e+00 2.179703525368495320e+00
6.760001352209824566e-01 -1.716104984226897168e+00 2.211879400415764252e+00
6.770001354210135602e-01 -1.713330865093579236e+00 2.243990129539120915e+00
6.780001356210446639e-01 -1.710392430434890976e+00 2.276034203974366399e+00
6.790001358210756566e-01 -1.707290478112581500e+00 2.308010145280327663e+00
6.800001360211067603e-01 -1.704025812346095403e+00 2.339916505028571070e+00
6.810001362211378639e-01 -1.700599243475526157e+00 2.371751864487187778e+00
6.820001364211689676e-01 -1.697011587728405324e+00 2.403514834317812543e+00
6.830001366212000713e-01 -1.693263666990246108e+00 2.435204054267358309e+00
6.840001368212311750e-01 -1.689356308578839450e+00 2.466818192859829839e+00
6.850001370212622787e-01 -1.685290345022276703e+00 2.498355947088339413e+00
6.860001372212933823e-01 -1.681066613840637602e+00 2.529816042107396079e+00
6.870001374213244860e-01 -1.676685957331338184e+00 2.561197230925559065e+00
6.880001376213555897e-01 -1.672149222358091603e+00 2.592498294098553480e+00
6.890001378213866934e-01 -1.667457260143445197e+00 2.623718039422908266e+00
6.900001380214176860e-01 -1.662610926064863381e+00 2.654855301630192788e+00
6.910001382214487897e-01 -1.657611079454319736e+00 2.685908942081987494e+00
6.920001384214798934e-01 -1.652458583401363867e+00 2.716877848465540257e+00
6.930001386215109971e-01 -1.647154304559630189e+00 2.747760934490313112e+00
6.940001388215421008e-01 -1.641699112956745532e+00 2.778557139585402069e+00
6.950001390215732044e-01 -1.636093881807606287e+00 2.809265428597921499e+00
6.960001392216043081e-01 -1.630339487330991988e+00 2.839884791492413463e+00
6.970001394216354118e-01 -1.624436808569469592e+00 2.870414243051349512e+00
6.980001396216665155e-01 -1.618386727212564269e+00 2.900852822576777346e+00
6.990001398216976192e-01 -1.612190127423148933e+00 2.931199593594060460e+00
7.000001400217287229e-01 -1.605847895666982827e+00 2.961453643569954330e+00
7.010001402217597155e-01 -1.599360920545414011e+00 2.991614083597994078e+00
7.020001404217908192e-01 -1.592730092631262639e+00 3.021680048107009853e+00
7.030001406218219229e-01 -1.585956304307762688e+00 3.051650694573813549e+00
7.040001408218530266e-01 -1.579040449610539243e+00 3.081525203232974075e+00
7.050001410218841302e-01 -1.571983424072593394e+00 3.111302776788048341e+00
7.060001412219152339e-01 -1.564786124572264958e+00 3.140982640124389214e+00
7.070001414219463376e-01 -1.557449449184127976e+00 3.170564040023527763e+00
7.080001416219774413e-01 -1.549974297032795434e+00 3.200046244879181767e+00
7.090001418220085450e-01 -1.542361568149590134e+00 3.229428544414931324e+00
7.100001420220396486e-01 -1.534612163332045975e+00 3.258710249403592663e+00
7.110001422220706413e-01 -1.526726984006208543e+00 3.287890691388307474e+00
7.120001424221017450e-01 -1.518706932091695494e+00 3.316969222405441453e+00
7.130001426221328487e-01 -1.510552909869488092e+00 3.345945214709213023e+00
7.140001428221639523e-01 -1.502265819852415918e+00 3.374818060498185890e+00
7.150001430221950560e-01 -1.493846564658291243e+00 3.403587171643618348e+00
7.160001432222261597e-01 -1.485296046885677512e+00 3.432251979419651544e+00
7.170001434222572634e-01 -1.476615168992240879e+00 3.460811934235433096e+00
7.180001436222883671e-01 -1.467804833175656576e+00 3.489266505369143179e+00
7.190001438223194707e-01 -1.458865941257041055e+00 3.517615180703975053e+00
7.200001440223505744e-01 -1.449799394566851474e+00 3.545857466471748598e+00
7.210001442223816781e-01 -1.440606093833187273e+00 3.573992887005136510e+00
7.220001444224126708e-01 -1.431286939072569764e+00 3.602020984448059071e+00
7.230001446224437744e-01 -1.421842829483155768e+00 3.629941318512905024e+00
7.240001448224748781e-01 -1.412274663340269631e+00 3.657753466228224504e+00
7.250001450225059818e-01 -1.402583337894250048e+00 3.685457021686919798e+00
7.260001452225370855e-01 -1.392769749270582613e+00 3.713051595796496240e+00
7.270001454225681892e-01 -1.382834792372291011e+00 3.740536816031354128e+00
7.280001456225992928e-01 -1.372779360784552427e+00 3.767912326187245142e+00
7.290001458226303965e-01 -1.362604346681504319e+00 3.795177786137751585e+00
7.300001460226615002e-01 -1.352310640735216118e+00 3.822332871592932779e+00
7.310001462226926039e-01 -1.341899132026783681e+00 3.849377273860098203e+00
7.320001464227237076e-01 -1.331370707959527833e+00 3.876310699606632326e+00
7.330001466227547002e-01 -1.320726254174261927e+00 3.903132870625060757e+00
7.340001468227858039e-01 -1.309966654466586666e+00 3.929843523600168975e+00
7.350001470228169076e-01 -1.299092790706207978e+00 3.956442409878298871e+00
7.360001472228480113e-01 -1.288105542758218647e+00 3.982929295238808898e+00
7.370001474228791150e-01 -1.277005788406331499e+00 4.009303959667633421e+00
7.380001476229102186e-01 -1.265794403278034386e+00 4.035566197133047872e+00
7.390001478229413223e-01 -1.254472260771626990e+00 4.061715815363558413e+00
7.400001480229724260e-01 -1.243040231985120370e+00 4.087752635627927233e+00
7.410001482230035297e-01 -1.231499185646930838e+00 4.113676492532837514e+00
7.420001484230346334e-01 -1.219849988048347988e+00 4.139487233798657684e+00
7.430001486230657370e-01 -1.208093502977855893e+00 4.165184720026574361e+00
7.440001488230967297e-01 -1.196230591657221787e+00 4.190768824501215128e+00
7.450001490231278334e-01 -1.184262112679255186e+00 4.216239432981606861e+00
7.460001492231589371e-01 -1.172188921947271423e+00 4.241596443494250579e+00
7.470001494231900407e-01 -1.160011872616207418e+00 4.266839766128366129e+00
7.480001496232211444e-01 -1.147731815035381686e+00 4.291969322833288913e+00
7.490001498232522481e-01 -1.135349596692863283e+00 4.316985047217972493e+00
7.500001500232833518e-01 -1.122866062161425038e+00 4.341886884352657461e+00
7.510001502233144555e-01 -1.110282053046054207e+00 4.366674790572669274e+00
7.520001504233455591e-01 -1.097598407933001674e+00 4.391348733284273997e+00
7.530001506233766628e-01 -1.084815962340332174e+00 4.415908690772741174e+00
7.540001508234076555e-01 -1.071935548669965765e+00 4.440354652012443282e+00
7.550001510234387592e-01 -1.058957996161162152e+00 4.464686616479079717e+00
7.560001512234698628e-01 -1.045884130845460058e+00 4.488904593963968459e+00
7.570001514235009665e-01 -1.032714775503009053e+00 4.513008604390471135e+00
7.580001516235320702e-01 -1.019450749620292695e+00 4.536998677632414712e+00
7.590001518235631739e-01 -1.006092869349214602e+00 4.560874853334650147e+00
7.600001520235942776e-01 -9.926419474675193255e-01 4.584637180735588124e+00
7.610001522236253813e-01 -9.790987933405285171e-01 4.608285718493538852e+00
7.620001524236564849e-01 -9.654642128841024462e-01 4.631820534535582290e+00
7.630001526236875886e-01 -9.517390085288982560e-01 4.655241705852720457e+00
7.640001528237186923e-01 -9.379239791859592668e-01 4.678549318334843221e+00
7.650001530237496850e-01 -9.240199202135018774e-01 4.701743466610252220e+00
7.660001532237807886e-01 -9.100276233848761942e-01 4.724824253880506753e+00
7.670001534238118923e-01 -8.959478768577283647e-01 4.747791791757203228e+00
7.680001536238429960e-01 -8.817814651443044438e-01 4.770646200100725487e+00
7.690001538238740997e-01 -8.675291690829044500e-01 4.793387606861018391e+00
7.700001540239052034e-01 -8.531917658104516411e-01 4.816016147920229251e+00
7.710001542239363070e-01 -8.387700287361604667e-01 4.838531966937324569e+00
7.720001544239674107e-01 -8.242647275162858778e-01 4.860935215194642112e+00
7.730001546239985144e-01 -8.096766280299262375e-01 4.883226051446309057e+00
7.740001548240296181e-01 -7.950064923558702867e-01 4.905404641768579488e+00
7.750001550240607218e-01 -7.802550787504590746e-01 4.927471159412069035e+00
7.760001552240917144e-01 -7.654231416264536403e-01 4.949425784655815619e+00
7.770001554241228181e-01 -7.505114315328745844e-01 4.971268704663233784e+00
7.780001556241539218e-01 -7.355206951358216338e-01 4.993000113339896018e+00
7.790001558241850255e-01 -7.204516752002192437e-01 5.014620211193116184e+00
7.800001560242161291e-01 -7.053051105725022252e-01 5.036129205193385694e+00
7.810001562242472328e-01 -6.900817361642016534e-01 5.057527308637574492e+00
7.820001564242783365e-01 -6.747822829364106267e-01 5.078814741021206558e+00
7.830001566243094402e-01 -6.594074778850576024e-01 5.099991727918542495e+00
7.840001568243405439e-01 -6.439580440271078787e-01 5.121058500813900238e+00
7.850001570243716476e-01 -6.284347003876596949e-01 5.142015296988216022e+00
7.860001572244027512e-01 -6.128381619878150444e-01 5.162862359392852873e+00
7.870001574244337439e-01 -5.971691398333565104e-01 5.183599936523434870e+00
7.880001576244648476e-01 -5.814283409041992590e-01 5.204228282295399133e+00
7.890001578244959513e-01 -5.656164681446402831e-01 5.224747655921188283e+00
7.900001580245270549e-01 -5.497342204543461675e-01 5.245158321789160638e+00
7.910001582245581586e-01 -5.337822926800933621e-01 5.265460549344142649e+00
7.920001584245892623e-01 -5.177613756082327656e-01 5.285654612969617361e+00
7.930001586246203660e-01 -5.016721559578694034e-01 5.305740791871550677e+00
7.940001588246514697e-01 -4.855153163747367717e-01 5.325719369963819894e+00
7.950001590246825733e-01 -4.692915354257589100e-01 5.345590635755246289e+00
7.960001592247136770e-01 -4.530014875942750541e-01 5.365354882238210443e+00
7.970001594247447807e-01 -4.366458432759267594e-01 5.385012406778820981e+00
7.980001596247757734e-01 -4.202252687751799054e-01 5.404563511008652732e+00
7.990001598248068770e-01 -4.037404263024709783e-01 5.424008500718029424e+00
8.000001600248379807e-01 -3.871919739719814069e-01 5.443347685750774545e+00
8.010001602248690844e-01 -3.705805657999954872e-01 5.462581379900529832e+00
8.020001604249001881e-01 -3.539068517038541639e-01 5.481709900808526825e+00
8.030001606249312918e-01 -3.371714775014360566e-01 5.500733569879247220e+00
8.040001608249623954e-01 -3.203750849111844934e-01 5.519652712170077358e+00
8.050001610249934991e-01 -3.035183115527617659e-01 5.538467656275901874e+00
8.060001612250246028e-01 -2.866017909482524995e-01 5.557178734246265073e+00
8.070001614250557065e-01 -2.696261525238537460e-01 5.575786281490559659e+00
8.080001616250866991e-01 -2.525920216120790540e-01 5.594290636684524642e+00
8.090001618251178028e-01 -2.355000194544534520e-01 5.612692141678218505e+00
8.100001620251489065e-01 -2.183507632047158586e-01 5.630991141405311318e+00
8.110001622251800102e-01 -2.011448659324801824e-01 5.649187983793767742e+00
8.120001624252111139e-01 -1.838829366273718735e-01 5.667283019677872069e+00
8.130001626252422176e-01 -1.665655802036178079e-01 5.685276602711593519e+00
8.140001628252733212e-01 -1.491933975050806216e-01 5.703169089283252724e+00
8.150001630253044249e-01 -1.317669853107265032e-01 5.720960838431512485e+00
8.160001632253355286e-01 -1.142869363405162042e-01 5.738652211762646616e+00
8.170001634253666323e-01 -9.675383926170921800e-02 5.756243573369087763e+00
8.180001636253977360e-01 -7.916827869557054032e-02 5.773735289749235555e+00
8.190001638254287286e-01 -6.153083522447223147e-02 5.791127729728500206e+00
8.200001640254598323e-01 -4.384208539936822885e-02 5.808421264381604665e+00
8.210001642254909360e-01 -2.610260174766214011e-02 5.825616266956076927e+00
8.220001644255220397e-01 -8.312952781419595885e-03 5.842713112796948494e+00
8.230001646255531433e-01 9.526296994059876150e-03 5.859712179274377597e+00
8.240001648255842470e-01 2.741458707138731687e-02 5.876613845730152441e+00
8.250001650256153507e-01 4.535136093186237227e-02 5.893418493375382816e+00
8.260001652256464544e-01 6.333606603585176242e-02 5.910126505224878812e+00
8.270001654256775581e-01 8.136815381287770821e-02 5.926738266033336977e+00
8.280001656257086617e-01 9.944707965141245942e-02 5.943254162227055382e+00
8.290001658257397654e-01 1.175723028883712828e-01 5.959674581836829965e+00
8.300001660257707581e-01 1.357432867983104363e-01 5.975999914431904259e+00
8.310001662258018618e-01 1.539594985823504181e-01 5.992230551055034660e+00
8.320001664258329654e-01 1.722204093568015792e-01 6.008366884158587773e+00
8.330001666258640691e-01 1.905254941415411296e-01 6.024409307541737313e+00
8.340001668258951728e-01 2.088742318481183469e-01 6.040358216288719717e+00
8.350001670259262765e-01 2.272661052676082094e-01 6.056214006708045439e+00
8.360001672259573802e-01 2.457006010582179212e-01 6.071977076272819573e+00
8.370001674259884838e-01 2.641772097326549051e-01 6.087647823562035931e+00
8.380001676260195875e-01 2.826954256452618996e-01 6.103226648202851656e+00
8.390001678260506912e-01 3.012547469789284005e-01 6.118713950813870817e+00
8.400001680260817949e-01 3.198546757317813349e-01 6.134110132949372129e+00
8.410001682261127876e-01 3.384947177036657928e-01 6.149415597044523452e+00
8.420001684261438912e-01 3.571743824824278879e-01 6.164630746361517311e+00
8.430001686261749949e-01 3.758931834299808483e-01 6.179755984936655011e+00
8.440001688262060986e-01 3.946506376682188399e-01 6.194791717535103714e+00
8.450001690262372023e-01 4.134462660647830190e-01 6.209738349610129049e+00
8.460001692262683060e-01 4.322795932185926615e-01 6.224596287220910185e+00
8.470001694262994096e-01 4.511501474451494187e-01 6.239365936997878670e+00
8.480001696263305133e-01 4.700574607617208356e-01 6.254047706095666292e+00
8.490001698263616170e-01 4.890010688723665511e-01 6.268642002145625725e+00
8.500001700263927207e-01 5.079805111528102879e-01 6.283149233209209150e+00
8.510001702264238244e-01 5.269953306351583544e-01 6.297569807732177338e+00
8.520001704264548170e-01 5.460450739924769259e-01 6.311904134499678243e+00
8.530001706264859207e-01 5.651292915232369873e-01 6.326152622592084995e+00
8.540001708265170244e-01 5.842475371356067315e-01 6.340315681341722076e+00
8.550001710265481281e-01 6.033993683316363210e-01 6.354393720290293146e+00
8.560001712265792317e-01 6.225843461913094234e-01 6.368387149147215709e+00
8.570001714266103354e-01 6.418020353564761749e-01 6.382296377748612137e+00
8.580001716266414391e-01 6.610520040146754539e-01 6.396121816017156902e+00
8.590001718266725428e-01 6.803338238828485762e-01 6.409863873922637900e+00
8.600001720267036465e-01 6.996470701909462964e-01 6.423522961443272727e+00
8.610001722267347501e-01 7.189913216654391093e-01 6.437099488527761260e+00
8.620001724267657428e-01 7.383661605127301852e-01 6.450593865058031895e+00
8.630001726267968465e-01 7.577711724024864814e-01 6.464006500812780942e+00
8.640001728268279502e-01 7.772059464508664917e-01 6.477337805431611528e+00
8.650001730268590538e-01 7.966700752036814936e-01 6.490588188379954993e+00
8.660001732268901575e-01 8.161631546195260434e-01 6.503758058932195496e+00
8.670001734269212612e-01 8.356847840528687232e-01 6.516847826131136223e+00
8.680001736269523649e-01 8.552345662369705837e-01 6.529857898726511678e+00
8.690001738269834686e-01 8.748121072667053300e-01 6.542788685161528228e+00
8.700001740270145723e-01 8.944170165813798423e-01 6.555640593541223637e+00
8.710001742270456759e-01 9.140489069474923012e-01 6.568414031601473191e+00
8.720001744270767796e-01 9.337073944414370219e-01 6.581109406678557150e+00
8.730001746271077723e-01 9.533920984321611058e-01 6.593727125679430756e+00
8.740001748271388760e-01 9.731026415637799021e-01 6.606267595052543129e+00
8.750001750271699796e-01 9.928386497381332942e-01 6.618731220759284106e+00
8.760001752272010833e-01 1.012599752097315342e+00 6.631118408246040374e+00
8.770001754272321870e-01 1.032385581006168174e+00 6.643429562416832468e+00
8.780001756272632907e-01 1.052195772034734578e+00 6.655665087606509545e+00
8.790001758272943944e-01 1.072029963940684061e+00 6.667825387554557892e+00
8.800001760273254980e-01 1.091887798651715036e+00 6.679910865379421026e+00
8.810001762273566017e-01 1.111768921247926700e+00 6.691921923553419305e+00
8.820001764273877054e-01 1.131672979944176038e+00 6.703858963878172261e+00
8.830001766274188091e-01 1.151599626072409954e+00 6.715722387460607123e+00
8.840001768274498017e-01 1.171548514063986746e+00 6.727512594689443404e+00
8.850001770274809054e-01 1.191519301431992472e+00 6.739229985212237928e+00
8.860001772275120091e-01 1.211511648753521353e+00 6.750874957912918362e+00
8.870001774275431128e-01 1.231525219651979031e+00 6.762447910890284852e+00
8.880001776275742165e-01 1.251559680779418704e+00 6.773949241453179226e+00
8.890001778276053201e-01 1.271614701798864600e+00 6.785379346078710405e+00
8.900001780276364238e-01 1.291689955366568165e+00 6.796738620388906860e+00
8.910001782276675275e-01 1.311785117114275145e+00 6.808027459138227933e+00
8.920001784276986312e-01 1.331899865631525071e+00 6.819246256194117173e+00
8.930001786277297349e-01 1.352033882447955415e+00 6.830395404517999758e+00
8.940001788277608386e-01 1.372186852015615743e+00 6.841475296146722229e+00
8.950001790277918312e-01 1.392358461691294291e+00 6.852486322174483391e+00
8.960001792278229349e-01 1.412548401718865199e+00 6.863428872735148900e+00
8.970001794278540386e-01 1.432756365211636407e+00 6.874303336985052582e+00
8.980001796278851423e-01 1.452982048134727311e+00 6.885110103086204525e+00
8.990001798279162459e-01 1.473225149287471059e+00 6.895849558189904194e+00
9.000001800279473496e-01 1.493485370285824620e+00 6.906522088420797623e+00
9.010001802279784533e-01 1.513762415544816164e+00 6.917128078861328078e+00
9.020001804280095570e-01 1.534055992261009083e+00 6.927667913536575739e+00
9.030001806280406607e-01 1.554365810394999547e+00 6.938141975399531702e+00
9.040001808280717643e-01 1.574691582653938493e+00 6.948550646316683732e+00
9.050001810281027570e-01 1.595033024474087568e+00 6.958894307054084294e+00
9.060001812281338607e-01 1.615389854003412617e+00 6.969173337263702805e+00
9.070001814281649644e-01 1.635761792084195143e+00 6.979388115470212206e+00
9.080001816281960680e-01 1.656148562235697730e+00 6.989539019058085501e+00
9.090001818282271717e-01 1.676549890636864104e+00 6.999626424261741420e+00
9.100001820282582754e-01 1.696965506109129773e+00 7.009650706170747370e+00
9.110001822282893791e-01 1.717395140099228223e+00 7.019612238686280037e+00
9.120001824283204828e-01 1.737838526661958038e+00 7.029511394518329404e+00
9.130001826283515864e-01 1.758295402443036837e+00 7.039348545178555128e+00
9.140001828283826901e-01 1.778765506662014051e+00 7.049124060969560901e+00
9.150001830284137938e-01 1.799248581095222788e+00 7.058838310974477892e+00
9.160001832284447865e-01 1.819744370058785199e+00 7.068491663046850171e+00
9.170001834284758901e-01 1.840252620391674920e+00 7.078084483800911819e+00
9.180001836285069938e-01 1.860773081438803045e+00 7.087617138602053224e+00
9.190001838285380975e-01 1.881305505034181591e+00 7.097089991557695932e+00
9.200001840285692012e-01 1.901849645484128049e+00 7.106503405508425075e+00
9.210001842286003049e-01 1.922405259550518553e+00 7.115857742019397136e+00
9.220001844286314086e-01 1.942972106434106783e+00 7.125153361372107419e+00
9.230001846286625122e-01 1.963549947757886160e+00 7.134390622556321837e+00
9.240001848286936159e-01 1.984138547550511777e+00 7.143569883262437692e+00
9.250001850287247196e-01 2.004737672229786938e+00 7.152691499873981229e+00
9.260001852287558233e-01 2.025347090586192333e+00 7.161755827460442703e+00
9.270001854287868159e-01 2.045966573766488494e+00 7.170763219770403651e+00
9.280001856288179196e-01 2.066595895257375748e+00 7.179714029224845362e+00
9.290001858288490233e-01 2.087234830869194813e+00 7.188608606910772636e+00
9.300001860288801270e-01 2.107883158719718431e+00 7.197447302575058714e+00
9.310001862289112307e-01 2.128540659217999398e+00 7.206230464623249787e+00
9.320001864289423343e-01 2.149207115048330063e+00 7.214958440120751604e+00
9.330001866289734380e-01 2.169882311154216037e+00 7.223631574765597030e+00
9.340001868290045417e-01 2.190566034722372546e+00 7.232250212893323926e+00
9.350001870290356454e-01 2.211258075166818493e+00 7.240814697472974792e+00
9.360001872290667491e-01 2.231958224113043787e+00 7.249325370102383204e+00
9.370001874290978527e-01 2.252666275382243732e+00 7.257782571003731142e+00
9.380001876291288454e-01 2.273382024975614257e+00 7.266186639019315940e+00
9.390001878291599491e-01 2.294105271058723527e+00 7.274537911607558804e+00
9.400001880291910528e-01 2.314835813945942178e+00 7.282836724839137688e+00
9.410001882292221564e-01 2.335573456084945043e+00 7.291083413393447898e+00
9.420001884292532601e-01 2.356318002041291493e+00 7.299278310555158633e+00
9.430001886292843638e-01 2.377069258483059500e+00 7.307421748211054613e+00
9.440001888293154675e-01 2.397827034165561866e+00 7.315514056846986080e+00
9.450001890293465712e-01 2.418591139916127730e+00 7.323555565545097679e+00
9.460001892293776748e-01 2.439361388618951576e+00 7.331546601981175471e+00
9.470001894294087785e-01 2.460137595200026173e+00 7.339487492422223980e+00
9.480001896294398822e-01 2.480919576612129696e+00 7.347378561724207557e+00
9.490001898294708749e-01 2.501707151819896335e+00 7.355220133329950727e+00
9.500001900295019786e-01 2.522500141784960181e+00 7.363012529267246364e+00
9.510001902295330822e-01 2.543298369451157281e+00 7.370756070147107764e+00
9.520001904295641859e-01 2.564101659729816074e+00 7.378451075162221429e+00
9.530001906295952896e-01 2.584909839485143745e+00 7.386097862093570221e+00
9.540001908296263933e-01 2.605722737519720944e+00 7.393696747305906314e+00
9.550001910296574970e-01 2.626540184559989388e+00 7.401248045733820113e+00
9.560001912296886006e-01 2.647362013241810530e+00 7.408752070889469188e+00
9.570001914297197043e-01 2.668188058096118809e+00 7.416209134861848185e+00
9.580001916297508080e-01 2.689018155534661503e+00 7.423619548316213290e+00
9.590001918297818007e-01 2.709852143835803862e+00 7.430983620493645248e+00
9.600001920298129043e-01 2.730689863130422612e+00 7.438301659210746486e+00
9.610001922298440080e-01 2.751531155387853644e+00 7.445573970859491908e+00
9.620001924298751117e-01 2.772375864401936063e+00 7.452800860407209349e+00
9.630001926299062154e-01 2.793223835777117081e+00 7.459982631396718133e+00
9.640001928299373191e-01 2.814074916914647950e+00 7.467119585946554672e+00
9.650001930299684227e-01 2.834928956998835847e+00 7.474212024751353489e+00
9.660001932299995264e-01 2.855785806983389463e+00 7.481260247082389014e+00
9.670001934300306301e-01 2.876645319577828097e+00 7.488264550788168883e+00
9.680001936300617338e-01 2.897507349233973795e+00 7.495225232295227968e+00
9.690001938300928375e-01 2.918371752132514096e+00 7.502142586608965935e+00
9.700001940301238301e-01 2.939238386169642947e+00 7.509016907314644662e+00
9.710001942301549338e-01 2.960107110943781983e+00 7.515848486578518894e+00
9.720001944301860375e-01 2.980977787742365326e+00 7.522637615149031731e+00
9.730001946302171412e-01 3.001850279528703869e+00 7.529384582358120248e+00
9.740001948302482448e-01 3.022724450928930828e+00 7.536089676122951886e+00
9.750001950302793485e-01 3.043600168219071200e+00 7.542753182956690949e+00
9.760001952303104522e-01 3.064477299312186265e+00 7.549375387958399131e+00
9.770001954303415559e-01 3.085355713745518536e+00 7.555956574813293081e+00
9.780001956303726596e-01 3.106235282667730413e+00 7.562497025798774253e+00
9.790001958304037633e-01 3.127115878826224993e+00 7.568997021786343815e+00
9.800001960304348669e-01 3.147997376554561466e+00 7.575456842243737832e+00
9.810001962304658596e-01 3.168879651759929139e+00 7.581876765237023363e+00
9.820001964304969633e-01 3.189762581910721373e+00 7.588257067432854441e+00
9.830001966305280670e-01 3.210646046024153044e+00 7.594598024100812417e+00
9.840001968305591706e-01 3.231529924653980146e+00 7.600899909115813813e+00
9.850001970305902743e-01 3.252414099878286446e+00 7.607162994960611435e+00
9.860001972306213780e-01 3.273298455287342534e+00 7.613387552728382524e+00
9.870001974306524817e-01 3.294182875971545243e+00 7.619573852125371971e+00
9.880001976306835854e-01 3.315067248509430797e+00 7.625722161473661664e+00
9.890001978307146890e-01 3.335951460955762560e+00 7.631832747713954035e+00
9.900001980307457927e-01 3.356835402829692949e+00 7.637905876408476402e+00
9.910001982307768964e-01 3.377718965103001292e+00 7.643941811743943049e+00
9.920001984308078891e-01 3.398602040188406281e+00 7.649940816534587462e+00
9.930001986308389927e-01 3.419484521927960152e+00 7.655903152225249642e+00
9.940001988308700964e-01 3.440366305581490369e+00 7.661829078894562883e+00
9.950001990309012001e-01 3.461247287815139018e+00 7.667718855258170763e+00
9.955001991309166964e-01 3.471687446489407414e+00 7.670650267549134149e+00
9.960001992309323038e-01 3.482127366689932835e+00 7.673572738672413074e+00
9.965001993309479111e-01 3.492567035890477012e+00 7.676486300574946853e+00
9.970001994309634075e-01 3.503006441650468705e+00 7.679390985141081316e+00
9.975001995309789038e-01 3.513445571614925544e+00 7.682286824150018845e+00
9.977501995809867630e-01 3.518665029336044192e+00 7.683731436484616317e+00
9.980001996309945111e-01 3.523884413513703517e+00 7.685173849316145223e+00
9.982501996810022593e-01 3.529103722627386475e+00 7.686614066590201411e+00
9.985001997310101185e-01 3.534322955161703916e+00 7.688052092252041447e+00
9.987501997810178667e-01 3.539542109606685472e+00 7.689487930244428782e+00
9.988751998060216852e-01 3.542151657075290672e+00 7.690205030094444894e+00
9.990001998310256148e-01 3.544761184457765779e+00 7.690921584501926311e+00
9.991001798479230978e-01 3.546848374190961550e+00 7.691494321085526664e+00
9.992001598648205807e-01 3.548935550858661969e+00 7.692066709290021009e+00
9.993001398817178416e-01 3.551022714365305255e+00 7.692638749366645712e+00
9.994001198986153245e-01 3.553109864615483726e+00 7.693210441566434632e+00
9.995000999155128074e-01 3.555197001513910049e+00 7.693781786140195145e+00
9.995500899239615489e-01 3.556240564926477887e+00 7.694067328145640872e+00
9.996000799324102903e-01 3.557284124965442107e+00 7.694352783338541890e+00
9.996500699408590318e-01 3.558327681618928207e+00 7.694638151750192279e+00
9.997000599493076622e-01 3.559371234875078116e+00 7.694923433411867464e+00
9.997500499577564037e-01 3.560414784722036874e+00 7.695208628354845537e+00
9.997750449619807744e-01 3.560936558363371418e+00 7.695351193316582794e+00
9.998000399662051452e-01 3.561458331147965506e+00 7.695493736610362845e+00
9.998250349704295159e-01 3.561980103074338544e+00 7.695636258240091898e+00
9.998500299746537756e-01 3.562501874141013047e+00 7.695778758209672610e+00
9.998750249788781463e-01 3.563023644346519969e+00 7.695921236523003195e+00
9.998875224809903317e-01 3.563284529125868350e+00 7.695992467559800154e+00
9.999000199831025171e-01 3.563545413689367169e+00 7.696063693183994303e+00
9.999100179847922876e-01 3.563754121184634638e+00 7.696120669786610691e+00
9.999200159864820581e-01 3.563962828541548333e+00 7.696177642925717599e+00
9.999300139881717175e-01 3.564171535760007892e+00 7.696234612601580594e+00
9.999400119898614880e-01 3.564380242839926272e+00 7.696291578814435042e+00
9.999500099915512585e-01 3.564588949781207106e+00 7.696348541564546508e+00
9.999550089923960883e-01 3.564693303199827579e+00 7.696377021641145788e+00
9.999600079932410290e-01 3.564797656583754470e+00 7.696405500852148585e+00
9.999650069940859698e-01 3.564902009932973126e+00 7.696433979197590425e+00
9.999700059949307995e-01 3.565006363247472443e+00 7.696462456677499731e+00
9.999750049957756293e-01 3.565110716527238655e+00 7.696490933291904923e+00
9.999775044961980441e-01 3.565162893154098178e+00 7.696505171274562684e+00
9.999800039966204590e-01 3.565215069772265544e+00 7.696519409040852189e+00
9.999825034970428739e-01 3.565267246381748301e+00 7.696533646590776101e+00
9.999850029974652887e-01 3.565319422982538011e+00 7.696547883924348632e+00
9.999875024978877036e-01 3.565371599574639561e+00 7.696562121041568005e+00
9.999887522480990221e-01 3.565397687867430943e+00 7.696569239519049255e+00
9.999900019983102295e-01 3.565423776158045843e+00 7.696576357942441327e+00
9.999910017984792177e-01 3.565444646788977767e+00 7.696582052642214400e+00
9.999920015986483168e-01 3.565465517418516583e+00 7.696587747307371608e+00
9.999930013988171940e-01 3.565486388046658739e+00 7.696593441937912949e+00
9.999940011989861821e-01 3.565507258673415336e+00 7.696599136533841978e+00
9.999950009991551703e-01 3.565528129298778381e+00 7.696604831095155141e+00
9.999955008992396088e-01 3.565538564610936323e+00 7.696607678362830995e+00
9.999960007993240474e-01 3.565548999922747875e+00 7.696610525621854215e+00
9.999965006994085970e-01 3.565559435234214813e+00 7.696613372872228354e+00
9.999970005994931466e-01 3.565569870545331810e+00 7.696616220113944529e+00
9.999975004995775851e-01 3.565580305856096643e+00 7.696619067347005405e+00
9.999977504496198044e-01 3.565585523511352051e+00 7.696620490960294880e+00
9.999980003996620237e-01 3.565590741166518196e+00 7.696621914571419865e+00
9.999982503497042430e-01 3.565595958821596412e+00 7.696623338180376805e+00
9.999985002997464623e-01 3.565601176476585810e+00 7.696624761787175473e+00
9.999987502497886815e-01 3.565606394131493051e+00 7.696626185391806096e+00
9.999988752248099022e-01 3.565609002958911589e+00 7.696626897193310946e+00
9.999990001998310118e-01 3.565611611786312363e+00 7.696627608994275782e+00
9.999991001798479440e-01 3.565613698848215218e+00 7.696628178434657741e+00
9.999992001598647651e-01 3.565615785910103863e+00 7.696628747874696863e+00
9.999993001398816972e-01 3.565617872971978297e+00 7.696629317314385155e+00
9.999994001198986293e-01 3.565619960033838520e+00 7.696629886753727945e+00
9.999995000999155614e-01 3.565622047095684977e+00 7.696630456192728786e+00
9.999995500899239165e-01 3.565623090626602210e+00 7.696630740912092428e+00
9.999996000799323825e-01 3.565624134157519887e+00 7.696631025631372580e+00
9.999996500699408486e-01 3.565625177688430458e+00 7.696631310350568356e+00
9.999997000599493147e-01 3.565626221219337921e+00 7.696631595069681531e+00
9.999997500499577807e-01 3.565627264750244940e+00 7.696631879788702335e+00
9.999997750449619582e-01 3.565627786515693121e+00 7.696632022148182983e+00
9.999998000399661358e-01 3.565628308281145298e+00 7.696632164507645868e+00
9.999998250349704243e-01 3.565628830046593478e+00 7.696632306867081219e+00
9.999998500299746018e-01 3.565629351812041659e+00 7.696632449226490813e+00
9.999998750249788904e-01 3.565629873577489839e+00 7.696632591585882643e+00
9.999998875224809236e-01 3.565630134460213707e+00 7.696632662765565236e+00
9.999999000199830679e-01 3.565630395342938019e+00 7.696632733945253158e+00
9.999999143028426296e-01 3.565630693494620029e+00 7.696632815293460439e+00
9.999999285857021913e-01 3.565630991646305592e+00 7.696632896641650845e+00
9.999999428685617531e-01 3.565631289797988046e+00 7.696632977989841251e+00
9.999999571514213148e-01 3.565631587949670056e+00 7.696633059338023664e+00
9.999999714342808765e-01 3.565631886101352510e+00 7.696633140686192753e+00
9.999999857171404383e-01 3.565632184253034076e+00 7.696633222034365396e+00
1.000000000000000000e+00 3.565632482404716530e+00 7.696633303382526492e+00
