# 10 3 15.76706822 0.00150829993592
# x xi_r xi_h
1.000000200031036027e-03 3.628622577485564354e-05 1.209548102138657328e-05
1.062500212532975019e-03 4.096368800611193496e-05 1.365465497961074141e-05
1.125000225034915096e-03 4.592461806337450362e-05 1.530832205524876479e-05
1.187500237536854956e-03 5.116901335002232477e-05 1.705648184584145628e-05
1.250000250038795033e-03 5.669687111987514852e-05 1.889913392573217121e-05
1.312500262540734026e-03 6.250818847732626717e-05 2.083627784599632407e-05
1.375000275042674103e-03 6.860296237740392850e-05 2.286791313439408678e-05
1.500000300046552956e-03 8.164286687882931479e-05 2.721465580985927234e-05
1.625000325050432893e-03 9.581655727742607453e-05 3.193935770680330575e-05
1.750000350054311963e-03 1.111240038365046294e-04 3.704201420534682120e-05
1.875000375058191900e-03 1.275651744287857625e-04 4.252262031063163360e-05
2.000000400062071186e-03 1.451400345357377775e-04 4.838117065249094797e-05
2.100000420065174789e-03 1.600161543541476757e-04 5.334012695899723055e-05
2.200000440068277958e-03 1.756177919202582473e-04 5.854096086926189512e-05
2.400000480074486030e-03 2.089975355566208251e-04 6.966824837565632994e-05
2.600000520080692802e-03 2.452790862167756290e-04 8.176300541539425776e-05
2.800000560086900007e-03 2.844622490764255290e-04 9.482520182113733144e-05
3.000000600093107213e-03 3.265468137167479952e-04 1.088548050119944003e-04
3.250000650100865786e-03 3.832322699569800078e-04 1.277521712135867577e-04
3.500000700108624793e-03 4.444503364266697682e-04 1.481609819264540916e-04
3.750000750116383799e-03 5.102004992868727383e-04 1.700811575800858751e-04
4.000000800124142372e-03 5.804822066072333865e-04 1.935126126935011993e-04
4.333334200134488293e-03 6.812391935597975718e-04 2.271052732124771527e-04
4.666667600144833346e-03 7.900497022353526830e-04 2.633842567282305503e-04
5.000001000155178399e-03 9.069121081817870487e-04 3.023493116244713327e-04
5.333334400165524319e-03 1.031824666414301759e-03 3.440001676488605191e-04
5.666667800175869373e-03 1.164785511443375493e-03 3.883365359307295673e-04
6.000001200186214426e-03 1.305792657182225586e-03 4.353581087984779866e-04
6.500001300201731572e-03 1.532385548105528019e-03 5.109245078535164589e-04
7.000001400217249585e-03 1.777070227857713552e-03 5.925306986928733808e-04
7.500001500232767598e-03 2.039838465755299327e-03 6.801754064259658925e-04
8.000001600248286479e-03 2.320681419531357790e-03 7.738572616009719782e-04
8.500001700263805360e-03 2.619589634660456860e-03 8.735747995791656902e-04
9.000001800279322506e-03 2.936553044118853269e-03 9.793264613021808972e-04
9.500001900294839652e-03 3.271560967770213105e-03 1.091110592134063740e-03
1.000000200031036027e-02 3.624602111881342504e-03 1.208925443019931521e-03
1.050000210032587915e-02 3.995664568675460354e-03 1.332769169178819098e-03
1.100000220034138936e-02 4.384735815593428579e-03 1.462639831002344147e-03
1.200000240037243059e-02 5.216851512710944661e-03 1.740453725359628360e-03
1.300000260040345967e-02 6.120836704832255219e-03 2.042349697266566261e-03
1.400000280043449917e-02 7.096569015881849275e-03 2.368308787427993427e-03
1.500000300046552999e-02 8.143916168929654295e-03 2.718310501340656746e-03
1.600000320049656949e-02 9.262735960500647139e-03 3.092332804527527217e-03
1.700000340052760031e-02 1.045287623337105322e-02 3.490352119192266685e-03
1.800000360055864154e-02 1.171417484657419350e-02 3.912343315382403770e-03
1.900000380058967930e-02 1.304645964417005741e-02 4.358279710611206656e-03
2.000000400062071013e-02 1.444954842408236774e-02 4.828133065826548283e-03
2.100000420065175136e-02 1.592324890378924232e-02 5.321873575318497238e-03
2.200000440068278912e-02 1.746735868232073691e-02 5.839469858071655306e-03
2.300000460071381994e-02 1.908166520165920435e-02 6.380888956635695497e-03
2.400000480074486117e-02 2.076594570724410449e-02 6.946096328349180005e-03
2.500000500077589893e-02 2.251996720619454245e-02 7.535055838672526964e-03
2.600000520080694016e-02 2.434348642382241565e-02 8.147729753628861829e-03
2.700000540083797099e-02 2.623624975842064194e-02 8.784078732432344661e-03
2.800000560086900875e-02 2.819799323432024482e-02 9.444061819246236944e-03
2.900000580090004998e-02 3.022844245300824323e-02 1.012763643408048399e-02
3.000000600093108080e-02 3.232731254262699583e-02 1.083475836517503246e-02
3.100000620096211856e-02 3.449430810592831603e-02 1.156538175971959237e-02
3.200000640099315979e-02 3.672912316656720688e-02 1.231945911506548107e-02
3.300000660102418715e-02 3.903144111383324844e-02 1.309694126930572265e-02
3.400000680105522838e-02 4.140093464551444086e-02 1.389777739011068339e-02
3.500000700108626961e-02 4.383726570922951565e-02 1.472191496625074696e-02
3.600000720111729696e-02 4.634008544245550587e-02 1.556929979723561779e-02
3.700000740114833819e-02 4.890903411064215917e-02 1.643987598064055103e-02
3.800000760117937249e-02 5.154374104382547506e-02 1.733358590317827380e-02
3.900000780121040678e-02 5.424382457206029101e-02 1.825037022953086494e-02
4.000000800124144801e-02 5.700889195900887135e-02 1.919016788858188619e-02
4.100000820127248924e-02 5.983853933408241066e-02 2.015291606378278449e-02
4.200000840130351659e-02 6.273235162348680949e-02 2.113855018123678847e-02
4.300000860133455782e-02 6.568990247947965877e-02 2.214700389466441391e-02
4.400000880136559905e-02 6.871075420824029889e-02 2.317820907521428442e-02
4.500000900139663335e-02 7.179445769675064926e-02 2.423209579878085260e-02
4.600000920142766764e-02 7.494055233799416793e-02 2.530859233007910769e-02
4.700000940145870887e-02 7.814856595479545420e-02 2.640762511126027237e-02
4.800000960148974316e-02 8.141801472276329055e-02 2.752911874899467010e-02
4.900000980152077745e-02 8.474840309145452444e-02 2.867299599536375296e-02
5.000001000155181868e-02 8.813922370443043330e-02 2.983917773911192589e-02
5.100001020158285991e-02 9.158995731883269598e-02 3.102758299149952978e-02
5.200001040161388727e-02 9.510007272377657417e-02 3.223812887136377064e-02
5.300001060164492850e-02 9.866902665754836987e-02 3.347073058997040995e-02
5.400001080167596973e-02 1.022962637226381838e-01 3.472530142605197850e-02
5.500001100170699708e-02 1.059812162997324919e-01 3.600175271891034590e-02
5.600001120173805219e-02 1.097233044616536812e-01 3.729999385233020992e-02
5.700001140176907954e-02 1.135219358860351108e-01 3.861993223611048104e-02
5.800001160180010690e-02 1.173765057668175182e-01 3.996147328950001854e-02
5.900001180183116201e-02 1.212863967257422487e-01 4.132452043358880722e-02
6.000001200186218936e-02 1.252509787229864890e-01 4.270897506623066303e-02
6.100001220189323059e-02 1.292696089660503589e-01 4.411473654390576232e-02
6.200001240192425794e-02 1.333416318179781179e-01 4.554170216613352695e-02
6.300001260195529917e-02 1.374663787050363628e-01 4.698976715789250636e-02
6.400001280198633347e-02 1.416431680240213820e-01 4.845882465525770677e-02
6.500001300201738164e-02 1.458713050489693075e-01 4.994876568474487799e-02
6.600001320204841593e-02 1.501500818369786161e-01 5.145947914458955802e-02
6.700001340207945022e-02 1.544787771335319748e-01 5.299085178723816209e-02
6.800001360211048451e-02 1.588566562774159086e-01 5.454276820083436145e-02
6.900001380214151880e-02 1.632829711051684007e-01 5.611511078995050361e-02
7.000001400217256697e-02 1.677569598551428010e-01 5.770775975703289901e-02
7.100001420220360127e-02 1.722778470712887644e-01 5.932059308342729764e-02
7.200001440223463556e-02 1.768448435066681812e-01 6.095348650993456796e-02
7.300001460226566985e-02 1.814571460267429825e-01 6.260631351733175753e-02
7.400001480229669026e-02 1.861139375125364093e-01 6.427894530705943743e-02
7.500001500232772456e-02 1.908143867637050461e-01 6.597125078119918384e-02
7.600001520235874497e-02 1.955576484015451866e-01 6.768309652238828356e-02
7.700001540238977926e-02 2.003428627720244271e-01 6.941434677380681206e-02
7.800001560242081355e-02 2.051691558489060208e-01 7.116486341890555789e-02
7.900001580245183397e-02 2.100356391370036269e-01 7.293450596067785341e-02
8.000001600248286826e-02 2.149414095756354837e-01 7.472313150120719893e-02
8.100001620251390255e-02 2.198855494423744006e-01 7.653059472106993333e-02
8.200001640254492297e-02 2.248671262571408369e-01 7.835674785835927691e-02
8.300001660257595726e-02 2.298851926866967710e-01 8.020144068767440237e-02
8.400001680260697767e-02 2.349387864496793044e-01 8.206452049990846376e-02
8.500001700263801196e-02 2.400269302222007850e-01 8.394583208045168499e-02
8.600001720266904626e-02 2.451486315439928843e-01 8.584521768729716507e-02
8.700001740270006667e-02 2.503028827252338218e-01 8.776251702996415438e-02
8.800001760273110096e-02 2.554886607541703714e-01 8.969756724791454194e-02
8.900001780276212138e-02 2.607049272055756983e-01 9.165020288885560029e-02
9.000001800279315567e-02 2.659506281501954339e-01 9.362025588805539256e-02
9.100001820282418996e-02 2.712246940654077787e-01 9.560755554913823173e-02
9.200001840285521038e-02 2.765260397468169429e-01 9.761192851743871746e-02
9.300001860288624467e-02 2.818535642208216951e-01 9.963319875977538764e-02
9.400001880291727896e-02 2.872061506585465440e-01 1.016711875426435513e-01
9.500001900294829937e-02 2.925826662911149012e-01 1.037257134101458311e-01
9.600001920297933367e-02 2.979819623263453843e-01 1.057965921620579314e-01
9.700001940301035408e-02 3.034028738672465142e-01 1.078836368368950444e-01
9.800001960304138837e-02 3.088442198321150745e-01 1.099866576851484673e-01
9.900001980307242266e-02 3.143048028760007662e-01 1.121054621462707623e-01
1.000000200031034014e-01 3.197834093139863554e-01 1.142398548280191828e-01
1.010000202031345051e-01 3.252788090464218684e-01 1.163896374843214621e-01
1.020000204031654978e-01 3.307897554861249367e-01 1.185546089931048402e-01
1.030000206031965043e-01 3.363149854878178524e-01 1.207345653376355604e-01
1.040000208032275941e-01 3.418532192800711744e-01 1.229292995880216094e-01
1.050000210032586007e-01 3.474031603991935557e-01 1.251386018699531533e-01
1.060000212032895933e-01 3.529634956252267752e-01 1.273622593468345943e-01
1.070000214033206970e-01 3.585328949206323390e-01 1.296000561980898413e-01
1.080000216033517035e-01 3.641100113715605158e-01 1.318517735973466221e-01
1.090000218033826962e-01 3.696934811318470238e-01 1.341171896915503980e-01
1.100000220034137027e-01 3.752819233702863744e-01 1.363960795890401811e-01
1.110000222034448064e-01 3.808739402207202973e-01 1.386882153271281060e-01
1.120000224034757991e-01 3.864681167346688540e-01 1.409933658517951716e-01
1.130000226035068056e-01 3.920630208372404280e-01 1.433112969983738882e-01
1.140000228035378954e-01 3.976572032863742168e-01 1.456417714705039723e-01
1.150000230035689019e-01 4.032491976354520280e-01 1.479845488191608993e-01
1.160000232035998946e-01 4.088375201997068165e-01 1.503393854292937593e-01
1.170000234036309011e-01 4.144206700265714027e-01 1.527060345001860497e-01
1.180000236036620048e-01 4.199971288692883054e-01 1.550842460140766099e-01
1.190000238036929975e-01 4.255653611641551648e-01 1.574737667218805981e-01
1.200000240037240040e-01 4.311238140120094431e-01 1.598743401233956862e-01
1.210000242037550938e-01 4.366709171638202824e-01 1.622857064476378730e-01
1.220000244037861004e-01 4.422050830106076802e-01 1.647076026356658895e-01
1.230000246038171069e-01 4.477247065783113156e-01 1.671397623341037697e-01
1.240000248038480996e-01 4.532281655269374543e-01 1.695819158590604891e-01
1.250000250038791894e-01 4.587138201538240589e-01 1.720337901818616289e-01
1.260000252039102098e-01 4.641800134019231638e-01 1.744951089125486576e-01
1.270000254039412024e-01 4.696250708730582146e-01 1.769655922820373151e-01
1.280000256039723061e-01 4.750473008462407498e-01 1.794449571245747277e-01
1.290000258040032988e-01 4.804449943016168567e-01 1.819329168727556179e-01
1.300000260040342914e-01 4.858164249499554166e-01 1.844291815350093122e-01
1.310000262040653118e-01 4.911598492670767868e-01 1.869334576707404050e-01
1.320000264040963878e-01 4.964735065338245490e-01 1.894454483802592570e-01
1.330000266041274082e-01 5.017556188820271323e-01 1.919648532893316883e-01
1.340000268041584008e-01 5.070043913463923024e-01 1.944913685340466936e-01
1.350000270041893935e-01 5.122180119226191763e-01 1.970246867505331678e-01
1.360000272042204972e-01 5.173946516322911471e-01 1.995644970734637980e-01
1.370000274042514898e-01 5.225324645938291823e-01 2.021104851011694681e-01
1.380000276042825103e-01 5.276295880995216514e-01 2.046623328898157512e-01
1.390000278043135862e-01 5.326841426995373441e-01 2.072197189419456853e-01
1.400000280043446066e-01 5.376942322928267570e-01 2.097823181944502291e-01
1.410000282043755993e-01 5.426579442250365481e-01 2.123498020068564918e-01
1.420000284044067029e-01 5.475733493941561392e-01 2.149218381690920221e-01
1.430000286044376956e-01 5.524385023634780234e-01 2.174980908730308193e-01
1.440000288044686882e-01 5.572514414815185058e-01 2.200782207034148730e-01
1.450000290044997919e-01 5.620101890097282116e-01 2.226618846322259149e-01
1.460000292045308123e-01 5.667127512581450199e-01 2.252487360104866998e-01
1.470000294045618050e-01 5.713571187290544806e-01 2.278384245605796499e-01
1.480000296045927977e-01 5.759412662690132079e-01 2.304305963763562393e-01
1.490000298046239013e-01 5.804631532296431473e-01 2.330248939260141927e-01
1.500000300046548940e-01 5.849207236365643325e-01 2.356209560253163526e-01
1.510000302046858867e-01 5.893119063666990565e-01 2.382184178423041310e-01
1.520000304047169903e-01 5.936346153347074051e-01 2.408169108942117276e-01
1.530000306047480108e-01 5.978867496884889832e-01 2.434160630447436691e-01
1.540000308047790034e-01 6.020661940139071522e-01 2.460154985021552887e-01
1.550000310048101071e-01 6.061708185489399492e-01 2.486148378193807629e-01
1.560000312048410998e-01 6.101984794076683594e-01 2.512136979035110573e-01
1.570000314048720924e-01 6.141470188139472874e-01 2.538116920049258152e-01
1.580000316049031128e-01 6.180142653447816548e-01 2.564084297214739849e-01
1.590000318049341888e-01 6.217980341839296488e-01 2.590035170032961576e-01
1.600000320049652092e-01 6.254961273858529180e-01 2.615965561572025089e-01
1.610000322049962018e-01 6.291063341501690331e-01 2.641871458521758420e-01
1.620000324050271945e-01 6.326264311067798518e-01 2.667748811259262331e-01
1.630000326050582982e-01 6.360541826114938235e-01 2.693593533759909842e-01
1.640000328050892908e-01 6.393873410525476864e-01 2.719401503770355055e-01
1.650000330051203112e-01 6.426236471687897245e-01 2.745168563010543794e-01
1.660000332051513872e-01 6.457608303793131999e-01 2.770890517200931824e-01
1.670000334051824076e-01 6.487966091244765643e-01 2.796563136177838693e-01
1.680000336052134002e-01 6.517286912186771586e-01 2.822182154021130596e-01
1.690000338052443929e-01 6.545547742150508164e-01 2.847743269194590310e-01
1.700000340052754966e-01 6.572725457821729789e-01 2.873242144642653151e-01
1.710000342053064892e-01 6.598796840927776408e-01 2.898674407864371139e-01
1.720000344053375096e-01 6.623738582251581519e-01 2.924035651279159320e-01
1.730000346053686133e-01 6.647527285774281758e-01 2.949321432335271220e-01
1.740000348053996060e-01 6.670139472944255354e-01 2.974527273702685104e-01
1.750000350054305986e-01 6.691551587075968976e-01 2.999648663484345557e-01
1.760000352054615913e-01 6.711739997880487030e-01 3.024681055441189592e-01
1.770000354054926950e-01 6.730681006129231037e-01 3.049619869223799684e-01
1.780000356055236876e-01 6.748350848451598605e-01 3.074460490554493108e-01
1.790000358055547081e-01 6.764725702269769325e-01 3.099198271576784069e-01
1.800000360055858117e-01 6.779781690873363242e-01 3.123828531123951646e-01
1.810000362056168044e-01 6.793494888633891948e-01 3.148346554999777447e-01
1.820000364056477971e-01 6.805841326360931864e-01 3.172747596286814575e-01
1.830000366056787897e-01 6.816796996801890440e-01 3.197026875669970458e-01
1.840000368057098934e-01 6.826337860287001735e-01 3.221179581775543421e-01
1.850000370057409138e-01 6.834439850520797055e-01 3.245200871497202488e-01
1.860000372057719065e-01 6.841078880521828109e-01 3.269085870377981817e-01
1.870000374058030101e-01 6.846230848713038553e-01 3.292829673019402326e-01
1.880000376058340028e-01 6.849871645163871925e-01 3.316427343468349997e-01
1.890000378058649955e-01 6.851977157985271738e-01 3.339873915635664936e-01
1.900000380058959881e-01 6.852523279879407792e-01 3.363164393731720714e-01
1.910000382059270918e-01 6.851485914845503178e-01 3.386293752719369832e-01
1.920000384059581122e-01 6.848840985043164187e-01 3.409256938770777179e-01
1.930000386059891049e-01 6.844564437814245617e-01 3.432048869728276941e-01
1.940000388060202086e-01 6.838632252865544103e-01 3.454664435661838895e-01
1.950000390060512012e-01 6.831020449613581791e-01 3.477098499371770179e-01
1.960000392060821939e-01 6.821705094692226412e-01 3.499345896927956168e-01
1.970000394061132976e-01 6.810662309624623267e-01 3.521401438229574410e-01
1.980000396061442902e-01 6.797868278660739172e-01 3.543259907583807267e-01
1.990000398061753106e-01 6.783299256781641917e-01 3.564916064300109877e-01
2.000000400062063866e-01 6.766931577871353465e-01 3.586364643268047936e-01
2.010000402062374070e-01 6.748741663057815643e-01 3.607600355637006762e-01
2.020000404062683996e-01 6.728706029224387208e-01 3.628617889470046598e-01
2.030000406062993923e-01 6.706801297692300823e-01 3.649411910410441662e-01
2.040000408063304960e-01 6.683004203075129102e-01 3.669977062377371979e-01
2.050000410063614886e-01 6.657291602306152356e-01 3.690307968282273143e-01
2.060000412063925090e-01 6.629640483839606135e-01 3.710399230766049383e-01
2.070000414064236127e-01 6.600027977026164949e-01 3.730245432911224457e-01
2.080000416064546054e-01 6.568431361663734647e-01 3.749841139042687232e-01
2.090000418064855980e-01 6.534828077724664785e-01 3.769180895573189249e-01
2.100000420065165907e-01 6.499195735259616358e-01 3.788259231794688375e-01
2.110000422065476944e-01 6.461512124478325791e-01 3.807070660721892930e-01
2.120000424065786870e-01 6.421755226007989092e-01 3.825609679958021370e-01
2.130000426066097075e-01 6.379903221329602525e-01 3.843870772583162232e-01
2.140000428066408111e-01 6.335934503392564032e-01 3.861848408065267635e-01
2.150000430066718038e-01 6.289827687407828494e-01 3.879537043194173362e-01
2.160000432067027965e-01 6.241561621819695649e-01 3.896931123038812617e-01
2.170000434067337891e-01 6.191115399456332824e-01 3.914025081904514702e-01
2.180000436067648928e-01 6.138468368858736035e-01 3.930813344208428095e-01
2.190000438067959132e-01 6.083600145788718994e-01 3.947290325688387336e-01
2.200000440068269059e-01 6.026490624915740169e-01 3.963450434401541433e-01
2.210000442068580095e-01 5.967119991681769653e-01 3.979288071774376712e-01
2.220000444068890022e-01 5.905468734344053727e-01 3.994797633693367711e-01
2.230000446069199949e-01 5.841517656195319708e-01 4.009973511618974973e-01
2.240000448069509875e-01 5.775247887960953674e-01 4.024810093722963611e-01
2.250000450069820912e-01 5.706640900372390579e-01 4.039301766049176456e-01
2.260000452070131116e-01 5.635678516916132752e-01 4.053442913801107439e-01
2.270000454070441043e-01 5.562342926757098960e-01 4.067227922623946057e-01
2.280000456070752080e-01 5.486616697835428047e-01 4.080651179595489175e-01
2.290000458071062006e-01 5.408482790135906715e-01 4.093707074608949337e-01
2.300000460071371933e-01 5.327924569128679178e-01 4.106390001668067113e-01
2.310000462071682137e-01 5.244925819379924192e-01 4.118694360204827043e-01
2.320000464071992896e-01 5.159470758330961804e-01 4.130614556422737005e-01
2.330000466072303100e-01 5.071544050244251034e-01 4.142145004665729879e-01
2.340000468072613027e-01 4.981130820314588203e-01 4.153280128810792893e-01
2.350000470072924064e-01 4.888216668943882737e-01 4.164014363595808788e-01
2.360000472073233990e-01 4.792787686177595319e-01 4.174342156139392301e-01
2.370000474073543917e-01 4.694830466300099481e-01 4.184257967439702908e-01
2.380000476073854121e-01 4.594332122587022615e-01 4.193756273833654236e-01
2.390000478074164880e-01 4.491280302212463105e-01 4.202831568514853178e-01
2.400000480074475084e-01 4.385663201308309667e-01 4.211478363076833209e-01
2.410000482074785011e-01 4.277469580173071106e-01 4.219691189081636873e-01
2.420000484075096048e-01 4.166688778627385403e-01 4.227464599653635857e-01
2.430000486075405974e-01 4.053310731513089515e-01 4.234793171124596745e-01
2.440000488075715901e-01 3.937325984331729312e-01 4.241671504815847649e-01
2.450000490076026105e-01 3.818725709020479031e-01 4.248094228510586601e-01
2.460000492076336864e-01 3.697501719862585357e-01 4.254055998207519895e-01
2.470000494076647068e-01 3.573646489527407266e-01 4.259551499867531010e-01
2.480000496076956995e-01 3.447153165236528372e-01 4.264575451168060027e-01
2.490000498077268032e-01 3.318015585051962146e-01 4.269122603283362904e-01
2.500000500077578236e-01 3.186228294282351658e-01 4.273187742690670032e-01
2.510000502077888163e-01 3.051786562002725134e-01 4.276765693002184121e-01
2.520000504078199199e-01 2.914686397683487473e-01 4.279851316798493621e-01
2.530000506078509126e-01 2.774924567924215157e-01 4.282439517496069992e-01
2.540000508078819053e-01 2.632498613286449740e-01 4.284525241311160637e-01
2.550000510079130089e-01 2.487406865220672669e-01 4.286103479164740659e-01
2.560000512079438906e-01 2.339648463082470986e-01 4.287169268638567066e-01
2.570000514079749943e-01 2.189223371232249526e-01 4.287717695956567709e-01
2.580000516080059869e-01 2.036132396212870510e-01 4.287743897990854980e-01
2.590000518080369796e-01 1.880377203999154256e-01 4.287243064292063366e-01
2.600000520080680833e-01 1.721960337313209466e-01 4.286210439144774176e-01
2.610000522080990759e-01 1.560885232998813765e-01 4.284641323682915615e-01
2.620000524081301241e-01 1.397156239448537896e-01 4.282531077961699850e-01
2.630000526081611723e-01 1.230778634077562828e-01 4.279875123073402232e-01
2.640000528081922204e-01 1.061758640836744788e-01 4.276668943311303650e-01
2.650000530082232131e-01 8.901034477573761816e-02 4.272908088343660982e-01
2.660000532082543168e-01 7.158212245204625956e-02 4.268588175410512053e-01
2.670000534082853094e-01 5.389211400429343851e-02 4.263704891542911546e-01
2.680000536083163021e-01 3.594133800727466327e-02 4.258253995804364700e-01
2.690000538083474058e-01 1.773091647848281174e-02 4.252231321553586740e-01
2.700000540083783984e-01 -7.379233630303303274e-04 4.245632778726850520e-01
2.710000542084093911e-01 -1.946384733941524531e-02 4.238454356146867386e-01
2.720000544084403837e-01 -3.844541255928946022e-02 4.230692123847994424e-01
2.730000546084714874e-01 -5.768106566639086968e-02 4.222342235422238965e-01
2.740000548085024801e-01 -7.716914109257416721e-02 4.213400930385227117e-01
2.750000550085334727e-01 -9.690785931609825765e-02 4.203864536561385257e-01
2.760000552085645764e-01 -1.168953251261773407e-01 4.193729472487889298e-01
2.770000554085956246e-01 -1.371295258948220519e-01 4.182992249836819942e-01
2.780000556086266172e-01 -1.576083298570173374e-01 4.171649475864184775e-01
2.790000558086576099e-01 -1.783294844003014135e-01 4.159697855872281913e-01
2.800000560086887136e-01 -1.992906143647794892e-01 4.147134195663166878e-01
2.810000562087197062e-01 -2.204892203546584273e-01 4.133955404038929249e-01
2.820000564087506989e-01 -2.419226770625245437e-01 4.120158495307771340e-01
2.830000566087816916e-01 -2.635882316074881215e-01 4.105740591804637463e-01
2.840000568088127952e-01 -2.854830018883732223e-01 4.090698926426070137e-01
2.850000570088437879e-01 -3.076039749531878087e-01 4.075030845178473360e-01
2.860000572088747806e-01 -3.299480053861031936e-01 4.058733809739221710e-01
2.870000574089058842e-01 -3.525118137132060570e-01 4.041805400032406070e-01
2.880000576089368769e-01 -3.752919848283319260e-01 4.024243316810884874e-01
2.890000578089679251e-01 -3.982849664402910994e-01 4.006045384250426222e-01
2.900000580089989732e-01 -4.214870675428217250e-01 3.987209552555343595e-01
2.910000582090300214e-01 -4.448944569086737411e-01 3.967733900571976391e-01
2.920000584090611251e-01 -4.685031616092015794e-01 3.947616638410277878e-01
2.930000586090921177e-01 -4.923090655608949318e-01 3.926856110072524664e-01
2.940000588091231104e-01 -5.163079081003202342e-01 3.905450796088223986e-01
2.950000590091542141e-01 -5.404952825889316470e-01 3.883399316157393200e-01
2.960000592091852067e-01 -5.648666350493461996e-01 3.860700431808106181e-01
2.970000594092161994e-01 -5.894172628345002440e-01 3.837353049021569595e-01
2.980000596092471921e-01 -6.141423133312081672e-01 3.813356220889841386e-01
2.990000598092781847e-01 -6.390367826998383238e-01 3.788709150269797266e-01
3.000000600093092884e-01 -6.640955146516699381e-01 3.763411192435459074e-01
3.010000602093402811e-01 -6.893131992655576745e-01 3.737461857729626469e-01
3.020000604093712737e-01 -7.146843718455961891e-01 3.710860814213507441e-01
3.030000606094023774e-01 -7.402034118214274594e-01 3.683607890313458366e-01
3.040000608094334256e-01 -7.658645416929560357e-01 3.655703077463419715e-01
3.050000610094644182e-01 -7.916618260211761848e-01 3.627146532742041574e-01
3.060000612094955219e-01 -8.175891704668798443e-01 3.597938581503185018e-01
3.070000614095265146e-01 -8.436403208790972386e-01 3.568079720010148281e-01
3.080000616095575072e-01 -8.698088624352591225e-01 3.537570618085689733e-01
3.090000618095886109e-01 -8.960882188345106192e-01 3.506412121642812907e-01
3.100000620096194925e-01 -9.224716515460091859e-01 3.474605255302423146e-01
3.110000622096505962e-01 -9.489522591144218255e-01 3.442151224976985335e-01
3.120000624096815889e-01 -9.755229765244174400e-01 3.409051420435195157e-01
3.130000626097125815e-01 -1.002176574626066685e+00 3.375307417850761937e-01
3.140000628097436852e-01 -1.028905659623093660e+00 3.340920982333897560e-01
3.150000630097746779e-01 -1.055702672625934868e+00 3.305894070444047594e-01
3.160000632098057260e-01 -1.082559889271613285e+00 3.270228832682358644e-01
3.170000634098367742e-01 -1.109469419412428826e+00 3.233927615962339797e-01
3.180000636098678224e-01 -1.136423206875476044e+00 3.196992966057222718e-01
3.190000638098988150e-01 -1.163413029295100598e+00 3.159427630030792189e-01
3.200000640099299187e-01 -1.190430498020469186e+00 3.121234558651935775e-01
3.210000642099609114e-01 -1.217467058100015764e+00 3.082416908719831650e-01
3.220000644099919040e-01 -1.244513988344884581e+00 3.042978045419036381e-01
3.230000646100230077e-01 -1.271562401473705917e+00 3.002921544628260886e-01
3.240000648100540004e-01 -1.298603244340725826e+00 2.962251195193986164e-01
3.250000650100849930e-01 -1.325627298249453467e+00 2.920971001169093695e-01
3.260000652101159857e-01 -1.352625179353943663e+00 2.879085184014750776e-01
3.270000654101469784e-01 -1.379587339149872749e+00 2.836598184763817199e-01
3.280000656101780820e-01 -1.406504065057615493e+00 2.793514666143817604e-01
3.290000658102090747e-01 -1.433365481099447614e+00 2.749839514657781425e-01
3.300000660102401229e-01 -1.460161548673101883e+00 2.705577842620947582e-01
3.310000662102712266e-01 -1.486882067423921372e+00 2.660734990158388769e-01
3.320000664103022192e-01 -1.513516676217857349e+00 2.615316527157942050e-01
3.330000666103332119e-01 -1.540054854217292046e+00 2.569328255135178707e-01
3.340000668103643156e-01 -1.566485922061899405e+00 2.522776209086849963e-01
3.350000670103953082e-01 -1.592799043156941430e+00 2.475666659279299464e-01
3.360000672104263009e-01 -1.618983225071149556e+00 2.428006112980030662e-01
3.370000674104572935e-01 -1.645027321046387048e+00 2.379801316131394395e-01
3.380000676104883972e-01 -1.670920031621278667e+00 2.331059254964267247e-01
3.390000678105193899e-01 -1.696649906371027861e+00 2.281787157549640954e-01
3.400000680105503825e-01 -1.722205345765615014e+00 2.231992495285981815e-01
3.410000682105814862e-01 -1.747574603148546624e+00 2.181682984320282848e-01
3.420000684106124789e-01 -1.772745786838346271e+00 2.130866586900570792e-01
3.430000686106435270e-01 -1.797706862354997437e+00 2.079551512660319512e-01
3.440000688106745752e-01 -1.822445654773482859e+00 2.027746219829614782e-01
3.450000690107056234e-01 -1.846949851206470372e+00 1.975459416360701714e-01
3.460000692107366160e-01 -1.871207003418267956e+00 1.922700060988475346e-01
3.470000694107677197e-01 -1.895204530572248913e+00 1.869477364207653147e-01
3.480000696107987124e-01 -1.918929722113795977e+00 1.815800789167884566e-01
3.490000698108297050e-01 -1.942369740790821364e+00 1.761680052484721481e-01
3.500000700108608087e-01 -1.965511625813887386e+00 1.707125124964176954e-01
3.510000702108916903e-01 -1.988342296157949329e+00 1.652146232238499157e-01
3.520000704109227940e-01 -2.010848554007703015e+00 1.596753855310875658e-01
3.530000706109537867e-01 -2.033017088348469059e+00 1.540958731006748239e-01
3.540000708109847793e-01 -2.054834478704540057e+00 1.484771852329337116e-01
3.550000710110158830e-01 -2.076287199026903618e+00 1.428204468718006215e-01
3.560000712110468757e-01 -2.097361621732155790e+00 1.371268086205536529e-01
3.570000714110779239e-01 -2.118044021894361695e+00 1.313974467469753715e-01
3.580000716111090275e-01 -2.138320581591628855e+00 1.256335631783643825e-01
3.590000718111400202e-01 -2.158177394409138472e+00 1.198363854856578925e-01
3.600000720111710129e-01 -2.177600470100297780e+00 1.140071668565502960e-01
3.610000722112021165e-01 -2.196575739407592653e+00 1.081471860573740007e-01
3.620000724112331092e-01 -2.215089059044710318e+00 1.022577473834974660e-01
3.630000726112641019e-01 -2.233126216841433198e+00 9.634018059800336653e-02
3.640000728112952055e-01 -2.250672937052713429e+00 9.039584085841205485e-02
3.650000730113260872e-01 -2.267714885833334026e+00 8.442610863120413034e-02
3.660000732113571908e-01 -2.284237676879441459e+00 7.843238959390727572e-02
3.670000734113881835e-01 -2.300226877238197964e+00 7.241611452447754838e-02
3.680000736114191762e-01 -2.315668013286710458e+00 6.637873917781035582e-02
3.690000738114502798e-01 -2.330546576881336485e+00 6.032174414916695315e-02
3.700000740114812725e-01 -2.344848031678354427e+00 5.424663472411168225e-02
3.710000742115123207e-01 -2.358557819626958985e+00 4.815494071487209926e-02
3.720000744115434244e-01 -2.371661367635398587e+00 4.204821628285217161e-02
3.730000746115744170e-01 -2.384144094411031034e+00 3.592803974707006048e-02
3.740000748116054097e-01 -2.395991417474939933e+00 2.979601337828530552e-02
3.750000750116365134e-01 -2.407188760351697709e+00 2.365376317859217703e-02
3.760000752116675060e-01 -2.417721559934727704e+00 1.750293864625689436e-02
3.770000754116984987e-01 -2.427575274027642394e+00 1.134521252557020229e-02
3.780000756117294913e-01 -2.436735389061813972e+00 5.182280541498880504e-03
3.790000758117605950e-01 -2.445187427990316742e+00 -9.841388810810458663e-04
3.800000760117915877e-01 -2.452916958358276389e+00 -7.152304913754290068e-03
3.810000762118225803e-01 -2.459909600549590625e+00 -1.332045463680375623e-02
3.820000764118535730e-01 -2.466151036209742742e+00 -1.948680336750205702e-02
3.830000766118846767e-01 -2.471627016844463398e+00 -2.564954500465260398e-02
3.840000768119157248e-01 -2.476323372593717931e+00 -3.180685238957832450e-02
3.850000770119467175e-01 -2.480226021180461426e+00 -3.795687768376260901e-02
3.860000772119778212e-01 -2.483320977033437238e+00 -4.409775276332984079e-02
3.870000774120088138e-01 -2.485594360583152085e+00 -5.022758963054975434e-02
3.880000776120398065e-01 -2.487032407730022321e+00 -5.634448084255317540e-02
3.890000778120709102e-01 -2.487621479483522524e+00 -6.244649995743263571e-02
3.900000780121019028e-01 -2.487348071771033009e+00 -6.853170199789718198e-02
3.910000782121328955e-01 -2.486198825414941638e+00 -7.459812393250017659e-02
3.920000784121638882e-01 -2.484160536276328379e+00 -8.064378517493844822e-02
3.930000786121949918e-01 -2.481220165563502000e+00 -8.666668810149411040e-02
3.940000788122259845e-01 -2.477364850303402921e+00 -9.266481858640560065e-02
3.950000790122569772e-01 -2.472581913973737500e+00 -9.863614655565579314e-02
3.960000792122880808e-01 -2.466858877293549579e+00 -1.045786265592120734e-01
3.970000794123190735e-01 -2.460183469169729076e+00 -1.104901983618514494e-01
3.980000796123501217e-01 -2.452543637796806841e+00 -1.163687875526850657e-01
3.990000798123812253e-01 -2.443927561907156321e+00 -1.222123061734908395e-01
4.000000800124122180e-01 -2.434323662168573765e+00 -1.280186533659630754e-01
4.010000802124432107e-01 -2.423720612725960510e+00 -1.337857160379689325e-01
4.020000804124743143e-01 -2.412107352883691380e+00 -1.395113695488933159e-01
4.030000806125053070e-01 -2.399473098924987724e+00 -1.451934784137005052e-01
4.040000808125362997e-01 -2.385807356064451934e+00 -1.508298970270026407e-01
4.050000810125672923e-01 -2.371099930529692479e+00 -1.564184704064031928e-01
4.060000812125982850e-01 -2.355340941767741558e+00 -1.619570349546210208e-01
4.070000814126293887e-01 -2.338520834771748991e+00 -1.674434192412406486e-01
4.080000816126603813e-01 -2.320630392523236107e+00 -1.728754448038622160e-01
4.090000818126913740e-01 -2.301660748544935409e+00 -1.782509269686723130e-01
4.100000820127224777e-01 -2.281603399559023249e+00 -1.835676756904377205e-01
4.110000822127535258e-01 -2.260450218245333875e+00 -1.888234964119109849e-01
4.120000824127845185e-01 -2.238193466093867823e+00 -1.940161909426360298e-01
4.130000826128156222e-01 -2.214825806345700254e+00 -1.991435583571135037e-01
4.140000828128466148e-01 -2.190340317016139071e+00 -2.042033959122888653e-01
4.150000830128776075e-01 -2.164730503993705035e+00 -2.091934999843030329e-01
4.160000832129087112e-01 -2.137990314208344955e+00 -2.141116670238585318e-01
4.170000834129395928e-01 -2.110114148861941263e+00 -2.189556945301328050e-01
4.180000836129706965e-01 -2.081096876713915744e+00 -2.237233820474724133e-01
4.190000838130016891e-01 -2.050933847414490252e+00 -2.284125321772290385e-01
4.200000840130326818e-01 -2.019620904877955425e+00 -2.330209516093291744e-01
4.210000842130637855e-01 -1.987154400687983768e+00 -2.375464521725802469e-01
4.220000844130947781e-01 -1.953531207526762792e+00 -2.419868519034376886e-01
4.230000846131258263e-01 -1.918748732619435016e+00 -2.463399761330698212e-01
4.240000848131568745e-01 -1.882804931185068087e+00 -2.506036585925273119e-01
4.250000850131879226e-01 -1.845698319885140659e+00 -2.547757425358094796e-01
4.260000852132189153e-01 -1.807427990260167094e+00 -2.588540818806101540e-01
4.270000854132500190e-01 -1.767993622144896193e+00 -2.628365423665033895e-01
4.280000856132810116e-01 -1.727395497052180318e+00 -2.667210027303080766e-01
4.290000858133120043e-01 -1.685634511515348377e+00 -2.705053558982707940e-01
4.300000860133431080e-01 -1.642712190378708081e+00 -2.741875101931717240e-01
4.310000862133741006e-01 -1.598630700025364559e+00 -2.777653905617076813e-01
4.320000864134050933e-01 -1.553392861531212255e+00 -2.812369398156490674e-01
4.330000866134360860e-01 -1.507002163733913491e+00 -2.846001198880598881e-01
4.340000868134671896e-01 -1.459462776205310286e+00 -2.878529131053266799e-01
4.350000870134981823e-01 -1.410779562115310970e+00 -2.909933234740613717e-01
4.360000872135291750e-01 -1.360958090975086243e+00 -2.940193779824717413e-01
4.370000874135602231e-01 -1.310004651247176133e+00 -2.969291279157745267e-01
4.380000876135913268e-01 -1.257926262809660134e+00 -2.997206501852021088e-01
4.390000878136223195e-01 -1.204730689261464205e+00 -3.023920486701375809e-01
4.400000880136533121e-01 -1.150426450055424210e+00 -3.049414555728888199e-01
4.410000882136844158e-01 -1.095022832445522676e+00 -3.073670327855930196e-01
4.420000884137154085e-01 -1.038529903234465035e+00 -3.096669732687183374e-01
4.430000886137464011e-01 -9.809585203074565607e-01 -3.118395024393233461e-01
4.440000888137773938e-01 -9.223203439378172552e-01 -3.138828795708200059e-01
4.450000890138084975e-01 -8.626278478494797675e-01 -3.157953992056588555e-01
4.460000892138394901e-01 -8.018943300214302905e-01 -3.175753925729177807e-01
4.470000894138704828e-01 -7.401339232190499162e-01 -3.192212290159947563e-01
4.480000896139015865e-01 -6.773616052367961160e-01 -3.207313174282672152e-01
4.490000898139325791e-01 -6.135932088364033365e-01 -3.221041076960088900e-01
4.500000900139636273e-01 -5.488454313646066174e-01 -3.233380921478491987e-01
4.510000902139946755e-01 -4.831358440341691485e-01 -3.244318070100447593e-01
4.520000904140257236e-01 -4.164829008516282016e-01 -3.253838338668031960e-01
4.530000906140567163e-01 -3.489059471750493580e-01 -3.261928011248750869e-01
4.540000908140878200e-01 -2.804252278848460844e-01 -3.268573854816125834e-01
4.550000910141188126e-01 -2.110618951503894503e-01 -3.273763133956630877e-01
4.560000912141498053e-01 -1.408380157750478978e-01 -3.277483625591345873e-01
4.570000914141809090e-01 -6.977657810222198664e-02 -3.279723633691508100e-01
4.580000916142117906e-01 2.098501535809647964e-03 -3.280472004042744305e-01
4.590000918142428943e-01 7.476237284432832308e-02 -3.279718138961307261e-01
4.600000920142738869e-01 1.481892460857791027e-01 -3.277452011996246362e-01
4.610000922143048796e-01 2.223523871110652250e-01 -3.273664182606378925e-01
4.620000924143359833e-01 2.972241129210793642e-01 -3.268345810798763962e-01
4.630000926143669759e-01 3.727757877771442074e-01 -3.261488671718433818e-01
4.640000928143980241e-01 4.489778198792650499e-01 -3.253085170178928176e-01
4.650000930144290723e-01 5.257996586311952658e-01 -3.243128355122921747e-01
4.660000932144601204e-01 6.032097925113001358e-01 -3.231611934001964448e-01
4.670000934144911131e-01 6.811757475685883412e-01 -3.218530287064169104e-01
4.680000936145222168e-01 7.596640865630677197e-01 -3.203878481538431910e-01
4.690000938145532094e-01 8.386404087699047549e-01 -3.187652285703401756e-01
4.700000940145842021e-01 9.180693504666451732e-01 -3.169848182814505866e-01
4.710000942146153058e-01 9.979145861230589443e-01 -3.150463384918351095e-01
4.720000944146461874e-01 1.078138830313486007e+00 -3.129495846514516177e-01
4.730000946146772911e-01 1.158703840371000604e+00 -3.106944278033534901e-01
4.740000948147082838e-01 1.239570419802763723e+00 -3.082808159146894211e-01
4.750000950147392764e-01 1.320698422486280554e+00 -3.057087751887094251e-01
4.760000952147703801e-01 1.402046757666015386e+00 -3.029784113564454873e-01
4.770000954148013728e-01 1.483573395769764325e+00 -3.000899109467286552e-01
4.780000956148324209e-01 1.565235375064238266e+00 -2.970435425331723889e-01
4.790000958148635246e-01 1.646988809169081192e+00 -2.938396579567322808e-01
4.800000960148945173e-01 1.728788895448463370e+00 -2.904786935224417110e-01
4.810000962149255099e-01 1.810589924299329301e+00 -2.869611711688918598e-01
4.820000964149566136e-01 1.892345289355138460e+00 -2.832876996090104016e-01
4.830000966149876063e-01 1.974007498623689294e+00 -2.794589754402672654e-01
4.840000968150185989e-01 2.055528186577466165e+00 -2.754757842228361953e-01
4.850000970150495916e-01 2.136858127215031100e+00 -2.713390015274594336e-01
4.860000972150806953e-01 2.217947248111446168e+00 -2.670495939457713241e-01
4.870000974151116879e-01 2.298744645475229387e+00 -2.626086200651812641e-01
4.880000976151426806e-01 2.379198600229290861e+00 -2.580172314061109362e-01
4.890000978151737843e-01 2.459256595132945034e+00 -2.532766733199434683e-01
4.900000980152047769e-01 2.538865332961765642e+00 -2.483882858461021192e-01
4.910000982152358251e-01 2.617970755761573898e+00 -2.433535045266789765e-01
4.920000984152668178e-01 2.696518065192418767e+00 -2.381738611770196912e-01
4.930000986152979214e-01 2.774451743978140428e+00 -2.328509846106493197e-01
4.940000988153289141e-01 2.851715578476329060e+00 -2.273866013169299760e-01
4.950000990153599068e-01 2.928252682383299721e+00 -2.217825360898216247e-01
4.960000992153910104e-01 3.004005521587935323e+00 -2.160407126060719385e-01
4.970000994154220031e-01 3.078915940187575639e+00 -2.101631539504620894e-01
4.980000996154529957e-01 3.152925187678964569e+00 -2.041519830891404541e-01
4.990000998154839884e-01 3.225973947336486791e+00 -1.980094232864127168e-01
5.000001000155150921e-01 3.298002365788845314e+00 -1.917377984641520927e-01
5.010001002155460847e-01 3.368950083804973072e+00 -1.853395335027210045e-01
5.020001004155771884e-01 3.438756268299193231e+00 -1.788171544814810554e-01
5.030001006156081811e-01 3.507359645564724016e+00 -1.721732888572431452e-01
5.040001008156391737e-01 3.574698535744082140e+00 -1.654106655790014979e-01
5.050001010156702774e-01 3.640710888543746027e+00 -1.585321151373188242e-01
5.060001012157012701e-01 3.705334320199763276e+00 -1.515405695467219593e-01
5.070001014157322627e-01 3.768506151700057316e+00 -1.444390622594688423e-01
5.080001016157632554e-01 3.830163448268065096e+00 -1.372307280090809545e-01
5.090001018157943591e-01 3.890243060111457485e+00 -1.299188025820183778e-01
5.100001020158253517e-01 3.948681664438549621e+00 -1.225066225156953292e-01
5.110001022158563444e-01 4.005415808744026585e+00 -1.149976247216616398e-01
5.120001024158874481e-01 4.060381955364468887e+00 -1.073953460326945303e-01
5.130001026159184407e-01 4.113516527303004544e+00 -9.970342267096282685e-02
5.140001028159494334e-01 4.164755955321032488e+00 -9.192558963677775752e-02
5.150001030159805371e-01 4.214036726293747925e+00 -8.406568001616548935e-02
5.160001032160115297e-01 4.261295432825142449e+00 -7.612762420576447975e-02
5.170001034160425224e-01 4.306468824116536531e+00 -6.811544905358019042e-02
5.180001036160736261e-01 4.349493858081459052e+00 -6.003327691418144235e-02
5.190001038161046187e-01 4.390307754698227427e+00 -5.188532461692865055e-02
5.200001040161356114e-01 4.428848050590159069e+00 -4.367590234585617959e-02
5.210001042161667151e-01 4.465052654821726641e+00 -3.540941242988997900e-02
5.220001044161977077e-01 4.498859905897524492e+00 -2.709034804209259698e-02
5.230001046162287004e-01 4.530208629949286525e+00 -1.872329180665857629e-02
5.240001048162598041e-01 4.559038200094451376e+00 -1.031291431245069147e-02
5.250001050162907967e-01 4.585288596948347006e+00 -1.863972532072515368e-03
5.260001052163217894e-01 4.608900470270158145e+00 6.618691855004827686e-03
5.270001054163528931e-01 4.629815201721048545e+00 1.513015423609896312e-02
5.280001056163838857e-01 4.647974968711024779e+00 2.366540893682462371e-02
5.290001058164148784e-01 4.663322809309363493e+00 3.221937119145095590e-02
5.300001060164459821e-01 4.675802688191417644e+00 4.078687921301082236e-02
5.310001062164769747e-01 4.685359563592832011e+00 4.936269636403202432e-02
5.320001064165079674e-01 4.691939455240048851e+00 5.794151342869866689e-02
5.330001066165390711e-01 4.695489513224133660e+00 6.651795098716214993e-02
5.340001068165700637e-01 4.695958087782761581e+00 7.508656189267846892e-02
5.350001070166010564e-01 4.693294799953284802e+00 8.364183385218136590e-02
5.360001072166321601e-01 4.687450613057407622e+00 9.217819211080000019e-02
5.370001074166631527e-01 4.678377904976215973e+00 1.006900022407835188e-01
5.380001076166941454e-01 4.666030541171688029e+00 1.091715730351272562e-01
5.390001078167252491e-01 4.650363948408918979e+00 1.176171595057834141e-01
5.400001080167562417e-01 4.631335189130851404e+00 1.260209659885507261e-01
5.410001082167872344e-01 4.608903036435071598e+00 1.343771493523408245e-01
5.420001084168183381e-01 4.583028049599843889e+00 1.426798223139715549e-01
5.430001086168493307e-01 4.553672650104222619e+00 1.509230568584387089e-01
5.440001088168803234e-01 4.520801198084726913e+00 1.591008877644220776e-01
5.450001090169114271e-01 4.484380069168610206e+00 1.672073162347622599e-01
5.460001092169424197e-01 4.444377731621399263e+00 1.752363136315620018e-01
5.470001094169734124e-01 4.400764823743723575e+00 1.831818253154648690e-01
5.480001096170045161e-01 4.353514231450283489e+00 1.910377745885317169e-01
5.490001098170355087e-01 4.302601165961003282e+00 1.987980667400506829e-01
5.500001100170665014e-01 4.248003241532083862e+00 2.064565931945047950e-01
5.510001102170976051e-01 4.189700553152051477e+00 2.140072357607769871e-01
5.520001104171285977e-01 4.127675754125550434e+00 2.214438709815869655e-01
5.530001106171595904e-01 4.061914133464639143e+00 2.287603745819225820e-01
5.540001108171906941e-01 3.992403693005459608e+00 2.359506260148383217e-01
5.550001110172216867e-01 3.919135224164965514e+00 2.430085131051507308e-01
5.560001112172526794e-01 3.842102384249932889e+00 2.499279367868776358e-01
5.570001114172837831e-01 3.761301772228408336e+00 2.567028159340854487e-01
5.580001116173147757e-01 3.676733003870675809e+00 2.633270922833003125e-01
5.590001118173457684e-01 3.588398786164421317e+00 2.697947354454728330e-01
5.600001120173768721e-01 3.496304990906422105e+00 2.760997480054153685e-01
5.610001122174078647e-01 3.400460727370337555e+00 2.822361707065096370e-01
5.620001124174388574e-01 3.300878413947702317e+00 2.881980877183410450e-01
5.630001126174698500e-01 3.197573848656982687e+00 2.939796319847405859e-01
5.640001128175009537e-01 3.090566278412793189e+00 2.995749906495981940e-01
5.650001130175319464e-01 2.979878466945228510e+00 3.049784105576331394e-01
5.660001132175629390e-01 2.865536761256571197e+00 3.101842038271789836e-01
5.670001134175940427e-01 2.747571156500709488e+00 3.151867534918513236e-01
5.680001136176250354e-01 2.626015359167969354e+00 3.199805192076804472e-01
5.690001138176560280e-01 2.500906848455970444e+00 3.245600430218340549e-01
5.700001140176871317e-01 2.372286935704823296e+00 3.289199552020304340e-01
5.710001142177181244e-01 2.240200821772708295e+00 3.330549801190255677e-01
5.720001144177491170e-01 2.104697652226103166e+00 3.369599421802885186e-01
5.730001146177802207e-01 1.965830570216999806e+00 3.406297718106190975e-01
5.740001148178112134e-01 1.823656766917162164e+00 3.440595114753243755e-01
5.750001150178422060e-01 1.678237529377661463e+00 3.472443217415340788e-01
5.760001152178733097e-01 1.529638285680528620e+00 3.501794873730503799e-01
5.770001154179043024e-01 1.377928647247326222e+00 3.528604234539616247e-01
5.780001156179352950e-01 1.223182448167809522e+00 3.552826815360927148e-01
5.790001158179663987e-01 1.065477781410836933e+00 3.574419558051640800e-01
5.800001160179975024e-01 9.048970317778564088e-01 3.593340892603862358e-01
5.810001162180286061e-01 7.415269054581359320e-01 3.609550799020253553e-01
5.820001164180595987e-01 5.754584560440183516e-01 3.623010869213172946e-01
5.830001166180907024e-01 4.067871068631394027e-01 3.633684368868348447e-01
5.840001168181218061e-01 2.356126694842473890e-01 3.641536299211372563e-01
5.850001170181529098e-01 6.203935825156108724e-02 3.646533458629127034e-01
5.860001172181840134e-01 -1.138241992971710664e-01 3.648644504062982796e-01
5.870001174182151171e-01 -2.918649562742834935e-01 3.647840012119863973e-01
5.880001176182462208e-01 -4.719654446932562419e-01 3.644092539833526656e-01
5.890001178182773245e-01 -6.540037782730624416e-01 3.637376685007319144e-01
5.900001180183084282e-01 -8.378536599415334907e-01 3.627669146068542849e-01
5.910001182183395319e-01 -1.023384394183195045e+00 3.614948781362953278e-01
5.920001184183706355e-01 -1.210460904376552405e+00 3.599196667816310646e-01
5.930001186184016282e-01 -1.398943755265127598e+00 3.580396158888330960e-01
5.940001188184327319e-01 -1.588689180705802784e+00 3.558532941742852951e-01
5.950001190184638356e-01 -1.779549116836500522e+00 3.533595093556456401e-01
5.960001192184949392e-01 -1.971371240804650204e+00 3.505573136886422358e-01
5.970001194185260429e-01 -2.163999015195599895e+00 3.474460094017284284e-01
5.980001196185571466e-01 -2.357271738298763353e+00 3.440251540203375091e-01
5.990001198185882503e-01 -2.551024600347053806e+00 3.402945655722692253e-01
6.000001200186193540e-01 -2.745088745863152990e+00 3.362543276666895564e-01
6.010001202186504576e-01 -2.939291342243498306e+00 3.319047944367047309e-01
6.020001204186815613e-01 -3.133455654707749893e+00 3.272465953376070824e-01
6.030001206187125540e-01 -3.327401127738680575e+00 3.222806397918681620e-01
6.040001208187436577e-01 -3.520943473134130475e+00 3.170081216719013995e-01
6.050001210187747613e-01 -3.713894764788502556e+00 3.114305236115558762e-01
6.060001212188058650e-01 -3.906063540318084559e+00 3.055496211372046855e-01
6.070001214188369687e-01 -4.097254909639401532e+00 2.993674866092015940e-01
6.080001216188680724e-01 -4.287270670605622058e+00 2.928864929644119375e-01
6.090001218188991761e-01 -4.475909431801032845e+00 2.861093172504367566e-01
6.100001220189302797e-01 -4.662966742588240621e+00 2.790389439420962181e-01
6.110001222189613834e-01 -4.848235230497246917e+00 2.716786680306827462e-01
6.120001224189924871e-01 -5.031504746039528797e+00 2.640320978764443272e-01
6.130001226190235908e-01 -5.212562515023912546e+00 2.561031578147114351e-01
6.140001228190545834e-01 -5.391193298444419746e+00 2.478960905060447473e-01
6.150001230190856871e-01 -5.567179560003333805e+00 2.394154590210378630e-01
6.160001232191167908e-01 -5.740301641325046944e+00 2.306661486497823266e-01
6.170001234191478945e-01 -5.910337944908805596e+00 2.216533684265970527e-01
6.180001236191789982e-01 -6.077065124859871936e+00 2.123826523604261940e-01
6.190001238192101018e-01 -6.240258285430472007e+00 2.028598603613329387e-01
6.200001240192412055e-01 -6.399691187392648750e+00 1.930911788535828455e-01
6.210001242192723092e-01 -6.555136462255991781e+00 1.830831210658686314e-01
6.220001244193034129e-01 -6.706365834333227305e+00 1.728425269892970018e-01
6.230001246193345166e-01 -6.853150350646775024e+00 1.623765629938476174e-01
6.240001248193656203e-01 -6.995260618658424079e+00 1.516927210941108051e-01
6.250001250193966129e-01 -7.132467051793638824e+00 1.407988178552346814e-01
6.260001252194277166e-01 -7.264540122720447357e+00 1.297029929301235507e-01
6.270001254194588203e-01 -7.391250624330748309e+00 1.184137072191157741e-01
6.280001256194899240e-01 -7.512369938360290433e+00 1.069397406434768466e-01
6.290001258195210276e-01 -7.627670311570135198e+00 9.529018952427444067e-02
6.300001260195521313e-01 -7.736925139399906115e+00 8.347446355837642717e-02
6.310001262195832350e-01 -7.839909256989308517e+00 7.150228238352120125e-02
6.320001264196143387e-01 -7.936399237450472377e+00 5.938367172465793681e-02
6.330001266196454424e-01 -8.026173697259437745e+00 4.712895911399684473e-02
6.340001268196765460e-01 -8.109013608620230684e+00 3.474876917748191685e-02
6.350001270197076497e-01 -8.184702618639729366e+00 2.225401848068751798e-02
6.360001272197386424e-01 -8.253027375136177568e+00 9.655909927450393240e-03
6.370001274197697461e-01 -8.313777858887858585e+00 -3.034073295132355599e-03
6.380001276198008497e-01 -8.366747722112252816e+00 -1.580417423132986568e-02
6.390001278198319534e-01 -8.411734632949201540e+00 -2.864236913669880244e-02
6.400001280198630571e-01 -8.448540625704364260e+00 -4.153637492852934460e-02
6.410001282198941608e-01 -8.476972456591688854e+00 -5.447365711166320124e-02
6.420001284199252645e-01 -8.496841964695745375e+00 -6.744143818408757096e-02
6.430001286199563681e-01 -8.507966437856513409e+00 -8.042670652625841243e-02
6.440001288199874718e-01 -8.510168983160541600e+00 -9.341622577763449009e-02
6.450001290200185755e-01 -8.503278901703460235e+00 -1.063965447033369399e-01
6.460001292200496792e-01 -8.487132067269664404e+00 -1.193540075534594985e-01
6.470001294200806718e-01 -8.461571308555274840e+00 -1.322747649168918016e-01
6.480001296201117755e-01 -8.426446794540702001e+00 -1.451447850710030907e-01
6.490001298201428792e-01 -8.381616422599160288e+00 -1.579498658279084033e-01
6.500001300201739829e-01 -8.326946208906857549e+00 -1.706756468774744406e-01
6.510001302202050866e-01 -8.262310680700299059e+00 -1.833076226265336617e-01
6.520001304202361903e-01 -8.187593269905088178e+00 -1.958311555331405940e-01
6.530001306202672939e-01 -8.102686707639945141e+00 -2.082314899340156344e-01
6.540001308202983976e-01 -8.007493419078246077e+00 -2.204937663626083677e-01
6.550001310203295013e-01 -7.901925918128393178e+00 -2.326030363544838997e-01
6.560001312203606050e-01 -7.785907201372847197e+00 -2.445442777359815856e-01
6.570001314203915976e-01 -7.659371140684337220e+00 -2.563024103913144613e-01
6.580001316204227013e-01 -7.522262873916191417e+00 -2.678623125025362817e-01
6.590001318204538050e-01 -7.374539193042582319e+00 -2.792088372559419773e-01
6.600001320204849087e-01 -7.216168929102598106e+00 -2.903268300070954155e-01
6.610001322205160124e-01 -7.047133333281210277e+00 -3.012011458971660116e-01
6.620001324205471160e-01 -6.867426453438630674e+00 -3.118166679109996564e-01
6.630001326205782197e-01 -6.677055505378622691e+00 -3.221583253670353697e-01
6.640001328206093234e-01 -6.476041238125399779e+00 -3.322111128281859949e-01
6.650001330206404271e-01 -6.264418292458048931e+00 -3.419601094218280846e-01
6.660001332206715308e-01 -6.042235551931152138e+00 -3.513904985560773464e-01
6.670001334207026344e-01 -5.809556485590078978e+00 -3.604875880185304249e-01
6.680001336207336271e-01 -5.566459481569870249e+00 -3.692368304426484893e-01
6.690001338207647308e-01 -5.313038170747241828e+00 -3.776238441259311407e-01
6.700001340207958345e-01 -5.049401739596929062e+00 -3.856344341829694988e-01
6.710001342208269381e-01 -4.775675231384547637e+00 -3.932546140154359327e-01
6.720001344208580418e-01 -4.491999834811396752e+00 -4.004706270799655021e-01
6.730001346208891455e-01 -4.198533159209177690e+00 -4.072689689338027663e-01
6.740001348209202492e-01 -3.895449495366487103e+00 -4.136364095369940430e-01
6.750001350209513529e-01 -3.582940061053483394e+00 -4.195600157887749981e-01
6.760001352209824566e-01 -3.261213230296534427e+00 -4.250271742746945525e-01
6.770001354210135602e-01 -2.930494745440963111e+00 -4.300256141998624604e-01
6.780001356210446639e-01 -2.591027911027270481e+00 -4.345434304825891991e-01
6.790001358210756566e-01 -2.243073768494626918e+00 -4.385691069825564115e-01
6.800001360211067603e-01 -1.886911250714604638e+00 -4.420915398329348101e-01
6.810001362211378639e-01 -1.522837315349867771e+00 -4.451000608476909925e-01
6.820001364211689676e-01 -1.151167056022841972e+00 -4.475844609773236837e-01
6.830001366212000713e-01 -7.722337902741369664e-01 -4.495350137779420829e-01
6.840001368212311750e-01 -3.863891232845840240e-01 -4.509424988620315822e-01
6.850001370212622787e-01 5.997013668725921683e-03 -4.517982252970814128e-01
6.860001372212933823e-01 4.045363510541485352e-01 -4.520940549171043599e-01
6.870001374213244860e-01 8.088222962570484897e-01 -4.518224255109352105e-01
6.880001376213555897e-01 1.218429977111964435e+00 -4.509763738500782715e-01
6.890001378213866934e-01 1.632916314822834725e+00 -4.495495585177511910e-01
6.900001380214176860e-01 2.051820127293485729e+00 -4.475362824996768629e-01
6.910001382214487897e-01 2.474662263883645075e+00 -4.449315154961043794e-01
6.920001384214798934e-01 2.900945772595338479e+00 -4.417309159134660823e-01
6.930001386215109971e-01 3.330156100684509735e+00 -4.379308524930510815e-01
6.940001388215421008e-01 3.761761329677121068e+00 -4.335284255330662528e-01
6.950001390215732044e-01 4.195212445753550234e+00 -4.285214876594676814e-01
6.960001392216043081e-01 4.629943646445863870e+00 -4.229086641000027180e-01
6.970001394216354118e-01 5.065372684571059381e+00 -4.166893724149881573e-01
6.980001396216665155e-01 5.500901250299236267e+00 -4.098638416374727478e-01
6.990001398216976192e-01 5.935915392228423570e+00 -4.024331307747203712e-01
7.000001400217287229e-01 6.369785978308469154e+00 -3.943991466236566046e-01
7.010001402217597155e-01 6.801869197422336200e+00 -3.857646608440876146e-01
7.020001404217908192e-01 7.231507102397883635e+00 -3.765333262471981524e-01
7.030001406218219229e-01 7.658028195183753439e+00 -3.667096922454362029e-01
7.040001408218530266e-01 8.080748054881730980e+00 -3.562992194112194477e-01
7.050001410218841302e-01 8.498970009280240490e+00 -3.453082930929715633e-01
7.060001412219152339e-01 8.911985850485667271e+00 -3.337442360359196836e-01
7.070001414219463376e-01 9.319076595194957235e+00 -3.216153199547086006e-01
7.080001416219774413e-01 9.719513290096593039e+00 -3.089307760045891804e-01
7.090001418220085450e-01 1.011255786282702296e+01 -2.957008040977210928e-01
7.100001420220396486e-01 1.049746401884560854e+01 -2.819365810109900616e-01
7.110001422220706413e-01 1.087347818452356840e+01 -2.676502672316892761e-01
7.120001424221017450e-01 1.123984049667068064e+01 -2.528550124874478500e-01
7.130001426221328487e-01 1.159578583864746193e+01 -2.375649599069576956e-01
7.140001428221639523e-01 1.194054492313178706e+01 -2.217952487582298127e-01
7.150001430221950560e-01 1.227334542152394192e+01 -2.055620157115093938e-01
7.160001432222261597e-01 1.259341313988688960e+01 -1.888823945743919874e-01
7.170001434222572634e-01 1.289997324122595224e+01 -1.717745144472591079e-01
7.180001436222883671e-01 1.319225151381572836e+01 -1.542574962478292788e-01
7.190001438223194707e-01 1.346947568518138993e+01 -1.363514475544200244e-01
7.200001440223505744e-01 1.373087678123630262e+01 -1.180774557186494989e-01
7.210001442223816781e-01 1.397569052996870553e+01 -9.945757919900340138e-02
7.220001444224126708e-01 1.420315880895569904e+01 -8.051483706656623052e-02
7.230001446224437744e-01 1.441253113586516754e+01 -6.127319664018587159e-02
7.240001448224748781e-01 1.460306620098402952e+01 -4.175755920442104918e-02
7.250001450225059818e-01 1.477403344068448732e+01 -2.199374376790181815e-02
7.260001452225370855e-01 1.492471465060799751e+01 -2.008468821176963466e-03
7.270001454225681892e-01 1.505440563721197833e+01 1.817066794504829108e-02
7.280001456225992928e-01 1.516241790618471441e+01 3.851521199827438735e-02
7.290001458226303965e-01 1.524808038608968275e+01 5.899587643390757918e-02
7.300001460226615002e-01 1.531074118545326357e+01 7.958256858861047223e-02
7.310001462226926039e-01 1.534976938135772251e+01 1.002444188270241038e-01
7.320001464227237076e-01 1.536455683744568645e+01 1.209498115288104719e-01
7.330001466227547002e-01 1.535452004908309398e+01 1.416664183000200528e-01
7.340001468227858039e-01 1.531910201326432386e+01 1.623612334296718474e-01
7.350001470228169076e-01 1.525777412067681382e+01 1.830006116090789337e-01
7.360001472228480113e-01 1.517003806717265846e+01 2.035503079280328864e-01
7.370001474228791150e-01 1.505542778172173968e+01 2.239755201581922484e-01
7.380001476229102186e-01 1.491351136774504837e+01 2.442409333301965579e-01
7.390001478229413223e-01 1.474389305454849186e+01 2.643107666069332562e-01
7.400001480229724260e-01 1.454621515539625776e+01 2.841488224511314886e-01
7.410001482230035297e-01 1.432016002857998771e+01 3.037185380820924818e-01
7.420001484230346334e-01 1.406545203765477048e+01 3.229830392080142998e-01
7.430001486230657370e-01 1.378185950682705041e+01 3.419051960185562899e-01
7.440001488230967297e-01 1.346919666729115939e+01 3.604476814202606794e-01
7.450001490231278334e-01 1.312732559012241396e+01 3.785730314854037215e-01
7.460001492231589371e-01 1.275615810114659965e+01 3.962437080836566650e-01
7.470001494231900407e-01 1.235565767301528517e+01 4.134221636594237470e-01
7.480001496232211444e-01 1.192584128952873357e+01 4.300709081118392896e-01
7.490001498232522481e-01 1.146678127705975747e+01 4.461525777284244265e-01
7.500001500232833518e-01 1.097860709774530186e+01 4.616300061171880742e-01
7.510001502233144555e-01 1.046150709892802944e+01 4.764662970755756954e-01
7.520001504233455591e-01 9.915730213147805117e+00 4.906248993280926673e-01
7.530001506233766628e-01 9.341587602803667068e+00 5.040696830577061638e-01
7.540001508234076555e-01 8.739454243431479696e+00 5.167650181492050576e-01
7.550001510234387592e-01 8.109770439370349138e+00 5.286758540556329988e-01
7.560001512234698628e-01 7.453043265426107844e+00 5.397678011916710039e-01
7.570001514235009665e-01 6.769847927976835322e+00 5.500072137505017666e-01
7.580001516235320702e-01 6.060829038813460024e+00 5.593612738331248391e-01
7.590001518235631739e-01 5.326701794859772576e+00 5.677980767714927435e-01
7.600001520235942776e-01 4.568253056777419552e+00 5.752867175190385929e-01
7.610001522236253813e-01 3.786342319330865624e+00 5.817973779745323482e-01
7.620001524236564849e-01 2.981902566265824284e+00 5.873014150993788318e-01
7.630001526236875886e-01 2.155941002346484670e+00 5.917714496684226555e-01
7.640001528237186923e-01 1.309539655097891275e+00 5.951814555075835012e-01
7.650001530237496850e-01 4.438558387115353887e-01 5.975068490473146587e-01
7.660001532237807886e-01 -4.398775274993932949e-01 5.987245790158676195e-01
7.670001534238118923e-01 -1.340351753764514875e+00 5.988132160901253886e-01
7.680001536238429960e-01 -2.256182375355787251e+00 5.977530423126957704e-01
7.690001538238740997e-01 -3.185909316659738089e+00 5.955261400757294599e-01
7.700001540239052034e-01 -4.127997231569604963e+00 5.921164804637167878e-01
7.710001542239363070e-01 -5.080836027932638999e+00 5.875100107394217730e-01
7.720001544239674107e-01 -6.042741583756268575e+00 5.816947407490244970e-01
7.730001546239985144e-01 -7.011956662823751074e+00 5.746608280146271452e-01
7.740001548240296181e-01 -7.986652037294053486e+00 5.664006612744511004e-01
7.750001550240607218e-01 -8.964927824760714259e+00 5.569089422234008158e-01
7.760001552240917144e-01 -9.944815047119631046e+00 5.461827651992021693e-01
7.770001554241228181e-01 -1.092427741844382716e+01 5.342216945520465998e-01
7.780001556241539218e-01 -1.190121336888205761e+01 5.210278394287159998e-01
7.790001558241850255e-01 -1.287345831139213992e+01 5.066059256953491241e-01
7.800001560242161291e-01 -1.383878715787663971e+01 4.909633647166600223e-01
7.810001562242472328e-01 -1.479491709101852770e+01 4.741103187033007815e-01
7.820001564242783365e-01 -1.573951059780898731e+01 4.560597623340410522e-01
7.830001566243094402e-01 -1.667017877041918084e+01 4.368275403532066448e-01
7.840001568243405439e-01 -1.758448487968903251e+01 4.164324208343745393e-01
7.850001570243716476e-01 -1.847994822609376797e+01 3.948961438114396150e-01
7.860001572244027512e-01 -1.935404827259714722e+01 3.722434649583856170e-01
7.870001574244337439e-01 -2.020422906330425761e+01 3.485021940035978316e-01
7.880001576244648476e-01 -2.102790393129254198e+01 3.237032275608349163e-01
7.890001578244959513e-01 -2.182246049841923607e+01 2.978805760569642747e-01
7.900001580245270549e-01 -2.258526596928388841e+01 2.710713844352504731e-01
7.910001582245581586e-01 -2.331367272085230269e+01 2.433159463126402244e-01
7.920001584245892623e-01 -2.400502418853551845e+01 2.146577112697868051e-01
7.930001586246203660e-01 -2.465666104875253950e+01 1.851432849537931746e-01
7.940001588246514697e-01 -2.526592769719354692e+01 1.548224216757695948e-01
7.950001590246825733e-01 -2.583017902113725128e+01 1.237480091883835787e-01
7.960001592247136770e-01 -2.634678746326237686e+01 9.197604533266812155e-02
7.970001594247447807e-01 -2.681315037342706020e+01 5.956560624850039398e-02
7.980001596247757734e-01 -2.722669764387167390e+01 2.657880584942963823e-02
7.990001598248068770e-01 -2.758489962222818193e+01 -6.919253730065209017e-03
8.000001600248379807e-01 -2.788527529559248208e+01 -4.086054099808708595e-02
8.010001602248690844e-01 -2.812540073773699945e+01 -7.517416355300723940e-02
8.020001604249001881e-01 -2.830291781030367915e+01 -1.097864463773624011e-01
8.030001606249312918e-01 -2.841554310752866286e+01 -1.446210202278299661e-01
8.040001608249623954e-01 -2.846107713270424000e+01 -1.795989203560187375e-01
8.050001610249934991e-01 -2.843741369318340517e+01 -2.146386957796671546e-01
8.060001612250246028e-01 -2.834254949927978728e+01 -2.496565293083889137e-01
8.070001614250557065e-01 -2.817459395090718388e+01 -2.845663685071269100e-01
8.080001616250866991e-01 -2.793177909424306904e+01 -3.192800677613918392e-01
8.090001618251178028e-01 -2.761246972908787711e+01 -3.537075415861862804e-01
8.100001620251489065e-01 -2.721517364593064059e+01 -3.877569292967262271e-01
8.110001622251800102e-01 -2.673855197001915229e+01 -4.213347711337324664e-01
8.120001624252111139e-01 -2.618142958797612607e+01 -4.543461959086345092e-01
8.130001626252422176e-01 -2.554280563070029331e+01 -4.866951202049693004e-01
8.140001628252733212e-01 -2.482186398444668995e+01 -5.182844591411897017e-01
8.150001630253044249e-01 -2.401798380009752520e+01 -5.490163486671412185e-01
8.160001632253355286e-01 -2.313074996871612043e+01 -5.787923793315663534e-01
8.170001634253666323e-01 -2.215996352952510406e+01 -6.075138414210936588e-01
8.180001636253977360e-01 -2.110565197447139951e+01 -6.350819813322974294e-01
8.190001638254287286e-01 -1.996807941153912225e+01 -6.613982689975014262e-01
8.200001640254598323e-01 -1.874775654694961702e+01 -6.863646761421083875e-01
8.210001642254909360e-01 -1.744545044435831116e+01 -7.098839651062268663e-01
8.220001644255220397e-01 -1.606219401711419437e+01 -7.318599879164890964e-01
8.230001646255531433e-01 -1.459929520761252775e+01 -7.521979952450852380e-01
8.240001648255842470e-01 -1.305834580573590209e+01 -7.708049548440073506e-01
8.250001650256153507e-01 -1.144122985636552237e+01 -7.875898789786954790e-01
8.260001652256464544e-01 -9.750131603949656167e+00 -8.024641603498210429e-01
8.270001654256775581e-01 -7.987542920153287263e+00 -8.153419159202005551e-01
8.280001656257086617e-01 -6.156270158695871686e+00 -8.261403380084982873e-01
8.290001658257397654e-01 -4.259440379618345318e+00 -8.347800519525310214e-01
8.300001660257707581e-01 -2.300506883418404591e+00 -8.411854795821404052e-01
8.310001662258018618e-01 -2.832539937649065642e-01 -8.452852076778285539e-01
8.320001664258329654e-01 1.788198974130049912e+00 -8.470123605260638788e-01
8.330001666258640691e-01 3.909394623947707537e+00 -8.463049756154783498e-01
8.340001668258951728e-01 6.075535333384648240e+00 -8.431063814501796871e-01
8.350001670259262765e-01 8.281482121130295582e+00 -8.373655763872681623e-01
8.360001672259573802e-01 1.052175459400855217e+01 -8.290376073355711917e-01
8.370001674259884838e-01 1.279053204356833362e+01 -8.180839470816387848e-01
8.380001676260195875e-01 1.508165576220106807e+01 -8.044728689375412189e-01
8.390001678260506912e-01 1.738863264945560871e+01 -7.881798173330389901e-01
8.400001680260817949e-01 1.970464017959199410e+01 -7.691877729025665689e-01
8.410001682261127876e-01 2.202253280154518933e+01 -7.474876105454166808e-01
8.420001684261438912e-01 2.433484984233788140e+01 -7.230784488657687747e-01
8.430001686261749949e-01 2.663382498455608172e+01 -6.959679893281639496e-01
8.440001688262060986e-01 2.891139738778218771e+01 -6.661728433945446337e-01
8.450001690262372023e-01 3.115922452280710431e+01 -6.337188458388959278e-01
8.460001692262683060e-01 3.336869678602284495e+01 -5.986413523641129775e-01
8.470001694262994096e-01 3.553095395958752079e+01 -5.609855195949998707e-01
8.480001696263305133e-01 3.763690358073497322e+01 -5.208065654420332979e-01
8.490001698263616170e-01 3.967724128093116320e+01 -4.781700077788632042e-01
8.500001700263927207e-01 4.164247315244472247e+01 -4.331518793187803529e-01
8.510001702264238244e-01 4.352294019626053512e+01 -3.858389165225914463e-01
8.520001704264548170e-01 4.530884490109313134e+01 -3.363287203220864385e-01
8.530001706264859207e-01 4.699027999852391702e+01 -2.847298863999100371e-01
8.540001708265170244e-01 4.855725943394940458e+01 -2.311621027289659236e-01
8.550001710265481281e-01 4.999975158707370326e+01 -1.757562120425970875e-01
8.560001712265792317e-01 5.130771476904553197e+01 -1.186542368820912435e-01
8.570001714266103354e-01 5.247113501602364494e+01 -6.000936485049735564e-02
8.580001716266414391e-01 5.348006619089792224e+01 1.410830748873819106e-05
8.590001718266725428e-01 5.432467239607512965e+01 6.124088018018439272e-02
8.600001720267036465e-01 5.499527269061776025e+01 1.234847900894208289e-01
8.610001722267347501e-01 5.548238809456817222e+01 1.865490167683768186e-01
8.620001724267657428e-01 5.577679085196801623e+01 2.502263276371081702e-01
8.630001726267968465e-01 5.586955591185319747e+01 3.142993819528797639e-01
8.640001728268279502e-01 5.575211457334392406e+01 3.785410900558720537e-01
8.650001730268590538e-01 5.541631022681856678e+01 4.427150308606924156e-01
8.660001732268901575e-01 5.485445610803140681e+01 5.065759296598274508e-01
8.670001734269212612e-01 5.405939496587846094e+01 5.698701982003135935e-01
8.680001736269523649e-01 5.302456052730774161e+01 6.323365388779617069e-01
8.690001738269834686e-01 5.174404062457779219e+01 6.937066147642979574e-01
8.700001740270145723e-01 5.021264183068044673e+01 7.537057870158306860e-01
8.710001742270456759e-01 4.842595542823086419e+01 8.120539210459357671e-01
8.720001744270767796e-01 4.638042451548128042e+01 8.684662626421976173e-01
8.730001746271077723e-01 4.407341203032065380e+01 9.226543849936259534e-01
8.740001748271388760e-01 4.150326944917129168e+01 9.743272073504849473e-01
8.750001750271699796e-01 3.866940589259563410e+01 1.023192085773329207e+00
8.760001752272010833e-01 3.557235734316208919e+01 1.068955976136617858e+00
8.770001754272321870e-01 3.221385565373572746e+01 1.111326669234141695e+00
8.780001756272632907e-01 2.859689699583854150e+01 1.150014097488246456e+00
8.790001758272943944e-01 2.472580936812286012e+01 1.184731712390839409e+00
8.800001760273254980e-01 2.060631875433721660e+01 1.215197931400795461e+00
8.810001762273566017e-01 1.624561348849641718e+01 1.241137652588530482e+00
8.820001764273877054e-01 1.165240635234788158e+01 1.262283834853418663e+00
8.830001766274188091e-01 6.836993896729892661e+00 1.278379141042516043e+00
8.840001768274498017e-01 1.811312444129118848e+00 1.289177640769050281e+00
8.850001770274809054e-01 -3.411009805239995085e+00 1.294446569165694783e+00
8.860001772275120091e-01 -8.814605177053520535e+00 1.293968137210200098e+00
8.870001774275431128e-01 -1.438232408542560492e+01 1.287541388629341865e+00
8.880001776275742165e-01 -2.009519843987249743e+01 1.274984097723616205e+00
8.890001778276053201e-01 -2.593241161856489185e+01 1.256134701740864390e+00
8.900001780276364238e-01 -3.187127576601470480e+01 1.230854260712340498e+00
8.910001782276675275e-01 -3.788721720929704162e+01 1.199028436882637161e+00
8.920001784276986312e-01 -4.395377082227227561e+01 1.160569485059414374e+00
8.930001786277297349e-01 -5.004258420176572741e+01 1.115418244377141210e+00
8.940001788277608386e-01 -5.612343255296382694e+01 1.063546121099308461e+00
8.950001790277918312e-01 -6.216424521303605388e+01 1.004957051184828476e+00
8.960001792278229349e-01 -6.813114477179678374e+01 9.396894304169117751e-01
8.970001794278540386e-01 -7.398849977562633740e+01 8.678179989390422122e-01
8.980001796278851423e-01 -7.969899202543442129e+01 7.894556660647711333e-01
8.990001798279162459e-01 -8.522369950056321386e+01 7.047552602298902125e-01
9.000001800279473496e-01 -9.052219595768225702e+01 6.139111879398199134e-01
9.010001802279784533e-01 -9.555266826621887333e+01 5.171609845366347269e-01
9.020001804280095570e-01 -1.002720525490154699e+02 4.147867385734783086e-01
9.030001806280406607e-01 -1.046361901979248614e+02 3.071163705448924364e-01
9.040001808280717643e-01 -1.086000048280958197e+02 1.945247456859552637e-01
9.050001810281027570e-01 -1.121177012208440971e+02 7.743459952826770021e-02
9.060001812281338607e-01 -1.151429872822362057e+02 -4.368274610548122244e-02
9.070001814281649644e-01 -1.176293200117244879e+02 -1.683068999649188213e-01
9.080001816281960680e-01 -1.195301764312013830e+02 -2.958681753313207596e-01
9.090001818282271717e-01 -1.207993503683333500e+02 -4.257476462026991149e-01
9.100001820282582754e-01 -1.213912759176394474e+02 -5.572775116668193807e-01
9.110001822282893791e-01 -1.212613783169274484e+02 -6.897417951753344045e-01
9.120001824283204828e-01 -1.203664528737479316e+02 -8.223774061066092544e-01
9.130001826283515864e-01 -1.186650724546888540e+02 -9.543755915591007888e-01
9.140001828283826901e-01 -1.161180239076612395e+02 -1.084883806752391822e+00
9.150001830284137938e-01 -1.126887736217290978e+02 -1.213008032702761252e+00
9.160001832284447865e-01 -1.083439622382585981e+02 -1.337815569961594786e+00
9.170001834284758901e-01 -1.030539283087438349e+02 -1.458338337134888807e+00
9.180001836285069938e-01 -9.679326044601570800e+01 -1.573576702613258327e+00
9.190001838285380975e-01 -8.954137723376561553e+01 -1.682503877406430259e+00
9.200001840285692012e-01 -8.128313384143029907e+01 -1.784070896160667941e+00
9.210001842286003049e-01 -7.200945393414839657e+01 -1.877212212309313122e+00
9.220001844286314086e-01 -6.171798506721486177e+01 -1.960851931826916195e+00
9.230001846286625122e-01 -5.041377530741667812e+01 -2.033910708185888261e+00
9.240001848286936159e-01 -3.810996832575783344e+01 -2.095313318807012326e+00
9.250001850287247196e-01 -2.482851365299721280e+01 -2.143996940503316129e+00
9.260001852287558233e-01 -1.060088817642806092e+01 -2.178920138088783709e+00
9.270001854287868159e-01 4.531175721608859952e+00 -2.199072576402829604e+00
9.280001856288179196e-01 2.051496073128421571e+01 -2.203485461427318715e+00
9.290001858288490233e-01 3.728604006110229818e+01 -2.191242710879490296e+00
9.300001860288801270e-01 5.476756484098432054e+01 -2.161492848580116366e+00
9.310001862289112307e-01 7.286957155726793189e+01 -2.113461609946305941e+00
9.320001864289423343e-01 9.148831868609002527e+01 -2.046465238054606228e+00
9.330001866289734380e-01 1.105056628870498230e+02 -1.959924440771323217e+00
9.340001868290045417e-01 1.297884864262558153e+02 -1.853378969397809550e+00
9.350001870290356454e-01 1.491881889255191425e+02 -1.726502767933017379e+00
9.360001872290667491e-01 1.685402580918337492e+02 -1.579119629405456582e+00
9.370001874290978527e-01 1.876639357782862305e+02 -1.411219281589760399e+00
9.380001876291288454e-01 2.063619975747065212e+02 -1.222973808690027253e+00
9.390001878291599491e-01 2.244206661350261243e+02 -1.014754298103228924e+00
9.400001880291910528e-01 2.416096806303897608e+02 -7.871475820236096821e-01
9.410001882292221564e-01 2.576825470855750950e+02 -5.409729222527358550e-01
9.420001884292532601e-01 2.723769969246293954e+02 -2.772984629720899874e-01
9.430001886292843638e-01 2.854156838346635823e+02 2.542749769184428354e-03
9.440001888293154675e-01 2.965071520698035670e+02 2.969374116931289276e-01
9.450001890293465712e-01 3.053471125769987680e+02 6.039775282944372936e-01
9.460001892293776748e-01 3.116200668493178227e+02 9.214472028583782226e-01
9.470001894294087785e-01 3.150013222192532112e+02 1.246810977829682976e+00
9.480001896294398822e-01 3.151594464143710752e+02 1.577204104066353141e+00
9.490001898294708749e-01 3.117592136315699349e+02 1.909425157504005099e+00
9.500001900295019786e-01 3.044650991668327151e+02 2.239931471832764753e+00
9.510001902295330822e-01 2.929453847886601920e+02 2.564837909260542670e+00
9.520001904295641859e-01 2.768769425908261042e+02 2.879919549639867515e+00
9.530001906295952896e-01 2.559507710308590163e+02 3.180618941524609777e+00
9.540001908296263933e-01 2.298783632834468165e+02 3.462058627464635219e+00
9.550001910296574970e-01 1.983989949433573656e+02 3.719059730470828828e+00
9.560001912296886006e-01 1.612880255330194075e+02 3.946167469518108817e+00
9.570001914297197043e-01 1.183663162400418116e+02 4.137684559605706802e+00
9.580001916297508080e-01 6.951087486619658762e+01 4.287713546835114187e+00
9.590001918297818007e-01 1.466684815065325331e+01 4.390209231658145583e+00
9.600001920298129043e-01 -4.613900852236687200e+01 4.439042444466879012e+00
9.610001922298440080e-01 -1.127832434639315409e+02 4.428076557630937771e+00
9.620001924298751117e-01 -1.850288511878989084e+02 4.351258247564665282e+00
9.630001926299062154e-01 -2.625064810857526254e+02 4.202724160094474470e+00
9.640001928299373191e-01 -3.446935352929372129e+02 3.976925283007009870e+00
9.650001930299684227e-01 -4.308909648821264682e+02 3.668770991946578963e+00
9.660001932299995264e-01 -5.201975586591836418e+02 3.273794910598995855e+00
9.670001934300306301e-01 -6.114815029449340500e+02 2.788344914202018909e+00
9.680001936300617338e-01 -7.033489737347239270e+02 2.209799807766250623e+00
9.690001938300928375e-01 -7.941095044685649782e+02 1.536815427937854750e+00
9.700001940301238301e-01 -8.817378532439824994e+02 7.696031512076618730e-01
9.710001942301549338e-01 -9.638320725836567817e+02 -8.975595774510246316e-02
9.720001944301860375e-01 -1.037567462747909758e+03 -1.036957854237634313e+00
9.730001946302171412e-01 -1.099646065971603093e+03 -2.065079285731857617e+00
9.740001948302482448e-01 -1.146241333812686207e+03 -3.164134525166508727e+00
9.750001950302793485e-01 -1.172937572929036605e+03 -4.320580630132701216e+00
9.760001952303104522e-01 -1.174663745947714460e+03 -5.516766436156923525e+00
9.770001954303415559e-01 -1.145621173546847331e+03 -6.730320110636031750e+00
9.780001956303726596e-01 -1.079204651320005951e+03 -7.933469685235950308e+00
9.790001958304037633e-01 -9.679164603146000445e+02 -9.092290547094306064e+00
9.800001960304348669e-01 -8.032727132000376287e+02 -1.016587340114480931e+01
9.810001962304658596e-01 -5.757014386921964615e+02 -1.110540571533615761e+01
9.820001964304969633e-01 -2.744317649939884518e+02 -1.185315912539886618e+01
9.830001966305280670e-01 1.126264815435446707e+02 -1.234137470393246261e+01
9.840001968305591706e-01 5.990134937419495600e+02 -1.249103738764091887e+01
9.850001970305902743e-01 1.199861298524704580e+03 -1.221053020407723722e+01
9.860001972306213780e-01 1.932047504706518112e+03 -1.139415824269497790e+01
9.870001974306524817e-01 2.814361875905261059e+03 -9.920531571598301568e+00
9.880001976306835854e-01 3.867686681438209689e+03 -7.650795508241230891e+00
9.890001978307146890e-01 5.115191842460835687e+03 -4.426695806387733967e+00
9.900001980307457927e-01 6.582545959023720570e+03 -6.846541966938220203e-02
9.910001982307768964e-01 8.298144376395091967e+03 5.627481459357020377e+00
9.920001984308078891e-01 1.029335552617197936e+04 1.289106341025912705e+01
9.930001986308389927e-01 1.260278685964552278e+04 2.198127026290883634e+01
9.940001988308700964e-01 1.526457177786776629e+04 3.318914362213644154e+01
9.950001990309012001e-01 1.832067905520858039e+04 4.684101825574216349e+01
9.955001991309166964e-01 2.001084910909577957e+04 5.469594688065078003e+01
9.960001992309323038e-01 2.181724634963411881e+04 6.330204450096485402e+01
9.965001993309479111e-01 2.374634831426398159e+04 7.271164729295530549e+01
9.970001994309634075e-01 2.580493950222094645e+04 8.298001313382327737e+01
9.975001995309789038e-01 2.800012414109467863e+04 9.416545930994321623e+01
9.977501995809867630e-01 2.915124975065221952e+04 1.001211833978218664e+02
9.980001996309945111e-01 3.033933943041998646e+04 1.063295058947431926e+02
9.982501996810022593e-01 3.156537711068765930e+04 1.127986417315212151e+02
9.985001997310101185e-01 3.283036927727588045e+04 1.195370250014033218e+02
9.987501997810178667e-01 3.413534542884599796e+04 1.265533139609687368e+02
9.988751998060216852e-01 3.480315562436236360e+04 1.301684413275093846e+02
9.990001998310256148e-01 3.548135854269375704e+04 1.338563961313359698e+02
9.991001798479230978e-01 3.603138383155152405e+04 1.368593608444096219e+02
9.992001598648205807e-01 3.658821434382639563e+04 1.399102444851118321e+02
9.993001398817178416e-01 3.715192067918146495e+04 1.430096473611917531e+02
9.994001198986153245e-01 3.772257407234976563e+04 1.461581760239258472e+02
9.995000999155128074e-01 3.830024639820233278e+04 1.493564433240020151e+02
9.995500899239615489e-01 3.859173729807918426e+04 1.509744222152490352e+02
9.996000799324102903e-01 3.888501017686608247e+04 1.526050684679151175e+02
9.996500699408590318e-01 3.918007420124456257e+04 1.542484604852272412e+02
9.997000599493076622e-01 3.947693857886938349e+04 1.559046770747725361e+02
9.997500499577564037e-01 3.977561255853439070e+04 1.575737974503132648e+02
9.997750449619807744e-01 3.992563105066801654e+04 1.584132214236339848e+02
9.998000399662051452e-01 4.007610543033195427e+04 1.592559012335717341e+02
9.998250349704295159e-01 4.022703686526803358e+04 1.601018468968855473e+02
9.998500299746537756e-01 4.037842652581911534e+04 1.609510684560557365e+02
9.998750249788781463e-01 4.053027558493713877e+04 1.618035759793567365e+02
9.998875224809903317e-01 4.060637275621970184e+04 1.622310651309521745e+02
9.999000199831025171e-01 4.068258521818417648e+04 1.626593795608911535e+02
9.999100179847922876e-01 4.074363829606350919e+04 1.630026261558203657e+02
9.999200159864820581e-01 4.080476532980390766e+04 1.633464023878189550e+02
9.999300139881717175e-01 4.086596639499279991e+04 1.636907089063903413e+02
9.999400119898614880e-01 4.092724156728687376e+04 1.640355463617150065e+02
9.999500099915512585e-01 4.098859092240819882e+04 1.643809154046281833e+02
9.999550089923960883e-01 4.101929344221045176e+04 1.645537994749980157e+02
9.999600079932410290e-01 4.105001453614668571e+04 1.647268166866356580e+02
9.999650069940859698e-01 4.108075421370060940e+04 1.648999671210797828e+02
9.999700059949307995e-01 4.111151248435992602e+04 1.650732508599106438e+02
9.999750049957756293e-01 4.114228935761808680e+04 1.652466679847583180e+02
9.999775044961980441e-01 4.115768477318935766e+04 1.653334265924580393e+02
9.999800039966204590e-01 4.117308484297201358e+04 1.654202185772905978e+02
9.999825034970428739e-01 4.118848956815381825e+04 1.655070439494709547e+02
9.999850029974652887e-01 4.120389894992284826e+04 1.655939027192168851e+02
9.999875024978877036e-01 4.121931298946738389e+04 1.656807948967485800e+02
9.999887522480990221e-01 4.122702175627758697e+04 1.657242535166325013e+02
9.999900019983102295e-01 4.123473168797671678e+04 1.657677204922926535e+02
9.999910017984792177e-01 4.124090047215654340e+04 1.658025000898424537e+02
9.999920015986483168e-01 4.124707000203760253e+04 1.658372850365679199e+02
9.999930013988171940e-01 4.125324027769396344e+04 1.658720753331123490e+02
9.999940011989861821e-01 4.125941129920374078e+04 1.659068709801419175e+02
9.999950009991551703e-01 4.126558306664250995e+04 1.659416719783073404e+02
9.999955008992396088e-01 4.126866923010865139e+04 1.659590744842688537e+02
9.999960007993240474e-01 4.127175558008554799e+04 1.659764783282597875e+02
9.999965006994085970e-01 4.127484211658341519e+04 1.659938835103661745e+02
9.999970005994931466e-01 4.127792883961107145e+04 1.660112900306657195e+02
9.999975004995775851e-01 4.128101574917742255e+04 1.660286978892366676e+02
9.999977504496198044e-01 4.128255927391579462e+04 1.660374023204009006e+02
9.999980003996620237e-01 4.128410284529256023e+04 1.660461070861646533e+02
9.999982503497042430e-01 4.128564646330894902e+04 1.660548121865380438e+02
9.999985002997464623e-01 4.128719012796609604e+04 1.660635176215314743e+02
9.999987502497886815e-01 4.128873383926520910e+04 1.660722233911550063e+02
9.999988752248099022e-01 4.128950571240654244e+04 1.660765764014602155e+02
9.999990001998310118e-01 4.129027759720815811e+04 1.660809294954229642e+02
9.999991001798479440e-01 4.129089511344566563e+04 1.660844120308317997e+02
9.999992001598647651e-01 4.129151263714571542e+04 1.660878946197814514e+02
9.999993001398816972e-01 4.129213016830969718e+04 1.660913772622804174e+02
9.999994001198986293e-01 4.129274770693695609e+04 1.660948599583254577e+02
9.999995000999155614e-01 4.129336525302761584e+04 1.660983427079172259e+02
9.999995500899239165e-01 4.129367402887106437e+04 1.661000841027893955e+02
9.999996000799323825e-01 4.129398280658110161e+04 1.661018255110524535e+02
9.999996500699408486e-01 4.129429158615699998e+04 1.661035669327024493e+02
9.999997000599493147e-01 4.129460036759881041e+04 1.661053083677395534e+02
9.999997500499577807e-01 4.129490915090650378e+04 1.661070498161639648e+02
9.999997750449619582e-01 4.129506354325975553e+04 1.661079205453943928e+02
9.999998000399661358e-01 4.129521793607943982e+04 1.661087912779716760e+02
9.999998250349704243e-01 4.129537232936629152e+04 1.661096620138996514e+02
9.999998500299746018e-01 4.129552672311900824e+04 1.661105327531705314e+02
9.999998750249788904e-01 4.129568111733885598e+04 1.661114034957921035e+02
9.999998875224809236e-01 4.129575831462301721e+04 1.661118388683541980e+02
9.999999000199830679e-01 4.129583551202449598e+04 1.661122742417568645e+02
9.999999143028426296e-01 4.129592373776876047e+04 1.661127718123833006e+02
9.999999285857021913e-01 4.129601196366540535e+04 1.661132693841025514e+02
9.999999428685617531e-01 4.129610018971434329e+04 1.661137669569147874e+02
9.999999571514213148e-01 4.129618841591558157e+04 1.661142645308198098e+02
9.999999714342808765e-01 4.129627664226919296e+04 1.661147621058176469e+02
9.999999857171404383e-01 4.129636486877509742e+04 1.661152596819084408e+02
1.000000000000000000e+00 4.129645309543333133e+04 1.661157572590921347e+02
