# -12 2 0.487715258643 0.000640997489175
# x xi_r xi_h
1.000000200031036027e-03 1.320990522552828228e+00 6.600844767845092109e-01
1.083333550033622073e-03 1.430846007509214868e+00 7.149007949724851541e-01
1.166666900036207903e-03 1.540647033642310593e+00 7.696713811894431156e-01
1.250000250038793949e-03 1.650389425083842676e+00 8.243927331379572454e-01
1.333333600041381080e-03 1.760069008847228389e+00 8.790613519693371014e-01
1.500000300046552956e-03 1.979223077115044749e+00 9.882264136403968724e-01
1.666667000051725916e-03 2.198075920460090593e+00 1.097138653931221564e+00
1.833333700056899093e-03 2.416594280815592466e+00 1.205770231752015587e+00
2.000000400062071186e-03 2.634744966804509758e+00 1.314093385109547318e+00
2.250000450069830193e-03 2.961209183688211066e+00 1.475939311597755932e+00
2.500000500077589199e-03 3.286660215451545852e+00 1.636936057110722320e+00
2.750000550085349073e-03 3.610987096968300669e+00 1.796991172272973669e+00
3.000000600093107213e-03 3.934079369187097885e+00 1.956012805676142996e+00
3.333334000103451832e-03 4.362758691777026243e+00 2.166276491165923357e+00
3.666667400113796885e-03 4.788789022720693289e+00 2.374326665305428907e+00
4.000000800124142372e-03 5.211913664066160301e+00 2.579951659282488041e+00
4.500000900139660386e-03 5.840596697167995011e+00 2.883385700671353469e+00
5.000001000155178399e-03 6.461322521621423398e+00 3.180201303268100244e+00
5.500001100170696412e-03 7.073257771943132433e+00 3.469722865207994555e+00
6.000001200186214426e-03 7.675584852627464372e+00 3.751293262458559763e+00
6.500001300201731572e-03 8.267503384183262582e+00 4.024275497080472164e+00
7.000001400217249585e-03 8.848231614549781909e+00 4.288054294052987991e+00
7.500001500232767598e-03 9.417007789504097559e+00 4.542037633890026349e+00
8.000001600248286479e-03 9.973091482538174901e+00 4.785658227367989070e+00
9.000001800279322506e-03 1.104433400998509462e+01 5.239674011050990288e+00
1.000000200031036027e-02 1.205650992303040248e+01 5.646109457665786202e+00
1.100000220034138936e-02 1.300458822059181685e+01 6.001450213083764140e+00
1.200000240037243059e-02 1.388398977864648209e+01 6.302693539946350398e+00
1.300000260040345967e-02 1.469061719236107244e+01 6.547376563547691042e+00
1.400000280043449917e-02 1.542088062846556618e+01 6.733598711217526400e+00
1.500000300046552999e-02 1.607171949376612119e+01 6.860038100298896602e+00
1.600000320049656949e-02 1.664061976355083416e+01 6.925961740381037401e+00
1.700000340052760031e-02 1.712562685764594406e+01 6.931229473098156291e+00
1.800000360055864154e-02 1.752535398973897784e+01 6.876291627509056426e+00
1.900000380058967930e-02 1.783898596034413231e+01 6.762180484834273919e+00
2.000000400062071013e-02 1.806627840374058636e+01 6.590495656256535995e+00
2.100000420065175136e-02 1.820755253648208338e+01 6.363383579334650264e+00
2.200000440068278912e-02 1.826368549903924432e+01 6.083511414680448759e+00
2.300000460071381994e-02 1.823609642275062370e+01 5.754035672606902629e+00
2.400000480074486117e-02 1.812672838812203224e+01 5.378565935342199289e+00
2.500000500077589893e-02 1.793802647566512221e+01 4.961124126134582646e+00
2.600000520080694016e-02 1.767291214465491578e+01 4.506099804713320722e+00
2.700000540083797099e-02 1.733475420499543773e+01 4.018202013994645938e+00
2.800000560086900875e-02 1.692733667474394821e+01 3.502408235061036379e+00
2.900000580090004998e-02 1.645482384003046405e+01 2.963911035608444156e+00
3.000000600093108080e-02 1.592172285510095442e+01 2.408063017170595899e+00
3.100000620096211856e-02 1.533284423743799785e+01 1.840320676967941438e+00
3.200000640099315979e-02 1.469326062663282073e+01 1.266187807944241239e+00
3.300000660102418715e-02 1.400826418574147247e+01 6.911590571924682846e-01
3.400000680105522838e-02 1.328332303009852211e+01 1.206642544450316212e-01
3.500000700108626961e-02 1.252403707110720354e+01 -4.399858939298002536e-01
3.600000720111729696e-02 1.173609366121123898e+01 -9.856521736401824274e-01
3.700000740114833819e-02 1.092522342138801683e+01 -1.511416749981684848e+00
3.800000760117937249e-02 1.009715662409679560e+01 -2.012630066509669913e+00
3.900000780121040678e-02 9.257580492710836495e+00 -2.484954287242028936e+00
4.000000800124144801e-02 8.412097763475649970e+00 -2.924402859440902169e+00
4.100000820127248924e-02 7.566186837947620702e+00 -3.327375825158329192e+00
4.200000840130351659e-02 6.725163832985077583e+00 -3.690690561180785867e+00
4.300000860133455782e-02 5.894146812116315637e+00 -4.011607682997925473e+00
4.400000880136559905e-02 5.078022456470749901e+00 -4.287851908505238896e+00
4.500000900139663335e-02 4.281415405927437412e+00 -4.517627734033538012e+00
4.600000920142766764e-02 3.508660472138743103e+00 -4.699629836218347734e+00
4.700000940145870887e-02 2.763777894607801766e+00 -4.833048175261339452e+00
4.800000960148974316e-02 2.050451779613725822e+00 -4.917567831889764207e+00
4.900000980152077745e-02 1.372011829937157534e+00 -4.953363668403067521e+00
5.000001000155181868e-02 7.314184409312555202e-01 -4.941089964053705152e+00
5.100001020158285991e-02 1.312512062497095122e-01 -4.881865222059711407e+00
5.200001040161388727e-02 -4.262991551900519593e-01 -4.777252399099345403e+00
5.300001060164492850e-02 -9.394354707024556994e-01 -4.629234853455667320e+00
5.400001080167596973e-02 -1.406755433668958499e+00 -4.440188348336837620e+00
5.500001100170699708e-02 -1.827249650777569068e+00 -4.212849489206337061e+00
5.600001120173805219e-02 -2.200296523219561262e+00 -3.950280997608428102e+00
5.700001140176907954e-02 -2.525654094022509177e+00 -3.655834256186334397e+00
5.800001160180010690e-02 -2.803449017663492526e+00 -3.333109580114054893e+00
5.900001180183116201e-02 -3.034162829885862056e+00 -2.985914685536704916e+00
6.000001200186218936e-02 -3.218615714982498766e+00 -2.618221832895166301e+00
6.100001220189323059e-02 -3.357947984890592874e+00 -2.234124132252646167e+00
6.200001240192425794e-02 -3.453599499072411483e+00 -1.837791493087491235e+00
6.300001260195529917e-02 -3.507287266053269903e+00 -1.433426694694987180e+00
6.400001280198633347e-02 -3.520981476817332201e+00 -1.025222041994865885e+00
6.500001300201738164e-02 -3.496880226947883141e+00 -6.173170541168816472e-01
6.600001320204841593e-02 -3.437383188475453100e+00 -2.137576123987032783e-01
6.700001340207945022e-02 -3.345064493886499957e+00 1.815430319410188953e-01
6.800001360211048451e-02 -3.222645093688570661e+00 5.648410197200987026e-01
6.900001380214151880e-02 -3.072964845447228921e+00 9.325960775033143024e-01
7.000001400217256697e-02 -2.898954586407422873e+00 1.281502841357507583e+00
7.100001420220360127e-02 -2.703608433812327405e+00 1.608519047341546715e+00
7.200001440223463556e-02 -2.489956546991634045e+00 1.910890365776516386e+00
7.300001460226566985e-02 -2.261038573371606741e+00 2.186171698176189615e+00
7.400001480229669026e-02 -2.019877986938688252e+00 2.432244798448321532e+00
7.500001500232772456e-02 -1.769457512560112411e+00 2.647332123050506691e+00
7.600001520235874497e-02 -1.512695813126745392e+00 2.830006857839769907e+00
7.700001540238977926e-02 -1.252425598938884166e+00 2.979199111765010066e+00
7.800001560242081355e-02 -9.913733003181571801e-01 3.094198308884179127e+00
7.900001580245183397e-02 -7.321404253084197178e-01 3.174651850045878909e+00
8.000001600248286826e-02 -4.771867047345070834e-01 3.220560153569754558e+00
8.100001620251390255e-02 -2.288151070294967560e-01 3.232268219881902382e+00
8.200001640254492297e-02 1.084121467662836624e-02 3.210453898125788630e+00
8.300001660257595726e-02 2.398300004977999278e-01 3.156113062950580694e+00
8.400001680260697767e-02 4.563889635160030545e-01 3.070541936694260787e+00
8.500001700263801196e-02 6.589528670015643019e-01 2.955316815687726084e+00
8.600001720266904626e-02 8.461586131376149789e-01 2.812271479695229282e+00
8.700001740270006667e-02 1.016848374739449223e+00 2.643472579958013213e+00
8.800001760273110096e-02 1.170070817981524458e+00 2.451193314012072300e+00
8.900001780276212138e-02 1.305080479587692466e+00 2.237885704585895308e+00
9.000001800279315567e-02 1.421335376199460487e+00 2.006151805255895759e+00
9.100001820282418996e-02 1.518492936617024114e+00 1.758714157221080931e+00
9.200001840285521038e-02 1.596404359228662528e+00 1.498385819596634416e+00
9.300001860288624467e-02 1.655107507167389524e+00 1.228040290915796806e+00
9.400001880291727896e-02 1.694818462500807810e+00 9.505816305457613913e-01
9.500001900294829937e-02 1.715921868040479303e+00 6.689150775186548659e-01
9.600001920297933367e-02 1.718960191156828632e+00 3.859184499896492482e-01
9.700001940301035408e-02 1.704622048301711379e+00 1.044145917282356256e-01
9.800001960304138837e-02 1.673729731791086861e+00 -1.728548870702024398e-01
9.900001980307242266e-02 1.627226081828542448e+00 -4.432543482144440938e-01
1.000000200031034014e-01 1.566160846794144135e+00 -7.042771396847735677e-01
1.010000202031345051e-01 1.491676673538306686e+00 -9.535667060723775901e-01
1.020000204031654978e-01 1.404994866882857352e+00 -1.188935640975143260e+00
1.030000206031965043e-01 1.307401053814967185e+00 -1.408382553014267069e+00
1.040000208032275941e-01 1.200230883051138564e+00 -1.610106643457457132e+00
1.050000210032586007e-01 1.084855884848631602e+00 -1.792519919748241986e+00
1.060000212032895933e-01 9.626696092344749767e-01 -1.954256996133468816e+00
1.070000214033206970e-01 8.350741533143787310e-01 -2.094182458097090027e+00
1.080000216033517035e-01 7.034671801345847575e-01 -2.211395792770527446e+00
1.090000218033826962e-01 5.692295227926088552e-01 -2.305233911850009143e+00
1.100000220034137027e-01 4.337134582387092152e-01 -2.375271316902458629e+00
1.110000222034448064e-01 2.982317256047881671e-01 -2.421317978146899197e+00
1.120000224034757991e-01 1.640473540235855288e-01 -2.443415019225104956e+00
1.130000226035068056e-01 3.236435486204048556e-02 -2.441828318439632550e+00
1.140000228035378954e-01 -9.568067678218251937e-02 -2.417040153914938205e+00
1.150000230035689019e-01 -2.190260165090105460e-01 -2.369739035171730457e+00
1.160000232035998946e-01 -3.366912960634945162e-01 -2.300807876650775796e+00
1.170000234036309011e-01 -4.477830045745467835e-01 -2.211310679267606716e+00
1.180000236036620048e-01 -5.514989997295843827e-01 -2.102477895108356254e+00
1.190000238036929975e-01 -6.471320320475005827e-01 -1.975690657619378898e+00
1.200000240037240040e-01 -7.340722939809039005e-01 -1.832464063491506590e+00
1.210000242037550938e-01 -8.118090136403869339e-01 -1.674429695533716345e+00
1.220000244037861004e-01 -8.799311204564966848e-01 -1.503317576411009382e+00
1.230000246038171069e-01 -9.381270170246654994e-01 -1.320937741885964245e+00
1.240000248038480996e-01 -9.861834976703466316e-01 -1.129161618742498652e+00
1.250000250038791894e-01 -1.023983859923545126e+00 -9.299033886969014784e-01
1.260000252039102098e-01 -1.051505260068418490e+00 -7.251015124031320314e-01
1.270000254039412024e-01 -1.068815368210404904e+00 -5.167005801569006795e-01
1.280000256039723061e-01 -1.076068381894839554e+00 -3.066336467611038286e-01
1.290000258040032988e-01 -1.073500460210249807e+00 -9.680519769295894972e-02
1.300000260040342914e-01 -1.061424642521357598e+00 1.109251176835675534e-01
1.310000262040653118e-01 -1.040225317522688764e+00 3.147578620859711185e-01
1.320000264040963878e-01 -1.010352309199055387e+00 5.129681847447403742e-01
1.330000266041274082e-01 -9.723146465425582807e-01 7.039190970110363876e-01
1.340000268041584008e-01 -9.266740835432011325e-01 8.860735656110242386e-01
1.350000270041893935e-01 -8.740384350727061769e-01 1.058005354117109720e+00
1.360000272042204972e-01 -8.150547928530778030e-01 1.218408557374272450e+00
1.370000274042514898e-01 -7.504026837898262192e-01 1.366105787385503811e+00
1.380000276042825103e-01 -6.807872305867049834e-01 1.500054983627918448e+00
1.390000278043135862e-01 -6.069323717868019274e-01 1.619354833931174076e+00
1.400000280043446066e-01 -5.295741952610664161e-01 1.723248805335425127e+00
1.410000282043755993e-01 -4.494544357256424760e-01 1.811127796954331126e+00
1.420000284044067029e-01 -3.673141831596163920e-01 1.882531439015765695e+00
1.430000286044376956e-01 -2.838878450742323145e-01 1.937148072851118341e+00
1.440000288044686882e-01 -1.998974014844434044e-01 1.974813457995381549e+00
1.450000290044997919e-01 -1.160469871948620751e-01 1.995508261609156175e+00
1.460000292045308123e-01 -3.301783169797985196e-02 1.999354394171086735e+00
1.470000294045618050e-01 4.853641737866743605e-02 1.986610263209154681e+00
1.480000296045927977e-01 1.279939657075171988e-01 1.957665023635879242e+00
1.490000298046239013e-01 2.047687213417653529e-01 1.913031908893997102e+00
1.500000300046548940e-01 2.783137084616050250e-01 1.853340731661306195e+00
1.510000302046858867e-01 3.481240369719286742e-01 1.779329647422853045e+00
1.520000304047169903e-01 4.137394231691202684e-01 1.691836276097814284e+00
1.530000306047480108e-01 4.747462605569740535e-01 1.591788279120175398e+00
1.540000308047790034e-01 5.307792435767749728e-01 1.480193490155915725e+00
1.550000310048101071e-01 5.815225504941254897e-01 1.358129697589826046e+00
1.560000312048410998e-01 6.267105949387373753e-01 1.226734176023220213e+00
1.570000314048720924e-01 6.661283586032442638e-01 1.087193062108487540e+00
1.580000316049031128e-01 6.996113203686582516e-01 9.407306679461427956e-01
1.590000318049341888e-01 7.270449996240587742e-01 7.885988217625080621e-01
1.600000320049652092e-01 7.483641337745376987e-01 6.320663218686136675e-01
1.610000322049962018e-01 7.635515118867980400e-01 4.724085855200698680e-01
1.620000324050271945e-01 7.726364881022727005e-01 3.108975693896616210e-01
1.630000326050582982e-01 7.756931998535300243e-01 1.487920330245123546e-01
1.640000328050892908e-01 7.728385170566285378e-01 -1.267178897746012133e-02
1.650000330051203112e-01 7.642297493207179659e-01 -1.722890465125718196e-01
1.660000332051513872e-01 7.500621388255745980e-01 -3.288946117959973825e-01
1.670000334051824076e-01 7.305661668807519327e-01 -4.813708484269486054e-01
1.680000336052134002e-01 7.060047023029420998e-01 -6.286547712213810257e-01
1.690000338052443929e-01 6.766700196435226911e-01 -7.697445628839082454e-01
1.700000340052754966e-01 6.428807149803573706e-01 -9.037054201167356027e-01
1.710000342053064892e-01 6.049785464706788352e-01 -1.029674708247150239e+00
1.720000344053375096e-01 5.633252261576388031e-01 -1.146866409944050647e+00
1.730000346053686133e-01 5.182991886518192315e-01 -1.254574859490050986e+00
1.740000348053996060e-01 4.702923612864443603e-01 -1.352177760286605412e+00
1.750000350054305986e-01 4.197069591830402402e-01 -1.439138488895666201e+00
1.760000352054615913e-01 3.669523273840211708e-01 -1.515007694358766477e+00
1.770000354054926950e-01 3.124418508251086690e-01 -1.579424206639994166e+00
1.780000356055236876e-01 2.565899514506947421e-01 -1.632115272773779768e+00
1.790000358055547081e-01 1.998091902331504410e-01 -1.672896143840908900e+00
1.800000360055858117e-01 1.425074902616158823e-01 -1.701669039665108185e+00
1.810000362056168044e-01 8.508549543257130920e-02 -1.718421521899015758e+00
1.820000364056477971e-01 2.793407761426246194e-02 -1.723224309338852622e+00
1.830000366056787897e-01 -2.856799651278578434e-02 -1.716228572080854109e+00
1.840000368057098934e-01 -8.405622940372839413e-02 -1.697662743512855510e+00
1.850000370057409138e-01 -1.381823795017605994e-01 -1.667828891081432952e+00
1.860000372057719065e-01 -1.906162647357483864e-01 -1.627098688381733105e+00
1.870000374058030101e-01 -2.410473779910699832e-01 -1.575909032217089223e+00
1.880000376058340028e-01 -2.891863114201377316e-01 -1.514757349035471323e+00
1.890000378058649955e-01 -3.347659879418751205e-01 -1.444196635597836620e+00
1.900000380058959881e-01 -3.775426996981225414e-01 -1.364830278733512481e+00
1.910000382059270918e-01 -4.172969545819864567e-01 -1.277306698742765478e+00
1.920000384059581122e-01 -4.538341332228892910e-01 -1.182313860379984982e+00
1.930000386059891049e-01 -4.869849600006855295e-01 -1.080573694438528909e+00
1.940000388060202086e-01 -5.166057927629441604e-01 -9.728364717883513091e-01
1.950000390060512012e-01 -5.425787369306804830e-01 -8.598751701846443218e-01
1.960000392060821939e-01 -5.648115905972863615e-01 -7.424798725835445312e-01
1.970000394061132976e-01 -5.832376280522125755e-01 -6.214522337790238105e-01
1.980000396061442902e-01 -5.978152298931128650e-01 -4.976000501251786057e-01
1.990000398061753106e-01 -6.085273685283159040e-01 -3.717319648989288461e-01
2.000000400062063866e-01 -6.153809584162888147e-01 -2.446523395199773909e-01
2.010000402062374070e-01 -6.184060808419238331e-01 -1.171563184148879805e-01
2.020000404062683996e-01 -6.176550933921761688e-01 9.974887244074165382e-03
2.030000406062993923e-01 -6.132016345688401371e-01 1.359784742434041183e-01
2.040000408063304960e-01 -6.051395341674351558e-01 2.601142604212260956e-01
2.050000410063614886e-01 -5.935816401610296555e-01 3.816686187265219687e-01
2.060000412063925090e-01 -5.786585728604973777e-01 4.999581174471551814e-01
2.070000414064236127e-01 -5.605174170823298274e-01 6.143328544020261184e-01
2.080000416064546054e-01 -5.393203629459966120e-01 7.241794754741083251e-01
2.090000418064855980e-01 -5.152433057493202018e-01 8.289238703557749721e-01
2.100000420065165907e-01 -4.884744151380068788e-01 9.280335407791232560e-01
2.110000422065476944e-01 -4.592126834988102257e-01 1.021019638882410652e+00
2.120000424065786870e-01 -4.276664631694463981e-01 1.107438675592576249e+00
2.130000426066097075e-01 -3.940520016779865964e-01 1.186893901042323840e+00
2.140000428066408111e-01 -3.585919838047416097e-01 1.259036361058650799e+00
2.150000430066718038e-01 -3.215140888057261837e-01 1.323565635652463435e+00
2.160000432067027965e-01 -2.830495706536395040e-01 1.380230267199428873e+00
2.170000434067337891e-01 -2.434318686447684565e-01 1.428827887617269976e+00
2.180000436067648928e-01 -2.028952551934230797e-01 1.469205055303283158e+00
2.190000438067959132e-01 -1.616735270914464173e-01 1.501256814124435346e+00
2.200000440068269059e-01 -1.199987459574316656e-01 1.524925987596744470e+00
2.210000442068580095e-01 -7.810003304193915974e-02 1.540202222721836822e+00
2.220000444068890022e-01 -3.620242299130598668e-02 1.547120798765218241e+00
2.230000446069199949e-01 5.474219388588216079e-03 1.545761217019326672e+00
2.240000448069509875e-01 4.671621588393125996e-02 1.536245588223681624e+00
2.250000450069820912e-01 8.731702220414179483e-02 1.518736834801356794e+00
2.260000452070131116e-01 1.270781034951955490e-01 1.493436725463605397e+00
2.270000454070441043e-01 1.658097361618178500e-01 1.460583759868982590e+00
2.280000456070752080e-01 2.033317346312708274e-01 1.420450921083518780e+00
2.290000458071062006e-01 2.394741021833484973e-01 1.373343313934827226e+00
2.300000460071371933e-01 2.740776054415890450e-01 1.319595706794822298e+00
2.310000462071682137e-01 3.069942725661760075e-01 1.259569994328292752e+00
2.320000464071992896e-01 3.380878156133436119e-01 1.193652598385778862e+00
2.330000466072303100e-01 3.672339779251628245e-01 1.122251823812001836e+00
2.340000468072613027e-01 3.943208077867824679e-01 1.045795185453715970e+00
2.350000470072924064e-01 4.192488599346129163e-01 9.647267220715002312e-01
2.360000472073233990e-01 4.419313268191745747e-01 8.795043123204598912e-01
2.370000474073543917e-01 4.622941018184502648e-01 7.905970071478954919e-01
2.380000476073854121e-01 4.802757768612147538e-01 6.984823922897807069e-01
2.390000478074164880e-01 4.958275771570663792e-01 6.036439937901403319e-01
2.400000480074475084e-01 5.089132359395759364e-01 5.065687386185554475e-01
2.410000482074785011e-01 5.195088123112120426e-01 4.077444816259435667e-01
2.420000484075096048e-01 5.276024554345228879e-01 3.076576092122014217e-01
2.430000486075405974e-01 5.331941184439308312e-01 2.067907291970400574e-01
2.440000488075715901e-01 5.362952255571621363e-01 1.056204554881395724e-01
2.450000490076026105e-01 5.369282959451326942e-01 4.615295231213976945e-03
2.460000492076336864e-01 5.351265279764895189e-01 -9.576635470817597418e-02
2.470000494076647068e-01 5.309333474875795877e-01 -1.950780960448611490e-01
2.480000496076956995e-01 5.244019237413417578e-01 -2.928872971100653921e-01
2.490000498077268032e-01 5.155946567316450624e-01 -3.887767364404998149e-01
2.500000500077578236e-01 5.045826394636029333e-01 -4.823461185795664963e-01
2.510000502077888163e-01 4.914450987966136331e-01 -5.732134595656629417e-01
2.520000504078199199e-01 4.762688183766662919e-01 -6.610163403672102422e-01
2.530000506078509126e-01 4.591475471090318838e-01 -7.454130272883157105e-01
2.540000508078819053e-01 4.401813965328862932e-01 -8.260834591066246180e-01
2.550000510079130089e-01 4.194762303575007567e-01 -9.027301013562404330e-01
2.560000512079438906e-01 3.971430493063254352e-01 -9.750786688587411710e-01
2.570000514079749943e-01 3.732973742917383153e-01 -1.042878718202919108e+00
2.580000516080059869e-01 3.480586308109108185e-01 -1.105904112450093457e+00
2.590000518080369796e-01 3.215495373132029600e-01 -1.163953360874681486e+00
2.600000520080680833e-01 2.938955001430685332e-01 -1.216849837040899329e+00
2.610000522080990759e-01 2.652240175105333164e-01 -1.264441878975834488e+00
2.620000524081301241e-01 2.356640947854322377e-01 -1.306602775566126473e+00
2.630000526081611723e-01 2.053456732525101025e-01 -1.343230643721714079e+00
2.640000528081922204e-01 1.743990743028326351e-01 -1.374248201154791182e+00
2.650000530082232131e-01 1.429544608743879008e-01 -1.399602439889820360e+00
2.660000532082543168e-01 1.111413177919778200e-01 -1.419264205876691110e+00
2.670000534082853094e-01 7.908795249408862027e-02 -1.433227690278449540e+00
2.680000536083163021e-01 4.692101747333428385e-02 -1.441509838169658275e+00
2.690000538083474058e-01 1.476505559812362617e-02 -1.444149680509011935e+00
2.700000540083783984e-01 -1.725793067303830336e-02 -1.441207595341846837e+00
2.710000542084093911e-01 -4.902888532616549860e-02 -1.432764504249544490e+00
2.720000544084403837e-01 -8.043207936578210260e-02 -1.418921010083060041e+00
2.730000546084714874e-01 -1.113554653632588404e-01 -1.399796482018168975e+00
2.740000548085024801e-01 -1.416910055541704128e-01 -1.375528093934787810e+00
2.750000550085334727e-01 -1.713349731936510134e-01 -1.346269822062239330e+00
2.760000552085645764e-01 -2.001882270074374914e-01 -1.312191407746524208e+00
2.770000554085956246e-01 -2.281564586991136900e-01 -1.273477291086432039e+00
2.780000556086266172e-01 -2.551504135906457194e-01 -1.230325521057263449e+00
2.790000558086576099e-01 -2.810860845834857180e-01 -1.182946647583312583e+00
2.800000560086887136e-01 -3.058848797311135570e-01 -1.131562600850865685e+00
2.810000562087197062e-01 -3.294737638109436206e-01 -1.076405562991677556e+00
2.820000564087506989e-01 -3.517853743739138284e-01 -1.017716837038988853e+00
2.830000566087816916e-01 -3.727581128334139793e-01 -9.557457178630035521e-01
2.840000568088127952e-01 -3.923362112319855877e-01 -8.907483695682781866e-01
2.850000570088437879e-01 -4.104697753942430083e-01 -8.229867136048378828e-01
2.860000572088747806e-01 -4.271148052377621296e-01 -7.527273316069527098e-01
2.870000574089058842e-01 -4.422331930704193614e-01 -6.802403867302886376e-01
2.880000576089368769e-01 -4.557927007529627983e-01 -6.057985670079234497e-01
2.890000578089679251e-01 -4.677669166495211917e-01 -5.296760539978603299e-01
2.900000580089989732e-01 -4.781351933265826637e-01 -4.521475197402644031e-01
2.910000582090300214e-01 -4.868825669927987487e-01 -3.734871547894936250e-01
2.920000584090611251e-01 -4.939996596980043009e-01 -2.939677298343785772e-01
2.930000586090921177e-01 -4.994825653303539004e-01 -2.138596931701867432e-01
2.940000588091231104e-01 -5.033327204656077303e-01 -1.334303060385387263e-01
2.950000590091542141e-01 -5.055567611326895472e-01 -5.294281760844003759e-02
2.960000592091852067e-01 -5.061663665648359345e-01 2.734431886719052712e-02
2.970000594092161994e-01 -5.051780910062515506e-01 1.071781874169071697e-01
2.980000596092471921e-01 -5.026131846405070824e-01 1.863121071596388623e-01
2.990000598092781847e-01 -4.984974046991378360e-01 2.645062857022136837e-01
3.000000600093092884e-01 -4.928608177972612081e-01 3.415284274791895447e-01
3.010000602093402811e-01 -4.857375945279215346e-01 4.171542965924891488e-01
3.020000604093712737e-01 -4.771657973284222365e-01 4.911682339034549316e-01
3.030000606094023774e-01 -4.671871626105124076e-01 5.633636283155124547e-01
3.040000608094334256e-01 -4.558468781220761934e-01 6.335433423624657889e-01
3.050000610094644182e-01 -4.431933564813109738e-01 7.015200923845321679e-01
3.060000612094955219e-01 -4.292780057954555528e-01 7.671167837317565130e-01
3.070000614095265146e-01 -4.141549982451607770e-01 8.301668015850163229e-01
3.080000616095575072e-01 -3.978810374828614660e-01 8.905142581249415601e-01
3.090000618095886109e-01 -3.805151256595032949e-01 9.480141968680851905e-01
3.100000620096194925e-01 -3.621183308583864613e-01 1.002532755187400593e+00
3.110000622096505962e-01 -3.427535556780926806e-01 1.053947286073520617e+00
3.120000624096815889e-01 -3.224853076691338027e-01 1.102146440317213205e+00
3.130000626097125815e-01 -3.013794722907474632e-01 1.147030210381195126e+00
3.140000628097436852e-01 -2.795030890156123826e-01 1.188509937308012576e+00
3.150000630097746779e-01 -2.569241311712757714e-01 1.226508282081223644e+00
3.160000632098057260e-01 -2.337112900679315930e-01 1.260959162918613430e+00
3.170000634098367742e-01 -2.099337639231005359e-01 1.291807660028863047e+00
3.180000636098678224e-01 -1.856610520548203358e-01 1.319009889407555258e+00
3.190000638098988150e-01 -1.609627547762386979e-01 1.342532847288134379e+00
3.200000640099299187e-01 -1.359083793862797263e-01 1.362354226889767039e+00
3.210000642099609114e-01 -1.105671526136593891e-01 1.378462209092043311e+00
3.220000644099919040e-01 -8.500783983433457536e-02 1.390855228762571061e+00
3.230000646100230077e-01 -5.929857134608194913e-02 1.399541718389455847e+00
3.240000648100540004e-01 -3.350667594875822441e-02 1.404539830706359238e+00
3.250000650100849930e-01 -7.698522044271541472e-03 1.405877141988110202e+00
3.260000652101159857e-01 1.806063356309695056e-02 1.403590337682810052e+00
3.270000654101469784e-01 4.370678901771989089e-02 1.397724882029811155e+00
3.280000656101780820e-01 6.917733279795522383e-02 1.388334673291301113e+00
3.290000658102090747e-01 9.441117104868049226e-02 1.375481686199069298e+00
3.300000660102401229e-01 1.193488468028000016e-01 1.359235603187474828e+00
3.310000662102712266e-01 1.439326510610141330e-01 1.339673435952729141e+00
3.320000664103022192e-01 1.681067257253984482e-01 1.316879138835175711e+00
3.330000666103332119e-01 1.918171584071036717e-01 1.290943215461442861e+00
3.340000668103643156e-01 2.150120691522379446e-01 1.261962320099508483e+00
3.350000670103953082e-01 2.376416891524081310e-01 1.230038855067363990e+00
3.360000672104263009e-01 2.596584315271777688e-01 1.195280565518311633e+00
3.370000674104572935e-01 2.810169542853340197e-01 1.157800132870459686e+00
3.380000676104883972e-01 3.016742155901496747e-01 1.117714768094889122e+00
3.390000678105193899e-01 3.215895214708300864e-01 1.075145806023189543e+00
3.400000680105503825e-01 3.407245661379769697e-01 1.030218301779960210e+00
3.410000682105814862e-01 3.590434650752999390e-01 9.830606303901299192e-01
3.420000684106124789e-01 3.765127810929672636e-01 9.338040905544766623e-01
3.430000686106435270e-01 3.931015435398866886e-01 8.825825135309033342e-01
3.440000688106745752e-01 4.087812608828947925e-01 8.295318779995732861e-01
3.450000690107056234e-01 4.235259268703461255e-01 7.747899317307572753e-01
3.460000692107366160e-01 4.373120205060230803e-01 7.184958208311712502e-01
3.470000694107677197e-01 4.501185000666130254e-01 6.607897272713251224e-01
3.480000696107987124e-01 4.619267914021897847e-01 6.018125153496071134e-01
3.490000698108297050e-01 4.727207707643439338e-01 5.417053876924305955e-01
3.500000700108608087e-01 4.824867424108262859e-01 4.806095513356994364e-01
3.510000702108916903e-01 4.912134112388641949e-01 4.186658943797736399e-01
3.520000704109227940e-01 4.988918507016659731e-01 3.560146736583263971e-01
3.530000706109537867e-01 5.055154662641417884e-01 2.927952138109968794e-01
3.540000708109847793e-01 5.110799546545854444e-01 2.291456181003646009e-01
3.550000710110158830e-01 5.155832591689682998e-01 1.652024912661339828e-01
3.560000712110468757e-01 5.190255212836799581e-01 1.011006746627173547e-01
3.570000714110779239e-01 5.214090288310601062e-01 3.697299388225882416e-02
3.580000716111090275e-01 5.227381609899269810e-01 -2.704998097739217539e-02
3.590000718111400202e-01 5.230193303405561434e-01 -9.084016228320609954e-02
3.600000720111710129e-01 5.222609222302573295e-01 -1.542721589979542118e-01
3.610000722112021165e-01 5.204732316918480040e-01 -2.172234779317337716e-01
3.620000724112331092e-01 5.176683981530322276e-01 -2.795747121102564181e-01
3.630000726112641019e-01 5.138603381699096140e-01 -3.412097162904566550e-01
3.640000728112952055e-01 5.090646764127108037e-01 -4.020157696864553043e-01
3.650000730113260872e-01 5.032986751263096581e-01 -4.618837259997095601e-01
3.660000732113571908e-01 4.965811622822077775e-01 -5.207081508759797694e-01
3.670000734113881835e-01 4.889324586325582422e-01 -5.783874469388029516e-01
3.680000736114191762e-01 4.803743038703545687e-01 -6.348239665749598748e-01
3.690000738114502798e-01 4.709297820932940581e-01 -6.899241126712868377e-01
3.700000740114812725e-01 4.606232467619797433e-01 -7.435984275221864115e-01
3.710000742115123207e-01 4.494802453361340655e-01 -7.957616701497108869e-01
3.720000744115434244e-01 4.375274437653472459e-01 -8.463328822953664066e-01
3.730000746115744170e-01 4.247925510036583141e-01 -8.952354433599909456e-01
3.740000748116054097e-01 4.113042437099102555e-01 -9.423971145833081042e-01
3.750000750116365134e-01 3.970920912884469134e-01 -9.877500727686239212e-01
3.760000752116675060e-01 3.821864814173145941e-01 -1.031230933870224353e+00
3.770000754116984987e-01 3.666185462036602449e-01 -1.072780766772005290e+00
3.780000756117294913e-01 3.504200890986233219e-01 -1.112345097595222709e+00
3.790000758117605950e-01 3.336235126966436981e-01 -1.149873904879782360e+00
3.800000760117915877e-01 3.162617475367097697e-01 -1.185321605994811067e+00
3.810000762118225803e-01 2.983681820158049502e-01 -1.218647035136980916e+00
3.820000764118535730e-01 2.799765935176390941e-01 -1.249813413273827223e+00
3.830000766118846767e-01 2.611210808526245319e-01 -1.278788310402127371e+00
3.840000768119157248e-01 2.418359980980940571e-01 -1.305543600487767630e+00
3.850000770119467175e-01 2.221558899208388449e-01 -1.330055409455819682e+00
3.860000772119778212e-01 2.021154284573465354e-01 -1.352304056599462845e+00
3.870000774120088138e-01 1.817493518205278991e-01 -1.372273989775534275e+00
3.880000776120398065e-01 1.610924042952560364e-01 -1.389953714752763414e+00
3.890000778120709102e-01 1.401792782787931180e-01 -1.405335719076035161e+00
3.900000780121019028e-01 1.190445580160830463e-01 -1.418416390806730432e+00
3.910000782121328955e-01 9.772266517394784247e-02 -1.429195932492039800e+00
3.920000784121638882e-01 7.624780629248019415e-02 -1.437678270721987728e+00
3.930000786121949918e-01 5.465392214633522233e-02 -1.443870961616824156e+00
3.940000788122259845e-01 3.297463904329499262e-02 -1.447785092578053989e+00
3.950000790122569772e-01 1.124322208233913961e-02 -1.449435180643493526e+00
3.960000792122880808e-01 -1.050746961155882633e-02 -1.448839067770653299e+00
3.970000794123190735e-01 -3.224502566348153021e-02 -1.446017813367351135e+00
3.980000796123501217e-01 -5.393752522757899043e-02 -1.440995584380629246e+00
3.990000798123812253e-01 -7.555357576552990118e-02 -1.433799543246954800e+00
4.000000800124122180e-01 -9.706234982514728993e-02 -1.424459733998119981e+00
4.010000802124432107e-01 -1.184336198237637555e-01 -1.413008966808559919e+00
4.020000804124743143e-01 -1.396377908448041827e-01 -1.399482701260823969e+00
4.030000806125053070e-01 -1.606459314595277688e-01 -1.383918928592284603e+00
4.040000808125362997e-01 -1.814298025893323063e-01 -1.366358053194055788e+00
4.050000810125672923e-01 -2.019618844272267066e-01 -1.346842773601450105e+00
4.060000812125982850e-01 -2.222154014400002375e-01 -1.325417963210680172e+00
4.070000814126293887e-01 -2.421643454754148217e-01 -1.302130550959241573e+00
4.080000816126603813e-01 -2.617834970014185081e-01 -1.277029402187123575e+00
4.090000818126913740e-01 -2.810484445068242576e-01 -1.250165199888808365e+00
4.100000820127224777e-01 -2.999356020951342572e-01 -1.221590326556326156e+00
4.110000822127535258e-01 -3.184222253052808593e-01 -1.191358746803887758e+00
4.120000824127845185e-01 -3.364864251950150376e-01 -1.159525890955011684e+00
4.130000826128156222e-01 -3.541071807243714731e-01 -1.126148539763430545e+00
4.140000828128466148e-01 -3.712643494782992271e-01 -1.091284710429602844e+00
4.150000830128776075e-01 -3.879386767689474991e-01 -1.054993544065240707e+00
4.160000832129087112e-01 -4.041118031593790572e-01 -1.017335194746351146e+00
4.170000834129395928e-01 -4.197662704516280652e-01 -9.783707202899412092e-01
4.180000836129706965e-01 -4.348855261831945374e-01 -9.381619748987604090e-01
4.190000838130016891e-01 -4.494539266767734187e-01 -8.967715037534028655e-01
4.200000840130326818e-01 -4.634567386886980778e-01 -8.542624396839973988e-01
4.210000842130637855e-01 -4.768801397023254007e-01 -8.106984020159324622e-01
4.220000844130947781e-01 -4.897112169130516390e-01 -7.661433976799892909e-01
4.230000846131258263e-01 -5.019379649520504527e-01 -7.206617246698092671e-01
4.240000848131568745e-01 -5.135492823960684516e-01 -6.743178779217917640e-01
4.250000850131879226e-01 -5.245349671108040512e-01 -6.271764576850258344e-01
4.260000852132189153e-01 -5.348857104754681790e-01 -5.793020804411832536e-01
4.270000854132500190e-01 -5.445930905360939489e-01 -5.307592924275366109e-01
4.280000856132810116e-01 -5.536495641350521746e-01 -4.816124858090742311e-01
4.290000858133120043e-01 -5.620484580640414674e-01 -4.319258175388988596e-01
4.300000860133431080e-01 -5.697839592875119097e-01 -3.817631309379893034e-01
4.310000862133741006e-01 -5.768511042832030755e-01 -3.311878800299680736e-01
4.320000864134050933e-01 -5.832457675460455127e-01 -2.802630566397916190e-01
4.330000866134360860e-01 -5.889646493010951556e-01 -2.290511202760028564e-01
4.340000868134671896e-01 -5.940052624706807505e-01 -1.776139308076986334e-01
4.350000870134981823e-01 -5.983659189403649492e-01 -1.260126839393966025e-01
4.360000872135291750e-01 -6.020457151676188445e-01 -7.430784948322539940e-02
4.370000874135602231e-01 -6.050445171764293750e-01 -2.255911242302634234e-02
4.380000876135913268e-01 -6.073629449802926406e-01 2.917468323960854815e-02
4.390000878136223195e-01 -6.090023564752516938e-01 8.083558787158065528e-02
4.400000880136533121e-01 -6.099648308438114785e-01 1.323665968451181174e-01
4.410000882136844158e-01 -6.102531515096880632e-01 1.837116984473272652e-01
4.420000884137154085e-01 -6.098707886824608071e-01 2.348159190882296854e-01
4.430000886137464011e-01 -6.088218815302703923e-01 2.856253658352407854e-01
4.440000888137773938e-01 -6.071112200177622986e-01 3.360872663074293554e-01
4.450000890138084975e-01 -6.047442264455008543e-01 3.861500059688828812e-01
4.460000892138394901e-01 -6.017269367260799084e-01 4.357631628522691813e-01
4.470000894138704828e-01 -5.980659814311604094e-01 4.848775397572809287e-01
4.480000896139015865e-01 -5.937685666426569808e-01 5.334451939663326092e-01
4.490000898139325791e-01 -5.888424546402668547e-01 5.814194645227890312e-01
4.500000900139636273e-01 -5.832959444564917995e-01 6.287549971190018461e-01
4.510000902139946755e-01 -5.771378523292841622e-01 6.754077666432508620e-01
4.520000904140257236e-01 -5.703774920813835525e-01 7.213350974364601820e-01
4.530000906140567163e-01 -5.630246554543788529e-01 7.664956813109478073e-01
4.540000908140878200e-01 -5.550895924244931834e-01 8.108495933848267612e-01
4.550000910141188126e-01 -5.465829915260390637e-01 8.543583057868935349e-01
4.560000912141498053e-01 -5.375159602074599530e-01 8.969846992870077473e-01
4.570000914141809090e-01 -5.279000052438826973e-01 9.386930729048587052e-01
4.580000916142117906e-01 -5.177470132290041827e-01 9.794491515725793906e-01
4.590000918142428943e-01 -5.070692311681460618e-01 1.019220091886424262e+00
4.600000920142738869e-01 -4.958792471933816670e-01 1.057974486016542981e+00
4.610000922143048796e-01 -4.841899714205740723e-01 1.095682363833861528e+00
4.620000924143359833e-01 -4.720146169672206904e-01 1.132315193312449342e+00
4.630000926143669759e-01 -4.593666811490357826e-01 1.167845879266728337e+00
4.640000928143980241e-01 -4.462599268722269863e-01 1.202248760482990120e+00
4.650000930144290723e-01 -4.327083642375253447e-01 1.235499605304544168e+00
4.660000932144601204e-01 -4.187262323711039014e-01 1.267575605729725607e+00
4.670000934144911131e-01 -4.043279814965947128e-01 1.298455370081723625e+00
4.680000936145222168e-01 -3.895282552615804694e-01 1.328118914308866527e+00
4.690000938145532094e-01 -3.743418733310384661e-01 1.356547651973578184e+00
4.700000940145842021e-01 -3.587838142594191870e-01 1.383724382981235124e+00
4.710000942146153058e-01 -3.428691986521835711e-01 1.409633281123555459e+00
4.720000944146461874e-01 -3.266132726267436115e-01 1.434259880482606553e+00
4.730000946146772911e-01 -3.100313915821016897e-01 1.457591060742362332e+00
4.740000948147082838e-01 -2.931390042857078826e-01 1.479615031475231213e+00
4.750000950147392764e-01 -2.759516372852479638e-01 1.500321315454292259e+00
4.760000952147703801e-01 -2.584848796523918635e-01 1.519700731044714814e+00
4.770000954148013728e-01 -2.407543680648461804e-01 1.537745373727064990e+00
4.780000956148324209e-01 -2.227757722323448764e-01 1.554448596804246963e+00
4.790000958148635246e-01 -2.045647806715900907e-01 1.569804991342829359e+00
4.800000960148945173e-01 -1.861370868345177676e-01 1.583810365398562237e+00
4.810000962149255099e-01 -1.675083755936292440e-01 1.596461722574849418e+00
4.820000964149566136e-01 -1.486943100875635637e-01 1.607757239961872031e+00
4.830000966149876063e-01 -1.297105189295344185e-01 1.617696245500626739e+00
4.840000968150185989e-01 -1.105725837806922213e-01 1.626279194817217055e+00
4.850000970150495916e-01 -9.129602728986783988e-02 1.633507647590951350e+00
4.860000972150806953e-01 -7.189630140072295061e-02 1.639384243466643909e+00
4.870000974151116879e-01 -5.238877602689479690e-02 1.643912677573730940e+00
4.880000976151426806e-01 -3.278872809518793702e-02 1.647097675689578766e+00
4.890000978151737843e-01 -1.311133095644628245e-02 1.648944969086299617e+00
4.900000980152047769e-01 6.628355836713472650e-03 1.649461269099734340e+00
4.910000982152358251e-01 2.641539638650215391e-02 1.648654241458131775e+00
4.920000984152668178e-01 4.623498794247155042e-02 1.646532480406786014e+00
4.930000986152979214e-01 6.607247003192699697e-02 1.643105482663830941e+00
4.940000988153289141e-01 8.591333323051339455e-02 1.638383621241143340e+00
4.950000990153599068e-01 1.057432275756401557e-01 1.632378119163177432e+00
4.960000992153910104e-01 1.255479706256847072e-01 1.625101023115081311e+00
4.970000994154220031e-01 1.453135551681717097e-01 1.616565177044984258e+00
4.980000996154529957e-01 1.650261565805253572e-01 1.606784195769807022e+00
4.990000998154839884e-01 1.846721398472137565e-01 1.595772438590987496e+00
5.000001000155150921e-01 2.042380662372483280e-01 1.583544982952766356e+00
5.010001002155460847e-01 2.237106996463245345e-01 1.570117598173279783e+00
5.020001004155771884e-01 2.430770126080878391e-01 1.555506719271324556e+00
5.030001006156081811e-01 2.623241919791878818e-01 1.539729420912586022e+00
5.040001008156391737e-01 2.814396443030344197e-01 1.522803391498088077e+00
5.050001010156702774e-01 3.004110008572444257e-01 1.504746907416567137e+00
5.060001012157012701e-01 3.192261223900027534e-01 1.485578807481436447e+00
5.070001014157322627e-01 3.378731035506946090e-01 1.465318467571971928e+00
5.080001016157632554e-01 3.563402770202478420e-01 1.443985775497408586e+00
5.090001018157943591e-01 3.746162173468152723e-01 1.421601106101592960e+00
5.100001020158253517e-01 3.926897444924556391e-01 1.398185296622602714e+00
5.110001022158563444e-01 4.105499270966470604e-01 1.373759622327386243e+00
5.120001024158874481e-01 4.281860854625337831e-01 1.348345772440315837e+00
5.130001026159184407e-01 4.455877942718630136e-01 1.321965826365032681e+00
5.140001028159494334e-01 4.627448850346217446e-01 1.294642230224297474e+00
5.150001030159805371e-01 4.796474482794367278e-01 1.266397773727152121e+00
5.160001032160115297e-01 4.962858354908775693e-01 1.237255567374775822e+00
5.170001034160425224e-01 5.126506607998437826e-01 1.207239020015591358e+00
5.180001036160736261e-01 5.287328024331831022e-01 1.176371816759439470e+00
5.190001038161046187e-01 5.445234039287771832e-01 1.144677897259961608e+00
5.200001040161356114e-01 5.600138751223094902e-01 1.112181434373313182e+00
5.210001042161667151e-01 5.751958929119201924e-01 1.078906813200948500e+00
5.220001044161977077e-01 5.900614018069675337e-01 1.044878610523294560e+00
5.230001046162287004e-01 6.046026142671203640e-01 1.010121574630027386e+00
5.240001048162598041e-01 6.188120108379090434e-01 9.746606055509122735e-01
5.250001050162907967e-01 6.326823400889632909e-01 9.385207357017170127e-01
5.260001052163217894e-01 6.462066183610856163e-01 9.017271109354938474e-01
5.270001054163528931e-01 6.593781293281928413e-01 8.643049720103054279e-01
5.280001056163838857e-01 6.721904233801998529e-01 8.262796364761501033e-01
5.290001058164148784e-01 6.846373168328763192e-01 7.876764809830790748e-01
5.300001060164459821e-01 6.967128909706061801e-01 7.485209240126398100e-01
5.310001062164769747e-01 7.084114909279692895e-01 7.088384090340527077e-01
5.320001064165079674e-01 7.197277244159969722e-01 6.686543880862448885e-01
5.330001066165390711e-01 7.306564602988575574e-01 6.279943057862914513e-01
5.340001068165700637e-01 7.411928270267035268e-01 5.868835837643906483e-01
5.350001070166010564e-01 7.513322109303189889e-01 5.453476055249897314e-01
5.360001072166321601e-01 7.610702543831309175e-01 5.034117017334357458e-01
5.370001074166631527e-01 7.704028538360724321e-01 4.611011359269848175e-01
5.380001076166941454e-01 7.793261577307234456e-01 4.184410906482341486e-01
5.390001078167252491e-01 7.878365642960125648e-01 3.754566539985303986e-01
5.400001080167562417e-01 7.959307192337889969e-01 3.321728066155886228e-01
5.410001082167872344e-01 8.036055132984414318e-01 2.886144090619995883e-01
5.420001084168183381e-01 8.108580797755673419e-01 2.448061896282016925e-01
5.430001086168493307e-01 8.176857918646922574e-01 2.007727325461560464e-01
5.440001088168803234e-01 8.240862599709463110e-01 1.565384666098925126e-01
5.450001090169114271e-01 8.300573289104796748e-01 1.121276541993011938e-01
5.460001092169424197e-01 8.355970750343255649e-01 6.756438070322358380e-02
5.470001094169734124e-01 8.407038032753287871e-01 2.287254433765601586e-02
5.480001096170045161e-01 8.453760441226358946e-01 -2.192415364522637411e-02
5.490001098170355087e-01 8.496125505281731938e-01 -6.680221836183368456e-02
5.500001100170665014e-01 8.534122947494379163e-01 -1.117383703205002549e-01
5.510001102170976051e-01 8.567744651328071948e-01 -1.567095540683079158e-01
5.520001104171285977e-01 8.596984628415064167e-01 -2.016929464664623251e-01
5.530001106171595904e-01 8.621838985322493043e-01 -2.466659645994608574e-01
5.540001108171906941e-01 8.642305889844814626e-01 -2.916062733227409165e-01
5.550001110172216867e-01 8.658385536860689902e-01 -3.364917924566701579e-01
5.560001112172526794e-01 8.670080113791662768e-01 -3.813007036301639396e-01
5.570001114172837831e-01 8.677393765698816486e-01 -4.260114567803809926e-01
5.580001116173147757e-01 8.680332560052871349e-01 -4.706027763145043119e-01
5.590001118173457684e-01 8.678904451212168247e-01 -5.150536669395160416e-01
5.600001120173768721e-01 8.673119244641971370e-01 -5.593434191658864796e-01
5.610001122174078647e-01 8.662988560907585178e-01 -6.034516144913072422e-01
5.620001124174388574e-01 8.648525799472884801e-01 -6.473581302706322704e-01
5.630001126174698500e-01 8.629746102334835411e-01 -6.910431442781753697e-01
5.640001128175009537e-01 8.606666317523739007e-01 -7.344871389686076224e-01
5.650001130175319464e-01 8.579304962497908971e-01 -7.776709054427092260e-01
5.660001132175629390e-01 8.547682187460704517e-01 -8.205755471243322274e-01
5.670001134175940427e-01 8.511819738626797971e-01 -8.631824831547948440e-01
5.680001136176250354e-01 8.471740921463827290e-01 -9.054734515106186432e-01
5.690001138176560280e-01 8.427470563934538195e-01 -9.474305118495182088e-01
5.700001140176871317e-01 8.379034979763838598e-01 -9.890360480987983038e-01
5.710001142177181244e-01 8.326461931754065571e-01 -1.030272770781879510e+00
5.720001144177491170e-01 8.269780595171206672e-01 -1.071123719094563942e+00
5.730001146177802207e-01 8.209021521223739404e-01 -1.111572262736947092e+00
5.740001148178112134e-01 8.144216600655217464e-01 -1.151602103506971009e+00
5.750001150178422060e-01 8.075399027470571145e-01 -1.191197276661888127e+00
5.760001152178733097e-01 8.002603262815645158e-01 -1.230342152053757854e+00
5.770001154179043024e-01 7.925864999028503499e-01 -1.269021435045178059e+00
5.780001156179352950e-01 7.845221123880260494e-01 -1.307220167211429418e+00
5.790001158179663987e-01 7.760709685022650905e-01 -1.344923726835009381e+00
5.800001160179975024e-01 7.672369854658598332e-01 -1.382117829198636683e+00
5.810001162180286061e-01 7.580241894451328344e-01 -1.418788526682720263e+00
5.820001164180595987e-01 7.484367120687142050e-01 -1.454922208673159689e+00
5.830001166180907024e-01 7.384787869705801144e-01 -1.490505601285017523e+00
5.840001168181218061e-01 7.281547463612425553e-01 -1.525525766906892677e+00
5.850001170181529098e-01 7.174690176283403664e-01 -1.559970103577451361e+00
5.860001172181840134e-01 7.064261199678740777e-01 -1.593826344191690669e+00
5.870001174182151171e-01 6.950306610472417601e-01 -1.627082555546763620e+00
5.880001176182462208e-01 6.832873337011741155e-01 -1.659727137232510641e+00
5.890001178182773245e-01 6.712009126616028665e-01 -1.691748820371914430e+00
5.900001180183084282e-01 6.587762513224471039e-01 -1.723136666216838364e+00
5.910001182183395319e-01 6.460182785402294181e-01 -1.753880064604329547e+00
5.920001184183706355e-01 6.329319954713950036e-01 -1.783968732278682356e+00
5.930001186184016282e-01 6.195224724471404265e-01 -1.813392711084385267e+00
5.940001188184327319e-01 6.057948458865008989e-01 -1.842142366035018464e+00
5.950001190184638356e-01 5.917543152484235902e-01 -1.870208383262985663e+00
5.960001192184949392e-01 5.774061400234512531e-01 -1.897581767855034851e+00
5.970001194185260429e-01 5.627556367656444403e-01 -1.924253841578290158e+00
5.980001196185571466e-01 5.478081761652935366e-01 -1.950216240501145171e+00
5.990001198185882503e-01 5.325691801629345301e-01 -1.975460912512848166e+00
6.000001200186193540e-01 5.170441191051295959e-01 -1.999980114751759297e+00
6.010001202186504576e-01 5.012385089424317153e-01 -2.023766410938680593e+00
6.020001204186815613e-01 4.851579084699246813e-01 -2.046812668624007348e+00
6.030001206187125540e-01 4.688079166106730034e-01 -2.069112056352484963e+00
6.040001208187436577e-01 4.521941697423741413e-01 -2.090658040749547641e+00
6.050001210187747613e-01 4.353223390675028392e-01 -2.111444383533264801e+00
6.060001212188058650e-01 4.181981280271307999e-01 -2.131465138455970187e+00
6.070001214188369687e-01 4.008272697586399702e-01 -2.150714648179391286e+00
6.080001216188680724e-01 3.832155245974742108e-01 -2.169187541087162607e+00
6.090001218188991761e-01 3.653686776230450350e-01 -2.186878728038397668e+00
6.100001220189302797e-01 3.472925362488860634e-01 -2.203783399065984305e+00
6.110001222189613834e-01 3.289929278571067650e-01 -2.219897020023186673e+00
6.120001224189924871e-01 3.104756974771741840e-01 -2.235215329181944099e+00
6.130001226190235908e-01 2.917467055090194883e-01 -2.249734333786155727e+00
6.140001228190545834e-01 2.728118254904428053e-01 -2.263450306562921899e+00
6.150001230190856871e-01 2.536769419087409050e-01 -2.276359782197227677e+00
6.160001232191167908e-01 2.343479480565061612e-01 -2.288459553769770505e+00
6.170001234191478945e-01 2.148307439314474099e-01 -2.299746669162896939e+00
6.180001236191789982e-01 1.951312341801338945e-01 -2.310218427437406685e+00
6.190001238192101018e-01 1.752553260854923523e-01 -2.319872375182973290e+00
6.200001240192412055e-01 1.552089275978811578e-01 -2.328706302845016562e+00
6.210001242192723092e-01 1.349979454095457665e-01 -2.336718241030729448e+00
6.220001244193034129e-01 1.146282830722350626e-01 -2.343906456796910565e+00
6.230001246193345166e-01 9.410583915774296815e-02 -2.350269449922150145e+00
6.240001248193656203e-01 7.343650546111783750e-02 -2.355805949165873603e+00
6.250001250193966129e-01 5.262616524627067999e-02 -2.360514908516648802e+00
6.260001252194277166e-01 3.168069153367691904e-02 -2.364395503432074275e+00
6.270001254194588203e-01 1.060594542990257044e-02 -2.367447127072553670e+00
6.280001256194899240e-01 -1.059222550141337635e-02 -2.369669386531082278e+00
6.290001258195210276e-01 -3.190798882741932574e-02 -2.371062099061202133e+00
6.300001260195521313e-01 -5.333552879311657946e-02 -2.371625288305267532e+00
6.310001262195832350e-01 -7.486904782798833868e-02 -2.371359180524808874e+00
6.320001264196143387e-01 -9.650276801256571502e-02 -2.370264200835053181e+00
6.330001266196454424e-01 -1.182309325053143567e-01 -2.368340969445368316e+00
6.340001268196765460e-01 -1.400478069302364958e-01 -2.365590297907473438e+00
6.350001270197076497e-01 -1.619476807255947337e-01 -2.362013185373084578e+00
6.360001272197386424e-01 -1.839248684541667234e-01 -2.357610814862663329e+00
6.370001274197697461e-01 -2.059737110754714384e-01 -2.352384549546863379e+00
6.380001276198008497e-01 -2.280885771803586592e-01 -2.346335929042194568e+00
6.390001278198319534e-01 -2.502638641884513682e-01 -2.339466665722379268e+00
6.400001280198630571e-01 -2.724939995088495048e-01 -2.331778641046814649e+00
6.410001282198941608e-01 -2.947734416645604316e-01 -2.323273901907486838e+00
6.420001284199252645e-01 -3.170966813811143536e-01 -2.313954656995645287e+00
6.430001286199563681e-01 -3.394582426398266572e-01 -2.303823273189592236e+00
6.440001288199874718e-01 -3.618526836961782900e-01 -2.292882271964935992e+00
6.450001290200185755e-01 -3.842745980637806147e-01 -2.281134325826907006e+00
6.460001292200496792e-01 -4.067186154644064078e-01 -2.268582254768274797e+00
6.470001294200806718e-01 -4.291794027445591242e-01 -2.255229022752424317e+00
6.480001296201117755e-01 -4.516516647590913536e-01 -2.241077734222817863e+00
6.490001298201428792e-01 -4.741301452223048440e-01 -2.226131630639833769e+00
6.500001300201739829e-01 -4.966096275270841520e-01 -2.210394087045839395e+00
6.510001302202050866e-01 -5.190849355325061198e-01 -2.193868608659393704e+00
6.520001304202361903e-01 -5.415509343204402137e-01 -2.176558827499334381e+00
6.530001306202672939e-01 -5.640025309216218918e-01 -2.158468499039547517e+00
6.540001308202983976e-01 -5.864346750117003237e-01 -2.139601498895095322e+00
6.550001310203295013e-01 -6.088423595777470165e-01 -2.119961819540413739e+00
6.560001312203606050e-01 -6.312206215557250033e-01 -2.099553567060184811e+00
6.570001314203915976e-01 -6.535645424394060932e-01 -2.078380957933492645e+00
6.580001316204227013e-01 -6.758692488612516591e-01 -2.056448315852215103e+00
6.590001318204538050e-01 -6.981299131457064933e-01 -2.033760068574300028e+00
6.600001320204849087e-01 -7.203417538354447425e-01 -2.010320744808532734e+00
6.610001322205160124e-01 -7.425000361910163438e-01 -1.986134971138024286e+00
6.620001324205471160e-01 -7.646000726644068823e-01 -1.961207468978537483e+00
6.630001326205782197e-01 -7.866372233469960396e-01 -1.935543051572760076e+00
6.640001328206093234e-01 -8.086068963923930264e-01 -1.909146621021008405e+00
6.650001330206404271e-01 -8.305045484146367230e-01 -1.882023165348686522e+00
6.660001332206715308e-01 -8.523256848622370319e-01 -1.854177755610781464e+00
6.670001334207026344e-01 -8.740658603685352857e-01 -1.825615543033664911e+00
6.680001336207336271e-01 -8.957206790788577733e-01 -1.796341756194421935e+00
6.690001338207647308e-01 -9.172857949549471090e-01 -1.766361698237895572e+00
6.700001340207958345e-01 -9.387569120570978809e-01 -1.735680744131675501e+00
6.710001342208269381e-01 -9.601297848045267092e-01 -1.704304337959113402e+00
6.720001344208580418e-01 -9.814002182143780617e-01 -1.672237990250534878e+00
6.730001346208891455e-01 -1.002564068119856211e+00 -1.639487275352736972e+00
6.740001348209202492e-01 -1.023617241367929864e+00 -1.606057828836849888e+00
6.750001350209513529e-01 -1.044555695997055444e+00 -1.571955344944613531e+00
6.760001352209824566e-01 -1.065375441395369327e+00 -1.537185574073113736e+00
6.770001354210135602e-01 -1.086072538439789126e+00 -1.501754320297981726e+00
6.780001356210446639e-01 -1.106643099616463344e+00 -1.465667438935044808e+00
6.790001358210756566e-01 -1.127083289123010035e+00 -1.428930834143817385e+00
6.800001360211067603e-01 -1.147389322952988566e+00 -1.391550456563918292e+00
6.810001362211378639e-01 -1.167557468962945322e+00 -1.353532300986997949e+00
6.820001364211689676e-01 -1.187584046922522729e+00 -1.314882404075296884e+00
6.830001366212000713e-01 -1.207465428548046837e+00 -1.275606842114811013e+00
6.840001368212311750e-01 -1.227198037519991791e+00 -1.235711728806470955e+00
6.850001370212622787e-01 -1.246778349484718884e+00 -1.195203213095220152e+00
6.860001372212933823e-01 -1.266202892040906303e+00 -1.154087477036844556e+00
6.870001374213244860e-01 -1.285468244711052144e+00 -1.112370733702388481e+00
6.880001376213555897e-01 -1.304571038898440172e+00 -1.070059225119998958e+00
6.890001378213866934e-01 -1.323507957829962667e+00 -1.027159220253997418e+00
6.900001380214176860e-01 -1.342275736485169180e+00 -9.836770130210101826e-01
6.910001382214487897e-01 -1.360871161511934879e+00 -9.396189203428735315e-01
6.920001384214798934e-01 -1.379291071129084223e+00 -8.949912802362242070e-01
6.930001386215109971e-01 -1.397532355016372074e+00 -8.498004499383999821e-01
6.940001388215421008e-01 -1.415591954192161994e+00 -8.040528040695085199e-01
6.950001390215732044e-01 -1.433466860879156979e+00 -7.577547328303645413e-01
6.960001392216043081e-01 -1.451154118358533474e+00 -7.109126402360578245e-01
6.970001394216354118e-01 -1.468650820812825497e+00 -6.635329423848661534e-01
6.980001396216665155e-01 -1.485954113157891054e+00 -6.156220657622472059e-01
6.990001398216976192e-01 -1.503061190864304342e+00 -5.671864455797858140e-01
7.000001400217287229e-01 -1.519969299768512805e+00 -5.182325241507769187e-01
7.010001402217597155e-01 -1.536675735874056148e+00 -4.687667492931710811e-01
7.020001404217908192e-01 -1.553177845143140834e+00 -4.187955727716825005e-01
7.030001406218219229e-01 -1.569473023278916246e+00 -3.683254487736377647e-01
7.040001408218530266e-01 -1.585558715498784244e+00 -3.173628324170607029e-01
7.050001410218841302e-01 -1.601432416299002792e+00 -2.659141782917108232e-01
7.060001412219152339e-01 -1.617091669210904525e+00 -2.139859390326882549e-01
7.070001414219463376e-01 -1.632534066549009566e+00 -1.615845639263346345e-01
7.080001416219774413e-01 -1.647757249151325709e+00 -1.087164975480131579e-01
7.090001418220085450e-01 -1.662758906112109747e+00 -5.538817843148215181e-02
7.100001420220396486e-01 -1.677536774507379480e+00 -1.606037769493181026e-03
7.110001422220706413e-01 -1.692088639113431547e+00 5.262350185472779857e-02
7.120001424221017450e-01 -1.706412332118649289e+00 1.072940277055053487e-01
7.130001426221328487e-01 -1.720505732828840895e+00 1.623991381025106651e-01
7.140001428221639523e-01 -1.734366767366388951e+00 2.179324435988087005e-01
7.150001430221950560e-01 -1.747993408363444079e+00 2.738875681294276609e-01
7.160001432222261597e-01 -1.761383674649412701e+00 3.302581501308466394e-01
7.170001434222572634e-01 -1.774535630932996488e+00 3.870378436317633009e-01
7.180001436222883671e-01 -1.787447387478993344e+00 4.442203193155057628e-01
7.190001438223194707e-01 -1.800117099780122132e+00 5.017992655544554204e-01
7.200001440223505744e-01 -1.812542968224075457e+00 5.597683894177658548e-01
7.210001442223816781e-01 -1.824723237756049610e+00 6.181214176535447802e-01
7.220001444224126708e-01 -1.836656197536931767e+00 6.768520976369346576e-01
7.230001446224437744e-01 -1.848340180597377369e+00 7.359541982979047603e-01
7.240001448224748781e-01 -1.859773563487992387e+00 7.954215110215672180e-01
7.250001450225059818e-01 -1.870954765925832319e+00 8.552478505225791228e-01
7.260001452225370855e-01 -1.881882250437403759e+00 9.154270556941160875e-01
7.270001454225681892e-01 -1.892554521998371264e+00 9.759529904318374749e-01
7.280001456225992928e-01 -1.902970127670160272e+00 1.036819544433194462e+00
7.290001458226303965e-01 -1.913127656233647444e+00 1.098020633972454752e+00
7.300001460226615002e-01 -1.923025737820112990e+00 1.159550202651806527e+00
7.310001462226926039e-01 -1.932663043539643244e+00 1.221402222128920689e+00
7.320001464227237076e-01 -1.942038285107153150e+00 1.283570692821315751e+00
7.330001466227547002e-01 -1.951150214466204957e+00 1.346049644587903327e+00
7.340001468227858039e-01 -1.959997623410786316e+00 1.408833137388096901e+00
7.350001470228169076e-01 -1.968579343205209664e+00 1.471915261918762541e+00
7.360001472228480113e-01 -1.976894244202296091e+00 1.535290140229486733e+00
7.370001474228791150e-01 -1.984941235460001119e+00 1.598951926316431571e+00
7.380001476229102186e-01 -1.992719264356624498e+00 1.662894806695164540e+00
7.390001478229413223e-01 -2.000227316204763905e+00 1.727113000952801958e+00
7.400001480229724260e-01 -2.007464413864147090e+00 1.791600762279837999e+00
7.410001482230035297e-01 -2.014429617353485913e+00 1.856352377988997882e+00
7.420001484230346334e-01 -2.021122023461478623e+00 1.921362170004526693e+00
7.430001486230657370e-01 -2.027540765357115138e+00 1.986624495326278605e+00
7.440001488230967297e-01 -2.033685012199415443e+00 2.052133746489657184e+00
7.450001490231278334e-01 -2.039553968746704804e+00 2.117884352001167869e+00
7.460001492231589371e-01 -2.045146874965569683e+00 2.183870776755628462e+00
7.470001494231900407e-01 -2.050463005639604486e+00 2.250087522435523013e+00
7.480001496232211444e-01 -2.055501669978069046e+00 2.316529127892720474e+00
7.490001498232522481e-01 -2.060262211224566098e+00 2.383190169512927614e+00
7.500001500232833518e-01 -2.064744006265858189e+00 2.450065261563194152e+00
7.510001502233144555e-01 -2.068946465240920407e+00 2.517149056522801853e+00
7.520001504233455591e-01 -2.072869031150340380e+00 2.584436245397820020e+00
7.530001506233766628e-01 -2.076511179466165924e+00 2.651921558019698200e+00
7.540001508234076555e-01 -2.079872417742298030e+00 2.719599763328145681e+00
7.550001510234387592e-01 -2.082952285225518896e+00 2.787465669638693022e+00
7.560001512234698628e-01 -2.085750352467256263e+00 2.855514124895107475e+00
7.570001514235009665e-01 -2.088266220936172424e+00 2.923740016907113937e+00
7.580001516235320702e-01 -2.090499522631657392e+00 2.992138273573617280e+00
7.590001518235631739e-01 -2.092449919698320393e+00 3.060703863091761789e+00
7.600001520235942776e-01 -2.094117104041554711e+00 3.129431794152108370e+00
7.610001522236253813e-01 -2.095500796944254063e+00 3.198317116121412784e+00
7.620001524236564849e-01 -2.096600748684730675e+00 3.267354919226761467e+00
7.630001526236875886e-01 -2.097416738155949645e+00 3.336540334688208986e+00
7.640001528237186923e-01 -2.097948572486169283e+00 3.405868534863821573e+00
7.650001530237496850e-01 -2.098196086661021642e+00 3.475334733384472408e+00
7.660001532237807886e-01 -2.098159143147089623e+00 3.544934185271946703e+00
7.670001534238118923e-01 -2.097837631517072587e+00 3.614662187045036834e+00
7.680001536238429960e-01 -2.097231468076576011e+00 3.684514076814084049e+00
7.690001538238740997e-01 -2.096340595492607317e+00 3.754485234364100421e+00
7.700001540239052034e-01 -2.095164982423828093e+00 3.824571081226741498e+00
7.710001542239363070e-01 -2.093704623152615962e+00 3.894767080741468934e+00
7.720001544239674107e-01 -2.091959537218988086e+00 3.965068738106036772e+00
7.730001546239985144e-01 -2.089929769056452891e+00 4.035471600416637550e+00
7.740001548240296181e-01 -2.087615387629811359e+00 4.105971256697909411e+00
7.750001550240607218e-01 -2.085016486074986020e+00 4.176563337923083097e+00
7.760001552240917144e-01 -2.082133181340909633e+00 4.247243517024445580e+00
7.770001554241228181e-01 -2.078965613833501092e+00 4.318007508894451618e+00
7.780001556241539218e-01 -2.075513947061803588e+00 4.388851070377554286e+00
7.790001558241850255e-01 -2.071778367286303713e+00 4.459770000253193700e+00
7.800001560242161291e-01 -2.067759083169471879e+00 4.530760139209981219e+00
7.810001562242472328e-01 -2.063456325428557392e+00 4.601817369811396219e+00
7.820001564242783365e-01 -2.058870346490681680e+00 4.672937616459929444e+00
7.830001566243094402e-01 -2.054001420150197266e+00 4.744116845359208412e+00
7.840001568243405439e-01 -2.048849841228461699e+00 4.815351064421557581e+00
7.850001570243716476e-01 -2.043415925236041986e+00 4.886636323216368538e+00
7.860001572244027512e-01 -2.037700008037306443e+00 4.957968712898209951e+00
7.870001574244337439e-01 -2.031702445517449274e+00 5.029344366126134780e+00
7.880001576244648476e-01 -2.025423613251993160e+00 5.100759456975957562e+00
7.890001578244959513e-01 -2.018863906178789414e+00 5.172210200845650085e+00
7.900001580245270549e-01 -2.012023738272531226e+00 5.243692854354116584e+00
7.910001582245581586e-01 -2.004903542221801782e+00 5.315203715233487003e+00
7.920001584245892623e-01 -1.997503769108691207e+00 5.386739122215148612e+00
7.930001586246203660e-01 -1.989824888090985677e+00 5.458295454909631417e+00
7.940001588246514697e-01 -1.981867386086948679e+00 5.529869133680640481e+00
7.950001590246825733e-01 -1.973631767462725506e+00 5.601456619513268897e+00
7.960001592247136770e-01 -1.965118553722362105e+00 5.673054413876711166e+00
7.970001594247447807e-01 -1.956328283200469365e+00 5.744659058581505384e+00
7.980001596247757734e-01 -1.947261510757549718e+00 5.816267135631597363e+00
7.990001598248068770e-01 -1.937918807477967409e+00 5.887875267071314589e+00
8.000001600248379807e-01 -1.928300760370619038e+00 5.959480114827387709e+00
8.010001602248690844e-01 -1.918407972072274648e+00 6.031078380546289530e+00
8.020001604249001881e-01 -1.908241060553616641e+00 6.102666805426905761e+00
8.030001606249312918e-01 -1.897800658827937692e+00 6.174242170067263835e+00
8.040001608249623954e-01 -1.887087414662526053e+00 6.245801294276753346e+00
8.050001610249934991e-01 -1.876101990292842414e+00 6.317341036876097604e+00
8.060001612250246028e-01 -1.864845062139420584e+00 6.388858295528211606e+00
8.070001614250557065e-01 -1.853317320527463563e+00 6.460350006550339863e+00
8.080001616250866991e-01 -1.841519469409154341e+00 6.531813144722492304e+00
8.090001618251178028e-01 -1.829452226088695177e+00 6.603244723092336343e+00
8.100001620251489065e-01 -1.817116320950084241e+00 6.674641792776551341e+00
8.110001622251800102e-01 -1.804512497187601427e+00 6.746001442758959854e+00
8.120001624252111139e-01 -1.791641510539035087e+00 6.817320799685447241e+00
8.130001626252422176e-01 -1.778504129021629909e+00 6.888597027655824157e+00
8.140001628252733212e-01 -1.765101132670759299e+00 6.959827328012720749e+00
8.150001630253044249e-01 -1.751433313281320014e+00 7.031008939127723956e+00
8.160001632253355286e-01 -1.737501474151842418e+00 7.102139136184779211e+00
8.170001634253666323e-01 -1.723306429831319209e+00 7.173215230961005773e+00
8.180001636253977360e-01 -1.708849005868743109e+00 7.244234571605075779e+00
8.190001638254287286e-01 -1.694130038565347718e+00 7.315194542413209433e+00
8.200001640254598323e-01 -1.679150374729543538e+00 7.386092563602933758e+00
8.210001642254909360e-01 -1.663910871434557626e+00 7.456926091084700836e+00
8.220001644255220397e-01 -1.648412395778754647e+00 7.527692616231431266e+00
8.230001646255531433e-01 -1.632655824648619802e+00 7.598389665648405789e+00
8.240001648255842470e-01 -1.616642044484359664e+00 7.669014800964532697e+00
8.250001650256153507e-01 -1.600371951048182639e+00 7.739565618557209703e+00
8.260001652256464544e-01 -1.583846449195324357e+00 7.810039749320901947e+00
8.270001654256775581e-01 -1.567066452647681185e+00 7.880434858435340750e+00
8.280001656257086617e-01 -1.550032883770057657e+00 7.950748645125120362e+00
8.290001658257397654e-01 -1.532746673349034916e+00 8.020978842417983756e+00
8.300001660257707581e-01 -1.515208760374454844e+00 8.091123216901763726e+00
8.310001662258018618e-01 -1.497420091823493449e+00 8.161179568480232405e+00
8.320001664258329654e-01 -1.479381622447345279e+00 8.231145730127737536e+00
8.330001666258640691e-01 -1.461094314560453133e+00 8.301019567642914154e+00
8.340001668258951728e-01 -1.442559137832327698e+00 8.370798979401417483e+00
8.350001670259262765e-01 -1.423777069081906710e+00 8.440481896107772997e+00
8.360001672259573802e-01 -1.404749092074452310e+00 8.510066280546496387e+00
8.370001674259884838e-01 -1.385476197320977709e+00 8.579550127332412401e+00
8.380001676260195875e-01 -1.365959381880182066e+00 8.648931462660437219e+00
8.390001678260506912e-01 -1.346199649162882039e+00 8.718208344054701797e+00
8.400001680260817949e-01 -1.326198008738930012e+00 8.787378860117218693e+00
8.410001682261127876e-01 -1.305955476146598793e+00 8.856441130276094142e+00
8.420001684261438912e-01 -1.285473072704410136e+00 8.925393304533386640e+00
8.430001686261749949e-01 -1.264751825325428847e+00 8.994233563212644000e+00
8.440001688262060986e-01 -1.243792766333921662e+00 9.062960116716119785e+00
8.450001690262372023e-01 -1.222596933284378462e+00 9.131571205287320581e+00
8.460001692262683060e-01 -1.201165368782994403e+00 9.200065098711370126e+00
8.470001694262994096e-01 -1.179499120311602312e+00 9.268440096083104152e+00
8.480001696263305133e-01 -1.157599240053902578e+00 9.336694525556024971e+00
8.490001698263616170e-01 -1.135466784724033618e+00 9.404826744089401558e+00
8.500001700263927207e-01 -1.113102815397463363e+00 9.472835137195549038e+00
8.510001702264238244e-01 -1.090508397344197133e+00 9.540718118687196991e+00
8.520001704264548170e-01 -1.067684599864275663e+00 9.608474130425083359e+00
8.530001706264859207e-01 -1.044632496125540877e+00 9.676101642065834341e+00
8.540001708265170244e-01 -1.021353163003680287e+00 9.743599150810096532e+00
8.550001710265481281e-01 -9.978476809244971601e-01 9.810965181151049208e+00
8.560001712265792317e-01 -9.741171337084062465e-01 9.878198284623319836e+00
8.570001714266103354e-01 -9.501626084171451714e-01 9.945297039552302820e+00
8.580001716266414391e-01 -9.259851952026685318e-01 1.001226005080397918e+01
8.590001718266725428e-01 -9.015859871582156959e-01 1.007908594953527626e+01
8.600001720267036465e-01 -8.769660801715346565e-01 1.014577339294491409e+01
8.610001722267347501e-01 -8.521265727802413981e-01 1.021232106402495710e+01
8.620001724267657428e-01 -8.270685660293012331e-01 1.027872767131288434e+01
8.630001726267968465e-01 -8.017931633305978023e-01 1.034499194864445393e+01
8.640001728268279502e-01 -7.763014703246110537e-01 1.041111265490714288e+01
8.650001730268590538e-01 -7.505945947441380328e-01 1.047708857379441660e+01
8.660001732268901575e-01 -7.246736462799859835e-01 1.054291851358928689e+01
8.670001734269212612e-01 -6.985397364486451988e-01 1.060860130690964809e+01
8.680001736269523649e-01 -6.721939784621224767e-01 1.067413581041895831e+01
8.690001738269834686e-01 -6.456374870998232707e-01 1.073952090461420283e+01
8.700001740270145723e-01 -6.188713785823137803e-01 1.080475549358463283e+01
8.710001742270456759e-01 -5.918967704470442515e-01 1.086983850477143143e+01
8.720001744270767796e-01 -5.647147814260039533e-01 1.093476888872821462e+01
8.730001746271077723e-01 -5.373265313253021702e-01 1.099954561888259974e+01
8.740001748271388760e-01 -5.097331409066311325e-01 1.106416769129878652e+01
8.750001750271699796e-01 -4.819357317706456367e-01 1.112863412444111688e+01
8.760001752272010833e-01 -4.539354262421733677e-01 1.119294395893876271e+01
8.770001754272321870e-01 -4.257333472572856214e-01 1.125709625735147057e+01
8.780001756272632907e-01 -3.973306182521975094e-01 1.132109010393641135e+01
8.790001758272943944e-01 -3.687283630539739954e-01 1.138492460441614362e+01
8.800001760273254980e-01 -3.399277057730302198e-01 1.144859888574773699e+01
8.810001762273566017e-01 -3.109297706974025188e-01 1.151211209589307494e+01
8.820001764273877054e-01 -2.817356821887792573e-01 1.157546340359030168e+01
8.830001766274188091e-01 -2.523465645802677737e-01 1.163865199812651241e+01
8.840001768274498017e-01 -2.227635420758847240e-01 1.170167708911161419e+01
8.850001770274809054e-01 -1.929877386517321047e-01 1.176453790625348539e+01
8.860001772275120091e-01 -1.630202779588917905e-01 1.182723369913428613e+01
8.870001774275431128e-01 -1.328622832279511556e-01 1.188976373698892175e+01
8.880001776275742165e-01 -1.025148771751060173e-01 1.195212730851330463e+01
8.890001778276053201e-01 -7.197918190990838794e-02 1.201432372160823547e+01
8.900001780276364238e-01 -4.125631884474875721e-02 1.207635230315570496e+01
8.910001782276675275e-01 -1.034740860591430549e-02 1.213821239881486669e+01
8.920001784276986312e-01 2.074642905381319721e-02 1.219990337280642656e+01
8.930001786277297349e-01 5.202407534099807301e-02 1.226142460769825959e+01
8.940001788277608386e-01 8.348441250584849593e-02 1.232277550419239986e+01
8.950001790277918312e-01 1.151263239249837589e-01 1.238395548091346932e+01
8.960001792278229349e-01 1.469486941827102822e-01 1.244496397419839973e+01
8.970001794278540386e-01 1.789504091507702621e-01 1.250580043788757756e+01
8.980001796278851423e-01 2.111303560666495938e-01 1.256646434311733351e+01
8.990001798279162459e-01 2.434874236104098977e-01 1.262695517811393486e+01
9.000001800279473496e-01 2.760205019800822113e-01 1.268727244798889409e+01
9.010001802279784533e-01 3.087284829656359864e-01 1.274741567453566837e+01
9.020001804280095570e-01 3.416102600215378815e-01 1.280738439602787615e+01
9.030001806280406607e-01 3.746647283379200277e-01 1.286717816701888495e+01
9.040001808280717643e-01 4.078907849103713401e-01 1.292679655814276352e+01
9.050001810281027570e-01 4.412873286083649482e-01 1.298623915591680422e+01
9.060001812281338607e-01 4.748532602423607418e-01 1.304550556254536176e+01
9.070001814281649644e-01 5.085874826295440077e-01 1.310459539572518217e+01
9.080001816281960680e-01 5.424889006582876982e-01 1.316350828845218501e+01
9.090001818282271717e-01 5.765564213513165726e-01 1.322224388883465629e+01
9.100001820282582754e-01 6.107889539277261415e-01 1.328080185993592366e+01
9.110001822282893791e-01 6.451854098636539137e-01 1.333918187952577661e+01
9.120001824283204828e-01 6.797447029515509831e-01 1.339738363990921677e+01
9.130001826283515864e-01 7.144657493583016494e-01 1.345540684774808149e+01
9.140001828283826901e-01 7.493474676821461067e-01 1.351325122387669353e+01
9.150001830284137938e-01 7.843887790084062006e-01 1.357091650311900821e+01
9.160001832284447865e-01 8.195886069640168081e-01 1.362840243410716390e+01
9.170001834284758901e-01 8.549458777709069146e-01 1.368570877910156725e+01
9.180001836285069938e-01 8.904595202981844260e-01 1.374283531381235157e+01
9.190001838285380975e-01 9.261284661132186402e-01 1.379978182722243574e+01
9.200001840285692012e-01 9.619516495315730831e-01 1.385654812141187620e+01
9.210001842286003049e-01 9.979280076658358922e-01 1.391313401138382844e+01
9.220001844286314086e-01 1.034056480473340534e+00 1.396953932489188865e+01
9.230001846286625122e-01 1.070336010802816373e+00 1.402576390226889202e+01
9.240001848286936159e-01 1.106765544439955340e+00 1.408180759625722445e+01
9.250001850287247196e-01 1.143344030151932866e+00 1.413767027184051450e+01
9.260001852287558233e-01 1.180070419730880671e+00 1.419335180607679625e+01
9.270001854287868159e-01 1.216943668036329251e+00 1.424885208793318547e+01
9.280001856288179196e-01 1.253962733036654509e+00 1.430417101812190239e+01
9.290001858288490233e-01 1.291126575849483427e+00 1.435930850893779187e+01
9.300001860288801270e-01 1.328434160781153173e+00 1.441426448409725580e+01
9.310001862289112307e-01 1.365884455365202976e+00 1.446903887858804438e+01
9.320001864289423343e-01 1.403476430399999586e+00 1.452363163852498751e+01
9.330001866289734380e-01 1.441209059985310459e+00 1.457804272094950093e+01
9.340001868290045417e-01 1.479081321557864426e+00 1.463227209369426873e+01
9.350001870290356454e-01 1.517092195926057041e+00 1.468631973523129730e+01
9.360001872290667491e-01 1.555240667303759761e+00 1.474018563451938846e+01
9.370001874290978527e-01 1.593525723343229172e+00 1.479386979085326281e+01
9.380001876291288454e-01 1.631946355167127161e+00 1.484737221371390881e+01
9.390001878291599491e-01 1.670501557399699744e+00 1.490069292262045408e+01
9.400001880291910528e-01 1.709190328197042863e+00 1.495383194698337803e+01
9.410001882292221564e-01 1.748011669276575475e+00 1.500678932595909210e+01
9.420001884292532601e-01 1.786964585945646222e+00 1.505956510830599093e+01
9.430001886292843638e-01 1.826048087129334085e+00 1.511215935224176299e+01
9.440001888293154675e-01 1.865261185397425248e+00 1.516457212530220922e+01
9.450001890293465712e-01 1.904602896990599259e+00 1.521680350420128747e+01
9.460001892293776748e-01 1.944072241845826499e+00 1.526885357469260818e+01
9.470001894294087785e-01 1.983668243620984262e+00 1.532072243143226409e+01
9.480001896294398822e-01 2.023389929718713454e+00 1.537241017784302244e+01
9.490001898294708749e-01 2.063236331309513005e+00 1.542391692597975883e+01
9.500001900295019786e-01 2.103206483354115086e+00 1.547524279639638145e+01
9.510001902295330822e-01 2.143299424625084715e+00 1.552638791801395612e+01
9.520001904295641859e-01 2.183514197727732586e+00 1.557735242799020448e+01
9.530001906295952896e-01 2.223849849120386857e+00 1.562813647160738562e+01
9.540001908296263933e-01 2.264305429134009007e+00 1.567874020213745290e+01
9.550001910296574970e-01 2.304879991990989474e+00 1.572916378068842924e+01
9.560001912296886006e-01 2.345572595823210982e+00 1.577940737609723243e+01
9.570001914297197043e-01 2.386382302689525670e+00 1.582947116480583816e+01
9.580001916297508080e-01 2.427308178592573196e+00 1.587935533073863859e+01
9.590001918297818007e-01 2.468349293494954466e+00 1.592906006518106921e+01
9.600001920298129043e-01 2.509504721334782751e+00 1.597858556665951646e+01
9.610001922298440080e-01 2.550773540040567333e+00 1.602793204082243506e+01
9.620001924298751117e-01 2.592154831545525173e+00 1.607709970032278335e+01
9.630001926299062154e-01 2.633647681801261964e+00 1.612608876470164176e+01
9.640001928299373191e-01 2.675251180790862104e+00 1.617489946027307823e+01
9.650001930299684227e-01 2.716964422541383595e+00 1.622353202001026773e+01
9.660001932299995264e-01 2.758786505135784051e+00 1.627198668343278953e+01
9.670001934300306301e-01 2.800716530724264075e+00 1.632026369649515374e+01
9.680001936300617338e-01 2.842753605535062622e+00 1.636836331147650370e+01
9.690001938300928375e-01 2.884896839884687481e+00 1.641628578687155482e+01
9.700001940301238301e-01 2.927145348187603968e+00 1.646403138728267379e+01
9.710001942301549338e-01 2.969498248965414255e+00 1.651160038331317992e+01
9.720001944301860375e-01 3.011954664855449160e+00 1.655899305146175138e+01
9.730001946302171412e-01 3.054513722618902527e+00 1.660620967401806425e+01
9.740001948302482448e-01 3.097174553148418052e+00 1.665325053896009777e+01
9.750001950302793485e-01 3.139936291475322161e+00 1.670011593987255338e+01
9.760001952303104522e-01 3.182798076776360396e+00 1.674680617581991982e+01
9.770001954303415559e-01 3.225759052379765901e+00 1.679332155124336623e+01
9.780001956303726596e-01 3.268818365770882473e+00 1.683966237587122805e+01
9.790001958304037633e-01 3.311975168597367958e+00 1.688582896462141392e+01
9.800001960304348669e-01 3.355228616673942010e+00 1.693182163750504543e+01
9.810001962304658596e-01 3.398577869986682654e+00 1.697764071953112719e+01
9.820001964304969633e-01 3.442022092696901403e+00 1.702328654061219737e+01
9.830001966305280670e-01 3.485560453144532556e+00 1.706875943547125729e+01
9.840001968305591706e-01 3.529192123851143226e+00 1.711405974354961756e+01
9.850001970305902743e-01 3.572916281522513504e+00 1.715918780891586692e+01
9.860001972306213780e-01 3.616732107050775635e+00 1.720414398017587843e+01
9.870001974306524817e-01 3.660638785516204585e+00 1.724892861038385661e+01
9.880001976306835854e-01 3.704635506188536986e+00 1.729354205695445756e+01
9.890001978307146890e-01 3.748721462527965009e+00 1.733798468157586115e+01
9.900001980307457927e-01 3.792895852185712791e+00 1.738225685012394450e+01
9.910001982307768964e-01 3.837157877004227391e+00 1.742635893257740776e+01
9.920001984308078891e-01 3.881506743017035799e+00 1.747029130293392285e+01
9.930001986308389927e-01 3.925941660448215131e+00 1.751405433912729137e+01
9.940001988308700964e-01 3.970461843711461380e+00 1.755764842294555095e+01
9.950001990309012001e-01 4.015066511408859284e+00 1.760107393995014391e+01
9.955001991309166964e-01 4.037400283878386453e+00 1.762272360739056509e+01
9.960001992309323038e-01 4.059754886329191237e+00 1.764433127939689427e+01
9.965001993309479111e-01 4.082130222263844033e+00 1.766589700516562544e+01
9.970001994309634075e-01 4.104526195446029035e+00 1.768742083416493216e+01
9.975001995309789038e-01 4.126942709901235240e+00 1.770890281603371719e+01
9.977501995809867630e-01 4.138158640185280568e+00 1.771962812987987235e+01
9.980001996309945111e-01 4.149379669915555624e+00 1.773034300067246249e+01
9.982501996810022593e-01 4.160605787168671021e+00 1.774104743466966028e+01
9.985001997310101185e-01 4.171836980037130438e+00 1.775174143815442207e+01
9.987501997810178667e-01 4.183073236630209024e+00 1.776242501742892443e+01
9.988751998060216852e-01 4.188693260112222205e+00 1.776776289995840941e+01
9.990001998310256148e-01 4.194314545073934752e+00 1.777309817880141196e+01
9.991001798479230978e-01 4.198811580505765306e+00 1.777736367451586119e+01
9.992001598648205807e-01 4.203309421255878142e+00 1.778162750544655424e+01
9.993001398817178416e-01 4.207808066566892435e+00 1.778588967199939219e+01
9.994001198986153245e-01 4.212307515681896319e+00 1.779015017458047154e+01
9.995000999155128074e-01 4.216807767844374943e+00 1.779440901359598470e+01
9.995500899239615489e-01 4.219058194832131292e+00 1.779653780939363017e+01
9.996000799324102903e-01 4.221308822298263763e+00 1.779866618945228396e+01
9.996500699408590318e-01 4.223559650148336786e+00 1.780079415382274632e+01
9.997000599493076622e-01 4.225810678287928113e+00 1.780292170255583883e+01
9.997500499577564037e-01 4.228061906622667898e+00 1.780504883570240438e+01
9.997750449619807744e-01 4.229187595833727720e+00 1.780611224644662727e+01
9.998000399662051452e-01 4.230313335058186297e+00 1.780717555331328228e+01
9.998250349704295159e-01 4.231439124284256614e+00 1.780823875630872521e+01
9.998500299746537756e-01 4.232564963500148103e+00 1.780930185543931188e+01
9.998750249788781463e-01 4.233690852694077300e+00 1.781036485071141229e+01
9.998875224809903317e-01 4.234253816029124096e+00 1.781089630940250501e+01
9.999000199831025171e-01 4.234816791854261631e+00 1.781142774213136093e+01
9.999100179847922876e-01 4.235267181506244150e+00 1.781185286962216807e+01
9.999200159864820581e-01 4.235717579150189316e+00 1.781227798049805244e+01
9.999300139881717175e-01 4.236167984785336849e+00 1.781270307475942971e+01
9.999400119898614880e-01 4.236618398410939790e+00 1.781312815240670133e+01
9.999500099915512585e-01 4.237068820026244076e+00 1.781355321344028653e+01
9.999550089923960883e-01 4.237294033829792639e+00 1.781376573772707061e+01
9.999600079932410290e-01 4.237519249630488538e+00 1.781397825786056899e+01
9.999650069940859698e-01 4.237744467428236739e+00 1.781419077384086691e+01
9.999700059949307995e-01 4.237969687222927995e+00 1.781440328566798215e+01
9.999750049957756293e-01 4.238194909014479705e+00 1.781461579334197864e+01
9.999775044961980441e-01 4.238307520659049032e+00 1.781472204562158268e+01
9.999800039966204590e-01 4.238420132802800389e+00 1.781482829686291325e+01
9.999825034970428739e-01 4.238532745445715122e+00 1.781493454706599167e+01
9.999850029974652887e-01 4.238645358587786127e+00 1.781504079623081793e+01
9.999875024978877036e-01 4.238757972229003634e+00 1.781514704435741692e+01
9.999887522480990221e-01 4.238814279236794214e+00 1.781520016803137452e+01
9.999900019983102295e-01 4.238870586369356985e+00 1.781525329144577086e+01
9.999910017984792177e-01 4.238915632165249470e+00 1.781529578999041874e+01
9.999920015986483168e-01 4.238960678041012287e+00 1.781533828836893107e+01
9.999930013988171940e-01 4.239005723996616126e+00 1.781538078658133983e+01
9.999940011989861821e-01 4.239050770032085858e+00 1.781542328462763081e+01
9.999950009991551703e-01 4.239095816147409934e+00 1.781546578250781110e+01
9.999955008992396088e-01 4.239118339235014687e+00 1.781548703138560441e+01
9.999960007993240474e-01 4.239140862342584803e+00 1.781550828022186295e+01
9.999965006994085970e-01 4.239163385470122947e+00 1.781552952901660802e+01
9.999970005994931466e-01 4.239185908617626453e+00 1.781555077776981832e+01
9.999975004995775851e-01 4.239208431785083775e+00 1.781557202648150451e+01
9.999977504496198044e-01 4.239219693376299780e+00 1.781558265082176717e+01
9.999980003996620237e-01 4.239230954972510013e+00 1.781559327515165236e+01
9.999982503497042430e-01 4.239242216573707367e+00 1.781560389947114942e+01
9.999985002997464623e-01 4.239253478179897172e+00 1.781561452378026544e+01
9.999987502497886815e-01 4.239264739791077652e+00 1.781562514807899333e+01
9.999988752248099022e-01 4.239270370598545057e+00 1.781563046022448304e+01
9.999990001998310118e-01 4.239276001407252359e+00 1.781563577236736506e+01
9.999991001798479440e-01 4.239280506055118636e+00 1.781564002207980479e+01
9.999992001598647651e-01 4.239285010703778944e+00 1.781564427179057830e+01
9.999993001398816972e-01 4.239289515353246607e+00 1.781564852149968914e+01
9.999994001198986293e-01 4.239294020003509189e+00 1.781565277120714441e+01
9.999995000999155614e-01 4.239298524654569356e+00 1.781565702091294767e+01
9.999995500899239165e-01 4.239300776980392982e+00 1.781565914576520981e+01
9.999996000799323825e-01 4.239303029306427106e+00 1.781566127061707405e+01
9.999996500699408486e-01 4.239305281632654854e+00 1.781566339546850841e+01
9.999997000599493147e-01 4.239307533959082441e+00 1.781566552031952710e+01
9.999997500499577807e-01 4.239309786285710757e+00 1.781566764517014789e+01
9.999997750449619582e-01 4.239310912449098190e+00 1.781566870759529664e+01
9.999998000399661358e-01 4.239312038612534472e+00 1.781566977002033880e+01
9.999998250349704243e-01 4.239313164776028486e+00 1.781567083244528860e+01
9.999998500299746018e-01 4.239314290939564245e+00 1.781567189487012115e+01
9.999998750249788904e-01 4.239315417103156847e+00 1.781567295729485778e+01
9.999998875224809236e-01 4.239315980184965582e+00 1.781567348850718702e+01
9.999999000199830679e-01 4.239316543266792969e+00 1.781567401971949494e+01
9.999999143028426296e-01 4.239317186788893466e+00 1.781567462681924141e+01
9.999999285857021913e-01 4.239317830311012614e+00 1.781567523391894170e+01
9.999999428685617531e-01 4.239318473833145084e+00 1.781567584101862423e+01
9.999999571514213148e-01 4.239319117355299760e+00 1.781567644811826057e+01
9.999999714342808765e-01 4.239319760877461540e+00 1.781567705521786493e+01
9.999999857171404383e-01 4.239320404399647302e+00 1.781567766231743732e+01
1.000000000000000000e+00 4.239321047921847274e+00 1.781567826941698129e+01
