# 4 3 8.15882620105 0.0174212345935
# x xi_r xi_h
0.000000000000000000e+00 0.000000000000000000e+00 0.000000000000000000e+00
1.000000200031036027e-03 1.228877323086295427e-05 4.096254323778664333e-06
1.062500212532975019e-03 1.387287409106567376e-05 4.624287006793385702e-06
1.125000225034915096e-03 1.555298136175972126e-05 5.184321647956965042e-06
1.187500237536854956e-03 1.732909509665274373e-05 5.776358242882866900e-06
1.250000250038795033e-03 1.920121535212476188e-05 6.400396786867234411e-06
1.312500262540734026e-03 2.116934218727369133e-05 7.056437274865204563e-06
1.375000275042674103e-03 2.323347566393668790e-05 7.744479701475103409e-06
1.500000300046552956e-03 2.764976280288797546e-05 9.216570347074584736e-06
1.625000325050432893e-03 3.245007731860217315e-05 1.081666867295000927e-05
1.750000350054311963e-03 3.763441980452955768e-05 1.254477462217778311e-05
1.875000375058191900e-03 4.320279089775865212e-05 1.440088813149017784e-05
2.000000400062071186e-03 4.915519127881667850e-05 1.638500913117163515e-05
2.100000420065174789e-03 5.419361315776186294e-05 1.806447128353292234e-05
2.200000440068277958e-03 5.947781464580037547e-05 1.982585816519494629e-05
2.400000480074486030e-03 7.078355815441000952e-05 2.359440596990379320e-05
2.600000520080692802e-03 8.307242540862924218e-05 2.769065223678317239e-05
2.800000560086900007e-03 9.634442032360544101e-05 3.211459663184532630e-05
3.000000600093107213e-03 1.105995471266242553e-04 3.686623879490904024e-05
3.250000650100865786e-03 1.298009917897953750e-04 4.326661588161444743e-05
3.500000700108624793e-03 1.505385966765168985e-04 5.017901928599354650e-05
3.750000750116383799e-03 1.728123720840039868e-04 5.760344812506878136e-05
4.000000800124142372e-03 1.966223290704019520e-04 6.553990144748319819e-05
4.333334200134488293e-03 2.307585747078619634e-04 7.691831997583631147e-05
4.666667600144833346e-03 2.676258610256933572e-04 8.920699986116621932e-05
5.000001000155178399e-03 3.072242205308265491e-04 1.024059383057684437e-04
5.333334400165524319e-03 3.495536881147949678e-04 1.165151323198613718e-04
5.666667800175869373e-03 3.946143010729335110e-04 1.315345787306739433e-04
6.000001200186214426e-03 4.424060990834196433e-04 1.474642741238976632e-04
6.500001300201731572e-03 5.192148607052884468e-04 1.730655261560221233e-04
7.000001400217249585e-03 6.021690358606356964e-04 2.007148173558700554e-04
7.500001500232767598e-03 6.912687885279741266e-04 2.304121337480968964e-04
8.000001600248286479e-03 7.865142947042531732e-04 2.621574604438870154e-04
8.500001700263805360e-03 8.879057422865984294e-04 2.959507814641216140e-04
9.000001800279322506e-03 9.954433311091337531e-04 3.317920800367969302e-04
9.500001900294839652e-03 1.109127272860385227e-03 3.696813382446526778e-04
1.000000200031036027e-02 1.228957791052293904e-03 4.096185374600157768e-04
1.050000210032587915e-02 1.354935121009453146e-03 4.516036579466263458e-04
1.100000220034138936e-02 1.487059509766794742e-03 4.956366792112157360e-04
1.200000240037243059e-02 1.769750510317485157e-03 5.898463373572621245e-04
1.300000260040345967e-02 2.077033001736279787e-03 6.922473295296117154e-04
1.400000280043449917e-02 2.408909377199090849e-03 8.028394601773178709e-04
1.500000300046552999e-02 2.765382212212186015e-03 9.216225208856446008e-04
1.600000320049656949e-02 3.146454262415878007e-03 1.048596290835751696e-03
1.700000340052760031e-02 3.552128461340412803e-03 1.183760537895561273e-03
1.800000360055864154e-02 3.982407917675717841e-03 1.327115017997503900e-03
1.900000380058967930e-02 4.437295912579622068e-03 1.478659477532564930e-03
2.000000400062071013e-02 4.916795897464880036e-03 1.638393654653027675e-03
2.100000420065175136e-02 5.420911491166660774e-03 1.806317278665019004e-03
2.200000440068278912e-02 5.949646476297462683e-03 1.982430070055458699e-03
2.300000460071381994e-02 6.503004795839542433e-03 2.166731743214294660e-03
2.400000480074486117e-02 7.080990549868541872e-03 2.359222006704387274e-03
2.500000500077589893e-02 7.683607991929616854e-03 2.559900564388703677e-03
2.600000520080694016e-02 8.310861525255525822e-03 2.768767116394722522e-03
2.700000540083797099e-02 8.962755698815109279e-03 2.985821360281393309e-03
2.800000560086900875e-02 9.639295203183571512e-03 3.211062992047841215e-03
2.900000580090004998e-02 1.034048486615615249e-02 3.444491706985527025e-03
3.000000600093108080e-02 1.106632964820791418e-02 3.686107201169874694e-03
3.100000620096211856e-02 1.181683463781756788e-02 3.935909172519365569e-03
3.200000640099315979e-02 1.259200504660810092e-02 4.193897322153270456e-03
3.300000660102418715e-02 1.339184620432993557e-02 4.460071355664253605e-03
3.400000680105522838e-02 1.421636355357319519e-02 4.734430983925073770e-03
3.500000700108626961e-02 1.506556264431595932e-02 5.016975924936287190e-03
3.600000720111729696e-02 1.593944912837810118e-02 5.307705905157253205e-03
3.700000740114833819e-02 1.683802875356127729e-02 5.606620660171463162e-03
3.800000760117937249e-02 1.776130735760772864e-02 5.913719936748934938e-03
3.900000780121040678e-02 1.870929086207918229e-02 6.229003494264081370e-03
4.000000800124144801e-02 1.968198526591547620e-02 6.552471105343296402e-03
4.100000820127248924e-02 2.067939663880017168e-02 6.884122558037646805e-03
4.200000840130351659e-02 2.170153111444449515e-02 7.223957657329613952e-03
4.300000860133455782e-02 2.274839488353711664e-02 7.571976225684972674e-03
4.400000880136559905e-02 2.381999418648804087e-02 7.928178105367925457e-03
4.500000900139663335e-02 2.491633530609371067e-02 8.292563160010918769e-03
4.600000920142766764e-02 2.603742455986907123e-02 8.665131275178844517e-03
4.700000940145870887e-02 2.718326829214636961e-02 9.045882360587627347e-03
4.800000960148974316e-02 2.835387286609036134e-02 9.434816351898066625e-03
4.900000980152077745e-02 2.954924465530622824e-02 9.831933210485576183e-03
5.000001000155181868e-02 3.076939003526229024e-02 1.023723292685270285e-02
5.100001020158285991e-02 3.201431537473568845e-02 1.065071552228480725e-02
5.200001040161388727e-02 3.328402702701972055e-02 1.107238105032321528e-02
5.300001060164492850e-02 3.457853132087310155e-02 1.150222959825320315e-02
5.400001080167596973e-02 3.589783455085023001e-02 1.194026128530431899e-02
5.500001100170699708e-02 3.724194296739479632e-02 1.238647626713544787e-02
5.600001120173805219e-02 3.861086276703301623e-02 1.284087473724323213e-02
5.700001140176907954e-02 4.000460008221914943e-02 1.330345692762616681e-02
5.800001160180010690e-02 4.142316097084653564e-02 1.377422311017584104e-02
5.900001180183116201e-02 4.286655140582835977e-02 1.425317360122395870e-02
6.000001200186218936e-02 4.433477726442505706e-02 1.474030876013976248e-02
6.100001220189323059e-02 4.582784431697987243e-02 1.523562899037996660e-02
6.200001240192425794e-02 4.734575821543103580e-02 1.573913474147995567e-02
6.300001260195529917e-02 4.888852448162617909e-02 1.625082651041568488e-02
6.400001280198633347e-02 5.045614849548282072e-02 1.677070484413293108e-02
6.500001300201738164e-02 5.204863548289380415e-02 1.729877033995428151e-02
6.600001320204841593e-02 5.366599050325093767e-02 1.783502364670255802e-02
6.700001340207945022e-02 5.530821843670669091e-02 1.837946546628949074e-02
6.800001360211048451e-02 5.697532397118774267e-02 1.893209655499925731e-02
6.900001380214151880e-02 5.866731158911385469e-02 1.949291772454927324e-02
7.000001400217256697e-02 6.038418555383044672e-02 2.006192984343457483e-02
7.100001420220360127e-02 6.212594989577141513e-02 2.063913383815891775e-02
7.200001440223463556e-02 6.389260839833371675e-02 2.122453069433211797e-02
7.300001460226566985e-02 6.568416458345398279e-02 2.181812145778086812e-02
7.400001480229669026e-02 6.750062169689963198e-02 2.241990723573994426e-02
7.500001500232772456e-02 6.934198269326417863e-02 2.302988919781495669e-02
7.600001520235874497e-02 7.120825022064974918e-02 2.364806857693842884e-02
7.700001540238977926e-02 7.309942660504462064e-02 2.427444667036254486e-02
7.800001560242081355e-02 7.501551383439433729e-02 2.490902484056981003e-02
7.900001580245183397e-02 7.695651354235261143e-02 2.555180451602815511e-02
8.000001600248286826e-02 7.892242699171038434e-02 2.620278719204346615e-02
8.100001620251390255e-02 8.091325505751176261e-02 2.686197443155791120e-02
8.200001640254492297e-02 8.292899820984560300e-02 2.752936786580886808e-02
8.300001660257595726e-02 8.496965649630384976e-02 2.820496919496474561e-02
8.400001680260697767e-02 8.703522952413052238e-02 2.888878018902694619e-02
8.500001700263801196e-02 8.912571644203973187e-02 2.958080268815659747e-02
8.600001720266904626e-02 9.124111592166404827e-02 3.028103860294364610e-02
8.700001740270006667e-02 9.338142613865385577e-02 3.098948991493718358e-02
8.800001760273110096e-02 9.554664475343695174e-02 3.170615867696623819e-02
8.900001780276212138e-02 9.773676889162148662e-02 3.243104701338582474e-02
9.000001800279315567e-02 9.995179512406694722e-02 3.316415712064207238e-02
9.100001820282418996e-02 1.021917194466761131e-01 3.390549126831959859e-02
9.200001840285521038e-02 1.044565372597648228e-01 3.465505179750703879e-02
9.300001860288624467e-02 1.067462433469892752e-01 3.541284112138225887e-02
9.400001880291727896e-02 1.090608318539441346e-01 3.617886172518210847e-02
9.500001900294829937e-02 1.114002962663864921e-01 3.695311616601876931e-02
9.600001920297933367e-02 1.137646293880785336e-01 3.773560707267854808e-02
9.700001940301035408e-02 1.161538233183617569e-01 3.852633714713514512e-02
9.800001960304138837e-02 1.185678694293429147e-01 3.932530916248646452e-02
9.900001980307242266e-02 1.210067583425598198e-01 4.013252596214646195e-02
1.000000200031034014e-01 1.234704799052607910e-01 4.094799045979444913e-02
1.010000202031345051e-01 1.259590231663133275e-01 4.177170563871062531e-02
1.020000204031654978e-01 1.284723763517027217e-01 4.260367455100386863e-02
1.030000206031965043e-01 1.310105268396898615e-01 4.344390031800342972e-02
1.040000208032275941e-01 1.335734611356923229e-01 4.429238613061244750e-02
1.050000210032586007e-01 1.361611648466167224e-01 4.514913524496221020e-02
1.060000212032895933e-01 1.387736226546570362e-01 4.601415098276791932e-02
1.070000214033206970e-01 1.414108182907534983e-01 4.688743673019156455e-02
1.080000216033517035e-01 1.440727345076202037e-01 4.776899593653782111e-02
1.090000218033826962e-01 1.467593530523525203e-01 4.865883211315830820e-02
1.100000220034137027e-01 1.494706546387987445e-01 4.955694883547450552e-02
1.110000222034448064e-01 1.522066189194501706e-01 5.046334973743542285e-02
1.120000224034757991e-01 1.549672244566801804e-01 5.137803851021689044e-02
1.130000226035068056e-01 1.577524486935902304e-01 5.230101890113270785e-02
1.140000228035378954e-01 1.605622679244345929e-01 5.323229471176379318e-02
1.150000230035689019e-01 1.633966572645834947e-01 5.417186979595260687e-02
1.160000232035998946e-01 1.662555906201574341e-01 5.511974806041576580e-02
1.170000234036309011e-01 1.691390406573420602e-01 5.607593346289914404e-02
1.180000236036620048e-01 1.720469787710252607e-01 5.704043000584667344e-02
1.190000238036929975e-01 1.749793750528584602e-01 5.801324173614826052e-02
1.200000240037240040e-01 1.779361982589507951e-01 5.899437274267946979e-02
1.210000242037550938e-01 1.809174157770768454e-01 5.998382715369234702e-02
1.220000244037861004e-01 1.839229935934358073e-01 6.098160913492378654e-02
1.230000246038171069e-01 1.869528962591849308e-01 6.198772289145960956e-02
1.240000248038480996e-01 1.900070868563791537e-01 6.300217265843867376e-02
1.250000250038791894e-01 1.930855269631704396e-01 6.402496269959508102e-02
1.260000252039102098e-01 1.961881766186146792e-01 6.505609730475173103e-02
1.270000254039412024e-01 1.993149942869994473e-01 6.609558078658449298e-02
1.280000256039723061e-01 2.024659368216626121e-01 6.714341747725612042e-02
1.290000258040032988e-01 2.056409594285070197e-01 6.819961172950129991e-02
1.300000260040342914e-01 2.088400156291002618e-01 6.926416791091927205e-02
1.310000262040653118e-01 2.120630572229959820e-01 7.033709039710921151e-02
1.320000264040963878e-01 2.153100342494868591e-01 7.141838357007820881e-02
1.330000266041274082e-01 2.185808949489332353e-01 7.250805181436070779e-02
1.340000268041584008e-01 2.218755857235612250e-01 7.360609951297628073e-02
1.350000270041893935e-01 2.251940510977984422e-01 7.471253104493126573e-02
1.360000272042204972e-01 2.285362336783532677e-01 7.582735078576849364e-02
1.370000274042514898e-01 2.319020741135970065e-01 7.695056309516416782e-02
1.380000276042825103e-01 2.352915110521651421e-01 7.808217231521306922e-02
1.390000278043135862e-01 2.387044811011566625e-01 7.922218276626599720e-02
1.400000280043446066e-01 2.421409187837999799e-01 8.037059874222429734e-02
1.410000282043755993e-01 2.456007564965637935e-01 8.152742450562001919e-02
1.420000284044067029e-01 2.490839244660095764e-01 8.269266428982896544e-02
1.430000286044376956e-01 2.525903507050830665e-01 8.386632228705918901e-02
1.440000288044686882e-01 2.561199609685522183e-01 8.504840264339061373e-02
1.450000290044997919e-01 2.596726787079469134e-01 8.623890945478160375e-02
1.460000292045308123e-01 2.632484250259882197e-01 8.743784676171402481e-02
1.470000294045618050e-01 2.668471186304505194e-01 8.864521854365567388e-02
1.480000296045927977e-01 2.704686757875620629e-01 8.986102871615883614e-02
1.490000298046239013e-01 2.741130102750807818e-01 9.108528112866252913e-02
1.500000300046548940e-01 2.777800333345917805e-01 9.231797955032418346e-02
1.510000302046858867e-01 2.814696536230384960e-01 9.355912766769296229e-02
1.520000304047169903e-01 2.851817771638350263e-01 9.480872907892580470e-02
1.530000306047480108e-01 2.889163072974126334e-01 9.606678728771068931e-02
1.540000308047790034e-01 2.926731446311935381e-01 9.733330569706138968e-02
1.550000310048101071e-01 2.964521869890028305e-01 9.860828760346669608e-02
1.560000312048410998e-01 3.002533293600704867e-01 9.989173619428810824e-02
1.570000314048720924e-01 3.040764638474149351e-01 1.011836545366326112e-01
1.580000316049031128e-01 3.079214796155059775e-01 1.024840455716933413e-01
1.590000318049341888e-01 3.117882628374182841e-01 1.037929121088634887e-01
1.600000320049652092e-01 3.156766966414434883e-01 1.051102568191780856e-01
1.610000322049962018e-01 3.195866610571415078e-01 1.064360822286979924e-01
1.620000324050271945e-01 3.235180329608304262e-01 1.077703907117983639e-01
1.630000326050582982e-01 3.274706860202710734e-01 1.091131844776831311e-01
1.640000328050892908e-01 3.314444906386813106e-01 1.104644655668990116e-01
1.650000330051203112e-01 3.354393138984759770e-01 1.118242358485162652e-01
1.660000332051513872e-01 3.394550195044737650e-01 1.131924970096770122e-01
1.670000334051824076e-01 3.434914677264169214e-01 1.145692505481348822e-01
1.680000336052134002e-01 3.475485153409113570e-01 1.159544977647156971e-01
1.690000338052443929e-01 3.516260155727931047e-01 1.173482397557051304e-01
1.700000340052754966e-01 3.557238180358436308e-01 1.187504774028321081e-01
1.710000342053064892e-01 3.598417686727191644e-01 1.201612113616655764e-01
1.720000344053375096e-01 3.639797096944583643e-01 1.215804420614347708e-01
1.730000346053686133e-01 3.681374795195653804e-01 1.230081696936078939e-01
1.740000348053996060e-01 3.723149127123932534e-01 1.244443942032998629e-01
1.750000350054305986e-01 3.765118399209280153e-01 1.258891152807802005e-01
1.760000352054615913e-01 3.807280878139918112e-01 1.273423323528832252e-01
1.770000354054926950e-01 3.849634790178491639e-01 1.288040445740088469e-01
1.780000356055236876e-01 3.892178320521210710e-01 1.302742508143244771e-01
1.790000358055547081e-01 3.934909612651359412e-01 1.317529496543082546e-01
1.800000360055858117e-01 3.977826767687970833e-01 1.332401393751758145e-01
1.810000362056168044e-01 4.020927843728299145e-01 1.347358179490807661e-01
1.820000364056477971e-01 4.064210855184236526e-01 1.362399830297367220e-01
1.830000366056787897e-01 4.107673772112876431e-01 1.377526319429323576e-01
1.840000368057098934e-01 4.151314519541257630e-01 1.392737616769368636e-01
1.850000370057409138e-01 4.195130976784856025e-01 1.408033688715519260e-01
1.860000372057719065e-01 4.239120976760064052e-01 1.423414498087739455e-01
1.870000374058030101e-01 4.283282305291372660e-01 1.438880004038297633e-01
1.880000376058340028e-01 4.327612700412845625e-01 1.454430161944285649e-01
1.890000378058649955e-01 4.372109851663609215e-01 1.470064923305503535e-01
1.900000380058959881e-01 4.416771399377609209e-01 1.485784235641303686e-01
1.910000382059270918e-01 4.461594933967631960e-01 1.501588042386393096e-01
1.920000384059581122e-01 4.506577995203462361e-01 1.517476282779554597e-01
1.930000386059891049e-01 4.551718071483817352e-01 1.533448891745108345e-01
1.940000388060202086e-01 4.597012599103014185e-01 1.549505799808253981e-01
1.950000390060512012e-01 4.642458961512412330e-01 1.565646932976990369e-01
1.960000392060821939e-01 4.688054488576003931e-01 1.581872212630970054e-01
1.970000394061132976e-01 4.733796455820376003e-01 1.598181555410075338e-01
1.980000396061442902e-01 4.779682083679164806e-01 1.614574873101970731e-01
1.990000398061753106e-01 4.825708536731980192e-01 1.631052072526939789e-01
2.000000400062063866e-01 4.871872922937328099e-01 1.647613055405231786e-01
2.010000402062374070e-01 4.918172292860178429e-01 1.664257718260834795e-01
2.020000404062683996e-01 4.964603638894741766e-01 1.680985952303422348e-01
2.030000406062993923e-01 5.011163894481758252e-01 1.697797643305828386e-01
2.040000408063304960e-01 5.057849933320399671e-01 1.714692671484446540e-01
2.050000410063614886e-01 5.104658568574916844e-01 1.731670911378650757e-01
2.060000412063925090e-01 5.151586552076158343e-01 1.748732231729204223e-01
2.070000414064236127e-01 5.198630573517346587e-01 1.765876495333858764e-01
2.080000416064546054e-01 5.245787259644478784e-01 1.783103558933429311e-01
2.090000418064855980e-01 5.293053173442682224e-01 1.800413273108097956e-01
2.100000420065165907e-01 5.340424813317719011e-01 1.817805482136858053e-01
2.110000422065476944e-01 5.387898612272308263e-01 1.835280023870191624e-01
2.120000424065786870e-01 5.435470937077550024e-01 1.852836729601790300e-01
2.130000426066097075e-01 5.483138087439730635e-01 1.870475423939369219e-01
2.140000428066408111e-01 5.530896295162375242e-01 1.888195924674552773e-01
2.150000430066718038e-01 5.578741723303808353e-01 1.905998042651896596e-01
2.160000432067027965e-01 5.626670465330203541e-01 1.923881581637056359e-01
2.170000434067337891e-01 5.674678544263956903e-01 1.941846338172596442e-01
2.180000436067648928e-01 5.722761911825822168e-01 1.959892101380323881e-01
2.190000438067959132e-01 5.770916447573580799e-01 1.978018652915944919e-01
2.200000440068269059e-01 5.819137958038227421e-01 1.996225766807420143e-01
2.210000442068580095e-01 5.867422175855142585e-01 2.014513209305675845e-01
2.220000444068890022e-01 5.915764758890985631e-01 2.032880738742516291e-01
2.230000446069199949e-01 5.964161289366490815e-01 2.051328105387044964e-01
2.240000448069509875e-01 6.012607272975367678e-01 2.069855051300533988e-01
2.250000450069820912e-01 6.061098137999311186e-01 2.088461310189692610e-01
2.260000452070131116e-01 6.109629234420594912e-01 2.107146607311785880e-01
2.270000454070441043e-01 6.158195833033148769e-01 2.125910659364210753e-01
2.280000456070752080e-01 6.206793124547930196e-01 2.144753174208566260e-01
2.290000458071062006e-01 6.255416218693330421e-01 2.163673850783618957e-01
2.300000460071371933e-01 6.304060143313963138e-01 2.182672378959065462e-01
2.310000462071682137e-01 6.352719843466555494e-01 2.201748439387022915e-01
2.320000464071992896e-01 6.401390180512971373e-01 2.220901703352663181e-01
2.330000466072303100e-01 6.450065931210510195e-01 2.240131832624050467e-01
2.340000468072613027e-01 6.498741786799669962e-01 2.259438479300067415e-01
2.350000470072924064e-01 6.547412352088237686e-01 2.278821285608143843e-01
2.360000472073233990e-01 6.596072144532963977e-01 2.298279883790872447e-01
2.370000474073543917e-01 6.644715593320356106e-01 2.317813895967022197e-01
2.380000476073854121e-01 6.693337038445368314e-01 2.337422933955793924e-01
2.390000478074164880e-01 6.741930729787752874e-01 2.357106599117934909e-01
2.400000480074475084e-01 6.790490826186615925e-01 2.376864482195587269e-01
2.410000482074785011e-01 6.839011394513345721e-01 2.396696163150819903e-01
2.420000484075096048e-01 6.887486408743064281e-01 2.416601211002792626e-01
2.430000486075405974e-01 6.935909749025103155e-01 2.436579183678437288e-01
2.440000488075715901e-01 6.984275200754347379e-01 2.456629627926673609e-01
2.450000490076026105e-01 7.032576453640868586e-01 2.476752079039234999e-01
2.460000492076336864e-01 7.080807100776946861e-01 2.496946060716216664e-01
2.470000494076647068e-01 7.128960637704554459e-01 2.517211084912390762e-01
2.480000496076956995e-01 7.177030461482817314e-01 2.537546651672242803e-01
2.490000498077268032e-01 7.225009869755461001e-01 2.557952248964245889e-01
2.500000500077578236e-01 7.272892059818388821e-01 2.578427352514451876e-01
2.510000502077888163e-01 7.320670127687686213e-01 2.598971425639380328e-01
2.520000504078199199e-01 7.368337067167916032e-01 2.619583919063460109e-01
2.530000506078509126e-01 7.415885768920731369e-01 2.640264270740474983e-01
2.540000508078819053e-01 7.463309019535085964e-01 2.661011905717883819e-01
2.550000510079130089e-01 7.510599500599060008e-01 2.681826235949124615e-01
2.560000512079438906e-01 7.557749787772811700e-01 2.702706660120974269e-01
2.570000514079749943e-01 7.604752349863279637e-01 2.723652563480408739e-01
2.580000516080059869e-01 7.651599547900823639e-01 2.744663317660619439e-01
2.590000518080369796e-01 7.698283634218079374e-01 2.765738280506204738e-01
2.600000520080680833e-01 7.744796751531347612e-01 2.786876795898098336e-01
2.610000522080990759e-01 7.791130932025127631e-01 2.808078193601171169e-01
2.620000524081301241e-01 7.837278096439794783e-01 2.829341789067802981e-01
2.630000526081611723e-01 7.883230053162021411e-01 2.850666883253426542e-01
2.640000528081922204e-01 7.928978497318819318e-01 2.872052762447657170e-01
2.650000530082232131e-01 7.974515009875647875e-01 2.893498698096400590e-01
2.660000532082543168e-01 8.019831056738739861e-01 2.915003946623362374e-01
2.670000534082853094e-01 8.064917987861864868e-01 2.936567749250970638e-01
2.680000536083163021e-01 8.109767036357922176e-01 2.958189331820763046e-01
2.690000538083474058e-01 8.154369317615699497e-01 2.979867904612948926e-01
2.700000540083783984e-01 8.198715828421926366e-01 3.001602662164136737e-01
2.710000542084093911e-01 8.242797446089187297e-01 3.023392783088382774e-01
2.720000544084403837e-01 8.286604927589965586e-01 3.045237429894834813e-01
2.730000546084714874e-01 8.330128908697028711e-01 3.067135748805276951e-01
2.740000548085024801e-01 8.373359903130694892e-01 3.089086869571393557e-01
2.750000550085334727e-01 8.416288301713159559e-01 3.111089905291581359e-01
2.760000552085645764e-01 8.458904371530344690e-01 3.133143952227326334e-01
2.770000554085956246e-01 8.501198255101609647e-01 3.155248089619118734e-01
2.780000556086266172e-01 8.543159969557844180e-01 3.177401379508917323e-01
2.790000558086576099e-01 8.584779405828281140e-01 3.199602866559638770e-01
2.800000560086887136e-01 8.626046327836195404e-01 3.221851577854817905e-01
2.810000562087197062e-01 8.666950371703874278e-01 3.244146522721206849e-01
2.820000564087506989e-01 8.707481044967525508e-01 3.266486692543913439e-01
2.830000566087816916e-01 8.747627725802431531e-01 3.288871060581168848e-01
2.840000568088127952e-01 8.787379662258775204e-01 3.311298581778899797e-01
2.850000570088437879e-01 8.826725971508552204e-01 3.333768192585148116e-01
2.860000572088747806e-01 8.865655639103950936e-01 3.356278810764403153e-01
2.870000574089058842e-01 8.904157518247832748e-01 3.378829335214015295e-01
2.880000576089368769e-01 8.942220329076542296e-01 3.401418645776438932e-01
2.890000578089679251e-01 8.979832657955626463e-01 3.424045603052717213e-01
2.900000580089989732e-01 9.016982956788813786e-01 3.446709048217392879e-01
2.910000582090300214e-01 9.053659542340909416e-01 3.469407802832631948e-01
2.920000584090611251e-01 9.089850595574959780e-01 3.492140668662431779e-01
2.930000586090921177e-01 9.125544161004192079e-01 3.514906427486849116e-01
2.940000588091231104e-01 9.160728146059282651e-01 3.537703840916335274e-01
2.950000590091542141e-01 9.195390320471449330e-01 3.560531650208895726e-01
2.960000592091852067e-01 9.229518315672052831e-01 3.583388576096747102e-01
2.970000594092161994e-01 9.263099624208943617e-01 3.606273318580386356e-01
2.980000596092471921e-01 9.296121599179950623e-01 3.629184556750212343e-01
2.990000598092781847e-01 9.328571453684477710e-01 3.652120948603869155e-01
3.000000600093092884e-01 9.360436260293554245e-01 3.675081130862211110e-01
3.010000602093402811e-01 9.391702950538943773e-01 3.698063718785511989e-01
3.020000604093712737e-01 9.422358314421911407e-01 3.721067305990108931e-01
3.030000606094023774e-01 9.452388999942078485e-01 3.744090464265421025e-01
3.040000608094334256e-01 9.481781512647192711e-01 3.767131743391362586e-01
3.050000610094644182e-01 9.510522215204207930e-01 3.790189670956271573e-01
3.060000612094955219e-01 9.538597326992316328e-01 3.813262752175281545e-01
3.070000614095265146e-01 9.565992923718815710e-01 3.836349469721545558e-01
3.080000616095575072e-01 9.592694937058755533e-01 3.859448283585879547e-01
3.090000618095886109e-01 9.618689154317945356e-01 3.882557630820350214e-01
3.100000620096194925e-01 9.643961218120002954e-01 3.905675925386891678e-01
3.110000622096505962e-01 9.668496626118886494e-01 3.928801557984942794e-01
3.120000624096815889e-01 9.692280730737413696e-01 3.951932895875085450e-01
3.130000626097125815e-01 9.715298738932200973e-01 3.975068282703501099e-01
3.140000628097436852e-01 9.737535711985938480e-01 3.998206038327409839e-01
3.150000630097746779e-01 9.758976565327474040e-01 4.021344458641417097e-01
3.160000632098057260e-01 9.779606068380571893e-01 4.044481815404930569e-01
3.170000634098367742e-01 9.799408844441976907e-01 4.067616356070585804e-01
3.180000636098678224e-01 9.818369370589558054e-01 4.090746303613798096e-01
3.190000638098988150e-01 9.836471977621314977e-01 4.113869856374331446e-01
3.200000640099299187e-01 9.853700850026306801e-01 4.136985187913383433e-01
3.210000642099609114e-01 9.870040025987496524e-01 4.160090446792404917e-01
3.220000644099919040e-01 9.885473397417456898e-01 4.183183756429592615e-01
3.230000646100230077e-01 9.899984710028081336e-01 4.206263214939248152e-01
3.240000648100540004e-01 9.913557563435019260e-01 4.229326894970011352e-01
3.250000650100849930e-01 9.926175411297502027e-01 4.252372843544723890e-01
3.260000652101159857e-01 9.937821561494487588e-01 4.275399081901820053e-01
3.270000654101469784e-01 9.948479176337832186e-01 4.298403605338415590e-01
3.280000656101780820e-01 9.958131272823373958e-01 4.321384383055115741e-01
3.290000658102090747e-01 9.966760722920826598e-01 4.344339358002577978e-01
3.300000660102401229e-01 9.974350253903199182e-01 4.367266446729903273e-01
3.310000662102712266e-01 9.980882448716825728e-01 4.390163539246196844e-01
3.320000664103022192e-01 9.986339746392894900e-01 4.413028498890598228e-01
3.330000666103332119e-01 9.990704442501011640e-01 4.435859162141456702e-01
3.340000668103643156e-01 9.993958689645725535e-01 4.458653338492777340e-01
3.350000670103953082e-01 9.996084498007281605e-01 4.481408810315096747e-01
3.360000672104263009e-01 9.997063735927279593e-01 4.504123332717113182e-01
3.370000674104572935e-01 9.996878130540307605e-01 4.526794633409751967e-01
3.380000676104883972e-01 9.995509268452349438e-01 4.549420412572624528e-01
3.390000678105193899e-01 9.992938596467051404e-01 4.571998342723002096e-01
3.400000680105503825e-01 9.989147422360686868e-01 4.594526068587406753e-01
3.410000682105814862e-01 9.984116915706898743e-01 4.617001206975811511e-01
3.420000684106124789e-01 9.977828108752144765e-01 4.639421346658585965e-01
3.430000686106435270e-01 9.970261897342899138e-01 4.661784048251974011e-01
3.440000688106745752e-01 9.961399041905525387e-01 4.684086844106354897e-01
3.450000690107056234e-01 9.951220168479988359e-01 4.706327238173784178e-01
3.460000692107366160e-01 9.939705769808198088e-01 4.728502705905425207e-01
3.470000694107677197e-01 9.926836206478300006e-01 4.750610694144106194e-01
3.480000696107987124e-01 9.912591708125825241e-01 4.772648621019723869e-01
3.490000698108297050e-01 9.896952374692737919e-01 4.794613875848001694e-01
3.500000700108608087e-01 9.879898177745545240e-01 4.816503819032647016e-01
3.510000702108916903e-01 9.861408961853525001e-01 4.838315781971023188e-01
3.520000704109227940e-01 9.841464446028101998e-01 4.860047066963411599e-01
3.530000706109537867e-01 9.820044225224630052e-01 4.881694947125967410e-01
3.540000708109847793e-01 9.797127771907507832e-01 4.903256666307431733e-01
3.550000710110158830e-01 9.772694437679944057e-01 4.924729439012948684e-01
3.560000712110468757e-01 9.746723454979302481e-01 4.946110450330294950e-01
3.570000714110779239e-01 9.719193938839385538e-01 4.967396855850438886e-01
3.580000716111090275e-01 9.690084888720811307e-01 4.988585781604580882e-01
3.590000718111400202e-01 9.659375190410518508e-01 5.009674324001390788e-01
3.600000720111710129e-01 9.627043617991631885e-01 5.030659549768632388e-01
3.610000722112021165e-01 9.593068835885005807e-01 5.051538495899183800e-01
3.620000724112331092e-01 9.557429400963418642e-01 5.072308169601656980e-01
3.630000726112641019e-01 9.520103764739875629e-01 5.092965548255701247e-01
3.640000728112952055e-01 9.481070275631096056e-01 5.113507579372071898e-01
3.650000730113260872e-01 9.440307181297465933e-01 5.133931180557611551e-01
3.660000732113571908e-01 9.397792631060686297e-01 5.154233239485211948e-01
3.670000734113881835e-01 9.353504678400402783e-01 5.174410613866444741e-01
3.680000736114191762e-01 9.307421283530931122e-01 5.194460131431640759e-01
3.690000738114502798e-01 9.259520316059630662e-01 5.214378589920197760e-01
3.700000740114812725e-01 9.209779557728131616e-01 5.234162757068957506e-01
3.710000742115123207e-01 9.158176705237551785e-01 5.253809370608699680e-01
3.720000744115434244e-01 9.104689373159134957e-01 5.273315138266302382e-01
3.730000746115744170e-01 9.049295096931575522e-01 5.292676737772764595e-01
3.740000748116054097e-01 8.991971335946402633e-01 5.311890816877049559e-01
3.750000750116365134e-01 8.932695476722686267e-01 5.330953993366007726e-01
3.760000752116675060e-01 8.871444836172460713e-01 5.349862855090405933e-01
3.770000754116984987e-01 8.808196664958198863e-01 5.368613959997278196e-01
3.780000756117294913e-01 8.742928150943655163e-01 5.387203836168611426e-01
3.790000758117605950e-01 8.675616422739462763e-01 5.405628981859793569e-01
3.800000760117915877e-01 8.606238553344799369e-01 5.423885865553118579e-01
3.810000762118225803e-01 8.534771563886661694e-01 5.441970926026017397e-01
3.820000764118535730e-01 8.461192427458094079e-01 5.459880572410433786e-01
3.830000766118846767e-01 8.385478073056641390e-01 5.477611184265224198e-01
3.840000768119157248e-01 8.307605389624509451e-01 5.495159111655604223e-01
3.850000770119467175e-01 8.227551230191811893e-01 5.512520675239932499e-01
3.860000772119778212e-01 8.145292416124331192e-01 5.529692166363898709e-01
3.870000774120088138e-01 8.060805741477229391e-01 5.546669847162261080e-01
3.880000776120398065e-01 7.974067977456110734e-01 5.563449950668312161e-01
3.890000778120709102e-01 7.885055876986806211e-01 5.580028680931102825e-01
3.900000780121019028e-01 7.793746179395503182e-01 5.596402213140709847e-01
3.910000782121328955e-01 7.700115615200389119e-01 5.612566693749683200e-01
3.920000784121638882e-01 7.604140911016428195e-01 5.628518240620882240e-01
3.930000786121949918e-01 7.505798794574783939e-01 5.644252943188939886e-01
3.940000788122259845e-01 7.405065999858202463e-01 5.659766862610317029e-01
3.950000790122569772e-01 7.301919272353794010e-01 5.675056031930192368e-01
3.960000792122880808e-01 7.196335374424842612e-01 5.690116456258107469e-01
3.970000794123190735e-01 7.088291090802874006e-01 5.704944112952597957e-01
3.980000796123501217e-01 6.977763234201613818e-01 5.719534951814949642e-01
3.990000798123812253e-01 6.864728651054248232e-01 5.733884895292175043e-01
4.000000800124122180e-01 6.749164227375440417e-01 5.747989838689432363e-01
4.010000802124432107e-01 6.631046894749520471e-01 5.761845650392024565e-01
4.020000804124743143e-01 6.510353636446470915e-01 5.775448172096979693e-01
4.030000806125053070e-01 6.387061493667022249e-01 5.788793219036023618e-01
4.040000808125362997e-01 6.261147571918365129e-01 5.801876580242085746e-01
4.050000810125672923e-01 6.132589047522004622e-01 5.814694018822809118e-01
4.060000812125982850e-01 6.001363174255114341e-01 5.827241272221825863e-01
4.070000814126293887e-01 5.867447290126861503e-01 5.839514052501089125e-01
4.080000816126603813e-01 5.730818824291304958e-01 5.851508046633830951e-01
4.090000818126913740e-01 5.591455304098105206e-01 5.863218916808324854e-01
4.100000820127224777e-01 5.449334362282620692e-01 5.874642300742651813e-01
4.110000822127535258e-01 5.304433744296888076e-01 5.885773812010604011e-01
4.120000824127845185e-01 5.156731315782715486e-01 5.896609040378920641e-01
4.130000826128156222e-01 5.006205070188551876e-01 5.907143552155983413e-01
4.140000828128466148e-01 4.852833136531438663e-01 5.917372890552190512e-01
4.150000830128776075e-01 4.696593787305399781e-01 5.927292576052141104e-01
4.160000832129087112e-01 4.537465446537962133e-01 5.936898106782723117e-01
4.170000834129395928e-01 4.375426697996114833e-01 5.946184958879552340e-01
4.180000836129706965e-01 4.210456293542856887e-01 5.955148586970139268e-01
4.190000838130016891e-01 4.042533161645716078e-01 5.963784424563191022e-01
4.200000840130326818e-01 3.871636416038788386e-01 5.972087884478622932e-01
4.210000842130637855e-01 3.697745364539663515e-01 5.980054359293370814e-01
4.220000844130947781e-01 3.520839518022590986e-01 5.987679221800186191e-01
4.230000846131258263e-01 3.340898599549096404e-01 5.994957825479545477e-01
4.240000848131568745e-01 3.157902553657443434e-01 6.001885504984946218e-01
4.250000850131879226e-01 2.971831555812290970e-01 6.008457576641638154e-01
4.260000852132189153e-01 2.782666022015711227e-01 6.014669338959047762e-01
4.270000854132500190e-01 2.590386618580893807e-01 6.020516073157102799e-01
4.280000856132810116e-01 2.394974272069871624e-01 6.025993043706506791e-01
4.290000858133120043e-01 2.196410179396369455e-01 6.031095498881196004e-01
4.300000860133431080e-01 1.994675818095416331e-01 6.035818671287757065e-01
4.310000862133741006e-01 1.789752956760602143e-01 6.040157778498767005e-01
4.320000864134050933e-01 1.581623665649515842e-01 6.044108023650107686e-01
4.330000866134360860e-01 1.370270327459191251e-01 6.047664596041177898e-01
4.340000868134671896e-01 1.155675648272806444e-01 6.050822671762490224e-01
4.350000870134981823e-01 9.378226686784071897e-02 6.053577414338462415e-01
4.360000872135291750e-01 7.166947750608247680e-02 6.055923975385676394e-01
4.370000874135602231e-01 4.922757110679629872e-02 6.057857495286730343e-01
4.380000876135913268e-01 2.645495892521511697e-02 6.059373103879852618e-01
4.390000878136223195e-01 3.350090288792261818e-03 6.060465921164540637e-01
4.400000880136533121e-01 -2.008854620331438842e-02 6.061131058023289109e-01
4.410000882136844158e-01 -4.386242146294763028e-02 6.061363616959691836e-01
4.420000884137154085e-01 -6.797296467774535667e-02 6.061158692853049201e-01
4.430000886137464011e-01 -9.242156205792942392e-02 6.060511373704499105e-01
4.440000888137773938e-01 -1.172095555649857596e-01 6.059416741420888819e-01
4.450000890138084975e-01 -1.423382416222508662e-01 6.057869872674453982e-01
4.460000892138394901e-01 -1.678088698073266216e-01 6.055865839694721808e-01
4.470000894138704828e-01 -1.936226415261680378e-01 6.053399711107204650e-01
4.480000896139015865e-01 -2.197807086688030598e-01 6.050466552790009223e-01
4.490000898139325791e-01 -2.462841722466480865e-01 6.047061428748206069e-01
4.500000900139636273e-01 -2.731340810113537243e-01 6.043179402006070289e-01
4.510000902139946755e-01 -3.003314300551112592e-01 6.038815535517392252e-01
4.520000904140257236e-01 -3.278771593924026395e-01 6.033964893094034831e-01
4.530000906140567163e-01 -3.557721525231415383e-01 6.028622540352905901e-01
4.540000908140878200e-01 -3.840172349771308613e-01 6.022783545681524853e-01
4.550000910141188126e-01 -4.126131728398944043e-01 6.016442981222374087e-01
4.560000912141498053e-01 -4.415606712597497929e-01 6.009595923870503231e-01
4.570000914141809090e-01 -4.708603729360851808e-01 6.002237456262597970e-01
4.580000916142117906e-01 -5.005128565889402914e-01 5.994362667874488793e-01
4.590000918142428943e-01 -5.305186354099190593e-01 5.985966656066938896e-01
4.600000920142738869e-01 -5.608781554942929848e-01 5.977044527159719456e-01
4.610000922143048796e-01 -5.915917942543601482e-01 5.967591397531412101e-01
4.620000924143359833e-01 -6.226598588140612733e-01 5.957602394739220930e-01
4.630000926143669759e-01 -6.540825843848661059e-01 5.947072658658777433e-01
4.640000928143980241e-01 -6.858601326229692985e-01 5.935997342644179220e-01
4.650000930144290723e-01 -7.179925899678324397e-01 5.924371614708409117e-01
4.660000932144601204e-01 -7.504799659620772223e-01 5.912190658724294501e-01
4.670000934144911131e-01 -7.833221915528280066e-01 5.899449675646127877e-01
4.680000936145222168e-01 -8.165191173745096620e-01 5.886143884752177424e-01
4.690000938145532094e-01 -8.500705120132007186e-01 5.872268524908017540e-01
4.700000940145842021e-01 -8.839760602525326139e-01 5.857818855823465620e-01
4.710000942146153058e-01 -9.182353613012398386e-01 5.842790159379538384e-01
4.720000944146461874e-01 -9.528479270026112280e-01 5.827177740975085785e-01
4.730000946146772911e-01 -9.878131800258223016e-01 5.810976930858677836e-01
4.740000948147082838e-01 -1.023130452039195282e+00 5.794183085498589847e-01
4.750000950147392764e-01 -1.058798981865577415e+00 5.776791588974641289e-01
4.760000952147703801e-01 -1.094817913619944738e+00 5.758797854391894955e-01
4.770000954148013728e-01 -1.131186294829348515e+00 5.740197325316432897e-01
4.780000956148324209e-01 -1.167903074535390440e+00 5.720985477233317962e-01
4.790000958148635246e-01 -1.204967101379361472e+00 5.701157819026806406e-01
4.800000960148945173e-01 -1.242377121670195761e+00 5.680709894482998124e-01
4.810000962149255099e-01 -1.280131777435460139e+00 5.659637283814986652e-01
4.820000964149566136e-01 -1.318229604455535053e+00 5.637935605210644407e-01
4.830000966149876063e-01 -1.356669030281168364e+00 5.615600516394879671e-01
4.840000968150185989e-01 -1.395448372234577628e+00 5.592627716206276522e-01
4.850000970150495916e-01 -1.434565835394465250e+00 5.569012946253837359e-01
4.860000972150806953e-01 -1.474019510565173441e+00 5.544751992539325158e-01
4.870000974151116879e-01 -1.513807372230133508e+00 5.519840687117520961e-01
4.880000976151426806e-01 -1.553927276489903475e+00 5.494274909781304839e-01
4.890000978151737843e-01 -1.594376958985057380e+00 5.468050589770091507e-01
4.900000980152047769e-01 -1.635154032804253310e+00 5.441163707501505131e-01
4.910000982152358251e-01 -1.676255986377778173e+00 5.413610296326433202e-01
4.920000984152668178e-01 -1.717680181356844304e+00 5.385386444307537213e-01
4.930000986152979214e-01 -1.759423850479052698e+00 5.356488296021236772e-01
4.940000988153289141e-01 -1.801484095420285092e+00 5.326912054383203809e-01
4.950000990153599068e-01 -1.843857884633458122e+00 5.296653982497502300e-01
4.960000992153910104e-01 -1.886542051174483481e+00 5.265710405528304383e-01
4.970000994154220031e-01 -1.929533290515731636e+00 5.234077712575985197e-01
4.980000996154529957e-01 -1.972828158347558869e+00 5.201752358622487860e-01
4.990000998154839884e-01 -2.016423068368379479e+00 5.168730866475252927e-01
5.000001000155150921e-01 -2.060314290063595344e+00 5.135009828727783443e-01
5.010001002155460847e-01 -2.104497946473867120e+00 5.100585909750446900e-01
5.020001004155771884e-01 -2.148970011953242665e+00 5.065455847704986025e-01
5.030001006156081811e-01 -2.193726309917576334e+00 5.029616456582736150e-01
5.040001008156391737e-01 -2.238762510583848897e+00 4.993064628266433713e-01
5.050001010156702774e-01 -2.284074128700859685e+00 4.955797334615684169e-01
5.060001012157012701e-01 -2.329656521271837644e+00 4.917811629576036569e-01
5.070001014157322627e-01 -2.375504885269643207e+00 4.879104651311576557e-01
5.080001016157632554e-01 -2.421614255345015732e+00 4.839673624360998905e-01
5.090001018157943591e-01 -2.467979501528595243e+00 4.799515861817186257e-01
5.100001020158253517e-01 -2.514595326927245633e+00 4.758628767521993486e-01
5.110001022158563444e-01 -2.561456265415394284e+00 4.717009838290492918e-01
5.120001024158874481e-01 -2.608556679322115102e+00 4.674656666179115017e-01
5.130001026159184407e-01 -2.655890757114668599e+00 4.631566940747840477e-01
5.140001028159494334e-01 -2.703452511079166953e+00 4.587738451355298785e-01
5.150001030159805371e-01 -2.751235774999058581e+00 4.543169089476910560e-01
5.160001032160115297e-01 -2.799234201832282665e+00 4.497856851045775040e-01
5.170001034160425224e-01 -2.847441261387880562e+00 4.451799838816117849e-01
5.180001036160736261e-01 -2.895850238002849242e+00 4.404996264749219681e-01
5.190001038161046187e-01 -2.944454228220074743e+00 4.357444452421631031e-01
5.200001040161356114e-01 -2.993246138468301343e+00 4.309142839455452623e-01
5.210001042161667151e-01 -3.042218682744903369e+00 4.260089979970591578e-01
5.220001044161977077e-01 -3.091364380302453085e+00 4.210284547058739668e-01
5.230001046162287004e-01 -3.140675553340043891e+00 4.159725335276977520e-01
5.240001048162598041e-01 -3.190144324700189493e+00 4.108411263153272097e-01
5.250001050162907967e-01 -3.239762615572472360e+00 4.056341375744046962e-01
5.260001052163217894e-01 -3.289522143205068083e+00 4.003514847187537029e-01
5.270001054163528931e-01 -3.339414418624966796e+00 3.949930983280640073e-01
5.280001056163838857e-01 -3.389430744368048920e+00 3.895589224078360169e-01
5.290001058164148784e-01 -3.439562212220194315e+00 3.840489146513150209e-01
5.300001060164459821e-01 -3.489799700970490637e+00 3.784630467034048595e-01
5.310001062164769747e-01 -3.540133874177723960e+00 3.728013044265127696e-01
5.320001064165079674e-01 -3.590555177951472832e+00 3.670636881682956543e-01
5.330001066165390711e-01 -3.641053838748859572e+00 3.612502130312825743e-01
5.340001068165700637e-01 -3.691619861188363938e+00 3.553609091443242218e-01
5.350001070166010564e-01 -3.742243025881972773e+00 3.493958219358373474e-01
5.360001072166321601e-01 -3.792912887286972623e+00 3.433550124088062816e-01
5.370001074166631527e-01 -3.843618771578745097e+00 3.372385574174993628e-01
5.380001076166941454e-01 -3.894349774546010057e+00 3.310465499455715888e-01
5.390001078167252491e-01 -3.945094759509739202e+00 3.247790993845251495e-01
5.400001080167562417e-01 -3.995842355267478219e+00 3.184363318181206437e-01
5.410001082167872344e-01 -4.046580954064744162e+00 3.120183903046898077e-01
5.420001084168183381e-01 -4.097298709594665134e+00 3.055254351614346553e-01
5.430001086168493307e-01 -4.147983535027555568e+00 2.989576442504588427e-01
5.440001088168803234e-01 -4.198623101072084474e+00 2.923152132661663849e-01
5.450001090169114271e-01 -4.249204834069654879e+00 2.855983560239903074e-01
5.460001092169424197e-01 -4.299715914123678928e+00 2.788073047503830115e-01
5.470001094169734124e-01 -4.350143273265547172e+00 2.719423103740052361e-01
5.480001096170045161e-01 -4.400473593658966287e+00 2.650036428180617132e-01
5.490001098170355087e-01 -4.450693305844534819e+00 2.579915912937180700e-01
5.500001100170665014e-01 -4.500788587026414156e+00 2.509064645945210392e-01
5.510001102170976051e-01 -4.550745359402911028e+00 2.437485913917703806e-01
5.520001104171285977e-01 -4.600549288542987725e+00 2.365183205307674064e-01
5.530001106171595904e-01 -4.650185781810606933e+00 2.292160213277514846e-01
5.540001108171906941e-01 -4.699639986838882066e+00 2.218420838671649742e-01
5.550001110172216867e-01 -4.748896790056153172e+00 2.143969193010613339e-01
5.560001112172526794e-01 -4.797940815266305670e+00 2.068809601477976656e-01
5.570001114172837831e-01 -4.846756422285094068e+00 1.992946605914239777e-01
5.580001116173147757e-01 -4.895327705634905158e+00 1.916384967815763785e-01
5.590001118173457684e-01 -4.943638493300070103e+00 1.839129671336804661e-01
5.600001120173768721e-01 -4.991672345545087985e+00 1.761185926293927784e-01
5.610001122174078647e-01 -5.039412553797997241e+00 1.682559171171789381e-01
5.620001124174388574e-01 -5.086842139601407631e+00 1.603255076129294909e-01
5.630001126174698500e-01 -5.133943853633422982e+00 1.523279546005290863e-01
5.640001128175009537e-01 -5.180700174801098790e+00 1.442638723322694216e-01
5.650001130175319464e-01 -5.227093309408828326e+00 1.361338991290104161e-01
5.660001132175629390e-01 -5.273105190404260512e+00 1.279386976799734010e-01
5.670001134175940427e-01 -5.318717476704406977e+00 1.196789553420735258e-01
5.680001136176250354e-01 -5.363911552604442079e+00 1.113553844386148961e-01
5.690001138176560280e-01 -5.408668527272046944e+00 1.029687225571068593e-01
5.700001140176871317e-01 -5.452969234329980708e+00 9.451973284702962219e-02
5.710001142177181244e-01 -5.496794231529872121e+00 8.600920431598772786e-02
5.720001144177491170e-01 -5.540123800519926256e+00 7.743795212493165270e-02
5.730001146177802207e-01 -5.582937946709427557e+00 6.880681788225670448e-02
5.740001148178112134e-01 -5.625216399233077702e+00 6.011666993659570135e-02
5.750001150178422060e-01 -5.666938611018207617e+00 5.136840366816714659e-02
5.760001152178733097e-01 -5.708083758957871012e+00 4.256294177855834970e-02
5.770001154179043024e-01 -5.748630744192944064e+00 3.370123457879780488e-02
5.780001156179352950e-01 -5.788558192506521038e+00 2.478426027556650604e-02
5.790001158179663987e-01 -5.827844454833691401e+00 1.581302525541967638e-02
5.800001160179975024e-01 -5.866467607890045066e+00 6.788564366861605734e-03
5.810001162180286061e-01 -5.904405454922285301e+00 -2.288058799882878615e-03
5.820001164180595987e-01 -5.941635526584295945e+00 -1.141575163554553636e-02
5.830001166180907024e-01 -5.978135081942144602e+00 -2.059339223710687783e-02
5.840001168181218061e-01 -6.013881109611395992e+00 -2.981982913582448269e-02
5.850001170181529098e-01 -6.048850329030524442e+00 -3.909388102826541478e-02
5.860001172181840134e-01 -6.083019191873956899e+00 -4.841433651042036795e-02
5.870001174182151171e-01 -6.116363883608372021e+00 -5.777995381509919842e-02
5.880001176182462208e-01 -6.148860325195979470e+00 -6.718946055279002849e-02
5.890001178182773245e-01 -6.180484174948659870e+00 -7.664155345616084636e-02
5.900001180183084282e-01 -6.211210830536707306e+00 -8.613489812838734383e-02
5.910001182183395319e-01 -6.241015431156164084e+00 -9.566812879549729809e-02
5.920001184183706355e-01 -6.269872859858617531e+00 -1.052398480629223448e-01
5.930001186184016282e-01 -6.297757746047582650e+00 -1.148486266764542213e-01
5.940001188184327319e-01 -6.324644468145456777e+00 -1.244930032878116960e-01
5.950001190184638356e-01 -6.350507156435215350e+00 -1.341714842250074091e-01
5.960001192184949392e-01 -6.375319696081044540e+00 -1.438825432677446337e-01
5.970001194185260429e-01 -6.399055730332145586e+00 -1.536246214280405642e-01
5.980001196185571466e-01 -6.421688663914007833e+00 -1.633961267362710190e-01
5.990001198185882503e-01 -6.443191666611503443e+00 -1.731954340327830633e-01
6.000001200186193540e-01 -6.463537677048244667e+00 -1.830208847657595894e-01
6.010001202186504576e-01 -6.482699406666728947e+00 -1.928707867949133736e-01
6.020001204186815613e-01 -6.500649343913726952e+00 -2.027434142015922258e-01
6.030001206187125540e-01 -6.517359758635500988e+00 -2.126370071054999034e-01
6.040001208187436577e-01 -6.532802706687574457e+00 -2.225497714882656297e-01
6.050001210187747613e-01 -6.546950034763630022e+00 -2.324798790240907020e-01
6.060001212188058650e-01 -6.559773385448469440e+00 -2.424254669177509647e-01
6.070001214188369687e-01 -6.571244202499631371e+00 -2.523846377501893223e-01
6.080001216188680724e-01 -6.581333736362775078e+00 -2.623554593319719075e-01
6.090001218188991761e-01 -6.590013049925505406e+00 -2.723359645648686378e-01
6.100001220189302797e-01 -6.597253024514833974e+00 -2.823241513118305845e-01
6.110001222189613834e-01 -6.603024366143135815e+00 -2.923179822756400981e-01
6.120001224189924871e-01 -6.607297612007802634e+00 -3.023153848865103854e-01
6.130001226190235908e-01 -6.610043137249630441e+00 -3.123142511989013270e-01
6.140001228190545834e-01 -6.611231161975210213e+00 -3.223124377977951149e-01
6.150001230190856871e-01 -6.610831758548489923e+00 -3.323077657150433906e-01
6.160001232191167908e-01 -6.608814859156829868e+00 -3.422980203556095780e-01
6.170001234191478945e-01 -6.605150263656878629e+00 -3.522809514342827297e-01
6.180001236191789982e-01 -6.599807647705610236e+00 -3.622542729231318370e-01
6.190001238192101018e-01 -6.592756571182027514e+00 -3.722156630100093011e-01
6.200001240192412055e-01 -6.583966486904883730e+00 -3.821627640684130411e-01
6.210001242192723092e-01 -6.573406749652065173e+00 -3.920931826390429142e-01
6.220001244193034129e-01 -6.561046625487091610e+00 -4.020044894233690824e-01
6.230001246193345166e-01 -6.546855301398402105e+00 -4.118942192895547749e-01
6.240001248193656203e-01 -6.530801895256990619e+00 -4.217598712910639591e-01
6.250001250193966129e-01 -6.512855466098155688e+00 -4.315989086983033074e-01
6.260001252194277166e-01 -6.492985024732984556e+00 -4.414087590436503450e-01
6.270001254194588203e-01 -6.471159544695399113e+00 -4.511868141802042875e-01
6.280001256194899240e-01 -6.447347973530491494e+00 -4.609304303546420400e-01
6.290001258195210276e-01 -6.421519244429961581e+00 -4.706369282945174204e-01
6.300001260195521313e-01 -6.393642288220536152e+00 -4.803035933104130573e-01
6.310001262195832350e-01 -6.363686045711214767e+00 -4.899276754132663725e-01
6.320001264196143387e-01 -6.331619480405172418e+00 -4.995063894472875354e-01
6.330001266196454424e-01 -6.297411591582366519e+00 -5.090369152388334317e-01
6.340001268196765460e-01 -6.261031427758638301e+00 -5.185163977616358277e-01
6.350001270197076497e-01 -6.222448100527359749e+00 -5.279419473187791922e-01
6.360001272197386424e-01 -6.181630798789565340e+00 -5.373106397418142555e-01
6.370001274197697461e-01 -6.138548803378470531e+00 -5.466195166074307998e-01
6.380001276198008497e-01 -6.093171502084536506e+00 -5.558655854720769840e-01
6.390001278198319534e-01 -6.045468405086871222e+00 -5.650458201249565215e-01
6.400001280198630571e-01 -5.995409160797094295e+00 -5.741571608598143861e-01
6.410001282198941608e-01 -5.942963572121626292e+00 -5.831965147659352589e-01
6.420001284199252645e-01 -5.888101613148386093e+00 -5.921607560387824876e-01
6.430001286199563681e-01 -5.830793446263860424e+00 -6.010467263107492908e-01
6.440001288199874718e-01 -5.771009439706563882e+00 -6.098512350024889450e-01
6.450001290200185755e-01 -5.708720185562818017e+00 -6.185710596948814644e-01
6.460001292200496792e-01 -5.643896518210745228e+00 -6.272029465227031420e-01
6.470001294200806718e-01 -5.576509533218496628e+00 -6.357436105900790002e-01
6.480001296201117755e-01 -5.506530606702430219e+00 -6.441897364082430633e-01
6.490001298201428792e-01 -5.433931415151314503e+00 -6.525379783560564251e-01
6.500001300201739829e-01 -5.358683955722164605e+00 -6.607849611637766074e-01
6.510001302202050866e-01 -5.280760567013579099e+00 -6.689272804205257383e-01
6.520001304202361903e-01 -5.200133950322322285e+00 -6.769615031059416088e-01
6.530001306202672939e-01 -5.116777191388742096e+00 -6.848841681464870046e-01
6.540001308202983976e-01 -5.030663782636749737e+00 -6.926917869969009267e-01
6.550001310203295013e-01 -4.941767645913770934e+00 -7.003808442472753137e-01
6.560001312203606050e-01 -4.850063155736287435e+00 -7.079477982562486504e-01
6.570001314203915976e-01 -4.755525163046264936e+00 -7.153890818108089578e-01
6.580001316204227013e-01 -4.658129019483813416e+00 -7.227011028133459858e-01
6.590001318204538050e-01 -4.557850602181411581e+00 -7.298802449965096084e-01
6.600001320204849087e-01 -4.454666339084642601e+00 -7.369228686650093341e-01
6.610001322205160124e-01 -4.348553234804620971e+00 -7.438253114671994348e-01
6.620001324205471160e-01 -4.239488897006977730e+00 -7.505838891955149972e-01
6.630001326205782197e-01 -4.127451563342196650e+00 -7.571948966164991912e-01
6.640001328206093234e-01 -4.012420128922017604e+00 -7.636546083309887489e-01
6.650001330206404271e-01 -3.894374174346404427e+00 -7.699592796649785686e-01
6.660001332206715308e-01 -3.773293994285490616e+00 -7.761051475916882492e-01
6.670001334207026344e-01 -3.649160626620770564e+00 -7.820884316853470297e-01
6.680001336207336271e-01 -3.521955882149627293e+00 -7.879053351072307088e-01
6.690001338207647308e-01 -3.391662374856989626e+00 -7.935520456244721244e-01
6.700001340207958345e-01 -3.258263552758143611e+00 -7.990247366621756608e-01
6.710001342208269381e-01 -3.121743729315904936e+00 -8.043195683893673564e-01
6.720001344208580418e-01 -2.982088115435736153e+00 -8.094326888393127417e-01
6.730001346208891455e-01 -2.839282852041851601e+00 -8.143602350647316523e-01
6.740001348209202492e-01 -2.693315043237266782e+00 -8.190983343284445883e-01
6.750001350209513529e-01 -2.544172790050442945e+00 -8.236431053299867466e-01
6.760001352209824566e-01 -2.391845224770993372e+00 -8.279906594687207466e-01
6.770001354210135602e-01 -2.236322545876626489e+00 -8.321371021439807336e-01
6.780001356210446639e-01 -2.077596053553242061e+00 -8.360785340927867626e-01
6.790001358210756566e-01 -1.915658185809808511e+00 -8.398110527676455606e-01
6.800001360211067603e-01 -1.750502555189297205e+00 -8.433307537500790430e-01
6.810001362211378639e-01 -1.582123986076949373e+00 -8.466337322013347544e-01
6.820001364211689676e-01 -1.410518552606242926e+00 -8.497160843576637701e-01
6.830001366212000713e-01 -1.235683617163177761e+00 -8.525739090638434492e-01
6.840001368212311750e-01 -1.057617869488790996e+00 -8.552033093474369352e-01
6.850001370212622787e-01 -8.763213663795804687e-01 -8.576003940343146503e-01
6.860001372212933823e-01 -6.917955719850990004e-01 -8.597612794059541486e-01
6.870001374213244860e-01 -5.040433987015908723e-01 -8.616820908990260319e-01
6.880001376213555897e-01 -3.130692486601204250e-01 -8.633589648477926204e-01
6.890001378213866934e-01 -1.188790558072038012e-01 -8.647880502698022109e-01
6.900001380214176860e-01 7.851967142445953618e-02 -8.659655106953980663e-01
6.910001382214487897e-01 2.791178068582043648e-01 -8.668875260415276340e-01
6.920001384214798934e-01 4.829045627316267963e-01 -8.675502945303427138e-01
6.930001386215109971e-01 6.898674452751660802e-01 -8.679500346530709676e-01
6.940001388215421008e-01 8.999922097151528133e-01 -8.680829871796402752e-01
6.950001390215732044e-01 1.113262814706426074e+00 -8.679454172145159019e-01
6.960001392216043081e-01 1.329661376200081513e+00 -8.675336162992118849e-01
6.970001394216354118e-01 1.549168120752465683e+00 -8.668439045619317218e-01
6.980001396216665155e-01 1.771761338282215936e+00 -8.658726329147752310e-01
6.990001398216976192e-01 1.997417334282748591e+00 -8.646161852992079178e-01
7.000001400217287229e-01 2.226110381498408675e+00 -8.630709809837400215e-01
7.010001402217597155e-01 2.457812671072817867e+00 -8.612334769003581192e-01
7.020001404217908192e-01 2.692494263178891067e+00 -8.591001700367884020e-01
7.030001406218219229e-01 2.930123037140619502e+00 -8.566675998791232205e-01
7.040001408218530266e-01 3.170664641058089650e+00 -8.539323509031068182e-01
7.050001410218841302e-01 3.414082440947098451e+00 -8.508910551157523594e-01
7.060001412219152339e-01 3.660337469406094613e+00 -8.475403946476488537e-01
7.070001414219463376e-01 3.909388373823901919e+00 -8.438771043962591811e-01
7.080001416219774413e-01 4.161191364142501570e+00 -8.398979747205392865e-01
7.090001418220085450e-01 4.415700160190175971e+00 -8.355998541871594298e-01
7.100001420220396486e-01 4.672865938601183267e+00 -8.309796523686010516e-01
7.110001422220706413e-01 4.932637279339084024e+00 -8.260343426933851596e-01
7.120001424221017450e-01 5.194960111842075179e+00 -8.207609653486565016e-01
7.130001426221328487e-01 5.459777660809171707e+00 -8.151566302353516758e-01
7.140001428221639523e-01 5.727030391648025187e+00 -8.092185199761193770e-01
7.150001430221950560e-01 5.996655955605449506e+00 -8.029438929761743005e-01
7.160001432222261597e-01 6.268589134603398172e+00 -7.963300865372151538e-01
7.170001434222572634e-01 6.542761785804032115e+00 -7.893745200245259053e-01
7.180001436222883671e-01 6.819102785929040955e+00 -7.820746980873539700e-01
7.190001438223194707e-01 7.097537975359362150e+00 -7.744282139326127412e-01
7.200001440223505744e-01 7.377990102043029630e+00 -7.664327526531827806e-01
7.210001442223816781e-01 7.660378765240294818e+00 -7.580860946108662901e-01
7.220001444224126708e-01 7.944620359135728727e+00 -7.493861188632355841e-01
7.230001446224437744e-01 8.230628016349394116e+00 -7.403308066536208321e-01
7.240001448224748781e-01 8.518311551380261193e+00 -7.309182449516721247e-01
7.250001450225059818e-01 8.807577404017283840e+00 -7.211466300465901869e-01
7.260001452225370855e-01 9.098328582753911320e+00 -7.110142711932195825e-01
7.270001454225681892e-01 9.390464608244425193e+00 -7.005195943107908052e-01
7.280001456225992928e-01 9.683881456841691104e+00 -6.896611457340587892e-01
7.290001458226303965e-01 9.978471504257901969e+00 -6.784375960165437425e-01
7.300001460226615002e-01 1.027412346939156507e+01 -6.668477437855371281e-01
7.310001462226926039e-01 1.057072235836587915e+01 -6.548905196484903213e-01
7.320001464227237076e-01 1.086814940882554659e+01 -6.425649901503569517e-01
7.330001466227547002e-01 1.116628203454103740e+01 -6.298703617814118694e-01
7.340001468227858039e-01 1.146499377037154410e+01 -6.168059850350062767e-01
7.350001470228169076e-01 1.176415421763920932e+01 -6.033713585147046921e-01
7.360001472228480113e-01 1.206362898997071831e+01 -5.895661330901319497e-01
7.370001474228791150e-01 1.236327965966311027e+01 -5.753901161008668774e-01
7.380001476229102186e-01 1.266296370463395426e+01 -5.608432756076165981e-01
7.390001478229413223e-01 1.296253445601787568e+01 -5.459257446898656552e-01
7.400001480229724260e-01 1.326184104647415474e+01 -5.306378257891241068e-01
7.410001482230035297e-01 1.356072835927260911e+01 -5.149799950988046549e-01
7.420001484230346334e-01 1.385903697822728731e+01 -4.989529069944441675e-01
7.430001486230657370e-01 1.415660313854974106e+01 -4.825573985054316672e-01
7.440001488230967297e-01 1.445325867869711445e+01 -4.657944938324118933e-01
7.450001490231278334e-01 1.474883099329347225e+01 -4.486654089030470693e-01
7.460001492231589371e-01 1.504314298720427168e+01 -4.311715559667181341e-01
7.470001494231900407e-01 1.533601303084839174e+01 -4.133145482267298054e-01
7.480001496232211444e-01 1.562725491683378110e+01 -3.950962045085996133e-01
7.490001498232522481e-01 1.591667781800696702e+01 -3.765185539628716493e-01
7.500001500232833518e-01 1.620408624700930389e+01 -3.575838408008181202e-01
7.510001502233144555e-01 1.648928001743648863e+01 -3.382945290613171285e-01
7.520001504233455591e-01 1.677205420670101077e+01 -3.186533074070755922e-01
7.530001506233766628e-01 1.705219912070113253e+01 -2.986630939482946556e-01
7.540001508234076555e-01 1.732950026040298752e+01 -2.783270410917628168e-01
7.550001510234387592e-01 1.760373829044694460e+01 -2.576485404132445867e-01
7.560001512234698628e-01 1.787468900989203391e+01 -2.366312275509810381e-01
7.570001514235009665e-01 1.814212332521762150e+01 -2.152789871179214831e-01
7.580001516235320702e-01 1.840580722570416938e+01 -1.935959576302765661e-01
7.590001518235631739e-01 1.866550176132003358e+01 -1.715865364498190271e-01
7.600001520235942776e-01 1.892096302324490864e+01 -1.492553847372497244e-01
7.610001522236253813e-01 1.917194212716541202e+01 -1.266074324138782292e-01
7.620001524236564849e-01 1.941818519948263244e+01 -1.036478831291069852e-01
7.630001526236875886e-01 1.965943336657577234e+01 -8.038221922850352641e-02
7.640001528237186923e-01 1.989542274727043747e+01 -5.681620672233867603e-02
7.650001530237496850e-01 2.012588444866639392e+01 -3.295590024976713384e-02
7.660001532237807886e-01 2.035054456548369117e+01 -8.807648035028863009e-03
7.670001534238118923e-01 2.056912418309102719e+01 1.562190316772295653e-02
7.680001536238429960e-01 2.078133938438614692e+01 4.032580314480663231e-02
7.690001538238740997e-01 2.098690126070291129e+01 6.529679331251368735e-02
7.700001540239052034e-01 2.118551592692562480e+01 9.052730182984952689e-02
7.710001542239363070e-01 2.137688454099674829e+01 1.160094387387833742e-01
7.720001544239674107e-01 2.156070332801018097e+01 1.417349911364532422e-01
7.730001546239985144e-01 2.173666360908811157e+01 1.676954183839470536e-01
7.740001548240296181e-01 2.190445183524591855e+01 1.938818473564649647e-01
7.750001550240607218e-01 2.206374962645569582e+01 2.202850677398539014e-01
7.760001552240917144e-01 2.221423381612566317e+01 2.468955273786974380e-01
7.770001554241228181e-01 2.235557650121954154e+01 2.737033276813596316e-01
7.780001556241539218e-01 2.248744509824637561e+01 3.006982190875283067e-01
7.790001558241850255e-01 2.260950240535916933e+01 3.278695966041126342e-01
7.800001560242161291e-01 2.272140667080704901e+01 3.552064954154651177e-01
7.810001562242472328e-01 2.282281166799388927e+01 3.826975865741804594e-01
7.820001564242783365e-01 2.291336677740337180e+01 4.103311727795015962e-01
7.830001566243094402e-01 2.299271707565894829e+01 4.380951842501418780e-01
7.840001568243405439e-01 2.306050343199411401e+01 4.659771746936682835e-01
7.850001570243716476e-01 2.311636261241781654e+01 4.939643173878178195e-01
7.860001572244027512e-01 2.315992739186772553e+01 5.220434013761128256e-01
7.870001574244337439e-01 2.319082667465287884e+01 5.502008277863562613e-01
7.880001576244648476e-01 2.320868562349610897e+01 5.784226062801465229e-01
7.890001578244959513e-01 2.321312579749572080e+01 6.066943516416200000e-01
7.900001580245270549e-01 2.320376529933540866e+01 6.350012805140119454e-01
7.910001582245581586e-01 2.318021893208080186e+01 6.633282082928344536e-01
7.920001584245892623e-01 2.314209836591103908e+01 6.916595461848100701e-01
7.930001586246203660e-01 2.308901231514388641e+01 7.199792984420071429e-01
7.940001588246514697e-01 2.302056672592312481e+01 7.482710597809344444e-01
7.950001590246825733e-01 2.293636497494763304e+01 7.765180129966726685e-01
7.960001592247136770e-01 2.283600807963271961e+01 8.047029267824707954e-01
7.970001594247447807e-01 2.271909492010479781e+01 8.328081537655631639e-01
7.980001596247757734e-01 2.258522247344273026e+01 8.608156287703235821e-01
7.990001598248068770e-01 2.243398606059026079e+01 8.887068673202492830e-01
8.000001600248379807e-01 2.226497960637649243e+01 9.164629643905820577e-01
8.010001602248690844e-01 2.207779591309307676e+01 9.440645934238579562e-01
8.020001604249001881e-01 2.187202694809027648e+01 9.714920056209617183e-01
8.030001606249312918e-01 2.164726414586590764e+01 9.987250295236675957e-01
8.040001608249623954e-01 2.140309872513566702e+01 1.025743070894481024e+00
8.050001610249934991e-01 2.113912202138604357e+01 1.052525112910864147e+00
8.060001612250246028e-01 2.085492583542553291e+01 1.079049716695237526e+00
8.070001614250557065e-01 2.055010279846359822e+01 1.105295022187519294e+00
8.080001616250866991e-01 2.022424675426203677e+01 1.131238749377751596e+00
8.090001618251178028e-01 1.987695315891774328e+01 1.156858199914526875e+00
8.100001620251489065e-01 1.950781949885237410e+01 1.182130259105305781e+00
8.110001622251800102e-01 1.911644572759857397e+01 1.207031398325348004e+00
8.120001624252111139e-01 1.870243472199011237e+01 1.231537677852371004e+00
8.130001626252422176e-01 1.826539275837872722e+01 1.255624750144616053e+00
8.140001628252733212e-01 1.780493000951805982e+01 1.279267863580553222e+00
8.150001630253044249e-01 1.732066106277195416e+01 1.302441866678968774e+00
8.160001632253355286e-01 1.681220546032254148e+01 1.325121212818762828e+00
8.170001634253666323e-01 1.627918826207151426e+01 1.347279965478360486e+00
8.180001636253977360e-01 1.572124063194661758e+01 1.368891804015205160e+00
8.190001638254287286e-01 1.513800044834481717e+01 1.389930030006451878e+00
8.200001640254598323e-01 1.452911293946229243e+01 1.410367574172566307e+00
8.210001642254909360e-01 1.389423134428321660e+01 1.430177003906161870e+00
8.220001644255220397e-01 1.323301760001722371e+01 1.449330531429111391e+00
8.230001646255531433e-01 1.254514305679890285e+01 1.467800022602014032e+00
8.240001648255842470e-01 1.183028922048219300e+01 1.485557006414421899e+00
8.250001650256153507e-01 1.108814852438645815e+01 1.502572685163959809e+00
8.260001652256464544e-01 1.031842513087281255e+01 1.518817945371322420e+00
8.270001654256775581e-01 9.520835763651612993e+00 1.534263369449157421e+00
8.280001656257086617e-01 8.695110571746251793e+00 1.548879248150500043e+00
8.290001658257397654e-01 7.840994026062744204e+00 1.562635593826189551e+00
8.300001660257707581e-01 6.958245849539473227e+00 1.575502154520127096e+00
8.310001662258018618e-01 6.046641981875824357e+00 1.587448428932024092e+00
8.320001664258329654e-01 5.105975579866841585e+00 1.598443682278143596e+00
8.330001666258640691e-01 4.136058054393978445e+00 1.608456963081378754e+00
8.340001668258951728e-01 3.136720145152688488e+00 1.617457120922922931e+00
8.350001670259262765e-01 2.107813034223468218e+00 1.625412825188608190e+00
8.360001672259573802e-01 1.049209499622116404e+00 1.632292584844005967e+00
8.370001674259884838e-01 -3.919489000592626948e-02 1.638064769273237964e+00
8.380001676260195875e-01 -1.157480538352399391e+00 1.642697630217470284e+00
8.390001678260506912e-01 -2.305702540848945770e+00 1.646159324850016370e+00
8.400001680260817949e-01 -3.483889359249021211e+00 1.648417940026009498e+00
8.410001682261127876e-01 -4.692041450100366440e+00 1.649441517745616537e+00
8.420001684261438912e-01 -5.930129845787364573e+00 1.649198081870856702e+00
8.430001686261749949e-01 -7.198094686786379981e+00 1.647655666137150199e+00
8.440001688262060986e-01 -8.495843703747722131e+00 1.644782343503654376e+00
8.450001690262372023e-01 -9.823250647978362338e+00 1.640546256884858556e+00
8.460001692262683060e-01 -1.118015366886448270e+01 1.634915651295888228e+00
8.470001694262994096e-01 -1.256635363673675876e+01 1.627858907480892903e+00
8.480001696263305133e-01 -1.398161240964499008e+01 1.619344577055543022e+00
8.490001698263616170e-01 -1.542565104246841479e+01 1.609341419215053914e+00
8.500001700263927207e-01 -1.689814793674906923e+01 1.597818439057582030e+00
8.510001702264238244e-01 -1.839873692959568885e+01 1.584744927573835227e+00
8.520001704264548170e-01 -1.992700531996364077e+01 1.570090503355038081e+00
8.530001706264859207e-01 -2.148249183057612655e+01 1.553825156072805136e+00
8.540001708265170244e-01 -2.306468450370456580e+01 1.535919291785882379e+00
8.550001710265481281e-01 -2.467301852898837211e+01 1.516343780130116725e+00
8.560001712265792317e-01 -2.630687400142316434e+01 1.495070003449553431e+00
8.570001714266103354e-01 -2.796557360760352751e+01 1.472069907928007737e+00
8.580001716266414391e-01 -2.964838023825864610e+01 1.447316056782061766e+00
8.590001718266725428e-01 -3.135449452507048917e+01 1.420781685577952702e+00
8.600001720267036465e-01 -3.308305229971515615e+01 1.392440759736506273e+00
8.610001722267347501e-01 -3.483312197301739133e+01 1.362268034291878482e+00
8.620001724267657428e-01 -3.660370183205630923e+01 1.330239115971567854e+00
8.630001726267968465e-01 -3.839371725300929938e+01 1.296330527666917698e+00
8.640001728268279502e-01 -4.020201782746237740e+01 1.260519775365093853e+00
8.650001730268590538e-01 -4.202737439986739076e+01 1.222785417615307457e+00
8.660001732268901575e-01 -4.386847601376351236e+01 1.183107137607230408e+00
8.670001734269212612e-01 -4.572392676432600922e+01 1.141465817929945059e+00
8.680001736269523649e-01 -4.759224255474341447e+01 1.097843618091322249e+00
8.690001738269834686e-01 -4.947184775386620714e+01 1.052224054890605442e+00
8.700001740270145723e-01 -5.136107175250891999e+01 1.004592085714373972e+00
8.710001742270456759e-01 -5.325814541572327698e+01 9.549341948440704941e-01
8.720001744270767796e-01 -5.516119742829431516e+01 9.032384828618041928e-01
8.730001746271077723e-01 -5.706825053064729047e+01 8.494947592433751415e-01
8.740001748271388760e-01 -5.897721764228575125e+01 7.936946382295977376e-01
8.750001750271699796e-01 -6.088589786980831065e+01 7.358316380694338577e-01
8.760001752272010833e-01 -6.279197239648809870e+01 6.759012837305551358e-01
8.770001754272321870e-01 -6.469300025032008250e+01 6.139012131755530177e-01
8.780001756272632907e-01 -6.658641394737138341e+01 5.498312873043217364e-01
8.790001758272943944e-01 -6.846951500719323747e+01 4.836937036656706046e-01
8.800001760273254980e-01 -7.033946933697646386e+01 4.154931140437780890e-01
8.810001762273566017e-01 -7.219330248105340786e+01 3.452367460276906663e-01
8.820001764273877054e-01 -7.402789473226903283e+01 2.729345286747410504e-01
8.830001766274188091e-01 -7.583997610166123593e+01 1.985992223814912472e-01
8.840001768274498017e-01 -7.762612114280649678e+01 1.222465530785900173e-01
8.850001770274809054e-01 -7.938274362710180299e+01 4.389535086873209285e-02
8.860001772275120091e-01 -8.110609106616334429e+01 -3.643230677000372508e-02
8.870001774275431128e-01 -8.279223907743691768e+01 -1.187109470904884612e-01
8.880001776275742165e-01 -8.443708558901968786e+01 -2.029115493646343749e-01
8.890001778276053201e-01 -8.603634487960023591e+01 -2.890013872213099133e-01
8.900001780276364238e-01 -8.758554144932706720e+01 -3.769438658995218905e-01
8.910001782276675275e-01 -8.908000371732009626e+01 -4.666983542799753026e-01
8.920001784276986312e-01 -9.051485754143746476e+01 -5.582200115534343698e-01
8.930001786277297349e-01 -9.188501955580899505e+01 -6.514596083815298311e-01
8.940001788277608386e-01 -9.318519032154185311e+01 -7.463633424020835738e-01
8.950001790277918312e-01 -9.440984728589802444e+01 -8.428726479274822880e-01
8.960001792278229349e-01 -9.555323754513423751e+01 -9.409239996810334627e-01
8.970001794278540386e-01 -9.660937040608115467e+01 -1.040448710412351430e+00
8.980001796278851423e-01 -9.757200974142928374e+01 -1.141372722229360148e+00
8.990001798279162459e-01 -9.843466613356712003e+01 -1.243616391480269368e+00
9.000001800279473496e-01 -9.919058880170248926e+01 -1.347094267015142677e+00
9.010001802279784533e-01 -9.983275730687361715e+01 -1.451714861652541488e+00
9.020001804280095570e-01 -1.003538730293335561e+02 -1.557380416672603740e+00
9.030001806280406607e-01 -1.007463504126648672e+02 -1.663986659153710468e+00
9.040001808280717643e-01 -1.010023079688502889e+02 -1.771422551965512904e+00
9.050001810281027570e-01 -1.011135590383948824e+02 -1.879570036226743790e+00
9.060001812281338607e-01 -1.010716022994572825e+02 -1.988303766031728648e+00
9.070001814281649644e-01 -1.008676120198118298e+02 -2.097490835244717022e+00
9.080001816281960680e-01 -1.004924280453200964e+02 -2.206990496156800763e+00
9.090001818282271717e-01 -9.993654551844755929e+01 -2.316653869795862963e+00
9.100001820282582754e-01 -9.919010432021261181e+01 -2.426323647678751083e+00
9.110001822282893791e-01 -9.824287822880566523e+01 -2.535833784764263577e+00
9.120001824283204828e-01 -9.708426378796096401e+01 -2.645009183410114151e+00
9.130001826283515864e-01 -9.570326887800695204e+01 -2.753665368089670995e+00
9.140001828283826901e-01 -9.408850098236180770e+01 -2.861608150632390046e+00
9.150001830284137938e-01 -9.222815514207464105e+01 -2.968633285747771744e+00
9.160001832284447865e-01 -9.011000159084778716e+01 -3.074526116585835744e+00
9.170001834284758901e-01 -8.772137306280168900e+01 -3.179061210081409516e+00
9.180001836285069938e-01 -8.504915176507378760e+01 -3.282001981823510661e+00
9.190001838285380975e-01 -8.207975600715776920e+01 -3.383100310185502391e+00
9.200001840285692012e-01 -7.879912647871383058e+01 -3.482096139445203686e+00
9.210001842286003049e-01 -7.519271216739035424e+01 -3.578717071618167545e+00
9.220001844286314086e-01 -7.124545590800883588e+01 -3.672677946720917408e+00
9.230001846286625122e-01 -6.694177955426974336e+01 -3.763680411174405549e+00
9.240001848286936159e-01 -6.226556876393833306e+01 -3.851412474051334467e+00
9.250001850287247196e-01 -5.720015738826668894e+01 -3.935548050864293934e+00
9.260001852287558233e-01 -5.172831145620294535e+01 -4.015746494584560899e+00
9.270001854287868159e-01 -4.583221274372622389e+01 -4.091652113574570926e+00
9.280001856288179196e-01 -3.949344191842651952e+01 -4.162893676109684193e+00
9.290001858288490233e-01 -3.269296124924296976e+01 -4.229083901157470571e+00
9.300001860288801270e-01 -2.541109687102485282e+01 -4.289818935075460082e+00
9.310001862289112307e-01 -1.762752059337384836e+01 -4.344677813883107476e+00
9.320001864289423343e-01 -9.321231242978974763e+00 -4.393221910751980097e+00
9.330001866289734380e-01 -4.705355284175219976e-01 -4.434994368332399794e+00
9.340001868290045417e-01 8.946971583848270626e+00 -4.469519515582050850e+00
9.350001870290356454e-01 1.895442699379692186e+01 -4.496302268692813797e+00
9.360001872290667491e-01 2.957572010427058018e+01 -4.514827515732783958e+00
9.370001874290978527e-01 4.083551398152958001e+01 -4.524559484607401316e+00
9.380001876291288454e-01 5.275926705223766788e+01 -4.524941093934252478e+00
9.390001878291599491e-01 6.537325534945753702e+01 -4.515393286416849783e+00
9.400001880291910528e-01 7.870459532048505480e+01 -4.495314344293639408e+00
9.410001882292221564e-01 9.278126720967998153e+01 -4.464079186428786095e+00
9.420001884292532601e-01 1.076321390296935476e+02 -4.421038646601774147e+00
9.430001886292843638e-01 1.232869911348150822e+02 -4.365518732542943425e+00
9.440001888293154675e-01 1.397765414104527508e+02 -4.296819865251865878e+00
9.450001890293465712e-01 1.571324710930697677e+02 -4.214216098125391774e+00
9.460001892293776748e-01 1.753874512352138879e+02 -4.116954315411511800e+00
9.470001894294087785e-01 1.945751698305962805e+02 -4.004253409494493710e+00
9.480001896294398822e-01 2.147303596145023619e+02 -3.875303436505802779e+00
9.490001898294708749e-01 2.358888265551498478e+02 -3.729264749744193974e+00
9.500001900295019786e-01 2.580874790519666817e+02 -3.565267110376686421e+00
9.510001902295330822e-01 2.813643578570557224e+02 -3.382408774880990343e+00
9.520001904295641859e-01 3.057586667365573589e+02 -3.179755558677381799e+00
9.530001906295952896e-01 3.313108038888821625e+02 -2.956339875389794702e+00
9.540001908296263933e-01 3.580623941372223840e+02 -2.711159751150870267e+00
9.550001910296574970e-01 3.860563219141336617e+02 -2.443177813364746154e+00
9.560001912296886006e-01 4.153367650563376969e+02 -2.151320253337714039e+00
9.570001914297197043e-01 4.459492294282688363e+02 -1.834475762149027300e+00
9.580001916297508080e-01 4.779405843933263895e+02 -1.491494439137213579e+00
9.590001918297818007e-01 5.113590991521893443e+02 -1.121186672359762326e+00
9.600001920298129043e-01 5.462544799679881180e+02 -7.223219903697348787e-01
9.610001922298440080e-01 5.826779082984836577e+02 -2.936278846394275721e-01
9.620001924298751117e-01 6.206820798559688228e+02 1.662113980548704517e-01
9.630001926299062154e-01 6.603212446159150204e+02 6.585560939864402163e-01
9.640001928299373191e-01 7.016512477959263379e+02 1.184812192285490839e+00
9.650001930299684227e-01 7.447295718269979261e+02 1.746432736931066154e+00
9.660001932299995264e-01 7.896153793395500315e+02 2.344919161674087871e+00
9.670001934300306301e-01 8.363695571871893435e+02 2.981822658654394331e+00
9.680001936300617338e-01 8.850547615316536394e+02 3.658745581490964405e+00
9.690001938300928375e-01 9.357354640128764913e+02 4.377342883641593296e+00
9.700001940301238301e-01 9.884779990286392604e+02 5.139323592845200572e+00
9.710001942301549338e-01 1.043350612148819664e+03 5.946452322478136487e+00
9.720001944301860375e-01 1.100423509689680031e+03 6.800550820672059515e+00
9.730001946302171412e-01 1.159768909474366637e+03 7.703499558062026686e+00
9.740001948302482448e-01 1.221461092806150873e+03 8.657239355049524576e+00
9.750001950302793485e-01 1.285576457681555439e+03 9.663773049496704459e+00
9.760001952303104522e-01 1.352193573271180185e+03 1.072516720574229687e+01
9.770001954303415559e-01 1.421393235696712509e+03 1.184355386591282233e+01
9.780001956303726596e-01 1.493258525132955128e+03 1.302113234449367418e+01
9.790001958304037633e-01 1.567874864264432517e+03 1.426017106713245575e+01
9.800001960304348669e-01 1.645330078126783292e+03 1.556300945468479568e+01
9.810001962304658596e-01 1.725714455363792695e+03 1.693205985352960141e+01
9.820001964304969633e-01 1.809120810931589403e+03 1.836980951320386879e+01
9.830001966305280670e-01 1.895644550282048385e+03 1.987882261242614490e+01
9.840001968305591706e-01 1.985383735058400816e+03 2.146174233460599368e+01
9.850001970305902743e-01 2.078439150336462717e+03 2.312129299395465765e+01
9.860001972306213780e-01 2.174914373445762976e+03 2.486028221333901556e+01
9.870001974306524817e-01 2.274915844405529242e+03 2.668160315504409041e+01
9.880001976306835854e-01 2.378552938011233437e+03 2.858823680563437719e+01
9.890001978307146890e-01 2.485938037608135801e+03 3.058325431612900758e+01
9.900001980307457927e-01 2.597186610589047177e+03 3.266981939873201668e+01
9.910001982307768964e-01 2.712417285654315492e+03 3.485119078138482962e+01
9.920001984308078891e-01 2.831751931872804562e+03 3.713072472143448977e+01
9.930001986308389927e-01 2.955315739583551931e+03 3.951187757974065562e+01
9.940001988308700964e-01 3.083237303178316324e+03 4.199820845656661561e+01
9.950001990309012001e-01 3.215648705806459475e+03 4.459338189063696234e+01
9.955001991309166964e-01 3.283580347988710855e+03 4.593295924456533186e+01
9.960001992309323038e-01 3.352685606048415593e+03 4.730117062276399054e+01
9.965001993309479111e-01 3.422982010516589526e+03 4.869850498857846333e+01
9.970001994309634075e-01 3.494487326585707706e+03 5.012545842550024844e+01
9.975001995309789038e-01 3.567219556991815807e+03 5.158253422904646612e+01
9.977501995809867630e-01 3.604051456598202549e+03 5.232252729318243922e+01
9.980001996309945111e-01 3.641196944934909425e+03 5.307024300023581986e+01
9.982501996810022593e-01 3.678658340458104249e+03 5.382574633223835292e+01
9.985001997310101185e-01 3.716437977024696920e+03 5.458910273968886173e+01
9.987501997810178667e-01 3.754538203983818221e+03 5.536037814455792727e+01
9.988751998060216852e-01 3.773709277291603939e+03 5.574900620129232465e+01
9.990001998310256148e-01 3.792961386271570518e+03 5.613963894327597615e+01
9.991001798479230978e-01 3.808418521666930246e+03 5.645353120679141767e+01
9.992001598648205807e-01 3.823927842788414637e+03 5.676871561123140708e+01
9.993001398817178416e-01 3.839489503014223828e+03 5.708519646776006340e+01
9.994001198986153245e-01 3.855103656128188504e+03 5.740297809989928624e+01
9.995000999155128074e-01 3.870770456320549783e+03 5.772206484355603351e+01
9.995500899239615489e-01 3.878623647366991008e+03 5.788209899056955265e+01
9.996000799324102903e-01 3.886490058189092906e+03 5.804246104705687515e+01
9.996500699408590318e-01 3.894369708175413052e+03 5.820315155850445166e+01
9.997000599493076622e-01 3.902262616740084468e+03 5.836417107117865299e+01
9.997500499577564037e-01 3.910168803322918848e+03 5.852552013212787330e+01
9.997750449619807744e-01 3.914126881953089196e+03 5.860631841437175638e+01
9.998000399662051452e-01 3.918088287389334710e+03 5.868719928918173423e+01
9.998250349704295159e-01 3.922053022068852442e+03 5.876816282515882506e+01
9.998500299746537756e-01 3.926021088430429245e+03 5.884920909095289687e+01
9.998750249788781463e-01 3.929992488914499063e+03 5.893033815526375463e+01
9.998875224809903317e-01 3.931979440215534396e+03 5.897093375834477769e+01
9.999000199831025171e-01 3.933967225963071542e+03 5.901155008683933545e+01
9.999100179847922876e-01 3.935558055567881183e+03 5.904405807771274795e+01
9.999200159864820581e-01 3.937149419570434475e+03 5.907657934276065959e+01
9.999300139881717175e-01 3.938741318127224076e+03 5.910911388638935904e+01
9.999400119898614880e-01 3.940333751394828596e+03 5.914166171300726660e+01
9.999500099915512585e-01 3.941926719529824368e+03 5.917422282702305125e+01
9.999550089923960883e-01 3.942723404221528199e+03 5.919050836818311012e+01
9.999600079932410290e-01 3.943520222688832746e+03 5.920679723284689544e+01
9.999650069940859698e-01 3.944317174951312154e+03 5.922308942156560363e+01
9.999700059949307995e-01 3.945114261028530109e+03 5.923938493489038848e+01
9.999750049957756293e-01 3.945911480940101228e+03 5.925568377337325643e+01
9.999775044961980441e-01 3.946310141089888020e+03 5.926383443972142828e+01
9.999800039966204590e-01 3.946708834705610116e+03 5.927198593756598655e+01
9.999825034970428739e-01 3.947107561789717693e+03 5.928013826697590360e+01
9.999850029974652887e-01 3.947506322344658201e+03 5.928829142802023000e+01
9.999875024978877036e-01 3.947905116372886368e+03 5.929644542076794522e+01
9.999887522480990221e-01 3.948104525940260373e+03 5.930052272905246724e+01
9.999900019983102295e-01 3.948303943876862377e+03 5.930460024528834850e+01
9.999910017984792177e-01 3.948463484252205035e+03 5.930786240800816955e+01
9.999920015986483168e-01 3.948623029984230925e+03 5.931112470382734614e+01
9.999930013988171940e-01 3.948782581073041456e+03 5.931438713274930308e+01
9.999940011989861821e-01 3.948942137518850814e+03 5.931764969477945471e+01
9.999950009991551703e-01 3.949101699321801789e+03 5.932091238992190796e+01
9.999955008992396088e-01 3.949181482232240342e+03 5.932254378741144052e+01
9.999960007993240474e-01 3.949261266482023075e+03 5.932417521818066319e+01
9.999965006994085970e-01 3.949341052071185004e+03 5.932580668223057785e+01
9.999970005994931466e-01 3.949420838999732496e+03 5.932743817956127685e+01
9.999975004995775851e-01 3.949500627267663276e+03 5.932906971017302311e+01
9.999977504496198044e-01 3.949540521903909848e+03 5.932988548795956518e+01
9.999980003996620237e-01 3.949580416875014635e+03 5.933070127406672611e+01
9.999982503497042430e-01 3.949620312180979454e+03 5.933151706849439933e+01
9.999985002997464623e-01 3.949660207821807944e+03 5.933233287124286193e+01
9.999987502497886815e-01 3.949700103797499196e+03 5.933314868231202155e+01
9.999988752248099022e-01 3.949720051910936490e+03 5.933355659096729084e+01
9.999990001998310118e-01 3.949740000108076856e+03 5.933396450170241820e+01
9.999991001798479440e-01 3.949755958726069366e+03 5.933429083178841523e+01
9.999992001598647651e-01 3.949771917397628386e+03 5.933461716320539381e+01
9.999993001398816972e-01 3.949787876122782563e+03 5.933494349595407868e+01
9.999994001198986293e-01 3.949803834901513710e+03 5.933526983003413591e+01
9.999995000999155614e-01 3.949819793733826373e+03 5.933559616544561521e+01
9.999995500899239165e-01 3.949827773170059118e+03 5.933575933365017363e+01
9.999996000799323825e-01 3.949835752619705545e+03 5.933592250218801922e+01
9.999996500699408486e-01 3.949843732082742918e+03 5.933608567105861908e+01
9.999997000599493147e-01 3.949851711559175328e+03 5.933624884026213664e+01
9.999997500499577807e-01 3.949859691049007324e+03 5.933641200979850083e+01
9.999997750449619582e-01 3.949863680798933729e+03 5.933649359469129791e+01
9.999998000399661358e-01 3.949867670552209347e+03 5.933657517966733508e+01
9.999998250349704243e-01 3.949871660308856463e+03 5.933665676472691786e+01
9.999998500299746018e-01 3.949875650068831419e+03 5.933673834986932150e+01
9.999998750249788904e-01 3.949879639832173780e+03 5.933681993509535602e+01
9.999998875224809236e-01 3.949881634715083237e+03 5.933686072773917886e+01
9.999999000199830679e-01 3.949883629598845801e+03 5.933690152040424692e+01
9.999999143028426296e-01 3.949885909467026522e+03 5.933694814061821177e+01
9.999999285857021913e-01 3.949888189336298183e+03 5.933699476085929803e+01
9.999999428685617531e-01 3.949890469206662146e+03 5.933704138112761939e+01
9.999999571514213148e-01 3.949892749078123870e+03 5.933708800142309059e+01
9.999999714342808765e-01 3.949895028950675623e+03 5.933713462174571163e+01
9.999999857171404383e-01 3.949897308824320589e+03 5.933718124209553935e+01
1.000000000000000000e+00 3.949899588699058313e+03 5.933722786247247427e+01
