# 4 2 7.70895089948 0.0210938829685
# x xi_r xi_h
0.000000000000000000e+00 0.000000000000000000e+00 0.000000000000000000e+00
1.000000200031036027e-03 4.251631858716444813e-03 2.125822255219694205e-03
1.083333550033622073e-03 4.605932362402411981e-03 2.302974225248339245e-03
1.166666900036207903e-03 4.960232350757947176e-03 2.480126225020144910e-03
1.250000250038793949e-03 5.314531784649868459e-03 2.657278256327077516e-03
1.333333600041381080e-03 5.668830624642344496e-03 2.834430320911572251e-03
1.500000300046552956e-03 6.377426364154756104e-03 3.188734556631141279e-03
1.666667000051725916e-03 7.086019250316547696e-03 3.543038945158597311e-03
1.833333700056899093e-03 7.794608962443931588e-03 3.897343498838912613e-03
2.000000400062071186e-03 8.503195178677041763e-03 4.251648229504901427e-03
2.250000450069830193e-03 9.566067245891129653e-03 4.783105700810481864e-03
2.500000500077589199e-03 1.062892965237038391e-02 5.314563684216441763e-03
2.750000550085349073e-03 1.169178132784138950e-02 5.846022237555244770e-03
3.000000600093107213e-03 1.275462120112562034e-02 6.377481418543778577e-03
3.333334000103451832e-03 1.417172081983367540e-02 7.086094732115765828e-03
3.666667400113796885e-03 1.558879500555152876e-02 7.794709392832561978e-03
4.000000800124142372e-03 1.700584121205991894e-02 8.503325535289166237e-03
4.500000900139660386e-03 1.913135248807559113e-02 9.566252820563437426e-03
5.000001000155178399e-03 2.125678647722964096e-02 1.062918419387855890e-02
5.500001100170696412e-03 2.338213457068191031e-02 1.169212010618049351e-02
6.000001200186214426e-03 2.550738815420793698e-02 1.275506100946820556e-02
6.500001300201731572e-03 2.763253860476854937e-02 1.381800735181949735e-02
7.000001400217249585e-03 2.975757729290259487e-02 1.488095958479611521e-02
7.500001500232767598e-03 3.188249557926525757e-02 1.594391815409381200e-02
8.000001600248286479e-03 3.400728481662667474e-02 1.700688350967043128e-02
9.000001800279322506e-03 3.825644150013119554e-02 1.913283635222617560e-02
1.000000200031036027e-02 4.250497794901143822e-02 2.125882166486210006e-02
1.100000220034138936e-02 4.675282458165770649e-02 2.338484298490140292e-02
1.200000240037243059e-02 5.099991160902762194e-02 2.551090382721696304e-02
1.300000260040345967e-02 5.524616900803828307e-02 2.763700766044638324e-02
1.400000280043449917e-02 5.949152650042948548e-02 2.976315793810593510e-02
1.500000300046552999e-02 6.373591353518950897e-02 3.188935808266402799e-02
1.600000320049656949e-02 6.797925926600133228e-02 3.401561147720197353e-02
1.700000340052760031e-02 7.222149253075425823e-02 3.614192147740929312e-02
1.800000360055864154e-02 7.646254182616157857e-02 3.826829136731572933e-02
1.900000380058967930e-02 8.070233528589408623e-02 4.039472441008095521e-02
2.000000400062071013e-02 8.494080066783728233e-02 4.252122385457281911e-02
2.100000420065175136e-02 8.917786533373078806e-02 4.464779289002103468e-02
2.200000440068278912e-02 9.341345622043908947e-02 4.677443462523406259e-02
2.300000460071381994e-02 9.764749981721559946e-02 4.890115213342451084e-02
2.400000480074486117e-02 1.018799221467825283e-01 5.102794843176013811e-02
2.500000500077589893e-02 1.061106487439954504e-01 5.315482648188555453e-02
2.600000520080694016e-02 1.103396046345996168e-01 5.528178918574831041e-02
2.700000540083797099e-02 1.145667143139311728e-01 5.740883938497151617e-02
2.800000560086900875e-02 1.187919017255066878e-01 5.953597985619825395e-02
2.900000580090004998e-02 1.230150902388017359e-01 6.166321330331806655e-02
3.000000600093108080e-02 1.272362026272647051e-01 6.379054236125378252e-02
3.100000620096211856e-02 1.314551610467176168e-01 6.591796959076878792e-02
3.200000640099315979e-02 1.356718870136708055e-01 6.804549747807714377e-02
3.300000660102418715e-02 1.398863013837859659e-01 7.017312843224668417e-02
3.400000680105522838e-02 1.440983243295831662e-01 7.230086477490442476e-02
3.500000700108626961e-02 1.483078753183010579e-01 7.442870874630479194e-02
3.600000720111729696e-02 1.525148730904307970e-01 7.655666250219420044e-02
3.700000740114833819e-02 1.567192356372600348e-01 7.868472810087882852e-02
3.800000760117937249e-02 1.609208801784648146e-01 8.081290751067307654e-02
3.900000780121040678e-02 1.651197231404638588e-01 8.294120260700088565e-02
4.000000800124144801e-02 1.693156801338507045e-01 8.506961515907988935e-02
4.100000820127248924e-02 1.735086659308192891e-01 8.719814683720396309e-02
4.200000840130351659e-02 1.776985944433146503e-01 8.932679921022132485e-02
4.300000860133455782e-02 1.818853787002751021e-01 9.145557373106910637e-02
4.400000880136559905e-02 1.860689308248252849e-01 9.358447174450271189e-02
4.500000900139663335e-02 1.902491620121933291e-01 9.571349448474686383e-02
4.600000920142766764e-02 1.944259825068243297e-01 9.784264306142871626e-02
4.700000940145870887e-02 1.985993015793204031e-01 9.997191846505477930e-02
4.800000960148974316e-02 2.027690275040662793e-01 1.021013215668286345e-01
4.900000980152077745e-02 2.069350675357472524e-01 1.042308530963815538e-01
5.000001000155181868e-02 2.110973278860138747e-01 1.063605136596067618e-01
5.100001020158285991e-02 2.152557137013783872e-01 1.084903037362783262e-01
5.200001040161388727e-02 2.194101290408990712e-01 1.106202236756861079e-01
5.300001060164492850e-02 2.235604768535785214e-01 1.127502736924835547e-01
5.400001080167596973e-02 2.277066589537783958e-01 1.148804538306652245e-01
5.500001100170699708e-02 2.318485759966206761e-01 1.170107639905010738e-01
5.600001120173805219e-02 2.359861274549827082e-01 1.191412039239720666e-01
5.700001140176907954e-02 2.401192115958957485e-01 1.212717732234896290e-01
5.800001160180010690e-02 2.442477254564562605e-01 1.234024713179164984e-01
5.900001180183116201e-02 2.483715648210705895e-01 1.255332974967393878e-01
6.000001200186218936e-02 2.524906241985497291e-01 1.276642508800038822e-01
6.100001220189323059e-02 2.566047967976051170e-01 1.297953304115837814e-01
6.200001240192425794e-02 2.607139745024328881e-01 1.319265348607703559e-01
6.300001260195529917e-02 2.648180478484923328e-01 1.340578628183345111e-01
6.400001280198633347e-02 2.689169059986399879e-01 1.361893127022925087e-01
6.500001300201738164e-02 2.730104367192002779e-01 1.383208827459686541e-01
6.600001320204841593e-02 2.770985263554802680e-01 1.404525709925081300e-01
6.700001340207945022e-02 2.811810598072373435e-01 1.425843752933171338e-01
6.800001360211048451e-02 2.852579205041635979e-01 1.447162933041548638e-01
6.900001380214151880e-02 2.893289903812149566e-01 1.468483224797186015e-01
7.000001400217256697e-02 2.933941498538337744e-01 1.489804600706445270e-01
7.100001420220360127e-02 2.974532777931334082e-01 1.511127031198096771e-01
7.200001440223463556e-02 3.015062515009890309e-01 1.532450484578443128e-01
7.300001460226566985e-02 3.055529466850121501e-01 1.553774926989921479e-01
7.400001480229669026e-02 3.095932374334612325e-01 1.575100322377669393e-01
7.500001500232772456e-02 3.136269961900671754e-01 1.596426632441973192e-01
7.600001520235874497e-02 3.176540937287224420e-01 1.617753816593062721e-01
7.700001540238977926e-02 3.216743991280746062e-01 1.639081831911105847e-01
7.800001560242081355e-02 3.256877797460321911e-01 1.660410633103112654e-01
7.900001580245183397e-02 3.296941011941468269e-01 1.681740172452187987e-01
8.000001600248286826e-02 3.336932273118805026e-01 1.703070399776343280e-01
8.100001620251390255e-02 3.376850201407977647e-01 1.724401262386455191e-01
8.200001640254492297e-02 3.416693398986517805e-01 1.745732705038032795e-01
8.300001660257595726e-02 3.456460449533583779e-01 1.767064669884679251e-01
8.400001680260697767e-02 3.496149917969319509e-01 1.788397096451204427e-01
8.500001700263801196e-02 3.535760350193333790e-01 1.809729921573272060e-01
8.600001720266904626e-02 3.575290272821210480e-01 1.831063079337459931e-01
8.700001740270006667e-02 3.614738192919814685e-01 1.852396501040980137e-01
8.800001760273110096e-02 3.654102597741822889e-01 1.873730115141771790e-01
8.900001780276212138e-02 3.693381954459045713e-01 1.895063847207620611e-01
9.000001800279315567e-02 3.732574709895382092e-01 1.916397619887315051e-01
9.100001820282418996e-02 3.771679290260919748e-01 1.937731352911852833e-01
9.200001840285521038e-02 3.810694100883301183e-01 1.959064962943820321e-01
9.300001860288624467e-02 3.849617525935877249e-01 1.980398363560479102e-01
9.400001880291727896e-02 3.888447928166053336e-01 2.001731465204440730e-01
9.500001900294829937e-02 3.927183648622594170e-01 2.023064175129318520e-01
9.600001920297933367e-02 3.965823006381835603e-01 2.044396397348292871e-01
9.700001940301035408e-02 4.004364298275802092e-01 2.065728032678709192e-01
9.800001960304138837e-02 4.042805798619169555e-01 2.087058978594638625e-01
9.900001980307242266e-02 4.081145758931788436e-01 2.108389129154102093e-01
1.000000200031034014e-01 4.119382407660426848e-01 2.129718374970725470e-01
1.010000202031345051e-01 4.157513949900222827e-01 2.151046603156110404e-01
1.020000204031654978e-01 4.195538567114949768e-01 2.172373697260727432e-01
1.030000206031965043e-01 4.233454416857830860e-01 2.193699537277945255e-01
1.040000208032275941e-01 4.271259632494537328e-01 2.215023999647224850e-01
1.050000210032586007e-01 4.308952322921805189e-01 2.236346957024438753e-01
1.060000212032895933e-01 4.346530572282353844e-01 2.257668278296026954e-01
1.070000214033206970e-01 4.383992439680808317e-01 2.278987828520947223e-01
1.080000216033517035e-01 4.421335958898553464e-01 2.300305468868588665e-01
1.090000218033826962e-01 4.458559138107848763e-01 2.321621056570870589e-01
1.100000220034137027e-01 4.495659959589451971e-01 2.342934445026139956e-01
1.110000222034448064e-01 4.532636379448129471e-01 2.364245483543608028e-01
1.120000224034757991e-01 4.569486327322599406e-01 2.385554017298391061e-01
1.130000226035068056e-01 4.606207706095769572e-01 2.406859887299778733e-01
1.140000228035378954e-01 4.642798391604690544e-01 2.428162930326565327e-01
1.150000230035689019e-01 4.679256232349499056e-01 2.449462978860529883e-01
1.160000232035998946e-01 4.715579049204183248e-01 2.470759861142224900e-01
1.170000234036309011e-01 4.751764635129364089e-01 2.492053401116230971e-01
1.180000236036620048e-01 4.787810754879665565e-01 2.513343418181525624e-01
1.190000238036929975e-01 4.823715144708146663e-01 2.534629727220626960e-01
1.200000240037240040e-01 4.859475512072092829e-01 2.555912138532997480e-01
1.210000242037550938e-01 4.895089535337845410e-01 2.577190457766337928e-01
1.220000244037861004e-01 4.930554863485563932e-01 2.598464485882975850e-01
1.230000246038171069e-01 4.965869115818177804e-01 2.619734019288733062e-01
1.240000248038480996e-01 5.001029881667485855e-01 2.640998849488214173e-01
1.250000250038791894e-01 5.036034720094660910e-01 2.662258763082694935e-01
1.260000252039102098e-01 5.070881159592121046e-01 2.683513541726230134e-01
1.270000254039412024e-01 5.105566697785179908e-01 2.704762962055193842e-01
1.280000256039723061e-01 5.140088801132934870e-01 2.726006795616808809e-01
1.290000258040032988e-01 5.174444904632296005e-01 2.747244808982217124e-01
1.300000260040342914e-01 5.208632411523059780e-01 2.768476763584237221e-01
1.310000262040653118e-01 5.242648692987501580e-01 2.789702415516616685e-01
1.320000264040963878e-01 5.276491087848577122e-01 2.810921515550881544e-01
1.330000266041274082e-01 5.310156902269403956e-01 2.832133809064477648e-01
1.340000268041584008e-01 5.343643409452166759e-01 2.853339035966890869e-01
1.350000270041893935e-01 5.376947849337786467e-01 2.874536930689811642e-01
1.360000272042204972e-01 5.410067428309787152e-01 2.895727222296268222e-01
1.370000274042514898e-01 5.442999318894972127e-01 2.916909634094306814e-01
1.380000276042825103e-01 5.475740659459534809e-01 2.938083883669960206e-01
1.390000278043135862e-01 5.508288553907346730e-01 2.959249682828902772e-01
1.400000280043446066e-01 5.540640071378175602e-01 2.980406737521613114e-01
1.410000282043755993e-01 5.572792245945564771e-01 3.001554747764880737e-01
1.420000284044067029e-01 5.604742076319300104e-01 3.022693407829590284e-01
1.430000286044376956e-01 5.636486525547471649e-01 3.043822405905228234e-01
1.440000288044686882e-01 5.668022520713605905e-01 3.064941424032545658e-01
1.450000290044997919e-01 5.699346952634825048e-01 3.086050138074987181e-01
1.460000292045308123e-01 5.730456675560809954e-01 3.107148217644108978e-01
1.470000294045618050e-01 5.761348506872806530e-01 3.128235326022665852e-01
1.480000296045927977e-01 5.792019226784357322e-01 3.149311120184705715e-01
1.490000298046239013e-01 5.822465578045872281e-01 3.170375250841278025e-01
1.500000300046548940e-01 5.852684265646123096e-01 3.191427362070662355e-01
1.510000302046858867e-01 5.882671956511185130e-01 3.212467091370477812e-01
1.520000304047169903e-01 5.912425279206066087e-01 3.233494069591388853e-01
1.530000306047480108e-01 5.941940823636936431e-01 3.254507920864603276e-01
1.540000308047790034e-01 5.971215140753881601e-01 3.275508262528977199e-01
1.550000310048101071e-01 6.000244742254500219e-01 3.296494705073907960e-01
1.560000312048410998e-01 6.029026100290502121e-01 3.317466852194037030e-01
1.570000314048720924e-01 6.057555647174395208e-01 3.338424300561374514e-01
1.580000316049031128e-01 6.085829775085009885e-01 3.359366639786063868e-01
1.590000318049341888e-01 6.113844835774898678e-01 3.380293452372526986e-01
1.600000320049652092e-01 6.141597140279201339e-01 3.401204313656743250e-01
1.610000322049962018e-01 6.169082958625847768e-01 3.422098791745141200e-01
1.620000324050271945e-01 6.196298519547083217e-01 3.442976447453877653e-01
1.630000326050582982e-01 6.223240010189247107e-01 3.463836834035592949e-01
1.640000328050892908e-01 6.249903575822709501e-01 3.484679497232570644e-01
1.650000330051203112e-01 6.276285319557363129e-01 3.505503975351005330e-01
1.660000332051513872e-01 6.302381302060154900e-01 3.526309799095880826e-01
1.670000334051824076e-01 6.328187541272755068e-01 3.547096491505225546e-01
1.680000336052134002e-01 6.353700012130911734e-01 3.567863567885417031e-01
1.690000338052443929e-01 6.378914646285612777e-01 3.588610535747668862e-01
1.700000340052754966e-01 6.403827331825158176e-01 3.609336894674534113e-01
1.710000342053064892e-01 6.428433912996713850e-01 3.630042136143634690e-01
1.720000344053375096e-01 6.452730189931807914e-01 3.650725743702383230e-01
1.730000346053686133e-01 6.476711918375956945e-01 3.671387192802461619e-01
1.740000348053996060e-01 6.500374809418875133e-01 3.692025950724741601e-01
1.750000350054305986e-01 6.523714529226821712e-01 3.712641476510825100e-01
1.760000352054615913e-01 6.546726698777253217e-01 3.733233220895099680e-01
1.770000354054926950e-01 6.569406893595743924e-01 3.753800626228310788e-01
1.780000356055236876e-01 6.591750643494163064e-01 3.774343126323265740e-01
1.790000358055547081e-01 6.613753432311723079e-01 3.794860146489741348e-01
1.800000360055858117e-01 6.635410697659880341e-01 3.815351103451546932e-01
1.810000362056168044e-01 6.656717830669560687e-01 3.835815405260979971e-01
1.820000364056477971e-01 6.677670175741039493e-01 3.856252451229006950e-01
1.830000366056787897e-01 6.698263030296741638e-01 3.876661631855832235e-01
1.840000368057098934e-01 6.718491644537101237e-01 3.897042328761786689e-01
1.850000370057409138e-01 6.738351221199135876e-01 3.917393914583696124e-01
1.860000372057719065e-01 6.757836915318063964e-01 3.937715752920273871e-01
1.870000374058030101e-01 6.776943833992841171e-01 3.958007198290746653e-01
1.880000376058340028e-01 6.795667036155269569e-01 3.978267596047094234e-01
1.890000378058649955e-01 6.814001532342447431e-01 3.998496282304712657e-01
1.900000380058959881e-01 6.831942284472953819e-01 4.018692583873575419e-01
1.910000382059270918e-01 6.849484205626822364e-01 4.038855818189857616e-01
1.920000384059581122e-01 6.866622159829286476e-01 4.058985293231787139e-01
1.930000386059891049e-01 6.883350961838077264e-01 4.079080307419752915e-01
1.940000388060202086e-01 6.899665376935255612e-01 4.099140149610476236e-01
1.950000390060512012e-01 6.915560120723819315e-01 4.119164099004514745e-01
1.960000392060821939e-01 6.931029858928369203e-01 4.139151425075859869e-01
1.970000394061132976e-01 6.946069207200371576e-01 4.159101387504006708e-01
1.980000396061442902e-01 6.960672730928076923e-01 4.179013236106642881e-01
1.990000398061753106e-01 6.974834945051223700e-01 4.198886210768440486e-01
2.000000400062063866e-01 6.988550313880195208e-01 4.218719541328177502e-01
2.010000402062374070e-01 7.001813250920356779e-01 4.238512447563305141e-01
2.020000404062683996e-01 7.014618118702145022e-01 4.258264139120854774e-01
2.030000406062993923e-01 7.026959228616391773e-01 4.277973815440260230e-01
2.040000408063304960e-01 7.038830840755024854e-01 4.297640665686929817e-01
2.050000410063614886e-01 7.050227163757495363e-01 4.317263868686500028e-01
2.060000412063925090e-01 7.061142354662935938e-01 4.336842592859638246e-01
2.070000414064236127e-01 7.071570518767885671e-01 4.356375996103507564e-01
2.080000416064546054e-01 7.081505709489800404e-01 4.375863225752628094e-01
2.090000418064855980e-01 7.090941928237666225e-01 4.395303418567288456e-01
2.100000420065165907e-01 7.099873124289203252e-01 4.414695700633904374e-01
2.110000422065476944e-01 7.108293194674245585e-01 4.434039187301366258e-01
2.120000424065786870e-01 7.116195984064976887e-01 4.453332983118107880e-01
2.130000426066097075e-01 7.123575284673000496e-01 4.472576181770017700e-01
2.140000428066408111e-01 7.130424836153583801e-01 4.491767866019176769e-01
2.150000430066718038e-01 7.136738325517125725e-01 4.510907107643455372e-01
2.160000432067027965e-01 7.142509387048084912e-01 4.529992967377122204e-01
2.170000434067337891e-01 7.147731602231317538e-01 4.549024494825292808e-01
2.180000436067648928e-01 7.152398499684795574e-01 4.568000728256828014e-01
2.190000438067959132e-01 7.156503555100969249e-01 4.586920694758171435e-01
2.200000440068269059e-01 7.160040191197489801e-01 4.605783410115849574e-01
2.210000442068580095e-01 7.163001777675598314e-01 4.624587878731766799e-01
2.220000444068890022e-01 7.165381631186792388e-01 4.643333093558504876e-01
2.230000446069199949e-01 7.167173015308112571e-01 4.662018036034297208e-01
2.240000448069509875e-01 7.168369140526249517e-01 4.680641676017611164e-01
2.250000450069820912e-01 7.168963164230650609e-01 4.699202971721180289e-01
2.260000452070131116e-01 7.168948190716691871e-01 4.717700869765634186e-01
2.270000454070441043e-01 7.168317271199617924e-01 4.736134305198872463e-01
2.280000456070752080e-01 7.167063403836552160e-01 4.754502201148280705e-01
2.290000458071062006e-01 7.165179533757290997e-01 4.772803468900720381e-01
2.300000460071371933e-01 7.162658553106185932e-01 4.791037007851855489e-01
2.310000462071682137e-01 7.159493301094439488e-01 4.809201705453348685e-01
2.320000464071992896e-01 7.155676564062899425e-01 4.827296437161017750e-01
2.330000466072303100e-01 7.151201075555603248e-01 4.845320066384133373e-01
2.340000468072613027e-01 7.146059516404316136e-01 4.863271444433343582e-01
2.350000470072924064e-01 7.140244514823540500e-01 4.881149410363597174e-01
2.360000472073233990e-01 7.133748646516926417e-01 4.898952791012374242e-01
2.370000474073543917e-01 7.126564434796074377e-01 4.916680400984300703e-01
2.380000476073854121e-01 7.118684350711171893e-01 4.934331042559991221e-01
2.390000478074164880e-01 7.110100813193425129e-01 4.951903505644158487e-01
2.400000480074475084e-01 7.100806189209827313e-01 4.969396567713943447e-01
2.410000482074785011e-01 7.090792793930460469e-01 4.986808993767462006e-01
2.420000484075096048e-01 7.080052890908550278e-01 5.004139536272353972e-01
2.430000486075405974e-01 7.068578692273805864e-01 5.021386935145230046e-01
2.440000488075715901e-01 7.056362358939929358e-01 5.038549917864155736e-01
2.450000490076026105e-01 7.043396000825281611e-01 5.055627199184344889e-01
2.460000492076336864e-01 7.029671677086319903e-01 5.072617481156905805e-01
2.470000494076647068e-01 7.015181396365647304e-01 5.089519453109985214e-01
2.480000496076956995e-01 6.999917117054493820e-01 5.106331791609425297e-01
2.490000498077268032e-01 6.983870747569846937e-01 5.123053160420654173e-01
2.500000500077578236e-01 6.967034146646424730e-01 5.139682210471835377e-01
2.510000502077888163e-01 6.949399123643874576e-01 5.156217579818432872e-01
2.520000504078199199e-01 6.930957438869154164e-01 5.172657893579768462e-01
2.530000506078509126e-01 6.911700803914510027e-01 5.189001763886843532e-01
2.540000508078819053e-01 6.891620882011657567e-01 5.205247789917314405e-01
2.550000510079130089e-01 6.870709288402350179e-01 5.221394557830206784e-01
2.560000512079438906e-01 6.848957590725355260e-01 5.237440640733169728e-01
2.570000514079749943e-01 6.826357309420252317e-01 5.253384598651510418e-01
2.580000516080059869e-01 6.802899918148341829e-01 5.269224978498371348e-01
2.590000518080369796e-01 6.778576844230971288e-01 5.284960314045884511e-01
2.600000520080680833e-01 6.753379469105572630e-01 5.300589125898592657e-01
2.610000522080990759e-01 6.727299128799875128e-01 5.316109921512565117e-01
2.620000524081301241e-01 6.700327114424418085e-01 5.331521195132999935e-01
2.630000526081611723e-01 6.672454672683535426e-01 5.346821427757710854e-01
2.640000528081922204e-01 6.643673006405264037e-01 5.362009087132854068e-01
2.650000530082232131e-01 6.613973275090564430e-01 5.377082627734012243e-01
2.660000532082543168e-01 6.583346595482137964e-01 5.392040490748765125e-01
2.670000534082853094e-01 6.551784042153102616e-01 5.406881104060810017e-01
2.680000536083163021e-01 6.519276648115883699e-01 5.421602882235604381e-01
2.690000538083474058e-01 6.485815405451659243e-01 5.436204226507083126e-01
2.700000540083783984e-01 6.451391265960658705e-01 5.450683524763608734e-01
2.710000542084093911e-01 6.415995141833686910e-01 5.465039151542555595e-01
2.720000544084403837e-01 6.379617906345126377e-01 5.479269468021112921e-01
2.730000546084714874e-01 6.342250394567886529e-01 5.493372822009571221e-01
2.740000548085024801e-01 6.303883404110509625e-01 5.507347547946525035e-01
2.750000550085334727e-01 6.264507695876839755e-01 5.521191966895846459e-01
2.760000552085645764e-01 6.224113994848664566e-01 5.534904386545327348e-01
2.770000554085956246e-01 6.182692990891541784e-01 5.548483101207049017e-01
2.780000556086266172e-01 6.140235339584252383e-01 5.561926391831667482e-01
2.790000558086576099e-01 6.096731663072276763e-01 5.575232526019771040e-01
2.800000560086887136e-01 6.052172550945501550e-01 5.588399758000975881e-01
2.810000562087197062e-01 6.006548561140676590e-01 5.601426328655804143e-01
2.820000564087506989e-01 5.959850220868937454e-01 5.614310465526810567e-01
2.830000566087816916e-01 5.912068027568685435e-01 5.627050382831473296e-01
2.840000568088127952e-01 5.863192449884347957e-01 5.639644281477126375e-01
2.850000570088437879e-01 5.813213928671244757e-01 5.652090349078036091e-01
2.860000572088747806e-01 5.762122878027016171e-01 5.664386759974660013e-01
2.870000574089058842e-01 5.709909686350025382e-01 5.676531675258781329e-01
2.880000576089368769e-01 5.656564717425028865e-01 5.688523242793874779e-01
2.890000578089679251e-01 5.602078311536534683e-01 5.700359597239968990e-01
2.900000580089989732e-01 5.546440786610267182e-01 5.712038860083176184e-01
2.910000582090300214e-01 5.489642439383114469e-01 5.723559139666226647e-01
2.920000584090611251e-01 5.431673546601911706e-01 5.734918531221347981e-01
2.930000586090921177e-01 5.372524366251537620e-01 5.746115116905515796e-01
2.940000588091231104e-01 5.312185138812645091e-01 5.757146965838122465e-01
2.950000590091542141e-01 5.250646088549498769e-01 5.768012134145387160e-01
2.960000592091852067e-01 5.187897424828157300e-01 5.778708665022393998e-01
2.970000594092161994e-01 5.123929343465597475e-01 5.789234588744368581e-01
2.980000596092471921e-01 5.058732028110219936e-01 5.799587922725002453e-01
2.990000598092781847e-01 4.992295651654002353e-01 5.809766671570009144e-01
3.000000600093092884e-01 4.924610377676756912e-01 5.819768827130450406e-01
3.010000602093402811e-01 4.855666361922967300e-01 5.829592368558715876e-01
3.020000604093712737e-01 4.785453753811528266e-01 5.839235262367248325e-01
3.030000606094023774e-01 4.713962697978929528e-01 5.848695462489947872e-01
3.040000608094334256e-01 4.641183335856197689e-01 5.857970910346383953e-01
3.050000610094644182e-01 4.567105807280095742e-01 5.867059534908747320e-01
3.060000612094955219e-01 4.491720252138993730e-01 5.875959252771696395e-01
3.070000614095265146e-01 4.415016812053769169e-01 5.884667968243942893e-01
3.080000616095575072e-01 4.336985632093803833e-01 5.893183573485034632e-01
3.090000618095886109e-01 4.257616862529227109e-01 5.901503948465992577e-01
3.100000620096194925e-01 4.176900660619845551e-01 5.909626961093643605e-01
3.110000622096505962e-01 4.094827192440729235e-01 5.917550467304533157e-01
3.120000624096815889e-01 4.011386634745039426e-01 5.925272311154511362e-01
3.130000626097125815e-01 3.926569176864509458e-01 5.932790324911481061e-01
3.140000628097436852e-01 3.840365022648113968e-01 5.940102329151502047e-01
3.150000630097746779e-01 3.752764392439346675e-01 5.947206132858172678e-01
3.160000632098057260e-01 3.663757525092496414e-01 5.954099533525363253e-01
3.170000634098367742e-01 3.573334680028423249e-01 5.960780317263378869e-01
3.180000636098678224e-01 3.481486139330329799e-01 5.967246258908496248e-01
3.190000638098988150e-01 3.388202209879747073e-01 5.973495122151871728e-01
3.200000640099299187e-01 3.293473225533026794e-01 5.979524659692403432e-01
3.210000642099609114e-01 3.197289549339416559e-01 5.985332613277608571e-01
3.220000644099919040e-01 3.099641575801146964e-01 5.990916713859482101e-01
3.230000646100230077e-01 3.000519733175501247e-01 5.996274681726916356e-01
3.240000648100540004e-01 2.899914485819525822e-01 6.001404226638161754e-01
3.250000650100849930e-01 2.797816336577809149e-01 6.006303047957185504e-01
3.260000652101159857e-01 2.694215829213782998e-01 6.010968834793867233e-01
3.270000654101469784e-01 2.589103550885101246e-01 6.015399266148206969e-01
3.280000656101780820e-01 2.482470134663394556e-01 6.019592011058423342e-01
3.290000658102090747e-01 2.374306262099026565e-01 6.023544728753207345e-01
3.300000660102401229e-01 2.264602665831158268e-01 6.027255068807920724e-01
3.310000662102712266e-01 2.153350132243524728e-01 6.030720671320537463e-01
3.320000664103022192e-01 2.040539504166118123e-01 6.033939167100350609e-01
3.330000666103332119e-01 1.926161683623919263e-01 6.036908177774561457e-01
3.340000668103643156e-01 1.810207634633161089e-01 6.039625315989006760e-01
3.350000670103953082e-01 1.692668386045013962e-01 6.042088185588690985e-01
3.360000672104263009e-01 1.573535034437273106e-01 6.044294381800702221e-01
3.370000674104572935e-01 1.452798747054577233e-01 6.046241491421678882e-01
3.380000676104883972e-01 1.330450764797680430e-01 6.047927093009839439e-01
3.390000678105193899e-01 1.206482405262089136e-01 6.049348757081657313e-01
3.400000680105503825e-01 1.080885065826586861e-01 6.050504046313183171e-01
3.410000682105814862e-01 9.536502267921445619e-02 6.051390515746142285e-01
3.420000684106124789e-01 8.247694545715485159e-02 6.052005712998801412e-01
3.430000686106435270e-01 6.942344049301160669e-02 6.052347178489072554e-01
3.440000688106745752e-01 5.620368262778827062e-02 6.052412445662345153e-01
3.450000690107056234e-01 4.281685630140713572e-02 6.052199041193473406e-01
3.460000692107366160e-01 2.926215589243107498e-02 6.051704485228767139e-01
3.470000694107677197e-01 1.553878606306704699e-02 6.050926291622559239e-01
3.480000696107987124e-01 1.645962109500645693e-03 6.049861968178522620e-01
3.490000698108297050e-01 -1.241708968238966308e-02 6.048509016896069790e-01
3.500000700108608087e-01 -2.665113167588827048e-02 6.046864934222156984e-01
3.510000702108916903e-01 -4.105691451684055637e-02 6.044927211308345205e-01
3.520000704109227940e-01 -5.563517676154471070e-02 6.042693334273294692e-01
3.530000706109537867e-01 -7.038664449908905996e-02 6.040160784470705035e-01
3.540000708109847793e-01 -8.531203096810781317e-02 6.037327038762756448e-01
3.550000710110158830e-01 -1.004120361679205625e-01 6.034189569803083408e-01
3.560000712110468757e-01 -1.156873464640139071e-01 6.030745846323414261e-01
3.570000714110779239e-01 -1.311386341878036932e-01 6.026993333414026877e-01
3.580000716111090275e-01 -1.467665572306239841e-01 6.022929492825040976e-01
3.590000718111400202e-01 -1.625717586319544994e-01 6.018551783268623057e-01
3.600000720111710129e-01 -1.785548661618288901e-01 6.013857660726993348e-01
3.610000722112021165e-01 -1.947164918973740833e-01 6.008844578766346922e-01
3.620000724112331092e-01 -2.110572317934641950e-01 6.003509988856842172e-01
3.630000726112641019e-01 -2.275776652474415240e-01 5.997851340698572287e-01
3.640000728112952055e-01 -2.442783546578649601e-01 5.991866082553785056e-01
3.650000730113260872e-01 -2.611598449772636887e-01 5.985551661585183369e-01
3.660000732113571908e-01 -2.782226632588571946e-01 5.978905524200562871e-01
3.670000734113881835e-01 -2.954673181972033991e-01 5.971925116400902400e-01
3.680000736114191762e-01 -3.128942996627593343e-01 5.964607884137468341e-01
3.690000738114502798e-01 -3.305040782303028668e-01 5.956951273681012626e-01
3.700000740114812725e-01 -3.482971047011786947e-01 5.948952731988874643e-01
3.710000742115123207e-01 -3.662738096193786097e-01 5.940609707081664359e-01
3.720000744115434244e-01 -3.844346027813755340e-01 5.931919648426580149e-01
3.730000746115744170e-01 -4.027798727397259859e-01 5.922880007327441243e-01
3.740000748116054097e-01 -4.213099863003964551e-01 5.913488237321417040e-01
3.750000750116365134e-01 -4.400252880137888734e-01 5.903741794582579860e-01
3.760000752116675060e-01 -4.589260996594329289e-01 5.893638138332348841e-01
3.770000754116984987e-01 -4.780127197243401738e-01 5.883174731256807233e-01
3.780000756117294913e-01 -4.972854228749836736e-01 5.872349039931046288e-01
3.790000758117605950e-01 -5.167444594228757238e-01 5.861158535243158330e-01
3.800000760117915877e-01 -5.363900547837394672e-01 5.849600692834634463e-01
3.810000762118225803e-01 -5.562224089302506558e-01 5.837672993556405343e-01
3.820000764118535730e-01 -5.762416958383229648e-01 5.825372923915055345e-01
3.830000766118846767e-01 -5.964480629269399703e-01 5.812697976532809063e-01
3.840000768119157248e-01 -6.168416304914895454e-01 5.799645650614747572e-01
3.850000770119467175e-01 -6.374224911306142216e-01 5.786213452423507597e-01
3.860000772119778212e-01 -6.581907091665588627e-01 5.772398895761371440e-01
3.870000774120088138e-01 -6.791463200589862304e-01 5.758199502459924179e-01
3.880000776120398065e-01 -7.002893298122783161e-01 5.743612802877217094e-01
3.890000778120709102e-01 -7.216197143763045663e-01 5.728636336402608276e-01
3.900000780121019028e-01 -7.431374190406401237e-01 5.713267651969283767e-01
3.910000782121328955e-01 -7.648423578222367514e-01 5.697504308562351127e-01
3.920000784121638882e-01 -7.867344128465377784e-01 5.681343875753459560e-01
3.930000786121949918e-01 -8.088134337220609371e-01 5.664783934248356356e-01
3.940000788122259845e-01 -8.310792369084432085e-01 5.647822076422071014e-01
3.950000790122569772e-01 -8.535316050779394592e-01 5.630455906870347471e-01
3.960000792122880808e-01 -8.761702864703674321e-01 5.612683042969107694e-01
3.970000794123190735e-01 -8.989949942415319528e-01 5.594501115441888883e-01
3.980000796123501217e-01 -9.220054058051281309e-01 5.575907768935461917e-01
3.990000798123812253e-01 -9.452011621681196685e-01 5.556900662603569963e-01
4.000000800124122180e-01 -9.685818672596292478e-01 5.537477470698879412e-01
4.010000802124432107e-01 -9.921470872533498797e-01 5.517635883173184208e-01
4.020000804124743143e-01 -1.015896349883470995e+00 5.497373606285824721e-01
4.030000806125053070e-01 -1.039829143754150698e+00 5.476688363202881771e-01
4.040000808125362997e-01 -1.063944917642546173e+00 5.455577894636893799e-01
4.050000810125672923e-01 -1.088243079795484514e+00 5.434039959491634431e-01
4.060000812125982850e-01 -1.112722997219766752e+00 5.412072335494073627e-01
4.070000814126293887e-01 -1.137383994966117085e+00 5.389672819844809615e-01
4.080000816126603813e-01 -1.162225355406807603e+00 5.366839229877176098e-01
4.090000818126913740e-01 -1.187246317507018700e+00 5.343569403724905964e-01
4.100000820127224777e-01 -1.212446076089962022e+00 5.319861200998473594e-01
4.110000822127535258e-01 -1.237823781095791276e+00 5.295712503470139110e-01
4.120000824127845185e-01 -1.263378536834378174e+00 5.271121215767785584e-01
4.130000826128156222e-01 -1.289109401231961716e+00 5.246085266077457065e-01
4.140000828128466148e-01 -1.315015385071749643e+00 5.220602606854811700e-01
4.150000830128776075e-01 -1.341095451228519142e+00 5.194671215545400011e-01
4.160000832129087112e-01 -1.367348513897218565e+00 5.168289095299744007e-01
4.170000834129395928e-01 -1.393773437815604366e+00 5.141454275685829467e-01
4.180000836129706965e-01 -1.420369037481134633e+00 5.114164813501420603e-01
4.190000838130016891e-01 -1.447134076362150079e+00 5.086418793502213154e-01
4.200000840130326818e-01 -1.474067266103322504e+00 5.058214329163700507e-01
4.210000842130637855e-01 -1.501167265725463995e+00 5.029549563454686067e-01
4.220000844130947781e-01 -1.528432680819770351e+00 5.000422669619880578e-01
4.230000846131258263e-01 -1.555862062736613538e+00 4.970831851971553861e-01
4.240000848131568745e-01 -1.583453907768938684e+00 4.940775346690276515e-01
4.250000850131879226e-01 -1.611206656330352871e+00 4.910251422634827057e-01
4.260000852132189153e-01 -1.639118692128013643e+00 4.879258382161168472e-01
4.270000854132500190e-01 -1.667188341330405610e+00 4.847794561950652947e-01
4.280000856132810116e-01 -1.695413871730088395e+00 4.815858333847388151e-01
4.290000858133120043e-01 -1.723793491901534081e+00 4.783448105703094200e-01
4.300000860133431080e-01 -1.752325350354079214e+00 4.750562322201651311e-01
4.310000862133741006e-01 -1.781007534680172144e+00 4.717199465764133626e-01
4.320000864134050933e-01 -1.809838070699185897e+00 4.683358057422088438e-01
4.330000866134360860e-01 -1.838814921596731322e+00 4.649036657690793217e-01
4.340000868134671896e-01 -1.867935987059600844e+00 4.614233867461484673e-01
4.350000870134981823e-01 -1.897199102406525340e+00 4.578948328902813780e-01
4.360000872135291750e-01 -1.926602037714854276e+00 4.543178726371502330e-01
4.370000874135602231e-01 -1.956142496943298337e+00 4.506923787332239306e-01
4.380000876135913268e-01 -1.985818117050906384e+00 4.470182283286766589e-01
4.390000878136223195e-01 -2.015626467112382247e+00 4.432953030712173947e-01
4.400000880136533121e-01 -2.045565047429946048e+00 4.395234892008416661e-01
4.410000882136844158e-01 -2.075631288641863303e+00 4.357026776454960282e-01
4.420000884137154085e-01 -2.105822550827814332e+00 4.318327641176666343e-01
4.430000886137464011e-01 -2.136136122611231869e+00 4.279136492100876765e-01
4.440000888137773938e-01 -2.166569220258752537e+00 4.239452384939128571e-01
4.450000890138084975e-01 -2.197118986777150784e+00 4.199274426219051226e-01
4.460000892138394901e-01 -2.227782491007913812e+00 4.158601774264988893e-01
4.470000894138704828e-01 -2.258556726719498808e+00 4.117433640208664758e-01
4.480000896139015865e-01 -2.289438611697519832e+00 4.075769289009171237e-01
4.490000898139325791e-01 -2.320424986833118819e+00 4.033608040481914125e-01
4.500000900139636273e-01 -2.351512615209699231e+00 3.990949270336481836e-01
4.510000902139946755e-01 -2.382698181188239950e+00 3.947792411223415288e-01
4.520000904140257236e-01 -2.413978289491438556e+00 3.904136953789829056e-01
4.530000906140567163e-01 -2.445349464286898478e+00 3.859982447743803280e-01
4.540000908140878200e-01 -2.476808148269586507e+00 3.815328502927549659e-01
4.550000910141188126e-01 -2.508350701743839561e+00 3.770174790399276055e-01
4.560000912141498053e-01 -2.539973401705127198e+00 3.724521043520105934e-01
4.570000914141809090e-01 -2.571672440921735081e+00 3.678367059032724429e-01
4.580000916142117906e-01 -2.603443927016825921e+00 3.631712698203997669e-01
4.590000918142428943e-01 -2.635283881551197638e+00 3.584557887931325015e-01
4.600000920142738869e-01 -2.667188239106825787e+00 3.536902621862961782e-01
4.610000922143048796e-01 -2.699152846371551728e+00 3.488746961530418966e-01
4.620000924143359833e-01 -2.731173461225203436e+00 3.440091037489026449e-01
4.630000926143669759e-01 -2.763245751827450469e+00 3.390935050466678535e-01
4.640000928143980241e-01 -2.795365295707726183e+00 3.341279272520530363e-01
4.650000930144290723e-01 -2.827527578857528479e+00 3.291124048201645169e-01
4.660000932144601204e-01 -2.859727994825403297e+00 3.240469795727505264e-01
4.670000934144911131e-01 -2.891961843814989663e+00 3.189317008162181333e-01
4.680000936145222168e-01 -2.924224331786420272e+00 3.137666254604200566e-01
4.690000938145532094e-01 -2.956510569561483059e+00 3.085518181381800562e-01
4.700000940145842021e-01 -2.988815571932779580e+00 3.032873513241191032e-01
4.710000942146153058e-01 -3.021134256777315841e+00 2.979733054568198258e-01
4.720000944146461874e-01 -3.053461444175078920e+00 2.926097690615413471e-01
4.730000946146772911e-01 -3.085791855532857841e+00 2.871968388717488496e-01
4.740000948147082838e-01 -3.118120112713625325e+00 2.817346199522037242e-01
4.750000950147392764e-01 -3.150440737171958716e+00 2.762232258227245718e-01
4.760000952147703801e-01 -3.182748149095928181e+00 2.706627785826061783e-01
4.770000954148013728e-01 -3.215036666555837197e+00 2.650534090356850836e-01
4.780000956148324209e-01 -3.247300504660282972e+00 2.593952568160312055e-01
4.790000958148635246e-01 -3.279533774719985750e+00 2.536884705142486429e-01
4.800000960148945173e-01 -3.311730483419807580e+00 2.479332078043766929e-01
4.810000962149255099e-01 -3.343884531999468557e+00 2.421296355713624393e-01
4.820000964149566136e-01 -3.375989715443413086e+00 2.362779300390944748e-01
4.830000966149876063e-01 -3.408039721680280465e+00 2.303782768986352980e-01
4.840000968150185989e-01 -3.440028130792427863e+00 2.244308714366615165e-01
4.850000970150495916e-01 -3.471948414236194935e+00 2.184359186667553521e-01
4.860000972150806953e-01 -3.503793934073387017e+00 2.123936334587746833e-01
4.870000974151116879e-01 -3.535557942214406335e+00 2.063042406693110231e-01
4.880000976151426806e-01 -3.567233579673617427e+00 2.001679752726609196e-01
4.890000978151737843e-01 -3.598813875837461929e+00 1.939850824922145500e-01
4.900000980152047769e-01 -3.630291747745979070e+00 1.877558179322368070e-01
4.910000982152358251e-01 -3.661659999388185316e+00 1.814804477100151470e-01
4.920000984152668178e-01 -3.692911321012017467e+00 1.751592485883576300e-01
4.930000986152979214e-01 -3.724038288449375678e+00 1.687925081084047374e-01
4.940000988153289141e-01 -3.755033362456850821e+00 1.623805247227401161e-01
4.950000990153599068e-01 -3.785888888072868053e+00 1.559236079287654175e-01
4.960000992153910104e-01 -3.816597093991739076e+00 1.494220784022855797e-01
4.970000994154220031e-01 -3.847150091955325202e+00 1.428762681307741700e-01
4.980000996154529957e-01 -3.877539876162952037e+00 1.362865205481484931e-01
4.990000998154839884e-01 -3.907758322700452869e+00 1.296531906689224467e-01
5.000001000155150921e-01 -3.937797188988774622e+00 1.229766452223069323e-01
5.010001002155460847e-01 -3.967648113252971509e+00 1.162572627865904595e-01
5.020001004155771884e-01 -3.997302614012224087e+00 1.094954339235790358e-01
5.030001006156081811e-01 -4.026752089591667527e+00 1.026915613130701260e-01
5.040001008156391737e-01 -4.055987817656771632e+00 9.584605988731147164e-02
5.050001010156702774e-01 -4.085000954770971582e+00 8.895935696542664473e-02
5.060001012157012701e-01 -4.113782535977381194e+00 8.203189238776500969e-02
5.070001014157322627e-01 -4.142323474405364081e+00 7.506411865013294660e-02
5.080001016157632554e-01 -4.170614560902706103e+00 6.805650103788295213e-02
5.090001018157943591e-01 -4.198646463694254649e+00 6.100951775981160174e-02
5.100001020158253517e-01 -4.226409728067801908e+00 5.392366008173649083e-02
5.110001022158563444e-01 -4.253894776088039897e+00 4.679943245991882717e-02
5.120001024158874481e-01 -4.281091906339545616e+00 3.963735267439603277e-02
5.130001026159184407e-01 -4.307991293699651614e+00 3.243795196160904892e-02
5.140001028159494334e-01 -4.334582989141995135e+00 2.520177514676431862e-02
5.150001030159805371e-01 -4.360856919571685530e+00 1.792938077577128919e-02
5.160001032160115297e-01 -4.386802887693032282e+00 1.062134124670158046e-02
5.170001034160425224e-01 -4.412410571910707624e+00 3.278242940716982832e-03
5.180001036160736261e-01 -4.437669526265384690e+00 -4.099313647566025370e-03
5.190001038161046187e-01 -4.462569180404670988e+00 -1.151071378033003377e-02
5.200001040161356114e-01 -4.487098839590512256e+00 -1.895532834748500997e-02
5.210001042161667151e-01 -4.511247684743850073e+00 -2.643251373830625070e-02
5.220001044161977077e-01 -4.535004772527700290e+00 -3.394161171384010856e-02
5.230001046162287004e-01 -4.558359035469612408e+00 -4.148194928012123583e-02
5.240001048162598041e-01 -4.581299282124486005e+00 -4.905283856213742133e-02
5.250001050162907967e-01 -4.603814197278931708e+00 -5.665357667900773608e-02
5.260001052163217894e-01 -4.625892342198264728e+00 -6.428344561996580941e-02
5.270001054163528931e-01 -4.647522154917162140e+00 -7.194171212137537297e-02
5.280001056163838857e-01 -4.668691950575015071e+00 -7.962762754486193972e-02
5.290001058164148784e-01 -4.689389921797270766e+00 -8.734042775660641467e-02
5.300001060164459821e-01 -4.709604139123755751e+00 -9.507933300784522646e-02
5.310001062164769747e-01 -4.729322551485244830e+00 -1.028435478166450090e-01
5.320001064165079674e-01 -4.748532986729395944e+00 -1.106322608510237337e-01
5.330001066165390711e-01 -4.767223152197299640e+00 -1.184446448134644780e-01
5.340001068165700637e-01 -4.785380635351804912e+00 -1.262798563268952290e-01
5.350001070166010564e-01 -4.802992904458858625e+00 -1.341370358222098158e-01
5.360001072166321601e-01 -4.820047309323189033e+00 -1.420153074273796667e-01
5.370001074166631527e-01 -4.836531082079444488e+00 -1.499137788582342312e-01
5.380001076166941454e-01 -4.852431338040230635e+00 -1.578315413108604681e-01
5.390001078167252491e-01 -4.867735076602166089e+00 -1.657676693551391467e-01
5.400001080167562417e-01 -4.882429182211398988e+00 -1.737212208321930185e-01
5.410001082167872344e-01 -4.896500425390114764e+00 -1.816912367522268978e-01
5.420001084168183381e-01 -4.909935463825041424e+00 -1.896767411945579074e-01
5.430001086168493307e-01 -4.922720843519520884e+00 -1.976767412098919818e-01
5.440001088168803234e-01 -4.934843000010473268e+00 -2.056902267247905092e-01
5.450001090169114271e-01 -4.946288259651689501e+00 -2.137161704483903635e-01
5.460001092169424197e-01 -4.957042840964861696e+00 -2.217535277814682015e-01
5.470001094169734124e-01 -4.967092856059863948e+00 -2.298012367279377022e-01
5.480001096170045161e-01 -4.976424312125633520e+00 -2.378582178088460564e-01
5.490001098170355087e-01 -4.985023112993254735e+00 -2.459233739789650486e-01
5.500001100170665014e-01 -4.992875060772667517e+00 -2.539955905460706265e-01
5.510001102170976051e-01 -4.999965857564543370e+00 -2.620737350929807641e-01
5.520001104171285977e-01 -5.006281107248889306e+00 -2.701566574024523715e-01
5.530001106171595904e-01 -5.011806317351895856e+00 -2.782431893849124371e-01
5.540001108171906941e-01 -5.016526900992608340e+00 -2.863321450086791509e-01
5.550001110172216867e-01 -5.020428178911021000e+00 -2.944223202350951807e-01
5.560001112172526794e-01 -5.023495381579298424e+00 -3.025124929554605102e-01
5.570001114172837831e-01 -5.025713651397599513e+00 -3.106014229314769670e-01
5.580001116173147757e-01 -5.027068044976227057e+00 -3.186878517392298105e-01
5.590001118173457684e-01 -5.027543535505773598e+00 -3.267705027167038812e-01
5.600001120173768721e-01 -5.027125015216900472e+00 -3.348480809149140258e-01
5.610001122174078647e-01 -5.025797297931489993e+00 -3.429192730527649280e-01
5.620001124174388574e-01 -5.023545121706870731e+00 -3.509827474757544752e-01
5.630001126174698500e-01 -5.020353151574857620e+00 -3.590371541186048177e-01
5.640001128175009537e-01 -5.016205982377322847e+00 -3.670811244719484057e-01
5.650001130175319464e-01 -5.011088141700143161e+00 -3.751132715531667050e-01
5.660001132175629390e-01 -5.004984092907188042e+00 -3.831321898815044369e-01
5.670001134175940427e-01 -4.997878238276292961e+00 -3.911364554575598729e-01
5.680001136176250354e-01 -4.989754922238910595e+00 -3.991246257470777437e-01
5.690001138176560280e-01 -4.980598434725301615e+00 -4.070952396686064456e-01
5.700001140176871317e-01 -4.970393014617198624e+00 -4.150468175884936550e-01
5.710001142177181244e-01 -4.959122853309712475e+00 -4.229778613185511404e-01
5.720001144177491170e-01 -4.946772098384401239e+00 -4.308868541190339352e-01
5.730001146177802207e-01 -4.933324857395378515e+00 -4.387722607068607616e-01
5.740001148178112134e-01 -4.918765201770407991e+00 -4.466325272690491177e-01
5.750001150178422060e-01 -4.903077170828831655e+00 -4.544660814815059680e-01
5.760001152178733097e-01 -4.886244775918365590e+00 -4.622713325332785117e-01
5.770001154179043024e-01 -4.868252004672658728e+00 -4.700466711564053601e-01
5.780001156179352950e-01 -4.849082825391569429e+00 -4.777904696615107860e-01
5.790001158179663987e-01 -4.828721191546169855e+00 -4.855010819792532906e-01
5.800001160179975024e-01 -4.807151046410488959e+00 -4.931768437077770351e-01
5.810001162180286061e-01 -4.784356327821903676e+00 -5.008160721663026393e-01
5.820001164180595987e-01 -4.760320973072324158e+00 -5.084170664549925167e-01
5.830001166180907024e-01 -4.735028923932055989e+00 -5.159781075211131718e-01
5.840001168181218061e-01 -4.708464131808541175e+00 -5.234974582313309810e-01
5.850001170181529098e-01 -4.680610563041851968e+00 -5.309733634522328938e-01
5.860001172181840134e-01 -4.651452204339120655e+00 -5.384040501363919207e-01
5.870001174182151171e-01 -4.620973068349884194e+00 -5.457877274156450742e-01
5.880001176182462208e-01 -4.589157199384485963e+00 -5.531225867016011932e-01
5.890001178182773245e-01 -4.555988679277553466e+00 -5.604068017934367152e-01
5.900001180183084282e-01 -4.521451633398708481e+00 -5.676385289931318301e-01
5.910001182183395319e-01 -4.485530236812522276e+00 -5.748159072283134385e-01
5.920001184183706355e-01 -4.448208720589862608e+00 -5.819370581828363642e-01
5.930001186184016282e-01 -4.409471378272767694e+00 -5.890000864352863408e-01
5.940001188184327319e-01 -4.369302572494834891e+00 -5.960030796055465485e-01
5.950001190184638356e-01 -4.327686741759416478e+00 -6.029441085095914588e-01
5.960001192184949392e-01 -4.284608407377536565e+00 -6.098212273226757407e-01
5.970001194185260429e-01 -4.240052180567809970e+00 -6.166324737510798792e-01
5.980001196185571466e-01 -4.194002769720365897e+00 -6.233758692124534706e-01
5.990001198185882503e-01 -4.146444987826970241e+00 -6.300494190247002413e-01
6.000001200186193540e-01 -4.097363760079406170e+00 -6.366511126052826208e-01
6.010001202186504576e-01 -4.046744131638209119e+00 -6.431789236785573349e-01
6.020001204186815613e-01 -3.994571275573917113e+00 -6.496308104927328575e-01
6.030001206187125540e-01 -3.940830500982875684e+00 -6.560047160464731464e-01
6.040001208187436577e-01 -3.885507261279744551e+00 -6.622985683252502476e-01
6.050001210187747613e-01 -3.828587162668791954e+00 -6.685102805476151877e-01
6.060001212188058650e-01 -3.770055972796004795e+00 -6.746377514215827764e-01
6.070001214188369687e-01 -3.709899629584127112e+00 -6.806788654112938541e-01
6.080001216188680724e-01 -3.648104250252668379e+00 -6.866314930141417250e-01
6.090001218188991761e-01 -3.584656140524946633e+00 -6.924934910485511796e-01
6.100001220189302797e-01 -3.519541804024151510e+00 -6.982627029525823037e-01
6.110001222189613834e-01 -3.452747951860505982e+00 -7.039369590935589116e-01
6.120001224189924871e-01 -3.384261512411463002e+00 -7.095140770888951343e-01
6.130001226190235908e-01 -3.314069641296971902e+00 -7.149918621382691519e-01
6.140001228190545834e-01 -3.242159731551752966e+00 -7.203681073672317803e-01
6.150001230190856871e-01 -3.168519423996484896e+00 -7.256405941831670647e-01
6.160001232191167908e-01 -3.093136617809886690e+00 -7.308070926426981639e-01
6.170001234191478945e-01 -3.015999481303468510e+00 -7.358653618313613087e-01
6.180001236191789982e-01 -2.937096462900949945e+00 -7.408131502556584147e-01
6.190001238192101018e-01 -2.856416302324080281e+00 -7.456481962476568803e-01
6.200001240192412055e-01 -2.773948041986701973e+00 -7.503682283823361887e-01
6.210001242192723092e-01 -2.689681038598805252e+00 -7.549709659078779334e-01
6.220001244193034129e-01 -2.603604974982318687e+00 -7.594541191890965548e-01
6.230001246193345166e-01 -2.515709872100312605e+00 -7.638153901642127375e-01
6.240001248193656203e-01 -2.425986101301274012e+00 -7.680524728151676417e-01
6.250001250193966129e-01 -2.334424396780073518e+00 -7.721630536516801424e-01
6.260001252194277166e-01 -2.241015868257131061e+00 -7.761448122092514668e-01
6.270001254194588203e-01 -2.145752013877431974e+00 -7.799954215613141839e-01
6.280001256194899240e-01 -2.048624733330685288e+00 -7.837125488457327149e-01
6.290001258195210276e-01 -1.949626341194192980e+00 -7.872938558058489855e-01
6.300001260195521313e-01 -1.848749580499686518e+00 -7.907369993463225777e-01
6.310001262195832350e-01 -1.745987636525458520e+00 -7.940396321039014937e-01
6.320001264196143387e-01 -1.641334150815035198e+00 -7.971994030333767745e-01
6.330001266196454424e-01 -1.534783235423571091e+00 -8.002139580089047133e-01
6.340001268196765460e-01 -1.426329487393062756e+00 -8.030809404409171570e-01
6.350001270197076497e-01 -1.315968003457425706e+00 -8.057979919088164023e-01
6.360001272197386424e-01 -1.203694394978402471e+00 -8.083627528096583026e-01
6.370001274197697461e-01 -1.089504803113118037e+00 -8.107728630230419675e-01
6.380001276198008497e-01 -9.733959142142747378e-01 -8.130259625923961231e-01
6.390001278198319534e-01 -8.553649754634577995e-01 -8.151196924228786278e-01
6.400001280198630571e-01 -7.354098107383743033e-01 -8.170516949960900943e-01
6.410001282198941608e-01 -6.135288367144836608e-01 -8.188196151018056756e-01
6.420001284199252645e-01 -4.897210792014974334e-01 -8.204211005869298523e-01
6.430001286199563681e-01 -3.639861897150759029e-01 -8.218538031219261297e-01
6.440001288199874718e-01 -2.363244622839891229e-01 -8.231153789849658953e-01
6.450001290200185755e-01 -1.067368504928533912e-01 -8.242034898634723605e-01
6.460001292200496792e-01 2.477501523953298465e-02 -8.251158036741043089e-01
6.470001294200806718e-01 1.582088101463161867e-01 -8.258499954008811095e-01
6.480001296201117755e-01 2.935614973634858016e-01 -8.264037479517192253e-01
6.490001298201428792e-01 4.308293099456626529e-01 -8.267747530335932682e-01
6.500001300201739829e-01 5.700077326475453399e-01 -8.269607120465184424e-01
6.510001302202050866e-01 7.110914834713945032e-01 -8.269593369965508867e-01
6.520001304202361903e-01 8.540744949813955378e-01 -8.267683514279893231e-01
6.530001306202672939e-01 9.989498953857796071e-01 -8.263854913749804076e-01
6.540001308202983976e-01 1.145709989387738714e+00 -8.258085063327037512e-01
6.550001310203295013e-01 1.294346238806348470e+00 -8.250351602483271263e-01
6.560001312203606050e-01 1.444849242968850422e+00 -8.240632325319147133e-01
6.570001314203915976e-01 1.597208718875821720e+00 -8.228905190874714615e-01
6.580001316204227013e-01 1.751413481141048667e+00 -8.215148333644481937e-01
6.590001318204538050e-01 1.907451421707691441e+00 -8.199340074299636960e-01
6.600001320204849087e-01 2.065309489343229110e+00 -8.181458930603343616e-01
6.610001322205160124e-01 2.224973668915136926e+00 -8.161483628547808733e-01
6.620001324205471160e-01 2.386428960449890280e+00 -8.139393113697933613e-01
6.630001326205782197e-01 2.549659357977970942e+00 -8.115166562745802503e-01
6.640001328206093234e-01 2.714647828167727095e+00 -8.088783395278273947e-01
6.650001330206404271e-01 2.881376288751244186e+00 -8.060223285759121614e-01
6.660001332206715308e-01 3.049825586745530170e+00 -8.029466175727194566e-01
6.670001334207026344e-01 3.219975476472618059e+00 -7.996492286212070200e-01
6.680001336207336271e-01 3.391804597382367614e+00 -7.961282130368531051e-01
6.690001338207647308e-01 3.565290451682179285e+00 -7.923816526331254328e-01
6.700001340207958345e-01 3.740409381777631825e+00 -7.884076610290911002e-01
6.710001342208269381e-01 3.917136547529075141e+00 -7.842043849792957877e-01
6.720001344208580418e-01 4.095445903328732484e+00 -7.797700057260219531e-01
6.730001346208891455e-01 4.275310175003592228e+00 -7.751027403740433641e-01
6.740001348209202492e-01 4.456700836549590150e+00 -7.702008432879683397e-01
6.750001350209513529e-01 4.639588086702751468e+00 -7.650626075122772818e-01
6.760001352209824566e-01 4.823940825353478346e+00 -7.596863662141395412e-01
6.770001354210135602e-01 5.009726629810285381e+00 -7.540704941490847801e-01
6.780001356210446639e-01 5.196911730919829608e+00 -7.482134091496205341e-01
6.790001358210756566e-01 5.385460989050217862e+00 -7.421135736386100801e-01
6.800001360211067603e-01 5.575337869945220071e+00 -7.357694961630503183e-01
6.810001362211378639e-01 5.766504420456788793e+00 -7.291797329492941682e-01
6.820001364211689676e-01 5.958921244164497644e+00 -7.223428894857453209e-01
6.830001366212000713e-01 6.152547476890214639e+00 -7.152576221269586476e-01
6.840001368212311750e-01 6.347340762117099189e+00 -7.079226397209326116e-01
6.850001370212622787e-01 6.543257226322227282e+00 -7.003367052596023434e-01
6.860001372212933823e-01 6.740251454232698336e+00 -6.924986375525412630e-01
6.870001374213244860e-01 6.938276464015433298e+00 -6.844073129238432696e-01
6.880001376213555897e-01 7.137283682411367458e+00 -6.760616669321819483e-01
6.890001378213866934e-01 7.337222919825208578e+00 -6.674606961139959438e-01
6.900001380214176860e-01 7.538042345382267584e+00 -6.586034597497570919e-01
6.910001382214487897e-01 7.739688461964796318e+00 -6.494890816532606914e-01
6.920001384214798934e-01 7.942106081239902693e+00 -6.401167519838714126e-01
6.930001386215109971e-01 8.145238298692808243e+00 -6.304857290816222593e-01
6.940001388215421008e-01 8.349026468678657054e+00 -6.205953413250751005e-01
6.950001390215732044e-01 8.553410179507320521e+00 -6.104449890118286426e-01
6.960001392216043081e-01 8.758327228575899071e+00 -6.000341462615297328e-01
6.970001394216354118e-01 8.963713597564280988e+00 -5.893623629412548803e-01
6.980001396216665155e-01 9.169503427709820187e+00 -5.784292666130881333e-01
6.990001398216976192e-01 9.375628995177509140e+00 -5.672345645038926465e-01
7.000001400217287229e-01 9.582020686543252452e+00 -5.557780454993586083e-01
7.010001402217597155e-01 9.788606974407647598e+00 -5.440595821529753406e-01
7.020001404217908192e-01 9.995314393158823307e+00 -5.320791327208667099e-01
7.030001406218219229e-01 1.020206751490351849e+01 -5.198367432181780767e-01
7.040001408218530266e-01 1.040878892558669300e+01 -5.073325494954226134e-01
7.050001410218841302e-01 1.061539920131986570e+01 -4.945667793353741848e-01
7.060001412219152339e-01 1.082181688493979443e+01 -4.815397545701953774e-01
7.070001414219463376e-01 1.102795846281943604e+01 -4.682518932184573379e-01
7.080001416219774413e-01 1.123373834195422383e+01 -4.547037116416925984e-01
7.090001418220085450e-01 1.143906882734729535e+01 -4.408958267201011916e-01
7.100001420220396486e-01 1.164386009971821423e+01 -4.268289580469968869e-01
7.110001422220706413e-01 1.184802019356053293e+01 -4.125039301415706627e-01
7.120001424221017450e-01 1.205145497557460743e+01 -3.979216746794988491e-01
7.130001426221328487e-01 1.225406812350239427e+01 -3.830832327409394167e-01
7.140001428221639523e-01 1.245576110539282588e+01 -3.679897570753707936e-01
7.150001430221950560e-01 1.265643315932629243e+01 -3.526425143827650044e-01
7.160001432222261597e-01 1.285598127362845489e+01 -3.370428876105112659e-01
7.170001434222572634e-01 1.305430016760421275e+01 -3.211923782654983461e-01
7.180001436222883671e-01 1.325128227282382554e+01 -3.050926087407285769e-01
7.190001438223194707e-01 1.344681771499417877e+01 -2.887453246558064346e-01
7.200001440223505744e-01 1.364079429644931452e+01 -2.721523972110559408e-01
7.210001442223816781e-01 1.383309747929563294e+01 -2.553158255544391020e-01
7.220001444224126708e-01 1.402361036924745363e+01 -2.382377391568388514e-01
7.230001446224437744e-01 1.421221370019057950e+01 -2.209204002019158342e-01
7.240001448224748781e-01 1.439878581951263037e+01 -2.033662059850403214e-01
7.250001450225059818e-01 1.458320267424015704e+01 -1.855776913212828505e-01
7.260001452225370855e-01 1.476533779802336177e+01 -1.675575309617144404e-01
7.270001454225681892e-01 1.494506229901085881e+01 -1.493085420170622013e-01
7.280001456225992928e-01 1.512224484865818397e+01 -1.308336863877352374e-01
7.290001458226303965e-01 1.529675167151505555e+01 -1.121360731991926235e-01
7.300001460226615002e-01 1.546844653603770503e+01 -9.321896124158592090e-02
7.310001462226926039e-01 1.563719074647421259e+01 -7.408576141255938940e-02
7.320001464227237076e-01 1.580284313587196898e+01 -5.474003916204971121e-02
7.330001466227547002e-01 1.596526006025803213e+01 -3.518551693788162654e-02
7.340001468227858039e-01 1.612429539404477907e+01 -1.542607663089099954e-02
7.350001470228169076e-01 1.627980052671427558e+01 4.534237981693695074e-03
7.360001472228480113e-01 1.643162436083720834e+01 2.469121879600924552e-02
7.370001474228791150e-01 1.657961331148318607e+01 4.504049094582777274e-02
7.380001476229102186e-01 1.672361130708106458e+01 6.557751037281085715e-02
7.390001478229413223e-01 1.686345979178993559e+01 8.629756140425852429e-02
7.400001480229724260e-01 1.699899772944273479e+01 1.071957543399239127e-01
7.410001482230035297e-01 1.713006160912680187e+01 1.282670230499551867e-01
7.420001484230346334e-01 1.725648545246695775e+01 1.495061225847870989e-01
7.430001486230657370e-01 1.737810082267874989e+01 1.709076267985406572e-01
7.440001488230967297e-01 1.749473683546141345e+01 1.924659259893333751e-01
7.450001490231278334e-01 1.760622017180273957e+01 2.141752245570820445e-01
7.460001492231589371e-01 1.771237509276904021e+01 2.360295386810338791e-01
7.470001494231900407e-01 1.781302345635629081e+01 2.580226940190845086e-01
7.480001496232211444e-01 1.790798473648016298e+01 2.801483234309221082e-01
7.490001498232522481e-01 1.799707604418508566e+01 3.023998647271603502e-01
7.500001500232833518e-01 1.808011215115457659e+01 3.247705584466790696e-01
7.510001502233144555e-01 1.815690551560761534e+01 3.472534456644686407e-01
7.520001504233455591e-01 1.822726631066779390e+01 3.698413658323473907e-01
7.530001506233766628e-01 1.829100245529470570e+01 3.925269546550087529e-01
7.540001508234076555e-01 1.834791964786942131e+01 4.153026420039243050e-01
7.550001510234387592e-01 1.839782140252827247e+01 4.381606498717279807e-01
7.560001512234698628e-01 1.844050908834183033e+01 4.610929903697546517e-01
7.570001514235009665e-01 1.847578197143873879e+01 4.840914637715595936e-01
7.580001516235320702e-01 1.850343726017645452e+01 5.071476566052584012e-01
7.590001518235631739e-01 1.852327015346406469e+01 5.302529397976782910e-01
7.600001520235942776e-01 1.853507389234479419e+01 5.533984668733653578e-01
7.610001522236253813e-01 1.853863981494912139e+01 5.765751722118253042e-01
7.620001524236564849e-01 1.853375741493204032e+01 5.997737693686761018e-01
7.630001526236875886e-01 1.852021440351120063e+01 6.229847494545819320e-01
7.640001528237186923e-01 1.849779677522566246e+01 6.461983795867130009e-01
7.650001530237496850e-01 1.846628887753820081e+01 6.694047014123084560e-01
7.660001532237807886e-01 1.842547348440760402e+01 6.925935297067615792e-01
7.670001534238118923e-01 1.837513187396027448e+01 7.157544510508093705e-01
7.680001536238429960e-01 1.831504391039420554e+01 7.388768225907635934e-01
7.690001538238740997e-01 1.824498813025162036e+01 7.619497708857847496e-01
7.700001540239052034e-01 1.816474183320039870e+01 7.849621908463311204e-01
7.710001542239363070e-01 1.807408117746770415e+01 8.079027447680494634e-01
7.720001544239674107e-01 1.797278128007332043e+01 8.307598614654988500e-01
7.730001546239985144e-01 1.786061632201371907e+01 8.535217355102054926e-01
7.740001548240296181e-01 1.773735965855197350e+01 8.761763265777114951e-01
7.750001550240607218e-01 1.760278393477234715e+01 8.987113589083859377e-01
7.760001552240917144e-01 1.745666120656302667e+01 9.211143208869249088e-01
7.770001554241228181e-01 1.729876306719365786e+01 9.433724647456062096e-01
7.780001556241539218e-01 1.712886077965990950e+01 9.654728063964749252e-01
7.790001558241850255e-01 1.694672541497037344e+01 9.874021253978575441e-01
7.800001560242161291e-01 1.675212799655632878e+01 1.009146965060678136e+00
7.810001562242472328e-01 1.654483965098936693e+01 1.030693632700244722e+00
7.820001564242783365e-01 1.632463176519619807e+01 1.052028200040827866e+00
7.830001566243094402e-01 1.609127615036495484e+01 1.073136503778878481e+00
7.840001568243405439e-01 1.584454521274241401e+01 1.094004146299188962e+00
7.850001570243716476e-01 1.558421213152642437e+01 1.114616496571720905e+00
7.860001572244027512e-01 1.531005104406234629e+01 1.134958691221771954e+00
7.870001574244337439e-01 1.502183723855829456e+01 1.155015635782705941e+00
7.880001576244648476e-01 1.471934735453866061e+01 1.174772006138465663e+00
7.890001578244959513e-01 1.440235959126173526e+01 1.194212250162889344e+00
7.900001580245270549e-01 1.407065392433148432e+01 1.213320589563094964e+00
7.910001582245581586e-01 1.372401233074051774e+01 1.232081021934345655e+00
7.920001584245892623e-01 1.336221902258636263e+01 1.250477323034026478e+00
7.930001586246203660e-01 1.298506068970922556e+01 1.268493049282582108e+00
7.940001588246514697e-01 1.259232675150571445e+01 1.286111540499446981e+00
7.950001590246825733e-01 1.218380961817884689e+01 1.303315922882243960e+00
7.960001592247136770e-01 1.175930496169138273e+01 1.320089112237719853e+00
7.970001594247447807e-01 1.131861199669576479e+01 1.336413817473127930e+00
7.980001596247757734e-01 1.086153377172068346e+01 1.352272544356992068e+00
7.990001598248068770e-01 1.038787747090071889e+01 1.367647599558434068e+00
8.000001600248379807e-01 9.897454726543553960e+00 1.382521094974436204e+00
8.010001602248690844e-01 9.390081942834379802e+00 1.396874952354751676e+00
8.020001604249001881e-01 8.865580630986377386e+00 1.410690908234317309e+00
8.030001606249312918e-01 8.323777756151821805e+00 1.423950519187592745e+00
8.040001608249623954e-01 7.764506096417151504e+00 1.436635167404007651e+00
8.050001610249934991e-01 7.187604614213097598e+00 1.448726066600427576e+00
8.060001612250246028e-01 6.592918840478049880e+00 1.460204268291467544e+00
8.070001614250557065e-01 5.980301271920844819e+00 1.471050668417376528e+00
8.080001616250866991e-01 5.349611781737958260e+00 1.481246014344488993e+00
8.090001618251178028e-01 4.700718044147961905e+00 1.490770912250085178e+00
8.100001620251489065e-01 4.033495973115984512e+00 1.499605834903772417e+00
8.110001622251800102e-01 3.347830175647315887e+00 1.507731129857853958e+00
8.120001624252111139e-01 2.643614420040632407e+00 1.515127028059415792e+00
8.130001626252422176e-01 1.920752119499123056e+00 1.521773652897203455e+00
8.140001628252733212e-01 1.179156831507482073e+00 1.527651029696706964e+00
8.150001630253044249e-01 4.187527733923228634e-01 1.532739095677166929e+00
8.160001632253355286e-01 -3.605246455067289690e-01 1.537017710384598557e+00
8.170001634253666323e-01 -1.158728274618039178e+00 1.540466666615237346e+00
8.180001636253977360e-01 -1.975898655423642403e+00 1.543065701844218873e+00
8.190001638254287286e-01 -2.812063436791762516e+00 1.544794510174617219e+00
8.200001640254598323e-01 -3.667236771888263025e+00 1.545632754822379162e+00
8.210001642254909360e-01 -4.541418696186434900e+00 1.545560081153052545e+00
8.220001644255220397e-01 -5.434594486086655074e+00 1.544556130286601547e+00
8.230001646255531433e-01 -6.346733997642960645e+00 1.542600553287462484e+00
8.240001648255842470e-01 -7.277790984884563663e+00 1.539673025961124653e+00
8.250001650256153507e-01 -8.227702397206298812e+00 1.535753264256917605e+00
8.260001652256464544e-01 -9.196387655290541474e+00 1.530821040317554615e+00
8.270001654256775581e-01 -1.018374790501239069e+01 1.524856199184536631e+00
8.280001656257086617e-01 -1.118966524876617186e+01 1.517838676176611612e+00
8.290001658257397654e-01 -1.221400195363847629e+01 1.509748514962035548e+00
8.300001660257707581e-01 -1.325659963583983902e+01 1.500565886344356947e+00
8.310001662258018618e-01 -1.431727842079472168e+01 1.490271107781930171e+00
8.320001664258329654e-01 -1.539583607827328748e+01 1.478844663661856851e+00
8.330001666258640691e-01 -1.649204713193866567e+01 1.466267226349517561e+00
8.340001668258951728e-01 -1.760566194266501938e+01 1.452519678035399053e+00
8.350001670259262765e-01 -1.873640576496980614e+01 1.437583133401385993e+00
8.360001672259573802e-01 -1.988397777588786397e+01 1.421438963129279642e+00
8.370001674259884838e-01 -2.104805007559991736e+01 1.404068818274769814e+00
8.380001676260195875e-01 -2.222826665911274091e+01 1.385454655530687917e+00
8.390001678260506912e-01 -2.342424235827255075e+01 1.365578763403898721e+00
8.400001680260817949e-01 -2.463556175337674503e+01 1.344423789330781993e+00
8.410001682261127876e-01 -2.586177805363284321e+01 1.321972767756813383e+00
8.420001684261438912e-01 -2.710241194569769263e+01 1.298209149206365209e+00
8.430001686261749949e-01 -2.835695040950981749e+01 1.273116830369476871e+00
8.440001688262060986e-01 -2.962484550061539679e+01 1.246680185234292582e+00
8.450001690262372023e-01 -3.090551309816605752e+01 1.218884097292333157e+00
8.460001692262683060e-01 -3.219833161774928953e+01 1.189713992836209044e+00
8.470001694262994096e-01 -3.350264068819440411e+01 1.159155875397124502e+00
8.480001696263305133e-01 -3.481773979147926212e+01 1.127196361339765751e+00
8.490001698263616170e-01 -3.614288686484168522e+01 1.093822716647751214e+00
8.500001700263927207e-01 -3.747729686418074380e+01 1.059022894931269443e+00
8.510001702264238244e-01 -3.882014028781196657e+01 1.022785576688987508e+00
8.520001704264548170e-01 -4.017054165962135670e+01 9.851002098570333931e-01
8.530001706264859207e-01 -4.152757797064127487e+01 9.459570516785963390e-01
8.540001708265170244e-01 -4.289027707804823564e+01 9.053472119285347341e-01
8.550001710265481281e-01 -4.425761606056541098e+01 8.632626975280042192e-01
8.560001712265792317e-01 -4.562851952922473231e+01 8.196964585850767815e-01
8.570001714266103354e-01 -4.700185789242494394e+01 7.746424358980352753e-01
8.580001716266414391e-01 -4.837644557419590541e+01 7.280956099588916652e-01
8.590001718266725428e-01 -4.975103918455840102e+01 6.800520514955240570e-01
8.600001720267036465e-01 -5.112433564084159343e+01 6.305089735916739047e-01
8.610001722267347501e-01 -5.249497023879819579e+01 5.794647854249563856e-01
8.620001724267657428e-01 -5.386151467233044343e+01 5.269191476639082383e-01
8.630001726267968465e-01 -5.522247500061584446e+01 4.728730295660092953e-01
8.640001728268279502e-01 -5.657628956139275545e+01 4.173287678196461736e-01
8.650001730268590538e-01 -5.792132682914306940e+01 3.602901271737511402e-01
8.660001732268901575e-01 -5.925588321687920512e+01 3.017623629009476005e-01
8.670001734269212612e-01 -6.057818082021517370e+01 2.417522851372509995e-01
8.680001736269523649e-01 -6.188636510237245147e+01 1.802683251465480307e-01
8.690001738269834686e-01 -6.317850251874325096e+01 1.173206035605816738e-01
8.700001740270145723e-01 -6.445257807960594221e+01 5.292100063984385427e-02
8.710001742270456759e-01 -6.570649284955455016e+01 -1.291677139350024678e-02
8.720001744270767796e-01 -6.693806138217415480e+01 -8.017709389954068289e-02
8.730001746271077723e-01 -6.814500908846351024e+01 -1.488423651891549182e-01
8.740001748271388760e-01 -6.932496953747407531e+01 -2.188929216638054731e-01
8.750001750271699796e-01 -7.047548168759927023e+01 -2.903069566719317929e-01
8.760001752272010833e-01 -7.159398704692007698e+01 -3.630604370263376124e-01
8.770001754272321870e-01 -7.267782676097306194e+01 -4.371270171254947878e-01
8.780001756272632907e-01 -7.372423862627650237e+01 -5.124779506205937585e-01
8.790001758272943944e-01 -7.473035402791272475e+01 -5.890819995688587607e-01
8.800001760273254980e-01 -7.569319479942940632e+01 -6.669053410123527703e-01
8.810001762273566017e-01 -7.660967000328663801e+01 -7.459114709201886129e-01
8.820001764273877054e-01 -7.747657263003702610e+01 -8.260611054306936651e-01
8.830001766274188091e-01 -7.829057621438980163e+01 -9.073120793287439145e-01
8.840001768274498017e-01 -7.904823136627022961e+01 -9.896192416920226442e-01
8.850001770274809054e-01 -7.974596221494547876e+01 -1.072934348638640234e+00
8.860001772275120091e-01 -8.038006276424702889e+01 -1.157205953106872576e+00
8.870001774275431128e-01 -8.094669315688094002e+01 -1.242379291596706681e+00
8.880001776275742165e-01 -8.144187584577177574e+01 -1.328396167803965744e+00
8.890001778276053201e-01 -8.186149167034434981e+01 -1.415194833063808444e+00
8.900001780276364238e-01 -8.220127583560449125e+01 -1.502709863537479595e+00
8.910001782276675275e-01 -8.245681379183291426e+01 -1.590872034065100138e+00
8.920001784276986312e-01 -8.262353701266360417e+01 -1.679608188602522922e+00
8.930001786277297349e-01 -8.269671866926925929e+01 -1.768841107163434900e+00
8.940001788277608386e-01 -8.267146919832956087e+01 -1.858489369184875839e+00
8.950001790277918312e-01 -8.254273176141008150e+01 -1.948467213232581319e+00
8.960001792278229349e-01 -8.230527759332984772e+01 -2.038684392960837144e+00
8.970001794278540386e-01 -8.195370123704469734e+01 -2.129046029239558546e+00
8.980001796278851423e-01 -8.148241566252387713e+01 -2.219452458359743918e+00
8.990001798279162459e-01 -8.088564726704335328e+01 -2.309799076226316306e+00
9.000001800279473496e-01 -8.015743075426608755e+01 -2.399976178445549557e+00
9.010001802279784533e-01 -7.929160388942703719e+01 -2.489868796212340474e+00
9.020001804280095570e-01 -7.828180212788215897e+01 -2.579356527900561247e+00
9.030001806280406607e-01 -7.712145311422685268e+01 -2.668313366257693886e+00
9.040001808280717643e-01 -7.580377104912972186e+01 -2.756607521102878433e+00
9.050001810281027570e-01 -7.432175092097021718e+01 -2.844101237425410655e+00
9.060001812281338607e-01 -7.266816259930658362e+01 -2.930650608778579524e+00
9.070001814281649644e-01 -7.083554478714378888e+01 -3.016105385861402421e+00
9.080001816281960680e-01 -6.881619882890247197e+01 -3.100308780178842039e+00
9.090001818282271717e-01 -6.660218237093181415e+01 -3.183097262669738470e+00
9.100001820282582754e-01 -6.418530287134308310e+01 -3.264300357194028113e+00
9.110001822282893791e-01 -6.155711095587239612e+01 -3.343740428733601444e+00
9.120001824283204828e-01 -5.870889361641721393e+01 -3.421232466227689173e+00
9.130001826283515864e-01 -5.563166724881905623e+01 -3.496583859901824187e+00
9.140001828283826901e-01 -5.231617052639840182e+01 -3.569594172966457091e+00
9.150001830284137938e-01 -4.875285710567364106e+01 -3.640054907560468678e+00
9.160001832284447865e-01 -4.493188816062610158e+01 -3.707749264810435097e+00
9.170001834284758901e-01 -4.084312474179314734e+01 -3.772451898873861342e+00
9.180001836285069938e-01 -3.647611995640853877e+01 -3.833928664831804944e+00
9.190001838285380975e-01 -3.182011096571373798e+01 -3.891936360293681396e+00
9.200001840285692012e-01 -2.686401079550239146e+01 -3.946222460574072777e+00
9.210001842286003049e-01 -2.159639995587109240e+01 -3.996524847298587257e+00
9.220001844286314086e-01 -1.600551786607003280e+01 -4.042571530292828008e+00
9.230001846286625122e-01 -1.007925408026466130e+01 -4.084080362605568837e+00
9.240001848286936159e-01 -3.805139309934163272e+00 -4.120758748514165681e+00
9.250001850287247196e-01 2.829663761453543369e+00 -4.152303344357188841e+00
9.260001852287558233e-01 9.838369875938694165e+00 -4.178399752035963921e+00
9.270001854287868159e-01 1.723458081527554597e+01 -4.198722205023668330e+00
9.280001856288179196e-01 2.503229523648175814e+01 -4.212933246717163627e+00
9.290001858288490233e-01 3.324591873344156312e+01 -4.220683400963497256e+00
9.300001860288801270e-01 4.189027412939644535e+01 -4.221610834589609063e+00
9.310001862289112307e-01 5.098061200522550962e+01 -4.215341011762937740e+00
9.320001864289423343e-01 6.053262146853220571e+01 -4.201486340002964504e+00
9.330001866289734380e-01 7.056244116865170213e+01 -4.179645807643412425e+00
9.340001868290045417e-01 8.108667056279574581e+01 -4.149404612594784325e+00
9.350001870290356454e-01 9.212238143865326379e+01 -4.110333782193686503e+00
9.360001872290667491e-01 1.036871296988739886e+02 -4.061989783950266997e+00
9.370001874290978527e-01 1.157989674129706543e+02 -4.003914126997026202e+00
9.380001876291288454e-01 1.284764551422833279e+02 -3.935632954037755038e+00
9.390001878291599491e-01 1.417386745437734987e+02 -3.856656623591153021e+00
9.400001880291910528e-01 1.556052412584990350e+02 -3.766479282319832755e+00
9.410001882292221564e-01 1.700963180907879462e+02 -3.664578427230891222e+00
9.420001884292532601e-01 1.852326284842002337e+02 -3.550414457530241208e+00
9.430001886292843638e-01 2.010354703005146462e+02 -3.423430215908293217e+00
9.440001888293154675e-01 2.175267299080953762e+02 -3.283050519030320302e+00
9.450001890293465712e-01 2.347288965861179975e+02 -3.128681677000171302e+00
9.460001892293776748e-01 2.526650772512622325e+02 -2.959711001561455390e+00
9.470001894294087785e-01 2.713590115136150871e+02 -2.775506302795585523e+00
9.480001896294398822e-01 2.908350870686521716e+02 -2.575415374071299279e+00
9.490001898294708749e-01 3.111183554323090448e+02 -2.358765464995380423e+00
9.500001900295019786e-01 3.322345480263000468e+02 -2.124862742109216107e+00
9.510001902295330822e-01 3.542100926209421914e+02 -1.872991737071200591e+00
9.520001904295641859e-01 3.770721301429592813e+02 -1.602414782059022658e+00
9.530001906295952896e-01 4.008485318558044241e+02 -1.312371432123093484e+00
9.540001908296263933e-01 4.255679169202376215e+02 -1.002077874209783781e+00
9.550001910296574970e-01 4.512596703430689900e+02 -6.707263225757936764e-01
9.560001912296886006e-01 4.779539613220882188e+02 -3.174844003113359014e-01
9.570001914297197043e-01 5.056817619953588405e+02 5.850549332693138344e-02
9.580001916297508080e-01 5.344748666032398887e+02 4.581268300698083662e-01
9.590001918297818007e-01 5.643659110716488385e+02 8.822896145806921053e-01
9.600001920298129043e-01 5.953883930252715118e+02 1.331931061502684699e+00
9.610001922298440080e-01 6.275766922395227994e+02 1.808016287923513543e+00
9.620001924298751117e-01 6.609660915403540002e+02 2.311539021581992870e+00
9.630001926299062154e-01 6.955927981610587949e+02 2.843522325144390184e+00
9.640001928299373191e-01 7.314939655654849275e+02 3.405019336886587755e+00
9.650001930299684227e-01 7.687077157472176623e+02 3.997114028124079788e+00
9.660001932299995264e-01 8.072731620144825229e+02 4.620921977738654540e+00
9.670001934300306301e-01 8.472304322707209394e+02 5.277591164157412251e+00
9.680001936300617338e-01 8.886206928009656849e+02 5.968302775146664629e+00
9.690001938300928375e-01 9.314861725743681973e+02 6.694272035790425512e+00
9.700001940301238301e-01 9.758701880733894996e+02 7.456749055030313933e+00
9.710001942301549338e-01 1.021817168660445077e+03 8.257019691151468166e+00
9.720001944301860375e-01 1.069372682492865806e+03 9.096406436605036561e+00
9.730001946302171412e-01 1.118583462997450169e+03 9.976269322568152020e+00
9.740001948302482448e-01 1.169497435915895949e+03 1.089800684364753280e+01
9.750001950302793485e-01 1.222163746932686308e+03 1.186305690315581352e+01
9.760001952303104522e-01 1.276632789897298153e+03 1.287289777934112323e+01
9.770001954303415559e-01 1.332956235652882924e+03 1.392904911304018256e+01
9.780001956303726596e-01 1.391187061483613434e+03 1.503307291719351646e+01
9.790001958304037633e-01 1.451379581193204103e+03 1.618657460865559372e+01
9.800001960304348669e-01 1.513589475827382330e+03 1.739120406276225950e+01
9.810001962304658596e-01 1.577873825053327437e+03 1.864865669112075608e+01
9.820001964304969633e-01 1.644291139209368339e+03 1.996067454309778810e+01
9.830001966305280670e-01 1.712901392038373160e+03 2.132904743148720783e+01
9.840001968305591706e-01 1.783766054118721513e+03 2.275561408285289033e+01
9.850001970305902743e-01 1.856948127006817231e+03 2.424226331304744164e+01
9.860001972306213780e-01 1.932512178105489966e+03 2.579093522841936448e+01
9.870001974306524817e-01 2.010524376272862810e+03 2.740362245323077772e+01
9.880001976306835854e-01 2.091052528186557083e+03 2.908237138381751308e+01
9.890001978307146890e-01 2.174166115478387383e+03 3.082928347003360159e+01
9.900001980307457927e-01 2.259936332654985563e+03 3.264651652453297004e+01
9.910001982307768964e-01 2.348436125820102006e+03 3.453628606045134575e+01
9.920001984308078891e-01 2.439740232214599018e+03 3.650086665806196606e+01
9.930001986308389927e-01 2.533925220590546360e+03 3.854259336099137556e+01
9.940001988308700964e-01 2.631069532435914880e+03 4.066386310258793912e+01
9.950001990309012001e-01 2.731253524066964019e+03 4.286713616305566887e+01
9.955001991309166964e-01 2.782511045295846543e+03 4.400031046247787003e+01
9.960001992309323038e-01 2.834559509608350254e+03 4.515493765796599490e+01
9.965001993309479111e-01 2.887409519375888522e+03 4.633134376889073991e+01
9.970001994309634075e-01 2.941071804868546678e+03 4.752985905880697004e+01
9.975001995309789038e-01 2.995557225675504924e+03 4.875081808451838583e+01
9.977501995809867630e-01 3.023112041158465217e+03 4.936981973355542408e+01
9.980001996309945111e-01 3.050876772144131792e+03 4.999455974615146658e+01
9.982501996810022593e-01 3.078852813094751127e+03 5.062508117167689647e+01
9.985001997310101185e-01 3.107041566828053419e+03 5.126142733730553402e+01
9.987501997810178667e-01 3.135444444561486307e+03 5.190364184961308780e+01
9.988751998060216852e-01 3.149726623241926518e+03 5.222696343961192866e+01
9.990001998310256148e-01 3.164062865958776001e+03 5.255176859615261264e+01
9.991001798479230978e-01 3.175568600921964389e+03 5.281263231814977388e+01
9.992001598648205807e-01 3.187109129123267849e+03 5.307445151832772012e+01
9.993001398817178416e-01 3.198684542510790834e+03 5.333722904187249725e+01
9.994001198986153245e-01 3.210294933252102965e+03 5.360096774127576680e+01
9.995000999155128074e-01 3.221940393734575082e+03 5.386567047634806471e+01
9.995500899239615489e-01 3.227776304060048005e+03 5.399838425295697419e+01
9.996000799324102903e-01 3.233621016565960872e+03 5.413134011423812098e+01
9.996500699408590318e-01 3.239474542862792987e+03 5.426453841973424375e+01
9.997000599493076622e-01 3.245336894574847065e+03 5.439797952944864790e+01
9.997500499577564037e-01 3.251208083340310168e+03 5.453166380384669054e+01
9.997750449619807744e-01 3.254146995258779498e+03 5.459859724057344010e+01
9.998000399662051452e-01 3.257088120811191857e+03 5.466559160385459393e+01
9.998250349704295159e-01 3.260031461456217585e+03 5.473264693887820442e+01
9.998500299746537756e-01 3.262977018653385585e+03 5.479976329086091624e+01
9.998750249788781463e-01 3.265924793863127888e+03 5.486694070504927367e+01
9.998875224809903317e-01 3.267399513679327356e+03 5.490055232461771340e+01
9.999000199831025171e-01 3.268874788546713717e+03 5.493417922671784481e+01
9.999100179847922876e-01 3.270055408200317288e+03 5.496109175562696691e+01
9.999200159864820581e-01 3.271236383297286920e+03 5.498801407188187795e+01
9.999300139881717175e-01 3.272417713931245999e+03 5.501494617838383760e+01
9.999400119898614880e-01 3.273599400195883845e+03 5.504188807803571137e+01
9.999500099915512585e-01 3.274781442184870230e+03 5.506883977374017292e+01
9.999550089923960883e-01 3.275372596605269337e+03 5.508231929601936372e+01
9.999600079932410290e-01 3.275963839991909026e+03 5.509580126840089775e+01
9.999650069940859698e-01 3.276555172356495405e+03 5.510928569124762078e+01
9.999700059949307995e-01 3.277146593710731850e+03 5.512277256492236432e+01
9.999750049957756293e-01 3.277738104066350388e+03 5.513626188978857101e+01
9.999775044961980441e-01 3.278033892623341217e+03 5.514300747153203019e+01
9.999800039966204590e-01 3.278329703435073043e+03 5.514975366620952713e+01
9.999825034970428739e-01 3.278625536503011062e+03 5.515650047386648680e+01
9.999850029974652887e-01 3.278921391828620472e+03 5.516324789454836264e+01
9.999875024978877036e-01 3.279217269413368285e+03 5.516999592830057253e+01
9.999887522480990221e-01 3.279365216553389473e+03 5.517337017509255759e+01
9.999900019983102295e-01 3.279513169258731978e+03 5.517674457516882569e+01
9.999910017984792177e-01 3.279631535430172335e+03 5.517944420559866359e+01
9.999920015986483168e-01 3.279749905163650055e+03 5.518214393413746421e+01
9.999930013988171940e-01 3.279868278459220164e+03 5.518484376078728104e+01
9.999940011989861821e-01 3.279986655317014538e+03 5.518754368555190126e+01
9.999950009991551703e-01 3.280105035737115941e+03 5.519024370843393257e+01
9.999955008992396088e-01 3.280164227283054061e+03 5.519159375666971101e+01
9.999960007993240474e-01 3.280223419719604863e+03 5.519294382943594002e+01
9.999965006994085970e-01 3.280282613046790175e+03 5.519429392673329460e+01
9.999970005994931466e-01 3.280341807264613180e+03 5.519564404856181028e+01
9.999975004995775851e-01 3.280401002373068877e+03 5.519699419492156522e+01
9.999977504496198044e-01 3.280430600261293421e+03 5.519766927730087502e+01
9.999980003996620237e-01 3.280460198372182276e+03 5.519834436581326287e+01
9.999982503497042430e-01 3.280489796705740446e+03 5.519901946045860797e+01
9.999985002997464623e-01 3.280519395261968839e+03 5.519969456123713769e+01
9.999987502497886815e-01 3.280548994040866091e+03 5.520036966814882362e+01
9.999988752248099022e-01 3.280563793513829296e+03 5.520070722390489237e+01
9.999990001998310118e-01 3.280578593042448119e+03 5.520104478119399971e+01
9.999991001798479440e-01 3.280590432705429066e+03 5.520131482812934109e+01
9.999992001598647651e-01 3.280602272404025825e+03 5.520158487604573594e+01
9.999993001398816972e-01 3.280614112138263863e+03 5.520185492494378821e+01
9.999994001198986293e-01 3.280625951908129082e+03 5.520212497482312131e+01
9.999995000999155614e-01 3.280637791713623756e+03 5.520239502568382051e+01
9.999995500899239165e-01 3.280643711629717018e+03 5.520253005148185110e+01
9.999996000799323825e-01 3.280649631554732423e+03 5.520266507752554475e+01
9.999996500699408486e-01 3.280655551488653145e+03 5.520280010381456037e+01
9.999997000599493147e-01 3.280661471431481459e+03 5.520293513034889088e+01
9.999997500499577807e-01 3.280667391383216454e+03 5.520307015712857890e+01
9.999997750449619582e-01 3.280670351362417932e+03 5.520313767061026766e+01
9.999998000399661358e-01 3.280673311343846308e+03 5.520320518415333311e+01
9.999998250349704243e-01 3.280676271327515224e+03 5.520327269775798129e+01
9.999998500299746018e-01 3.280679231313397395e+03 5.520334021142365089e+01
9.999998750249788904e-01 3.280682191301520106e+03 5.520340772515098138e+01
9.999998875224809236e-01 3.280683671296402736e+03 5.520344148203734846e+01
9.999999000199830679e-01 3.280685151291855163e+03 5.520347523893936170e+01
9.999999143028426296e-01 3.280686842715907915e+03 5.520351381827462234e+01
9.999999285857021913e-01 3.280688534140686443e+03 5.520355239762987765e+01
9.999999428685617531e-01 3.280690225566193476e+03 5.520359097700519868e+01
9.999999571514213148e-01 3.280691916992427196e+03 5.520362955640052860e+01
9.999999714342808765e-01 3.280693608419388056e+03 5.520366813581591714e+01
9.999999857171404383e-01 3.280695299847074239e+03 5.520370671525130035e+01
1.000000000000000000e+00 3.280696991275490745e+03 5.520374529470672087e+01
