# -8 3 0.908556573891 0.00319115767185
# x xi_r xi_h
0.000000000000000000e+00 0.000000000000000000e+00 0.000000000000000000e+00
1.000000200031036027e-03 1.284833561123823083e-02 4.281877141223574407e-03
1.062500212532975019e-03 1.450381460151871187e-02 4.833456156546924593e-03
1.125000225034915096e-03 1.625943808758598813e-02 5.418368975862126145e-03
1.187500237536854956e-03 1.811517298551875918e-02 6.036598804108480112e-03
1.250000250038795033e-03 2.007098432474976532e-02 6.688127889299765212e-03
1.312500262540734026e-03 2.212683524878937547e-02 7.372937522985364631e-03
1.375000275042674103e-03 2.428268701597178364e-02 8.091008040743054991e-03
1.500000300046552956e-03 2.889422869190665447e-02 9.626848294086675500e-03
1.625000325050432893e-03 3.390526174603169379e-02 1.129547223504562097e-02
1.750000350054311963e-03 3.931540846229381742e-02 1.309668819004646684e-02
1.875000375058191900e-03 4.512426104513864167e-02 1.503028924681914548e-02
2.000000400062071186e-03 5.133138165196140384e-02 1.709605327666466681e-02
2.100000420065174789e-03 5.658351772575855032e-02 1.884366288215334750e-02
2.200000440068277958e-03 6.208999314007457998e-02 2.067557672476636257e-02
2.400000480074486030e-03 7.386488731412226005e-02 2.459177215532351579e-02
2.600000520080692802e-03 8.665379241392140441e-02 2.884348776504475076e-02
2.800000560086900007e-03 1.004542411613879999e-01 3.342947298382346194e-02
3.000000600093107213e-03 1.152635712673842489e-01 3.834837881995658421e-02
3.250000650100865786e-03 1.351896027509405240e-01 4.496296694181435571e-02
3.500000700108624793e-03 1.566815280251602494e-01 5.209243465563152820e-02
3.750000750116383799e-03 1.797328702327571082e-01 5.973350418364906100e-02
4.000000800124142372e-03 2.043366831820585261e-01 6.788266208162882509e-02
4.333334200134488293e-03 2.395438414960587570e-01 7.953205479567976299e-02
4.666667600144833346e-03 2.774788587107979709e-01 9.206850114371849247e-02
5.000001000155178399e-03 3.181214204772230270e-01 1.054817481661879663e-01
5.333334400165524319e-03 3.614497659631559778e-01 1.197608232520674526e-01
5.666667800175869373e-03 4.074407002443076187e-01 1.348940425726116166e-01
6.000001200186214426e-03 4.560696074647985210e-01 1.508690199905073637e-01
6.500001300201731572e-03 5.339018615571126114e-01 1.763809855595838694e-01
7.000001400217249585e-03 6.175169933622147722e-01 2.037103091158794788e-01
7.500001500232767598e-03 7.068143916430998930e-01 2.328066057692848578e-01
8.000001600248286479e-03 8.016866461308416181e-01 2.636162030713499749e-01
8.500001700263805360e-03 9.020196843855371460e-01 2.960822334132545142e-01
9.000001800279322506e-03 1.007692917199976446e+00 3.301447323732981665e-01
9.500001900294839652e-03 1.118579392061840538e+00 3.657407417109996839e-01
1.000000200031036027e-02 1.234545954630104081e+00 4.028044182593560341e-01
1.050000210032587915e-02 1.355453417963465634e+00 4.412671469052950601e-01
1.100000220034138936e-02 1.481156739152441615e+00 4.810576590298110133e-01
1.200000240037243059e-02 1.746342614409284622e+00 5.643244306162740198e-01
1.300000260040345967e-02 2.028833279899726172e+00 6.519862746495038719e-01
1.400000280043449917e-02 2.327277213342533013e+00 7.433905471296067269e-01
1.500000300046552999e-02 2.640248486264309413e+00 8.378548953160798174e-01
1.600000320049656949e-02 2.966253934254857061e+00 9.346719321029761662e-01
1.700000340052760031e-02 3.303740642150553519e+00 1.033114075166898571e+00
1.800000360055864154e-02 3.651103702097916237e+00 1.132438514647762240e+00
1.900000380058967930e-02 4.006694201988782567e+00 1.231892278535219765e+00
2.000000400062071013e-02 4.368827400508894065e+00 1.330717356435527465e+00
2.100000420065175136e-02 4.735791042945505680e+00 1.428155845473728869e+00
2.200000440068278912e-02 5.105853772270953606e+00 1.523455084812326499e+00
2.300000460071381994e-02 5.477273590731687847e+00 1.615872744624108126e+00
2.400000480074486117e-02 5.848306326148264844e+00 1.704681830326058689e+00
2.500000500077589893e-02 6.217214057196352783e+00 1.789175570554033090e+00
2.600000520080694016e-02 6.582273453043485212e+00 1.868672154800849805e+00
2.700000540083797099e-02 6.941783983379378853e+00 1.942519289004015048e+00
2.800000560086900875e-02 7.294075955966608404e+00 2.010098538330237883e+00
2.900000580090004998e-02 7.637518340131954631e+00 2.070829428401198324e+00
3.000000600093108080e-02 7.970526336309451843e+00 2.124173278540913756e+00
3.100000620096211856e-02 8.291568653467351169e+00 2.169636741521936418e+00
3.200000640099315979e-02 8.599174458218440620e+00 2.206775027705548453e+00
3.300000660102418715e-02 8.891939961657026714e+00 2.235194793149086756e+00
3.400000680105522838e-02 9.168534612272747353e+00 2.254556673871078054e+00
3.500000700108626961e-02 9.427706865957553362e+00 2.264577451988563084e+00
3.600000720111729696e-02 9.668289506763503738e+00 2.265031840543930031e+00
3.700000740114833819e-02 9.889204494751623997e+00 2.255753877535592089e+00
3.800000760117937249e-02 1.008946732037084537e+01 2.236637923295913488e+00
3.900000780121040678e-02 1.026819084776517954e+01 2.207639256340996781e+00
4.000000800124144801e-02 1.042458863234739397e+01 2.168774266740565171e+00
4.100000820127248924e-02 1.055797770125938584e+01 2.120120249575155658e+00
4.200000840130351659e-02 1.066778078844715694e+01 2.061814802109181333e+00
4.300000860133455782e-02 1.075352801911324896e+01 1.994054831986127985e+00
4.400000880136559905e-02 1.081485804159056308e+01 1.917095187079772778e+00
4.500000900139663335e-02 1.085151860775314603e+01 1.831246918525001321e+00
4.600000920142766764e-02 1.086336660603472737e+01 1.736875191809790886e+00
4.700000940145870887e-02 1.085036755422075494e+01 1.634396863571123015e+00
4.800000960148974316e-02 1.081259456205778768e+01 1.524277742647983658e+00
4.900000980152077745e-02 1.075022677642291846e+01 1.407029556386388158e+00
5.000001000155181868e-02 1.066354732459371668e+01 1.283206645998443696e+00
5.100001020158285991e-02 1.055294077364578698e+01 1.153402414349728344e+00
5.200001040161388727e-02 1.041889012632621103e+01 1.018245552446851443e+00
5.300001060164492850e-02 1.026197337604008908e+01 8.783960717044079214e-01
5.400001080167596973e-02 1.008285964562693948e+01 7.345411698650041732e-01
5.500001100170699708e-02 9.882304936568385045e+00 5.873909600624818150e-01
5.600001120173805219e-02 9.661147516886908093e+00 4.376740913387261456e-01
5.700001140176907954e-02 9.420302977440558223e+00 2.861332907268585024e-01
5.800001160180010690e-02 9.160758987673773390e+00 1.335208567600282004e-01
5.900001180183116201e-02 8.883569782966604933e+00 -1.940586603294009241e-02
6.000001200186218936e-02 8.589850416569094094e+00 -1.718890023119663824e-01
6.100001220189323059e-02 8.280770809826821122e+00 -3.231746215636961961e-01
6.200001240192425794e-02 7.957549634870656696e+00 -4.725171461879663637e-01
6.300001260195529917e-02 7.621448064177394066e+00 -6.191836646947377343e-01
6.400001280198633347e-02 7.273763421462529521e+00 -7.624581237639515008e-01
6.500001300201738164e-02 6.915822768225733164e+00 -9.016453739583700777e-01
6.600001320204841593e-02 6.548976459943864015e+00 -1.036075045419409424e+00
6.700001340207945022e-02 6.174591705369230077e+00 -1.165105231377578265e+00
6.800001360211048451e-02 5.794046161683123586e+00 -1.288125958863870046e+00
6.900001380214151880e-02 5.408721597380361068e+00 -1.404562427769322275e+00
7.000001400217256697e-02 5.019997653718164088e+00 -1.513878001282943808e+00
7.100001420220360127e-02 4.629245734367844811e+00 -1.615576932599710247e+00
7.200001440223463556e-02 4.237823051576360633e+00 -1.709206814785774631e+00
7.300001460226566985e-02 3.847066855680496555e+00 -1.794360742737722614e+00
7.400001480229669026e-02 3.458288873233321681e+00 -1.870679178236891893e+00
7.500001500232772456e-02 3.072769977317248102e+00 -1.937851511152022255e+00
7.600001520235874497e-02 2.691755111839363668e+00 -1.995617311975212527e+00
7.700001540238977926e-02 2.316448489744218797e+00 -2.043767272942591084e+00
7.800001560242081355e-02 1.948009083154890186e+00 -2.082143837028999744e+00
7.900001580245183397e-02 1.587546421476385250e+00 -2.110641516122072403e+00
8.000001600248286826e-02 1.236116711476765273e+00 -2.129206901670394281e+00
8.100001620251390255e-02 8.947192913164774275e-01 -2.137838372961572198e+00
8.200001640254492297e-02 5.642934284396181610e-01 -2.136585510009437527e+00
8.300001660257595726e-02 2.457154691815886249e-01 -2.125548219778252701e+00
8.400001680260697767e-02 -6.020365410294522407e-02 -2.104875586117272768e+00
8.500001700263801196e-02 -3.527205546101983002e-01 -2.074764455219459514e+00
8.600001720266904626e-02 -6.311611595636517080e-01 -2.035457769941176220e+00
8.700001740270006667e-02 -8.949221157564898332e-01 -1.987242667591377909e+00
8.800001760273110096e-02 -1.143471834210355587e+00 -1.930448356907589869e+00
8.900001780276212138e-02 -1.376351177826257155e+00 -1.865443791016668795e+00
9.000001800279315567e-02 -1.593173797660014213e+00 -1.792635154089546656e+00
9.100001820282418996e-02 -1.793626125128552573e+00 -1.712463180138479535e+00
9.200001840285521038e-02 -1.977467029026608536e+00 -1.625400322868415515e+00
9.300001860288624467e-02 -2.144527147731803307e+00 -1.531947796422162833e+00
9.400001880291727896e-02 -2.294707908371489413e+00 -1.432632506756113200e+00
9.500001900294829937e-02 -2.427980245998929920e+00 -1.328003893792524481e+00
9.600001920297933367e-02 -2.544383037002455605e+00 -1.218630704545992982e+00
9.700001940301035408e-02 -2.644021262035719744e+00 -1.105097717404988744e+00
9.800001960304138837e-02 -2.727063914693331537e+00 -9.880024373443024865e-01
9.900001980307242266e-02 -2.793741672987147151e+00 -8.679517819118703903e-01
1.000000200031034014e-01 -2.844344351398177650e+00 -7.455587771711845724e-01
1.010000202031345051e-01 -2.879218151865554187e+00 -6.214392822526286775e-01
1.020000204031654978e-01 -2.898762732547587540e+00 -4.962087605934819012e-01
1.030000206031965043e-01 -2.903428113550357015e+00 -3.704791152054705550e-01
1.040000208032275941e-01 -2.893711439061519286e+00 -2.448556044456926817e-01
1.050000210032586007e-01 -2.870153615456182639e+00 -1.199338539012516219e-01
1.060000212032895933e-01 -2.833335844972191264e+00 3.703020878328068706e-03
1.070000214033206970e-01 -2.783876074469334938e+00 1.254871672775046132e-01
1.080000216033517035e-01 -2.722425378600829671e+00 2.448686115947166231e-01
1.090000218033826962e-01 -2.649664296447670875e+00 3.613177267193091735e-01
1.100000220034137027e-01 -2.566299140293963443e+00 4.743275413247484695e-01
1.110000222034448064e-01 -2.473058294765858811e+00 5.834158814696771556e-01
1.120000224034757991e-01 -2.370688524023647492e+00 6.881273368482340169e-01
1.130000226035068056e-01 -2.259951304081095902e+00 7.880350451245674570e-01
1.140000228035378954e-01 -2.141619196646165957e+00 8.827422889905497394e-01
1.150000230035689019e-01 -2.016472280135924944e+00 9.718839018276050901e-01
1.160000232035998946e-01 -1.885294652717870445e+00 1.055127479119812195e+00
1.170000234036309011e-01 -1.748871021383864521e+00 1.132174393818328850e+00
1.180000236036620048e-01 -1.607983390181125349e+00 1.202760615029774938e+00
1.190000238036929975e-01 -1.463407859792485111e+00 1.266657330818596217e+00
1.200000240037240040e-01 -1.315911549698391303e+00 1.323671376652772347e+00
1.210000242037550938e-01 -1.166249653179749712e+00 1.373645472242186028e+00
1.220000244037861004e-01 -1.015162634422003052e+00 1.416458270505931871e+00
1.230000246038171069e-01 -8.633735759690326361e-01 1.452024223402484271e+00
1.240000248038480996e-01 -7.115856837761749265e-01 1.480293269807579914e+00
1.250000250038791894e-01 -5.604799560965508798e-01 1.501250352242759600e+00
1.260000252039102098e-01 -4.107130214165430893e-01 1.514914769385855786e+00
1.270000254039412024e-01 -2.629151496709495328e-01 1.521339372183543537e+00
1.280000256039723061e-01 -1.176884399885360505e-01 1.520609612019046430e+00
1.290000258040032988e-01 2.439481274472577940e-02 1.512842450031096186e+00
1.300000260040342914e-01 1.627935711432281218e-01 1.498185136796555517e+00
1.310000262040653118e-01 2.969993279372052930e-01 1.476813872402462202e+00
1.320000264040963878e-01 4.265371983682838541e-01 1.448932357278954974e+00
1.330000266041274082e-01 5.509668336218567219e-01 1.414770244121088094e+00
1.340000268041584008e-01 6.698831573446062393e-01 1.374581501648929560e+00
1.350000270041893935e-01 7.829169280550404286e-01 1.328642701071494070e+00
1.360000272042204972e-01 8.897351309693372068e-01 1.277251236170613424e+00
1.370000274042514898e-01 9.900412034192128674e-01 1.220723487635158255e+00
1.380000276042825103e-01 1.083575098666625935e+00 1.159392942937068183e+00
1.390000278043135862e-01 1.170113193499386028e+00 1.093608282229027395e+00
1.400000280043446066e-01 1.249468045504315006e+00 1.023731440867068576e+00
1.410000282043755993e-01 1.321488006389154091e+00 9.501356589051730417e-01
1.420000284044067029e-01 1.386056698150483157e+00 8.732035277045769872e-01
1.430000286044376956e-01 1.443092359248227874e+00 7.933250431507947731e-01
1.440000288044686882e-01 1.492547068271944832e+00 7.108956751577519828e-01
1.450000290044997919e-01 1.534405852864810349e+00 6.263144623490392027e-01
1.460000292045308123e-01 1.568685691889871725e+00 5.399821404524132173e-01
1.470000294045618050e-01 1.595434418999381210e+00 4.522993125202927067e-01
1.480000296045927977e-01 1.614729535899461110e+00 3.636646685943919488e-01
1.490000298046239013e-01 1.626676943686663490e+00 2.744732618826746240e-01
1.500000300046548940e-01 1.631409600671682059e+00 1.851148479906567224e-01
1.510000302046858867e-01 1.629086115110160549e+00 9.597229333626416947e-02
1.520000304047169903e-01 1.619889281220740385e+00 7.420058122214939766e-03
1.530000306047480108e-01 1.604024566789860939e+00 -8.017724121132932535e-02
1.540000308047790034e-01 1.581718560550275043e+00 -1.664661857209763784e-01
1.550000310048101071e-01 1.553217387373122316e+00 -2.511058201198673179e-01
1.560000312048410998e-01 1.518785099134531968e+00 -3.337688281815237024e-01
1.570000314048720924e-01 1.478702048910351730e+00 -4.141426147191932805e-01
1.580000316049031128e-01 1.433263255919632106e+00 -4.919302920795227685e-01
1.590000318049341888e-01 1.382776768378175980e+00 -5.668515696130387305e-01
1.600000320049652092e-01 1.327562031143099341e+00 -6.386435451059710999e-01
1.610000322049962018e-01 1.267948264729863883e+00 -7.070613976758545194e-01
1.620000324050271945e-01 1.204272861966236174e+00 -7.718789821272565854e-01
1.630000326050582982e-01 1.136879808217793997e+00 -8.328893251854534441e-01
1.640000328050892908e-01 1.066118130773529904e+00 -8.899050246507639317e-01
1.650000330051203112e-01 9.923403826228225366e-01 -9.427585527885109506e-01
1.660000332051513872e-01 9.159011654965191207e-01 -9.913024656390213574e-01
1.670000334051824076e-01 8.371556966768110009e-01 -1.035409520466267663e+00
1.680000336052134002e-01 7.564584237063177730e-01 -1.074972703824537579e+00
1.690000338052443929e-01 6.741616907531160496e-01 -1.109905173069164475e+00
1.700000340052754966e-01 5.906144600149147994e-01 -1.140140114414750716e+00
1.710000342053064892e-01 5.061610911736192930e-01 -1.165630520945373894e+00
1.720000344053375096e-01 4.211401815376248359e-01 -1.186348894351389793e+00
1.730000346053686133e-01 3.358834691476705880e-01 -1.202286874034753428e+00
1.740000348053996060e-01 2.507148007674691037e-01 -1.213454797761242876e+00
1.750000350054305986e-01 1.659491663264615335e-01 -1.219881198044803883e+00
1.760000352054615913e-01 8.189180104191091936e-02 -1.221612238605251033e+00
1.770000354054926950e-01 -1.162643883119747566e-03 -1.218711095346658002e+00
1.780000356055236876e-01 -8.293086140825710328e-02 -1.211257286365982955e+00
1.790000358055547081e-01 -1.631415793828475680e-01 -1.199345955667412200e+00
1.800000360055858117e-01 -2.415361818777932990e-01 -1.183087115100851516e+00
1.810000362056168044e-01 -3.178692614271822481e-01 -1.162604849190867373e+00
1.820000364056477971e-01 -3.919091027529605364e-01 -1.138036487476784098e+00
1.830000366056787897e-01 -4.634380987978485300e-01 -1.109531748938851203e+00
1.840000368057098934e-01 -5.322531001282208019e-01 -1.077251863035578738e+00
1.850000370057409138e-01 -5.981656989896955157e-01 -1.041368671794742129e+00
1.860000372057719065e-01 -6.610024495042267079e-01 -1.002063717342631888e+00
1.870000374058030101e-01 -7.206050256875610183e-01 -9.595273191123810941e-01
1.880000376058340028e-01 -7.768303191388288287e-01 -9.139576448472257475e-01
1.890000378058649955e-01 -8.295504784121043862e-01 -8.655597794119482824e-01
1.900000380058959881e-01 -8.786528922223347804e-01 -8.145447952542251846e-01
1.910000382059270918e-01 -9.240401187644748937e-01 -7.611288282035361119e-01
1.920000384059581122e-01 -9.656297635357108389e-01 -7.055321621235985941e-01
1.930000386059891049e-01 -1.003354308146800378e+00 -6.479783257616247294e-01
1.940000388060202086e-01 -1.037160892690544456e+00 -5.886932049682239709e-01
1.950000390060512012e-01 -1.067011054301882700e+00 -5.279041732208564763e-01
1.960000392060821939e-01 -1.092880424596888611e+00 -4.658392432435913832e-01
1.970000394061132976e-01 -1.114758388718209536e+00 -4.027262422908604034e-01
1.980000396061442902e-01 -1.132647708741184811e+00 -3.387920134653354398e-01
1.990000398061753106e-01 -1.146564114209269292e+00 -2.742616452374258551e-01
2.000000400062063866e-01 -1.156535862570005735e+00 -2.093577311298122356e-01
2.010000402062374070e-01 -1.162603272274598032e+00 -1.442996613377256487e-01
2.020000404062683996e-01 -1.164818231284829642e+00 -7.930294783170070694e-02
2.030000406062993923e-01 -1.163243683701741471e+00 -1.457858431104170488e-02
2.040000408063304960e-01 -1.157953097192417680e+00 4.966755782546544012e-02
2.050000410063614886e-01 -1.149029913844144213e+00 1.132352965185414867e-01
2.060000412063925090e-01 -1.136566987020136699e+00 1.759306683105549551e-01
2.070000414064236127e-01 -1.120666006728630482e+00 2.375664192229783866e-01
2.080000416064546054e-01 -1.101436915948026396e+00 2.979624568254561345e-01
2.090000418064855980e-01 -1.078997320275279170e+00 3.569462632430731031e-01
2.100000420065165907e-01 -1.053471893183981267e+00 4.143532689984433803e-01
2.110000422065476944e-01 -1.024991779093167521e+00 4.700271877554617062e-01
2.120000424065786870e-01 -9.936939963579426438e-01 5.238203121752547098e-01
2.130000426066097075e-01 -9.597208421995145899e-01 5.755937712368622838e-01
2.140000428066408111e-01 -9.232193014956033839e-01 6.252177495083888203e-01
2.150000430066718038e-01 -8.843404612530322284e-01 6.725716689796630288e-01
2.160000432067027965e-01 -8.432389324831839339e-01 7.175443341842634437e-01
2.170000434067337891e-01 -8.000722810984223221e-01 7.600340414427063651e-01
2.180000436067648928e-01 -7.550004693445058201e-01 7.999486531443593673e-01
2.190000438067959132e-01 -7.081853091783179011e-01 8.372056381801331604e-01
2.200000440068269059e-01 -6.597899288961082132e-01 8.717320795374057241e-01
2.210000442068580095e-01 -6.099782542150017361e-01 9.034646502874056351e-01
2.220000444068890022e-01 -5.589145049060756376e-01 9.323495592185790937e-01
2.230000446069199949e-01 -5.067627079752053953e-01 9.583424674253901987e-01
2.240000448069509875e-01 -4.536862282870621765e-01 9.814083772159842844e-01
2.250000450069820912e-01 -3.998473174285405718e-01 1.001521494745376994e+00
2.260000452070131116e-01 -3.454066815101559662e-01 1.018665067842822181e+00
2.270000454070441043e-01 -2.905230685092013987e-01 1.032831200472400068e+00
2.280000456070752080e-01 -2.353528756689115264e-01 1.044020645242734968e+00
2.290000458071062006e-01 -1.800497773759555387e-01 1.052242575645242928e+00
2.300000460071371933e-01 -1.247643738504283922e-01 1.057514339418678784e+00
2.310000462071682137e-01 -6.964386090131394202e-02 1.059861194582759625e+00
2.320000464071992896e-01 -1.483172091949365792e-02 1.059316029656269809e+00
2.330000466072303100e-01 3.953256479667816015e-02 1.055919069563170387e+00
2.340000468072613027e-01 9.331378236155424277e-02 1.049717568716504790e+00
2.350000470072924064e-01 1.463812303158038008e-01 1.040765492728661146e+00
2.360000472073233990e-01 1.986089434484495375e-01 1.029123190260532450e+00
2.370000474073543917e-01 2.498758956052087032e-01 1.014857056373146715e+00
2.380000476073854121e-01 3.000661817183440383e-01 9.980391887647708238e-01
2.390000478074164880e-01 3.490691793488656658e-01 9.787470382700190763e-01
2.400000480074475084e-01 3.967796900838128638e-01 9.570630549254498520e-01
2.410000482074785011e-01 4.430980611788191137e-01 9.330743308730596874e-01
2.420000484075096048e-01 4.879302878801676235e-01 9.068722413289769246e-01
2.430000486075405974e-01 5.311880969011028020e-01 8.785520848035197616e-01
2.440000488075715901e-01 5.727890115645324354e-01 8.482127237204017955e-01
2.450000490076026105e-01 6.126563991554367927e-01 8.159562264257224085e-01
2.460000492076336864e-01 6.507195010571868998e-01 7.818875117449755052e-01
2.470000494076647068e-01 6.869134462739958646e-01 7.461139970013310752e-01
2.480000496076956995e-01 7.211792489633619407e-01 7.087452504238759277e-01
2.490000498077268032e-01 7.534637906225406523e-01 6.698926488201422114e-01
2.500000500077578236e-01 7.837197875901532607e-01 6.296690413287374666e-01
2.510000502077888163e-01 8.119057445379659343e-01 5.881884200130436113e-01
2.520000504078199199e-01 8.379858946388986096e-01 5.455655979993097038e-01
2.530000506078509126e-01 8.619301271057481229e-01 5.019158958166313189e-01
2.540000508078819053e-01 8.837139028012125364e-01 4.573548365422768769e-01
2.550000510079130089e-01 9.033181586225923487e-01 4.119978502765353490e-01
2.560000512079438906e-01 9.207292013653701757e-01 3.659599884544681436e-01
2.570000514079749943e-01 9.359385917687919054e-01 3.193556484304350684e-01
2.580000516080059869e-01 9.489430194429944176e-01 2.722983087243981970e-01
2.590000518080369796e-01 9.597441693717574385e-01 2.249002752694279350e-01
2.600000520080680833e-01 9.683485806776342963e-01 1.772724389517147670e-01
2.610000522080990759e-01 9.747674983271625848e-01 1.295240446881824603e-01
2.620000524081301241e-01 9.790167184430734748e-01 8.176247223601432190e-02
2.630000526081611723e-01 9.811164278782449344e-01 3.409302889546512311e-02
2.640000528081922204e-01 9.810910386927977900e-01 -1.338124578299420414e-02
2.650000530082232131e-01 9.789690181608262654e-01 -6.055976321629485959e-02
2.660000532082543168e-01 9.747827149173129424e-01 -1.073445568966897024e-01
2.670000534082853094e-01 9.685681818388496289e-01 -1.536404413932877522e-01
2.680000536083163021e-01 9.603649962339577684e-01 -1.993551592857139010e-01
2.690000538083474058e-01 9.502160779001265212e-01 -2.443995161016112860e-01
2.700000540083783984e-01 9.381675055853563316e-01 -2.886875033610615260e-01
2.710000542084093911e-01 9.242683323720293220e-01 -3.321364098612257232e-01
2.720000544084403837e-01 9.085704004804657785e-01 -3.746669213613539329e-01
2.730000546084714874e-01 8.911281559686903275e-01 -4.162032088546271935e-01
2.740000548085024801e-01 8.719984637836803998e-01 -4.566730056374171953e-01
2.750000550085334727e-01 8.512404235979992295e-01 -4.960076734085982486e-01
2.760000552085645764e-01 8.289151868440737259e-01 -5.341422576519401222e-01
2.770000554085956246e-01 8.050857753367112180e-01 -5.710155325734204146e-01
2.780000556086266172e-01 7.798169018527282281e-01 -6.065700358833995276e-01
2.790000558086576099e-01 7.531747930149221837e-01 -6.407520937261335092e-01
2.800000560086887136e-01 7.252270148061475963e-01 -6.735118360700951268e-01
2.810000562087197062e-01 6.960423010178904413e-01 -7.048032028966204621e-01
2.820000564087506989e-01 6.656903849164917952e-01 -7.345839415213790691e-01
2.830000566087816916e-01 6.342418343894259403e-01 -7.628155953984417925e-01
2.840000568088127952e-01 6.017678908135065674e-01 -7.894634847630246366e-01
2.850000570088437879e-01 5.683403118666893183e-01 -8.144966794750305716e-01
2.860000572088747806e-01 5.340312184854322242e-01 -8.378879644301526763e-01
2.870000574089058842e-01 4.989129461502734286e-01 -8.596137979092722814e-01
2.880000576089368769e-01 4.630579006634134021e-01 -8.796542632369018788e-01
2.890000578089679251e-01 4.265384185638372849e-01 -8.979930141232654872e-01
2.900000580089989732e-01 3.894266323076814307e-01 -9.146172140633407333e-01
2.910000582090300214e-01 3.517943403242655975e-01 -9.295174701643525994e-01
2.920000584090611251e-01 3.137128820416262287e-01 -9.426877617718036895e-01
2.930000586090921177e-01 2.752530179592461157e-01 -9.541253642608872321e-01
2.940000588091231104e-01 2.364848148302108599e-01 -9.638307683561159189e-01
2.950000590091542141e-01 1.974775360001769509e-01 -9.718075953381487553e-01
2.960000592091852067e-01 1.582995369361637483e-01 -9.780625084921672485e-01
2.970000594092161994e-01 1.190181659648174850e-01 -9.826051211327018198e-01
2.980000596092471921e-01 7.969967022671227419e-02 -9.854479015609128867e-01
2.990000598092781847e-01 4.040910684068468178e-02 -9.866060752779116649e-01
3.000000600093092884e-01 1.210259260681260203e-03 -9.860975247790819687e-01
3.010000602093402811e-01 -3.783444120351610318e-02 -9.839426872456722428e-01
3.020000604093712737e-01 -7.666398874088038717e-02 -9.801644504406237246e-01
3.030000606094023774e-01 -1.152188713179705115e-01 -9.747880471063765651e-01
3.040000608094334256e-01 -1.534411339402886876e-01 -9.678409481527945335e-01
3.050000610094644182e-01 -1.912744369630079155e-01 -9.593527549135592025e-01
3.060000612094955219e-01 -2.286641095259593082e-01 -9.493550907392707128e-01
3.070000614095265146e-01 -2.655571981953471772e-01 -9.378814921881906130e-01
3.080000616095575072e-01 -3.019025109016211794e-01 -9.249673000654079491e-01
3.090000618095886109e-01 -3.376506562686111823e-01 -9.106495505124061474e-01
3.100000620096194925e-01 -3.727540784352858516e-01 -8.949668664282136588e-01
3.110000622096505962e-01 -4.071670874771549098e-01 -8.779593494058274272e-01
3.120000624096815889e-01 -4.408458855385316566e-01 -8.596684723931984351e-01
3.130000626097125815e-01 -4.737485887912706861e-01 -8.401369732740673335e-01
3.140000628097436852e-01 -5.058352453393316628e-01 -8.194087495521917841e-01
3.150000630097746779e-01 -5.370678491918146058e-01 -7.975287543117857147e-01
3.160000632098057260e-01 -5.674103504300090917e-01 -7.745428936165469347e-01
3.170000634098367742e-01 -5.968286616963520697e-01 -7.504979254992459881e-01
3.180000636098678224e-01 -6.252906611352045951e-01 -7.254413606836094264e-01
3.190000638098988150e-01 -6.527661919170338889e-01 -6.994213651718871327e-01
3.200000640099299187e-01 -6.792270584788091536e-01 -6.724866648197910246e-01
3.210000642099609114e-01 -7.046470196139369424e-01 -6.446864519956028161e-01
3.220000644099919040e-01 -7.290017785458959843e-01 -6.160702944531697423e-01
3.230000646100230077e-01 -7.522689701200735435e-01 -5.866880464945476437e-01
3.240000648100540004e-01 -7.744281452479028216e-01 -5.565897625095569401e-01
3.250000650100849930e-01 -7.954607527370851638e-01 -5.258256129680440871e-01
3.260000652101159857e-01 -8.153501186409604085e-01 -4.944458029316244896e-01
3.270000654101469784e-01 -8.340814232591619026e-01 -4.625004931434027466e-01
3.280000656101780820e-01 -8.516416759205314158e-01 -4.300397237461384692e-01
3.290000658102090747e-01 -8.680196876777852566e-01 -3.971133406716391145e-01
3.300000660102401229e-01 -8.832060420418680335e-01 -3.637709247365886744e-01
3.310000662102712266e-01 -8.971930638820940773e-01 -3.300617234738203454e-01
3.320000664103022192e-01 -9.099747866161603804e-01 -2.960345857191341024e-01
3.330000666103332119e-01 -9.215469178118292914e-01 -2.617378989641904741e-01
3.340000668103643156e-01 -9.319068033198830703e-01 -2.272195294938119670e-01
3.350000670103953082e-01 -9.410533900555809739e-01 -1.925267653026622172e-01
3.360000672104263009e-01 -9.489871875431133974e-01 -1.577062617895063079e-01
3.370000674104572935e-01 -9.557102283348893890e-01 -1.228039902204042799e-01
3.380000676104883972e-01 -9.612260274146977590e-01 -8.786518894688388759e-02
3.390000678105193899e-01 -9.655395406909037526e-01 -5.293431736021552564e-02
3.400000680105503825e-01 -9.686571226828678549e-01 -1.805501255846910652e-02
3.410000682105814862e-01 -9.705864835007481650e-01 1.672995130143331566e-02
3.420000684106124789e-01 -9.713366452157737863e-01 5.137870099835311483e-02
3.430000686106435270e-01 -9.709178977149222067e-01 8.585029962393288250e-02
3.440000688106745752e-01 -9.693417541307873808e-01 1.201047793811173964e-01
3.450000690107056234e-01 -9.666209059341905885e-01 1.541031718455731780e-01
3.460000692107366160e-01 -9.627691777739177947e-01 1.878075357360813324e-01
3.470000694107677197e-01 -9.578014821447359273e-01 2.211809822417536153e-01
3.480000696107987124e-01 -9.517337739615983061e-01 2.541876979566239925e-01
3.490000698108297050e-01 -9.445830051147144912e-01 2.867929654743670564e-01
3.500000700108608087e-01 -9.363670790769811347e-01 3.189631816981180479e-01
3.510000702108916903e-01 -9.271048056320365660e-01 3.506658739221729104e-01
3.520000704109227940e-01 -9.168158557880504711e-01 3.818697137438937239e-01
3.530000706109537867e-01 -9.055207169392307520e-01 4.125445288657470511e-01
3.540000708109847793e-01 -8.932406483338718450e-01 4.426613128485696325e-01
3.550000710110158830e-01 -8.799976369047541880e-01 4.721922328785211342e-01
3.560000712110468757e-01 -8.658143535146362035e-01 5.011106356104821913e-01
3.570000714110779239e-01 -8.507141096666115399e-01 5.293910511506764172e-01
3.580000716111090275e-01 -8.347208147261986344e-01 5.570091952449428563e-01
3.590000718111400202e-01 -8.178589336991061165e-01 5.839419697359771178e-01
3.600000720111710129e-01 -8.001534456058447820e-01 6.101674613549294968e-01
3.610000722112021165e-01 -7.816298024915814269e-01 6.356649389124010563e-01
3.620000724112331092e-01 -7.623138891069154433e-01 6.604148489539197753e-01
3.630000726112641019e-01 -7.422319832926639327e-01 6.843988099448388152e-01
3.640000728112952055e-01 -7.214107170991601592e-01 7.075996050493322809e-01
3.650000730113260872e-01 -6.998770386680638333e-01 7.300011735677599534e-01
3.660000732113571908e-01 -6.776581749022654311e-01 7.515886010962208319e-01
3.670000734113881835e-01 -6.547815949471457175e-01 7.723481084711035782e-01
3.680000736114191762e-01 -6.312749745041009719e-01 7.922670395618985895e-01
3.690000738114502798e-01 -6.071661609950673721e-01 8.113338479744626186e-01
3.700000740114812725e-01 -5.824831395946615809e-01 8.295380827238603150e-01
3.710000742115123207e-01 -5.572540001444538094e-01 8.468703729382455192e-01
3.720000744115434244e-01 -5.315069049619247643e-01 8.633224116524448322e-01
3.730000746115744170e-01 -5.052700575547445228e-01 8.788869387492682650e-01
3.740000748116054097e-01 -4.785716722491276109e-01 8.935577231053996039e-01
3.750000750116365134e-01 -4.514399447392906106e-01 9.073295439976155619e-01
3.760000752116675060e-01 -4.239030235633386434e-01 9.201981718238911867e-01
3.770000754116984987e-01 -3.959889825092364202e-01 9.321603481926612478e-01
3.780000756117294913e-01 -3.677257939530199082e-01 9.432137654322780840e-01
3.790000758117605950e-01 -3.391413031299177483e-01 9.533570455701345647e-01
3.800000760117915877e-01 -3.102632033375927745e-01 9.625897188335162946e-01
3.810000762118225803e-01 -2.811190120693617955e-01 9.709122017201498034e-01
3.820000764118535730e-01 -2.517360480740324924e-01 9.783257746809029820e-01
3.830000766118846767e-01 -2.221414093377504506e-01 9.848325594635910507e-01
3.840000768119157248e-01 -1.923619519821335444e-01 9.904354961607222396e-01
3.850000770119467175e-01 -1.624242700718246946e-01 9.951383200035521792e-01
3.860000772119778212e-01 -1.323546763236259083e-01 9.989455379434234450e-01
3.870000774120088138e-01 -1.021791837084170956e-01 1.001862405059931405e+00
3.880000776120398065e-01 -7.192348793611728908e-02 1.003894900834025217e+00
3.890000778120709102e-01 -4.161295081315005695e-02 1.005049705322771381e+00
3.900000780121019028e-01 -1.127258446108895563e-02 1.005334175270796049e+00
3.910000782121328955e-01 1.907296361557756989e-02 1.004756320190760333e+00
3.920000784121638882e-01 4.939942462532154188e-02 1.003324778449896426e+00
3.930000786121949918e-01 7.968292176249656966e-02 1.001048793391944303e+00
3.940000788122259845e-01 1.098999826712463018e-01 9.979381895194151531e-01
3.950000790122569772e-01 1.400275511148201812e-01 9.940033487695972836e-01
3.960000792122880808e-01 1.700429978652519269e-01 9.892551869098321626e-01
3.970000794123190735e-01 1.999241308288115526e-01 9.837051300777216456e-01
3.980000796123501217e-01 2.296492044229854479e-01 9.773650914906377718e-01
3.990000798123812253e-01 2.591969282210865311e-01 9.702474483476253297e-01
4.000000800124122180e-01 2.885464748809469793e-01 9.623650189455177362e-01
4.010000802124432107e-01 3.176774873743669625e-01 9.537310400298703028e-01
4.020000804124743143e-01 3.465700855342251918e-01 9.443591444000846158e-01
4.030000806125053070e-01 3.752048719363428875e-01 9.342633387839844872e-01
4.040000808125362997e-01 4.035629371333989690e-01 9.234579820074483303e-01
4.050000810125672923e-01 4.316258642583567506e-01 9.119577634687736634e-01
4.060000812125982850e-01 4.593757330148515727e-01 8.997776819296320339e-01
4.070000814126293887e-01 4.867951230720554689e-01 8.869330246417788111e-01
4.080000816126603813e-01 5.138671168816133505e-01 8.734393468205180477e-01
4.090000818126913740e-01 5.405753019342908194e-01 8.593124514766141697e-01
4.100000820127224777e-01 5.669037724738864581e-01 8.445683696173834631e-01
4.110000822127535258e-01 5.928371306859516743e-01 8.292233408267889461e-01
4.120000824127845185e-01 6.183604873788109968e-01 8.132937942333275938e-01
4.130000826128156222e-01 6.434594621742462106e-01 7.967963298737300581e-01
4.140000828128466148e-01 6.681201832251445483e-01 7.797477004595668726e-01
4.150000830128776075e-01 6.923292864772622179e-01 7.621647935530000417e-01
4.160000832129087112e-01 7.160739144920625909e-01 7.440646141551982007e-01
4.170000834129395928e-01 7.393417148474330514e-01 7.254642677127761674e-01
4.180000836129706965e-01 7.621208381331530113e-01 7.063809435604688769e-01
4.190000838130016891e-01 7.843999355575471677e-01 6.868318987765326122e-01
4.200000840130326818e-01 8.061681561814555419e-01 6.668344424710043183e-01
4.210000842130637855e-01 8.274151437956303035e-01 6.464059205053290791e-01
4.220000844130947781e-01 8.481310334573659571e-01 6.255637006442321679e-01
4.230000846131258263e-01 8.683064477019682981e-01 6.043251581404625039e-01
4.240000848131568745e-01 8.879324924443744438e-01 5.827076617525168700e-01
4.250000850131879226e-01 9.070007525859717923e-01 5.607285601948757137e-01
4.260000852132189153e-01 9.255032873414400507e-01 5.384051690197403373e-01
4.270000854132500190e-01 9.434326253001122931e-01 5.157547579288062067e-01
4.280000856132810116e-01 9.607817592360916592e-01 4.927945385131071165e-01
4.290000858133120043e-01 9.775441406810758682e-01 4.695416524183498863e-01
4.300000860133431080e-01 9.937136742734733463e-01 4.460131599304615890e-01
4.310000862133741006e-01 1.009284711897250553e+00 4.222260289878981276e-01
4.320000864134050933e-01 1.024252046623623791e+00 3.981971246053486735e-01
4.330000866134360860e-01 1.038610906468237172e+00 3.739431987087625253e-01
4.340000868134671896e-01 1.052356947976250456e+00 3.494808803791664142e-01
4.350000870134981823e-01 1.065486249647507710e+00 3.248266664996323216e-01
4.360000872135291750e-01 1.077995305213587551e+00 2.999969128005129382e-01
4.370000874135602231e-01 1.089881016778240452e+00 2.750078252977801729e-01
4.380000876135913268e-01 1.101140687832417253e+00 2.498754521190387490e-01
4.390000878136223195e-01 1.111772016154741971e+00 2.246156757115830016e-01
4.400000880136533121e-01 1.121773086608028436e+00 1.992442054266205520e-01
4.410000882136844158e-01 1.131142363842068788e+00 1.737765704736131400e-01
4.420000884137154085e-01 1.139878684912650320e+00 1.482281132385007416e-01
4.430000886137464011e-01 1.147981251826422744e+00 1.226139829589310282e-01
4.440000888137773938e-01 1.155449624020940202e+00 9.694912975145875134e-02
4.450000890138084975e-01 1.162283710788987845e+00 7.124829898369090808e-02
4.460000892138394901e-01 1.168483763655880914e+00 4.552602598180843091e-02
4.470000894138704828e-01 1.174050368718119186e+00 1.979663106956576490e-02
4.480000896139015865e-01 1.178984438951554026e+00 -5.925785069108879463e-03
4.490000898139325791e-01 1.183287206496924204e+00 -3.162734571100349334e-02
4.500000900139636273e-01 1.186960214930300239e+00 -5.729440210513789267e-02
4.510000902139946755e-01 1.190005311525722531e+00 -8.291353718204037826e-02
4.520000904140257236e-01 1.192424639517015272e+00 -1.084715689680740974e-01
4.530000906140567163e-01 1.194220630365492308e+00 -1.339555537120229456e-01
4.540000908140878200e-01 1.195395996040007791e+00 -1.593527887311924074e-01
4.550000910141188126e-01 1.195953721315517582e+00 -1.846508149843661961e-01
4.560000912141498053e-01 1.195897056096075994e+00 -2.098374193786233799e-01
4.570000914141809090e-01 1.195229507767913812e+00 -2.349006368162286917e-01
4.580000916142117906e-01 1.193954833588032782e+00 -2.598287519932034884e-01
4.590000918142428943e-01 1.192077033113468909e+00 -2.846103009518897164e-01
4.600000920142738869e-01 1.189600340676117307e+00 -3.092340723965406601e-01
4.610000922143048796e-01 1.186529217907815070e+00 -3.336891087792809851e-01
4.620000924143359833e-01 1.182868346320127939e+00 -3.579647071633526023e-01
4.630000926143669759e-01 1.178622619943053618e+00 -3.820504198706758392e-01
4.640000928143980241e-01 1.173797138026658748e+00 -4.059360549207634561e-01
4.650000930144290723e-01 1.168397197809418087e+00 -4.296116762678741652e-01
4.660000932144601204e-01 1.162428287356839229e+00 -4.530676038432669417e-01
4.670000934144911131e-01 1.155896078473729105e+00 -4.762944134093612947e-01
4.680000936145222168e-01 1.148806419693281233e+00 -4.992829362324788245e-01
4.690000938145532094e-01 1.141165329345945834e+00 -5.220242585807735036e-01
4.700000940145842021e-01 1.132978988710881429e+00 -5.445097210512980235e-01
4.710000942146153058e-01 1.124253735252591646e+00 -5.667309177392606534e-01
4.720000944146461874e-01 1.114996055945124853e+00 -5.886796952522324045e-01
4.730000946146772911e-01 1.105212580686111945e+00 -6.103481515717547046e-01
4.740000948147082838e-01 1.094910075802712379e+00 -6.317286347731793095e-01
4.750000950147392764e-01 1.084095437651385163e+00 -6.528137416084364153e-01
4.760000952147703801e-01 1.072775686313237165e+00 -6.735963159576465742e-01
4.770000954148013728e-01 1.060957959386546579e+00 -6.940694471553919831e-01
4.780000956148324209e-01 1.048649505877921273e+00 -7.142264681973810037e-01
4.790000958148635246e-01 1.035857680193383867e+00 -7.340609538331119843e-01
4.800000960148945173e-01 1.022589936230582586e+00 -7.535667185499830278e-01
4.810000962149255099e-01 1.008853821573127973e+00 -7.727378144542914606e-01
4.820000964149566136e-01 9.946569717879888417e-01 -7.915685290543442720e-01
4.830000966149876063e-01 9.800071048267297025e-01 -8.100533829496289195e-01
4.840000968150185989e-01 9.649120155312688185e-01 -8.281871274308263420e-01
4.850000970150495916e-01 9.493795702446532481e-01 -8.459647420054050571e-01
4.860000972150806953e-01 9.334177015272946409e-01 -8.633814318371743068e-01
4.870000974151116879e-01 9.170344029790153950e-01 -8.804326251146470383e-01
4.880000976151426806e-01 9.002377241671249974e-01 -8.971139703507522434e-01
4.890000978151737843e-01 8.830357656606692140e-01 -9.134213336183510945e-01
4.900000980152047769e-01 8.654366741708522381e-01 -9.293507957257880481e-01
4.910000982152358251e-01 8.474486377975941620e-01 -9.448986493367287354e-01
4.920000984152668178e-01 8.290798813820904334e-01 -9.600613960383679313e-01
4.930000986152979214e-01 8.103386619651066214e-01 -9.748357433620392642e-01
4.940000988153289141e-01 7.912332643507539176e-01 -9.892186017600635983e-01
4.950000990153599068e-01 7.717719967753211563e-01 -1.003207081542645929e+00
4.960000992153910104e-01 7.519631866807291454e-01 -1.016798489778266479e+00
4.970000994154220031e-01 7.318151765921337981e-01 -1.029990327157474850e+00
4.980000996154529957e-01 7.113363200990250323e-01 -1.042780284836064331e+00
4.990000998154839884e-01 6.905349779391535270e-01 -1.055166241247717851e+00
5.000001000155150921e-01 6.694195141846278618e-01 -1.067146258892397004e+00
5.010001002155460847e-01 6.479982925294175411e-01 -1.078718581106320018e+00
5.020001004155771884e-01 6.262796726774396694e-01 -1.089881628815324799e+00
5.030001006156081811e-01 6.042720068303828462e-01 -1.100633997274477638e+00
5.040001008156391737e-01 5.819836362743159297e-01 -1.110974452796802625e+00
5.050001010156702774e-01 5.594228880641803903e-01 -1.120901929473794745e+00
5.060001012157012701e-01 5.365980718051477361e-01 -1.130415525890362760e+00
5.070001014157322627e-01 5.135174765297879640e-01 -1.139514501836725202e+00
5.080001016157632554e-01 4.901893676700280755e-01 -1.148198275019657988e+00
5.090001018157943591e-01 4.666219841227572940e-01 -1.156466417775466660e+00
5.100001020158253517e-01 4.428235354080005126e-01 -1.164318653784916835e+00
5.110001022158563444e-01 4.188021989184615990e-01 -1.171754854795645562e+00
5.120001024158874481e-01 3.945661172592313526e-01 -1.178775037357890687e+00
5.130001026159184407e-01 3.701233956764505284e-01 -1.185379359563365931e+00
5.140001028159494334e-01 3.454820995737080125e-01 -1.191568117798541993e+00
5.150001030159805371e-01 3.206502521149444673e-01 -1.197341743511825651e+00
5.160001032160115297e-01 2.956358319125736434e-01 -1.202700799996329062e+00
5.170001034160425224e-01 2.704467707994963610e-01 -1.207645979189900132e+00
5.180001036160736261e-01 2.450909516837607438e-01 -1.212178098493987832e+00
5.190001038161046187e-01 2.195762064845256933e-01 -1.216298097612832807e+00
5.200001040161356114e-01 1.939103141479740777e-01 -1.220007035414440999e+00
5.210001042161667151e-01 1.681009987418889129e-01 -1.223306086814682114e+00
5.220001044161977077e-01 1.421559276275245753e-01 -1.226196539685804998e+00
5.230001046162287004e-01 1.160827097073973552e-01 -1.228679791790065368e+00
5.240001048162598041e-01 8.988889374772944529e-02 -1.230757347737293950e+00
5.250001050162907967e-01 6.358196677409247433e-02 -1.232430815979491223e+00
5.260001052163217894e-01 3.716935253884057905e-02 -1.233701905827104151e+00
5.270001054163528931e-01 1.065841005908804012e-02 -1.234572424495995024e+00
5.280001056163838857e-01 -1.594356777617426252e-02 -1.235044274185867152e+00
5.290001058164148784e-01 -4.262935553122083887e-02 -1.235119449190354990e+00
5.300001060164459821e-01 -6.939179648230102415e-02 -1.234800033039560097e+00
5.310001062164769747e-01 -9.622380381130037075e-02 -1.234088195675765887e+00
5.320001064165079674e-01 -1.231183617357352600e-01 -1.232986190663046377e+00
5.330001066165390711e-01 -1.500685265763773701e-01 -1.231496352431387109e+00
5.340001068165700637e-01 -1.770674277638774607e-01 -1.229621093555901101e+00
5.350001070166010564e-01 -2.041082687857521949e-01 -1.227362902071709172e+00
5.360001072166321601e-01 -2.311843280750093266e-01 -1.224724338824947356e+00
5.370001074166631527e-01 -2.582889598417599242e-01 -1.221708034860364833e+00
5.380001076166941454e-01 -2.854155948491429173e-01 -1.218316688844911067e+00
5.390001078167252491e-01 -3.125577411347450485e-01 -1.214553064523916426e+00
5.400001080167562417e-01 -3.397089846789600465e-01 -1.210419988230941435e+00
5.410001082167872344e-01 -3.668629900216331952e-01 -1.205920346422502565e+00
5.420001084168183381e-01 -3.940135008280735707e-01 -1.201057083252733415e+00
5.430001086168493307e-01 -4.211543404057543349e-01 -1.195833198187580049e+00
5.440001088168803234e-01 -4.482794121729786752e-01 -1.190251743657574801e+00
5.450001090169114271e-01 -4.753827000806950531e-01 -1.184315822749362423e+00
5.460001092169424197e-01 -5.024582689887061582e-01 -1.178028586936067823e+00
5.470001094169734124e-01 -5.295002649974985820e-01 -1.171393233846586002e+00
5.480001096170045161e-01 -5.565029157368351909e-01 -1.164413005073842600e+00
5.490001098170355087e-01 -5.834605306123112900e-01 -1.157091184022047914e+00
5.500001100170665014e-01 -6.103675010110601873e-01 -1.149431093792931291e+00
5.510001102170976051e-01 -6.372183004677036688e-01 -1.141436095110897497e+00
5.520001104171285977e-01 -6.640074847917047940e-01 -1.133109584287119054e+00
5.530001106171595904e-01 -6.907296921572513293e-01 -1.124454991221867983e+00
5.540001108171906941e-01 -7.173796431566986653e-01 -1.115475777443534877e+00
5.550001110172216867e-01 -7.439521408187245166e-01 -1.106175434193444662e+00
5.560001112172526794e-01 -7.704420705923314960e-01 -1.096557480542949436e+00
5.570001114172837831e-01 -7.968444002976043938e-01 -1.086625461549680649e+00
5.580001116173147757e-01 -8.231541800443210599e-01 -1.076382946452322242e+00
5.590001118173457684e-01 -8.493665421194505072e-01 -1.065833526903202655e+00
5.600001120173768721e-01 -8.754767008445001331e-01 -1.054980815238502956e+00
5.610001122174078647e-01 -9.014799524037099276e-01 -1.043828442785817323e+00
5.620001124174388574e-01 -9.273716746441048597e-01 -1.032380058208814733e+00
5.630001126174698500e-01 -9.531473268482790751e-01 -1.020639325888720972e+00
5.640001128175009537e-01 -9.788024494809141052e-01 -1.008609924342344311e+00
5.650001130175319464e-01 -1.004332663909904166e+00 -9.962955446763303025e-01
5.660001132175629390e-01 -1.029733672103026576e+00 -9.836998890773290816e-01
5.670001134175940427e-01 -1.055001256301007606e+00 -9.708266693377667345e-01
5.680001136176250354e-01 -1.080131278667853190e+00 -9.576796054163999594e-01
5.690001138176560280e-01 -1.105119680919288916e+00 -9.442624240321040308e-01
5.700001140176871317e-01 -1.129962483930172734e+00 -9.305788572985360663e-01
5.710001142177181244e-01 -1.154655787321719140e+00 -9.166326413874646972e-01
5.720001144177491170e-01 -1.179195769029313778e+00 -9.024275152268331768e-01
5.730001146177802207e-01 -1.203578684851653202e+00 -8.879672192326538704e-01
5.740001148178112134e-01 -1.227800867982014710e+00 -8.732554940739348792e-01
5.750001150178422060e-01 -1.251858728522444508e+00 -8.582960794702340079e-01
5.760001152178733097e-01 -1.275748752981531453e+00 -8.430927130214692644e-01
5.770001154179043024e-01 -1.299467503756527087e+00 -8.276491290695460190e-01
5.780001156179352950e-01 -1.323011618600528960e+00 -8.119690575913975916e-01
5.790001158179663987e-01 -1.346377810075379156e+00 -7.960562231230345898e-01
5.800001160179975024e-01 -1.369562864990964135e+00 -7.799143437141617952e-01
5.810001162180286061e-01 -1.392563643831595366e+00 -7.635471299129480416e-01
5.820001164180595987e-01 -1.415377080170085122e+00 -7.469582837805233133e-01
5.830001166180907024e-01 -1.438000180070162948e+00 -7.301514979345852252e-01
5.840001168181218061e-01 -1.460430021477796547e+00 -7.131304546213665940e-01
5.850001170181529098e-01 -1.482663753602091239e+00 -6.958988248181476877e-01
5.860001172181840134e-01 -1.504698596286333956e+00 -6.784602673618194135e-01
5.870001174182151171e-01 -1.526531839369709154e+00 -6.608184281053575138e-01
5.880001176182462208e-01 -1.548160842040272378e+00 -6.429769391015386359e-01
5.890001178182773245e-01 -1.569583032179710624e+00 -6.249394178133217403e-01
5.900001180183084282e-01 -1.590795905700419732e+00 -6.067094663504621899e-01
5.910001182183395319e-01 -1.611797025875413736e+00 -5.882906707319220940e-01
5.920001184183706355e-01 -1.632584022661562440e+00 -5.696866001736262675e-01
5.930001186184016282e-01 -1.653154592016641278e+00 -5.509008064011440275e-01
5.940001188184327319e-01 -1.673506495210690614e+00 -5.319368229868286502e-01
5.950001190184638356e-01 -1.693637558132091048e+00 -5.127981647110290142e-01
5.960001192184949392e-01 -1.713545670588867642e+00 -4.934883269468829936e-01
5.970001194185260429e-01 -1.733228785605616551e+00 -4.740107850682965807e-01
5.980001196185571466e-01 -1.752684918716477913e+00 -4.543689938805846040e-01
5.990001198185882503e-01 -1.771912147254575576e+00 -4.345663870732200396e-01
6.000001200186193540e-01 -1.790908609638323323e+00 -4.146063766954660723e-01
6.010001202186504576e-01 -1.809672504655007286e+00 -3.944923526525164759e-01
6.020001204186815613e-01 -1.828202090741982477e+00 -3.742276822228873812e-01
6.030001206187125540e-01 -1.846495685265864273e+00 -3.538157095964968302e-01
6.040001208187436577e-01 -1.864551663800078751e+00 -3.332597554329471135e-01
6.050001210187747613e-01 -1.882368459401072114e+00 -3.125631164396325268e-01
6.060001212188058650e-01 -1.899944561883584182e+00 -2.917290649692187987e-01
6.070001214188369687e-01 -1.917278517095234447e+00 -2.707608486361222644e-01
6.080001216188680724e-01 -1.934368926190782156e+00 -2.496616899515781141e-01
6.090001218188991761e-01 -1.951214444906328893e+00 -2.284347859768962596e-01
6.100001220189302797e-01 -1.967813782833783165e+00 -2.070833079945170740e-01
6.110001222189613834e-01 -1.984165702695847910e+00 -1.856104011964752332e-01
6.120001224189924871e-01 -2.000269019621804922e+00 -1.640191843898843871e-01
6.130001226190235908e-01 -2.016122600424371303e+00 -1.423127497190314616e-01
6.140001228190545834e-01 -2.031725362877866647e+00 -1.204941624038575604e-01
6.150001230190856871e-01 -2.047076274997949419e+00 -9.856646049416854793e-02
6.160001232191167908e-01 -2.062174354323148329e+00 -7.653265463952280134e-02
6.170001234191478945e-01 -2.077018667198427870e+00 -5.439572787415208888e-02
6.180001236191789982e-01 -2.091608328060998723e+00 -3.215863541673417286e-02
6.190001238192101018e-01 -2.105942498728581302e+00 -9.824304484605951571e-03
6.200001240192412055e-01 -2.120020387690328079e+00 1.260436587792897710e-02
6.210001242192723092e-01 -2.133841249400603157e+00 3.512450495754450980e-02
6.220001244193034129e-01 -2.147404383575800768e+00 5.773327051642895835e-02
6.230001246193345166e-01 -2.160709134494395389e+00 8.042784892375139105e-02
6.240001248193656203e-01 -2.173754890300369613e+00 1.032054552743884024e-01
6.250001250193966129e-01 -2.186541082310222261e+00 1.260633334952375173e-01
6.260001252194277166e-01 -2.199067184323678426e+00 1.489987564394521513e-01
6.270001254194588203e-01 -2.211332711938280404e+00 1.720090259688805134e-01
6.280001256194899240e-01 -2.223337221867987878e+00 1.950914730250674911e-01
6.290001258195210276e-01 -2.235080311265932984e+00 2.182434576890845690e-01
6.300001260195521313e-01 -2.246561617051459514e+00 2.414623692305299663e-01
6.310001262195832350e-01 -2.257780815241581251e+00 2.647456261459615878e-01
6.320001264196143387e-01 -2.268737620286974010e+00 2.880906761871022126e-01
6.330001266196454424e-01 -2.279431784412607076e+00 3.114949963790450971e-01
6.340001268196765460e-01 -2.289863096963132172e+00 3.349560930287927563e-01
6.350001270197076497e-01 -2.300031383753134318e+00 3.584715017243877977e-01
6.360001272197386424e-01 -2.309936506422331171e+00 3.820387873249094790e-01
6.370001274197697461e-01 -2.319578361795829213e+00 4.056555439416243969e-01
6.380001276198008497e-01 -2.328956881249506505e+00 4.293193949105191809e-01
6.390001278198319534e-01 -2.338072030080612596e+00 4.530279927565171172e-01
6.400001280198630571e-01 -2.346923806883668195e+00 4.767790191496114605e-01
6.410001282198941608e-01 -2.355512242931730782e+00 5.005701848531682874e-01
6.420001284199252645e-01 -2.363837401563088747e+00 5.243992296646493578e-01
6.430001286199563681e-01 -2.371899377573453815e+00 5.482639223490275437e-01
6.440001288199874718e-01 -2.379698296613720121e+00 5.721620605651730473e-01
6.450001290200185755e-01 -2.387234314593314810e+00 5.960914707850737404e-01
6.460001292200496792e-01 -2.394507617089231655e+00 6.200500082066813246e-01
6.470001294200806718e-01 -2.401518418760762330e+00 6.440355566602791182e-01
6.480001296201117755e-01 -2.408266962769988861e+00 6.680460285086607941e-01
6.490001298201428792e-01 -2.414753520208052340e+00 6.920793645412982587e-01
6.500001300201739829e-01 -2.420978389527260966e+00 7.161335338627665692e-01
6.510001302202050866e-01 -2.426941895979051189e+00 7.402065337755949770e-01
6.520001304202361903e-01 -2.432644391057833033e+00 7.642963896577574801e-01
6.530001306202672939e-01 -2.438086251950752903e+00 7.884011548350017273e-01
6.540001308202983976e-01 -2.443267880993388097e+00 8.125189104482137825e-01
6.550001310203295013e-01 -2.448189705131389005e+00 8.366477653160006023e-01
6.560001312203606050e-01 -2.452852175388097411e+00 8.607858557926806320e-01
6.570001314203915976e-01 -2.457255766338140468e+00 8.849313456218672602e-01
6.580001316204227013e-01 -2.461400975587023865e+00 9.090824257860029567e-01
6.590001318204538050e-01 -2.465288323256699776e+00 9.332373143521034420e-01
6.600001320204849087e-01 -2.468918351477169093e+00 9.573942563121319305e-01
6.610001322205160124e-01 -2.472291623884070866e+00 9.815515234210945295e-01
6.620001324205471160e-01 -2.475408725122286491e+00 1.005707414031239200e+00
6.630001326205782197e-01 -2.478270260355548871e+00 1.029860252922786490e+00
6.640001328206093234e-01 -2.480876854782036123e+00 1.054008391131443956e+00
6.650001330206404271e-01 -2.483229153155966706e+00 1.078150205772800296e+00
6.660001332206715308e-01 -2.485327819315174658e+00 1.102284099863795941e+00
6.670001334207026344e-01 -2.487173535714653383e+00 1.126408502141393875e+00
6.680001336207336271e-01 -2.488767002966055131e+00 1.150521866878584154e+00
6.690001338207647308e-01 -2.490108939383137709e+00 1.174622673697893971e+00
6.700001340207958345e-01 -2.491200080533125583e+00 1.198709427382481651e+00
6.710001342208269381e-01 -2.492041178793991119e+00 1.222780657685005545e+00
6.720001344208580418e-01 -2.492633002917605811e+00 1.246834919134358399e+00
6.730001346208891455e-01 -2.492976337598770797e+00 1.270870790840403552e+00
6.740001348209202492e-01 -2.493071983050071161e+00 1.294886876296833522e+00
6.750001350209513529e-01 -2.492920754582558907e+00 1.318881803182264667e+00
6.760001352209824566e-01 -2.492523482192214868e+00 1.342854223159703597e+00
6.770001354210135602e-01 -2.491881010152177556e+00 1.366802811674466378e+00
6.780001356210446639e-01 -2.490994196610694544e+00 1.390726267750681089e+00
6.790001358210756566e-01 -2.489863913194759526e+00 1.414623313789849401e+00
6.800001360211067603e-01 -2.488491044619395076e+00 1.438492695363505769e+00
6.810001362211378639e-01 -2.486876488302623756e+00 1.462333181001191251e+00
6.820001364211689676e-01 -2.485021153986044062e+00 1.486143561985586059e+00
6.830001366212000713e-01 -2.482925963360957944e+00 1.509922652143507849e+00
6.840001368212311750e-01 -2.480591849700024110e+00 1.533669287636079792e+00
6.850001370212622787e-01 -2.478019757494406505e+00 1.557382326748172563e+00
6.860001372212933823e-01 -2.475210642096381530e+00 1.581060649677213048e+00
6.870001374213244860e-01 -2.472165469367356483e+00 1.604703158321424183e+00
6.880001376213555897e-01 -2.468885215331272587e+00 1.628308776067606045e+00
6.890001378213866934e-01 -2.465370865833339753e+00 1.651876447578510820e+00
6.900001380214176860e-01 -2.461623416204072878e+00 1.675405138579914910e+00
6.910001382214487897e-01 -2.457643870928579943e+00 1.698893835647458550e+00
6.920001384214798934e-01 -2.453433243321067270e+00 1.722341545993290923e+00
6.930001386215109971e-01 -2.448992555204516197e+00 1.745747297252655539e+00
6.940001388215421008e-01 -2.444322836595473447e+00 1.769110137270438754e+00
6.950001390215732044e-01 -2.439425125393946736e+00 1.792429133887753823e+00
6.960001392216043081e-01 -2.434300467078321706e+00 1.815703374728640851e+00
6.970001394216354118e-01 -2.428949914405281518e+00 1.838931966986933952e+00
6.980001396216665155e-01 -2.423374527114674493e+00 1.862114037213358442e+00
6.990001398216976192e-01 -2.417575371639280490e+00 1.885248731103493780e+00
7.000001400217287229e-01 -2.411553520819381458e+00 1.908335213294528154e+00
7.010001402217597155e-01 -2.405310053622162325e+00 1.931372667140552224e+00
7.020001404217908192e-01 -2.398846054865945376e+00 1.954360294502245576e+00
7.030001406218219229e-01 -2.392162614949127075e+00 1.977297315538861122e+00
7.040001408218530266e-01 -2.385260829583756514e+00 2.000182968497973057e+00
7.050001410218841302e-01 -2.378141799533748380e+00 2.023016509505808358e+00
7.060001412219152339e-01 -2.370806630357668698e+00 2.045797212358236639e+00
7.070001414219463376e-01 -2.363256432156048970e+00 2.068524368312469885e+00
7.080001416219774413e-01 -2.355492319323180705e+00 2.091197285879480727e+00
7.090001418220085450e-01 -2.347515410303343764e+00 2.113815290617228282e+00
7.100001420220396486e-01 -2.339326827351423166e+00 2.136377724924690025e+00
7.110001422220706413e-01 -2.330927696297852680e+00 2.158883947836757855e+00
7.120001424221017450e-01 -2.322319146317866068e+00 2.181333334820042769e+00
7.130001426221328487e-01 -2.313502309704972948e+00 2.203725277569589469e+00
7.140001428221639523e-01 -2.304478321648640637e+00 2.226059183806574193e+00
7.150001430221950560e-01 -2.295248320016113119e+00 2.248334477076999960e+00
7.160001432222261597e-01 -2.285813445138335620e+00 2.270550596551415001e+00
7.170001434222572634e-01 -2.276174839599921729e+00 2.292706996825690346e+00
7.180001436222883671e-01 -2.266333648033131976e+00 2.314803147722888976e+00
7.190001438223194707e-01 -2.256291016915799474e+00 2.336838534096256303e+00
7.200001440223505744e-01 -2.246048094373148452e+00 2.358812655637109845e+00
7.210001442223816781e-01 -2.235606029983405296e+00 2.380725026688363055e+00
7.220001444224126708e-01 -2.224965974587284290e+00 2.402575176030054660e+00
7.230001446224437744e-01 -2.214129080101309821e+00 2.424362646695820800e+00
7.240001448224748781e-01 -2.203096499334813441e+00 2.446086995782974061e+00
7.250001450225059818e-01 -2.191869385810583992e+00 2.467747794262795669e+00
7.260001452225370855e-01 -2.180448893589141068e+00 2.489344626792079129e+00
7.270001454225681892e-01 -2.168836177096596263e+00 2.510877091525986593e+00
7.280001456225992928e-01 -2.157032390956038714e+00 2.532344799932219725e+00
7.290001458226303965e-01 -2.145038689822409417e+00 2.553747376606512631e+00
7.300001460226615002e-01 -2.132856228220814110e+00 2.575084459089473476e+00
7.310001462226926039e-01 -2.120486160388230790e+00 2.596355697684795238e+00
7.320001464227237076e-01 -2.107929640118566095e+00 2.617560755278820483e+00
7.330001466227547002e-01 -2.095187820611021046e+00 2.638699307161519236e+00
7.340001468227858039e-01 -2.082261854321702188e+00 2.659771040848843970e+00
7.350001470228169076e-01 -2.069152892818468370e+00 2.680775655906492805e+00
7.360001472228480113e-01 -2.055862086638931885e+00 2.701712863775115547e+00
7.370001474228791150e-01 -2.042390585151590443e+00 2.722582387596917286e+00
7.380001476229102186e-01 -2.028739536420050449e+00 2.743383962043722590e+00
7.390001478229413223e-01 -2.014910087070279410e+00 2.764117333146472344e+00
7.400001480229724260e-01 -2.000903382160860389e+00 2.784782258126169641e+00
7.410001482230035297e-01 -1.986720565056152576e+00 2.805378505236828968e+00
7.420001484230346334e-01 -1.972362777302325121e+00 2.825905853593563943e+00
7.430001486230657370e-01 -1.957831158506368574e+00 2.846364092994698503e+00
7.440001488230967297e-01 -1.943126846217956505e+00 2.866753023768113362e+00
7.450001490231278334e-01 -1.928250975814031820e+00 2.887072456609626414e+00
7.460001492231589371e-01 -1.913204680386164647e+00 2.907322212422884800e+00
7.470001494231900407e-01 -1.897989090630587183e+00 2.927502122160742015e+00
7.480001496232211444e-01 -1.882605334740906189e+00 2.947612026668120055e+00
7.490001498232522481e-01 -1.867054538303439148e+00 2.967651776526378349e+00
7.500001500232833518e-01 -1.851337824195135040e+00 2.987621231899159735e+00
7.510001502233144555e-01 -1.835456312484041730e+00 3.007520262379757892e+00
7.520001504233455591e-01 -1.819411120332271592e+00 3.027348746839948923e+00
7.530001506233766628e-01 -1.803203361901450918e+00 3.047106573280340847e+00
7.540001508234076555e-01 -1.786834148260585842e+00 3.066793638682208112e+00
7.550001510234387592e-01 -1.770304587296321452e+00 3.086409848860826699e+00
7.560001512234698628e-01 -1.753615783625567914e+00 3.105955118320280484e+00
7.570001514235009665e-01 -1.736768838510434732e+00 3.125429370109786831e+00
7.580001516235320702e-01 -1.719764849775443416e+00 3.144832535681476582e+00
7.590001518235631739e-01 -1.702604911726989689e+00 3.164164554749679503e+00
7.600001520235942776e-01 -1.685290115075023687e+00 3.183425375151675230e+00
7.610001522236253813e-01 -1.667821546856876225e+00 3.202614952711100749e+00
7.620001524236564849e-01 -1.650200290363157185e+00 3.221733251117141261e+00
7.630001526236875886e-01 -1.632427425065781312e+00 3.240780241766429537e+00
7.640001528237186923e-01 -1.614504026548178706e+00 3.259755903632638674e+00
7.650001530237496850e-01 -1.596431166437499050e+00 3.278660223139329144e+00
7.660001532237807886e-01 -1.578209912338784271e+00 3.297493194029615271e+00
7.670001534238118923e-01 -1.559841327771126274e+00 3.316254817237252350e+00
7.680001536238429960e-01 -1.541326472105740253e+00 3.334945100759191039e+00
7.690001538238740997e-01 -1.522666400505947815e+00 3.353564059529577701e+00
7.700001540239052034e-01 -1.503862163869029933e+00 3.372111715295164736e+00
7.710001542239363070e-01 -1.484914808769913330e+00 3.390588096492174852e+00
7.720001544239674107e-01 -1.465825377406668073e+00 3.408993238124568226e+00
7.730001546239985144e-01 -1.446594907547776199e+00 3.427327181643726295e+00
7.740001548240296181e-01 -1.427224432481147165e+00 3.445589974829551316e+00
7.750001550240607218e-01 -1.407714980964844820e+00 3.463781671672951035e+00
7.760001552240917144e-01 -1.388067577179503020e+00 3.481902332259721788e+00
7.770001554241228181e-01 -1.368283240682383939e+00 3.499952022655813622e+00
7.780001556241539218e-01 -1.348362986363080385e+00 3.517930814793967631e+00
7.790001558241850255e-01 -1.328307824400799975e+00 3.535838786361713559e+00
7.800001560242161291e-01 -1.308118760223219601e+00 3.553676020690737403e+00
7.810001562242472328e-01 -1.287796794466883776e+00 3.571442606647586171e+00
7.820001564242783365e-01 -1.267342922939084016e+00 3.589138638530866565e+00
7.830001566243094402e-01 -1.246758136581145315e+00 3.606764215974070709e+00
7.840001568243405439e-01 -1.226043421433256286e+00 3.624319443813991182e+00
7.850001570243716476e-01 -1.205199758600811411e+00 3.641804431998258540e+00
7.860001572244027512e-01 -1.184228124222093781e+00 3.659219295483934431e+00
7.870001574244337439e-01 -1.163129489437321862e+00 3.676564154136241491e+00
7.880001576244648476e-01 -1.141904820359044725e+00 3.693839132628574440e+00
7.890001578244959513e-01 -1.120555078043882657e+00 3.711044360343763948e+00
7.900001580245270549e-01 -1.099081218465544740e+00 3.728179971276649241e+00
7.910001582245581586e-01 -1.077484192489137405e+00 3.745246103937909687e+00
7.920001584245892623e-01 -1.055764945846719094e+00 3.762242901259098105e+00
7.930001586246203660e-01 -1.033924419114087279e+00 3.779170510498981006e+00
7.940001588246514697e-01 -1.011963547688764287e+00 3.796029083151069905e+00
7.950001590246825733e-01 -9.898832617691711855e-01 3.812818774852376524e+00
7.960001592247136770e-01 -9.676844863349503001e-01 3.829539745293394581e+00
7.970001594247447807e-01 -9.453681411284322600e-01 3.846192158129271732e+00
7.980001596247757734e-01 -9.229351406372117150e-01 3.862776180892159683e+00
7.990001598248068770e-01 -9.003863940778051855e-01 3.879291984904776669e+00
8.000001600248379807e-01 -8.777228053803994845e-01 3.895739745195105463e+00
8.010001602248690844e-01 -8.549452731746276513e-01 3.912119640412261123e+00
8.020001604249001881e-01 -8.320546907763785027e-01 3.928431852743520913e+00
8.030001606249312918e-01 -8.090519461755486530e-01 3.944676567844210169e+00
8.040001608249623954e-01 -7.859379220247552089e-01 3.960853974749143358e+00
8.050001610249934991e-01 -7.627134956291261592e-01 3.976964265780361885e+00
8.060001612250246028e-01 -7.393795389370498850e-01 3.993007636478400624e+00
8.070001614250557065e-01 -7.159369185317984163e-01 4.008984285524991975e+00
8.080001616250866991e-01 -6.923864956240585178e-01 4.024894414666838394e+00
8.090001618251178028e-01 -6.687291260453340769e-01 4.040738228640492480e+00
8.100001620251489065e-01 -6.449656602422432217e-01 4.056515935098289560e+00
8.110001622251800102e-01 -6.210969432716360039e-01 4.072227744535335425e+00
8.120001624252111139e-01 -5.971238147965568510e-01 4.087873870217564765e+00
8.130001626252422176e-01 -5.730471090830168146e-01 4.103454528110821009e+00
8.140001628252733212e-01 -5.488676549975596286e-01 4.118969936810958465e+00
8.150001630253044249e-01 -5.245862760056059226e-01 4.134420317474981843e+00
8.160001632253355286e-01 -5.002037901705559397e-01 4.149805893753161889e+00
8.170001634253666323e-01 -4.757210101536390456e-01 4.165126891722196412e+00
8.180001636253977360e-01 -4.511387432144849385e-01 4.180383539819295891e+00
8.190001638254287286e-01 -4.264577912124113412e-01 4.195576068777290502e+00
8.200001640254598323e-01 -4.016789506083944805e-01 4.210704711560686597e+00
8.210001642254909360e-01 -3.768030124677396175e-01 4.225769703302677982e+00
8.220001644255220397e-01 -3.518307624633910669e-01 4.240771281243088886e+00
8.230001646255531433e-01 -3.267629808798972468e-01 4.255709684668510739e+00
8.240001648255842470e-01 -3.016004426179174636e-01 4.270585154866259003e+00
8.250001650256153507e-01 -2.763439171993903321e-01 4.285397935042934314e+00
8.260001652256464544e-01 -2.509941687734080218e-01 4.300148270269659179e+00
8.270001654256775581e-01 -2.255519561226384528e-01 4.314836407428708220e+00
8.280001656257086617e-01 -2.000180326702975242e-01 4.329462595157011151e+00
8.290001658257397654e-01 -1.743931464876826987e-01 4.344027083790495070e+00
8.300001660257707581e-01 -1.486780403022543717e-01 4.358530125309366454e+00
8.310001662258018618e-01 -1.228734515062362420e-01 4.372971973284164093e+00
8.320001664258329654e-01 -9.698011216576371551e-02 4.387352882822733058e+00
8.330001666258640691e-01 -7.099874903050992780e-02 4.401673110517988263e+00
8.340001668258951728e-01 -4.493008354381999858e-02 4.415932914396544895e+00
8.350001670259262765e-01 -1.877483185332311580e-02 4.430132553868125100e+00
8.360001672259573802e-01 7.466295177985866026e-03 4.444272289675819110e+00
8.370001674259884838e-01 3.379259196020913125e-02 4.458352383847104861e+00
8.380001676260195875e-01 6.020335816456335448e-02 4.472373099645703398e+00
8.390001678260506912e-01 8.669789871096368616e-02 4.486334701524152813e+00
8.400001680260817949e-01 1.132755237551879707e-01 4.500237455077224169e+00
8.410001682261127876e-01 1.399355486756261591e-01 4.514081626996039986e+00
8.420001684261438912e-01 1.666772940596460140e-01 4.527867485022988525e+00
8.430001686261749949e-01 1.935000856895412735e-01 4.541595297907330853e+00
8.440001688262060986e-01 2.204032545281603972e-01 4.555265335366590840e+00
8.450001690262372023e-01 2.473861367042255177e-01 4.568877868051231417e+00
8.460001692262683060e-01 2.744480734972109537e-01 4.582433167478947134e+00
8.470001694262994096e-01 3.015884113218006979e-01 4.595931506003974931e+00
8.480001696263305133e-01 3.288065017120762601e-01 4.609373156777296643e+00
8.490001698263616170e-01 3.561017013053842661e-01 4.622758393706627444e+00
8.500001700263927207e-01 3.834733718258880319e-01 4.636087491417091755e+00
8.510001702264238244e-01 4.109208800678139650e-01 4.649360725212543066e+00
8.520001704264548170e-01 4.384435978783949861e-01 4.662578371037586322e+00
8.530001706264859207e-01 4.660409021405438335e-01 4.675740705440225575e+00
8.540001708265170244e-01 4.937121747552168372e-01 4.688848005535181329e+00
8.550001710265481281e-01 5.214568026235351095e-01 4.701900548967844706e+00
8.560001712265792317e-01 5.492741776286327315e-01 4.714898613878863110e+00
8.570001714266103354e-01 5.771636966172527528e-01 4.727842478869353826e+00
8.580001716266414391e-01 6.051247613810977199e-01 4.740732422966723369e+00
8.590001718266725428e-01 6.331567786379459495e-01 4.753568725591104105e+00
8.600001720267036465e-01 6.612591600125378166e-01 4.766351666522385067e+00
8.610001722267347501e-01 6.894313220172392231e-01 4.779081525867844071e+00
8.620001724267657428e-01 7.176726860324947888e-01 4.791758584030340273e+00
8.630001726267968465e-01 7.459826782870834228e-01 4.804383121677118673e+00
8.640001728268279502e-01 7.743607298381490756e-01 4.816955419709144870e+00
8.650001730268590538e-01 8.028062765510727283e-01 4.829475759231022458e+00
8.660001732268901575e-01 8.313187590792179282e-01 4.841944421534541299e+00
8.670001734269212612e-01 8.598976228435575297e-01 4.854361688064664726e+00
8.680001736269523649e-01 8.885423180119748077e-01 4.866727840369946989e+00
8.690001738269834686e-01 9.172522994783622874e-01 4.879043160088695430e+00
8.700001740270145723e-01 9.460270268416401951e-01 4.891307928921716730e+00
8.710001742270456759e-01 9.748659643846323553e-01 4.903522428605527672e+00
8.720001744270767796e-01 1.003768581052799647e+00 4.915686940886069500e+00
8.730001746271077723e-01 1.032734350432826576e+00 4.927801747492956075e+00
8.740001748271388760e-01 1.061762750731103822e+00 4.939867130114180327e+00
8.750001750271699796e-01 1.090853264752049023e+00 4.951883370371342963e+00
8.760001752272010833e-01 1.120005379876338969e+00 4.963850749795362560e+00
8.770001754272321870e-01 1.149218588039019329e+00 4.975769549802632419e+00
8.780001756272632907e-01 1.178492385707506251e+00 4.987640051671714758e+00
8.790001758272943944e-01 1.207826273859487376e+00 4.999462536520407063e+00
8.800001760273254980e-01 1.237219757960727362e+00 5.011237285283352882e+00
8.810001762273566017e-01 1.266672347942781940e+00 5.022964578690033655e+00
8.820001764273877054e-01 1.296183558180629136e+00 5.034644697243272127e+00
8.830001766274188091e-01 1.325752907470212349e+00 5.046277921198107919e+00
8.840001768274498017e-01 1.355379919005914147e+00 5.057864530541150039e+00
8.850001770274809054e-01 1.385064120357968998e+00 5.069404804970326417e+00
8.860001772275120091e-01 1.414805043449778310e+00 5.080899023875074860e+00
8.870001774275431128e-01 1.444602224535202373e+00 5.092347466317256099e+00
8.880001776275742165e-01 1.474455204175850520e+00 5.103750411024699396e+00
8.890001778276053201e-01 1.504363527218310015e+00 5.115108136356938395e+00
8.900001780276364238e-01 1.534326742771221275e+00 5.126420920284835425e+00
8.910001782276675275e-01 1.564344404182324455e+00 5.137689040378420557e+00
8.920001784276986312e-01 1.594416069015506476e+00 5.148912773789543706e+00
8.930001786277297349e-01 1.624541299027807195e+00 5.160092397234862460e+00
8.940001788277608386e-01 1.654719660146399596e+00 5.171228186979215380e+00
8.950001790277918312e-01 1.684950722445534899e+00 5.182320418819385210e+00
8.960001792278229349e-01 1.715234060123487891e+00 5.193369368068193381e+00
8.970001794278540386e-01 1.745569251479441419e+00 5.204375309538961325e+00
8.980001796278851423e-01 1.775955878890397743e+00 5.215338517530350160e+00
8.990001798279162459e-01 1.806393528788050151e+00 5.226259265811494359e+00
9.000001800279473496e-01 1.836881791635659900e+00 5.237137827607532437e+00
9.010001802279784533e-01 1.867420261904922940e+00 5.247974475585419185e+00
9.020001804280095570e-01 1.898008538052830652e+00 5.258769481840123383e+00
9.030001806280406607e-01 1.928646222498539675e+00 5.269523117881107943e+00
9.040001808280717643e-01 1.959332921600240196e+00 5.280235654619136909e+00
9.050001810281027570e-01 1.990068245632032662e+00 5.290907362353410193e+00
9.060001812281338607e-01 2.020851808760826263e+00 5.301538510759018052e+00
9.070001814281649644e-01 2.051683229023219646e+00 5.312129368874662916e+00
9.080001816281960680e-01 2.082562128302432480e+00 5.322680205090699168e+00
9.090001818282271717e-01 2.113488132305253675e+00 5.333191287139523062e+00
9.100001820282582754e-01 2.144460870539111053e+00 5.343662882097404143e+00
9.110001822282893791e-01 2.175479976289103945e+00 5.354095256349293841e+00
9.120001824283204828e-01 2.206545086594945193e+00 5.364488675584603072e+00
9.130001826283515864e-01 2.237655842227988412e+00 5.374843404789741541e+00
9.140001828283826901e-01 2.268811887668312544e+00 5.385159708237925003e+00
9.150001830284137938e-01 2.300012871081843713e+00 5.395437849479264081e+00
9.160001832284447865e-01 2.331258444297504173e+00 5.405678091331105328e+00
9.170001834284758901e-01 2.362548262784428754e+00 5.415880695868646733e+00
9.180001836285069938e-01 2.393881985629175979e+00 5.426045924415785038e+00
9.190001838285380975e-01 2.425259275513031110e+00 5.436174037536258830e+00
9.200001840285692012e-01 2.456679798689332284e+00 5.446265295025004782e+00
9.210001842286003049e-01 2.488143224960843281e+00 5.456319955899764373e+00
9.220001844286314086e-01 2.519649227657187573e+00 5.466338278392948169e+00
9.230001846286625122e-01 2.551197483612330341e+00 5.476320519943734588e+00
9.240001848286936159e-01 2.582787673142107554e+00 5.486266937190364956e+00
9.250001850287247196e-01 2.614419480021825670e+00 5.496177785962737872e+00
9.260001852287558233e-01 2.646092591463903965e+00 5.506053321275140355e+00
9.270001854287868159e-01 2.677806698095583915e+00 5.515893797319283642e+00
9.280001856288179196e-01 2.709561493936714971e+00 5.525699467457502401e+00
9.290001858288490233e-01 2.741356676377558976e+00 5.535470584216192869e+00
9.300001860288801270e-01 2.773191946156711385e+00 5.545207399279441951e+00
9.310001862289112307e-01 2.805067007339076213e+00 5.554910163486486141e+00
9.320001864289423343e-01 2.836981567293987982e+00 5.564579126831064926e+00
9.330001866289734380e-01 2.868935336673328340e+00 5.574214538438861943e+00
9.340001868290045417e-01 2.900928029389637341e+00 5.583816646569680131e+00
9.350001870290356454e-01 2.932959362594364627e+00 5.593385698612820534e+00
9.360001872290667491e-01 2.965029056656198758e+00 5.602921941081930868e+00
9.370001874290978527e-01 2.997136835139458277e+00 5.612425619610075245e+00
9.380001876291288454e-01 3.029282424782576477e+00 5.621896978944973533e+00
9.390001878291599491e-01 3.061465555476661216e+00 5.631336262944414806e+00
9.400001880291910528e-01 3.093685960244112465e+00 5.640743714571877732e+00
9.410001882292221564e-01 3.125943375217342890e+00 5.650119575892293966e+00
9.420001884292532601e-01 3.158237539617574807e+00 5.659464088067992726e+00
9.430001886292843638e-01 3.190568195733710866e+00 5.668777491354823894e+00
9.440001888293154675e-01 3.222935088901295764e+00 5.678060025098445429e+00
9.450001890293465712e-01 3.255337967481555239e+00 5.687311927730744010e+00
9.460001892293776748e-01 3.287776582840525208e+00 5.696533436766456404e+00
9.470001894294087785e-01 3.320250689328260396e+00 5.705724788799930280e+00
9.480001896294398822e-01 3.352760044258139338e+00 5.714886219502017362e+00
9.490001898294708749e-01 3.385304407886236877e+00 5.724017963617156646e+00
9.500001900295019786e-01 3.417883543390821011e+00 5.733120254960576645e+00
9.510001902295330822e-01 3.450497216851883930e+00 5.742193326415642396e+00
9.520001904295641859e-01 3.483145197230812062e+00 5.751237409931371225e+00
9.530001906295952896e-01 3.515827256350173791e+00 5.760252736526354944e+00
9.540001908296263933e-01 3.548543168873638631e+00 5.769239536283945036e+00
9.550001910296574970e-01 3.581292712285891522e+00 5.778198038340195630e+00
9.560001912296886006e-01 3.614075666872604398e+00 5.787128470888621479e+00
9.570001914297197043e-01 3.646891815700562312e+00 5.796031061178425148e+00
9.580001916297508080e-01 3.679740944597867269e+00 5.804906035512835238e+00
9.590001918297818007e-01 3.712622842134244205e+00 5.813753619247578719e+00
9.600001920298129043e-01 3.745537299601478853e+00 5.822574036789458063e+00
9.610001922298440080e-01 3.778484110993874712e+00 5.831367511595055397e+00
9.620001924298751117e-01 3.811463072988864997e+00 5.840134266169575206e+00
9.630001926299062154e-01 3.844473984927724519e+00 5.848874522065767856e+00
9.640001928299373191e-01 3.877516648796336618e+00 5.857588499883007671e+00
9.650001930299684227e-01 3.910590869206076903e+00 5.866276419266436726e+00
9.660001932299995264e-01 3.943696453374823108e+00 5.874938498906265849e+00
9.670001934300306301e-01 3.976833211108020905e+00 5.883574956537152900e+00
9.680001936300617338e-01 4.010000954779860294e+00 5.892186008937691177e+00
9.690001938300928375e-01 4.043199499314568790e+00 5.900771871930004409e+00
9.700001940301238301e-01 4.076428662167763228e+00 5.909332760379443883e+00
9.710001942301549338e-01 4.109688263307972989e+00 5.917868888194389498e+00
9.720001944301860375e-01 4.142978125198146344e+00 5.926380468326126305e+00
9.730001946302171412e-01 4.176298072777371750e+00 5.934867712768850723e+00
9.740001948302482448e-01 4.209647933442633772e+00 5.943330832559931665e+00
9.750001950302793485e-01 4.243027537030753749e+00 5.951770037787421863e+00
9.760001952303104522e-01 4.276436715800449484e+00 5.960185537581029536e+00
9.770001954303415559e-01 4.309875304414383379e+00 5.968577540111313695e+00
9.780001956303726596e-01 4.343343139921285179e+00 5.976946252593410058e+00
9.790001958304037633e-01 4.376840061738256793e+00 5.985291881287555071e+00
9.800001960304348669e-01 4.410365911633161495e+00 5.993614631499752043e+00
9.810001962304658596e-01 4.443920533707094833e+00 6.001914707582453268e+00
9.820001964304969633e-01 4.477503774377007417e+00 6.010192312935347836e+00
9.830001966305280670e-01 4.511115482358352580e+00 6.018447650006242711e+00
9.840001968305591706e-01 4.544755508647914333e+00 6.026680920291984656e+00
9.850001970305902743e-01 4.578423706506688617e+00 6.034892324339511838e+00
9.860001972306213780e-01 4.612119931442878240e+00 6.043082061746900990e+00
9.870001974306524817e-01 4.645844041194994389e+00 6.051250331164553131e+00
9.880001976306835854e-01 4.679595895715063847e+00 6.059397330296417472e+00
9.890001978307146890e-01 4.713375357151909917e+00 6.067523255901273949e+00
9.900001980307457927e-01 4.747182289834566582e+00 6.075628303794127660e+00
9.910001982307768964e-01 4.781016560255787695e+00 6.083712668847601535e+00
9.920001984308078891e-01 4.814878037055636995e+00 6.091776544993440012e+00
9.930001986308389927e-01 4.848766591005210458e+00 6.099820125224073131e+00
9.940001988308700964e-01 4.882682094990407506e+00 6.107843601594210803e+00
9.950001990309012001e-01 4.916624423995858528e+00 6.115847165222532134e+00
9.955001991309166964e-01 4.933605609383794999e+00 6.119841539225214788e+00
9.960001992309323038e-01 4.950593455088843520e+00 6.123831006293711354e+00
9.965001993309479111e-01 4.967587946067292926e+00 6.127815590046869154e+00
9.970001994309634075e-01 4.984589067403436324e+00 6.131795314062912894e+00
9.975001995309789038e-01 5.001596804309549782e+00 6.135770201845411442e+00
9.977501995809867630e-01 5.010103149014775603e+00 6.137755839482983866e+00
9.980001996309945111e-01 5.018611142124730584e+00 6.139740276855500944e+00
9.982501996810022593e-01 5.027120781826623030e+00 6.141723516882106715e+00
9.985001997310101185e-01 5.035632066315311128e+00 6.143705562482265847e+00
9.987501997810178667e-01 5.044144993793780785e+00 6.145686416574031696e+00
9.988751998060216852e-01 5.048402073094846898e+00 6.146676397714522899e+00
9.990001998310256148e-01 5.052659562473138521e+00 6.147666082069481064e+00
9.991001798479230978e-01 5.056065167692696427e+00 6.148457457799234582e+00
9.992001598648205807e-01 5.059471035000766115e+00 6.149248644080024917e+00
9.993001398817178416e-01 5.062877164283931641e+00 6.150039641097849952e+00
9.994001198986153245e-01 5.066283555428997332e+00 6.150830449038561909e+00
9.995000999155128074e-01 5.069690208322966463e+00 6.151621068087859356e+00
9.995500899239615489e-01 5.071393632890538683e+00 6.152016306836212145e+00
9.996000799324102903e-01 5.073097122853054586e+00 6.152411498431275660e+00
9.996500699408590318e-01 5.074800678196453418e+00 6.152806642896215372e+00
9.997000599493076622e-01 5.076504298906676205e+00 6.153201740254198526e+00
9.997500499577564037e-01 5.078207984969694166e+00 6.153596790528364835e+00
9.997750449619807744e-01 5.079059852504116179e+00 6.153794298016250330e+00
9.998000399662051452e-01 5.079911736371477637e+00 6.153991793741861116e+00
9.998250349704295159e-01 5.080763636570025277e+00 6.154189277708083772e+00
9.998500299746537756e-01 5.081615553098010274e+00 6.154386749917813759e+00
9.998750249788781463e-01 5.082467485953684694e+00 6.154584210373934106e+00
9.998875224809903317e-01 5.082893458503859208e+00 6.154682936195295717e+00
9.999000199831025171e-01 5.083319435135298825e+00 6.154781659079340272e+00
9.999100179847922876e-01 5.083660219378816514e+00 6.154860635271952596e+00
9.999200159864820581e-01 5.084001006234093900e+00 6.154939609585095006e+00
9.999300139881717175e-01 5.084341795701011968e+00 6.155018582018950468e+00
9.999400119898614880e-01 5.084682587779469465e+00 6.155097552573709940e+00
9.999500099915512585e-01 5.085023382469352704e+00 6.155176521249558164e+00
9.999550089923960883e-01 5.085193780793539453e+00 6.155216004882950287e+00
9.999600079932410290e-01 5.085364179770546222e+00 6.155255488046676327e+00
9.999650069940859698e-01 5.085534579400351696e+00 6.155294970740772698e+00
9.999700059949307995e-01 5.085704979682939886e+00 6.155334452965250946e+00
9.999750049957756293e-01 5.085875380618297470e+00 6.155373934720142159e+00
9.999775044961980441e-01 5.085960581330763119e+00 6.155393675421501065e+00
9.999800039966204590e-01 5.086045782206414678e+00 6.155413416005471205e+00
9.999825034970428739e-01 5.086130983245250370e+00 6.155433156472051692e+00
9.999850029974652887e-01 5.086216184447275523e+00 6.155452896821248743e+00
9.999875024978877036e-01 5.086301385812483034e+00 6.155472637053071239e+00
9.999887522480990221e-01 5.086343986556280505e+00 6.155482507124963476e+00
9.999900019983102295e-01 5.086386587340872012e+00 6.155492377167510298e+00
9.999910017984792177e-01 5.086420667997916922e+00 6.155500273180424919e+00
9.999920015986483168e-01 5.086454748681076055e+00 6.155508169174554567e+00
9.999930013988171940e-01 5.086488829390335198e+00 6.155516065149909011e+00
9.999940011989861821e-01 5.086522910125704122e+00 6.155523961106482034e+00
9.999950009991551703e-01 5.086556990887183716e+00 6.155531857044277189e+00
9.999955008992396088e-01 5.086574031277710795e+00 6.155535805006134176e+00
9.999960007993240474e-01 5.086591071674765985e+00 6.155539752963290034e+00
9.999965006994085970e-01 5.086608112078351951e+00 6.155543700915757199e+00
9.999970005994931466e-01 5.086625152488465140e+00 6.155547648863525012e+00
9.999975004995775851e-01 5.086642192905099336e+00 6.155551596806604131e+00
9.999977504496198044e-01 5.086650713115865585e+00 6.155553570776379324e+00
9.999980003996620237e-01 5.086659233328265195e+00 6.155555544744984786e+00
9.999982503497042430e-01 5.086667753542294612e+00 6.155557518712413412e+00
9.999985002997464623e-01 5.086676273757953837e+00 6.155559492678669642e+00
9.999987502497886815e-01 5.086684793975247310e+00 6.155561466643749036e+00
9.999988752248099022e-01 5.086689054084508221e+00 6.155562453625854857e+00
9.999990001998310118e-01 5.086693314194174143e+00 6.155563440607662251e+00
9.999991001798479440e-01 5.086696722282204597e+00 6.155564230192898556e+00
9.999992001598647651e-01 5.086700130370486406e+00 6.155565019777943014e+00
9.999993001398816972e-01 5.086703538459040885e+00 6.155565809362803620e+00
9.999994001198986293e-01 5.086706946547850272e+00 6.155566598947475931e+00
9.999995000999155614e-01 5.086710354636921672e+00 6.155567388531960837e+00
9.999995500899239165e-01 5.086712058681553295e+00 6.155567783324130460e+00
9.999996000799323825e-01 5.086713762726253307e+00 6.155568178116257450e+00
9.999996500699408486e-01 5.086715466771015492e+00 6.155568572908331149e+00
9.999997000599493147e-01 5.086717170815845179e+00 6.155568967700363103e+00
9.999997500499577807e-01 5.086718874860743256e+00 6.155569362492348873e+00
9.999997750449619582e-01 5.086719726883211834e+00 6.155569559888321329e+00
9.999998000399661358e-01 5.086720578905697288e+00 6.155569757284287569e+00
9.999998250349704243e-01 5.086721430928204057e+00 6.155569954680236044e+00
9.999998500299746018e-01 5.086722282950722374e+00 6.155570152076177415e+00
9.999998750249788904e-01 5.086723134973261118e+00 6.155570349472101022e+00
9.999998875224809236e-01 5.086723560984532710e+00 6.155570448170055720e+00
9.999999000199830679e-01 5.086723986995814073e+00 6.155570546868013970e+00
9.999999143028426296e-01 5.086724473865851692e+00 6.155570659665678512e+00
9.999999285857021913e-01 5.086724960735895529e+00 6.155570772463333284e+00
9.999999428685617531e-01 5.086725447605942918e+00 6.155570885260987168e+00
9.999999571514213148e-01 5.086725934475997413e+00 6.155570998058634835e+00
9.999999714342808765e-01 5.086726421346056348e+00 6.155571110856278949e+00
9.999999857171404383e-01 5.086726908216117948e+00 6.155571223653922175e+00
1.000000000000000000e+00 5.086727395086190207e+00 6.155571336451562736e+00
