# -17 3 0.495989865354 0.000100292295998
# x xi_r xi_h
1.000000200031036027e-03 -8.122464922219398142e-02 -2.705590449028893313e-02
1.062500212532975019e-03 -9.167866879645172884e-02 -3.053537315186992396e-02
1.125000225034915096e-03 -1.027621893224264643e-01 -3.422367270364585351e-02
1.187500237536854956e-03 -1.144744925635674676e-01 -3.812044280941092461e-02
1.250000250038795033e-03 -1.268148195499133324e-01 -4.222530274581760140e-02
1.312500262540734026e-03 -1.397823706273602917e-01 -4.653785143684199821e-02
1.375000275042674103e-03 -1.533763055102761730e-01 -5.105766748993293552e-02
1.500000300046552956e-03 -1.824397627293790625e-01 -6.071731475858885285e-02
1.625000325050432893e-03 -2.139976584801415727e-01 -7.120046856514930522e-02
1.750000350054311963e-03 -2.480418137929167599e-01 -8.250303046913658178e-02
1.875000375058191900e-03 -2.845634056427717162e-01 -9.462058104662894598e-02
2.000000400062071186e-03 -3.235529693108787352e-01 -1.075483814755992112e-01
2.100000420065174789e-03 -3.565147915682089219e-01 -1.184706144284117108e-01
2.200000440068277958e-03 -3.910441950112124032e-01 -1.299054427643046572e-01
2.400000480074486030e-03 -4.647825816227301177e-01 -1.543013043226532377e-01
2.600000520080692802e-03 -5.447192200167078058e-01 -1.807115268111586237e-01
2.800000560086900007e-03 -6.308010946940315611e-01 -2.091096440218545571e-01
3.000000600093107213e-03 -7.229711201281021626e-01 -2.394671871784393169e-01
3.250000650100865786e-03 -8.466516263881642690e-01 -2.801229914797438436e-01
3.500000700108624793e-03 -9.796209606365077205e-01 -3.237289488485791678e-01
3.750000750116383799e-03 -1.121741400796842925e+00 -3.702166576485817484e-01
4.000000800124142372e-03 -1.272865770977817057e+00 -4.195131492113042815e-01
4.333334200134488293e-03 -1.488099280316519613e+00 -4.894765619859705041e-01
4.666667600144833346e-03 -1.718664489106932258e+00 -5.640996906425457258e-01
5.000001000155178399e-03 -1.964137238575896172e+00 -6.431737650285037633e-01
5.333334400165524319e-03 -2.224066078395158463e+00 -7.264772965800646576e-01
5.666667800175869373e-03 -2.497973123112563254e+00 -8.137766431705930614e-01
6.000001200186214426e-03 -2.785354957819311750e+00 -9.048266045138241287e-01
6.500001300201731572e-03 -3.240531485804609257e+00 -1.047870829458566799e+00
7.000001400217249585e-03 -3.722952450838560079e+00 -1.197868130325579372e+00
7.500001500232767598e-03 -4.230626201911202422e+00 -1.353864597340078690e+00
8.000001600248286479e-03 -4.761458227893178297e+00 -1.514864981002667976e+00
8.500001700263805360e-03 -5.313260035710645646e+00 -1.679838398298120206e+00
9.000001800279322506e-03 -5.883758411626904383e+00 -1.847724245735016257e+00
9.500001900294839652e-03 -6.470605022044849441e+00 -2.017438278950694386e+00
1.000000200031036027e-02 -7.071386311426990368e+00 -2.187878832243865368e+00
1.050000210032587915e-02 -7.683633652451725915e+00 -2.357933133425732741e+00
1.100000220034138936e-02 -8.304833702137937479e+00 -2.526483686746615831e+00
1.200000240037243059e-02 -9.563878189606496605e+00 -2.854618386139054387e+00
1.300000260040345967e-02 -1.082792078294561300e+01 -3.163491486923074358e+00
1.400000280043449917e-02 -1.207632764811800463e+01 -3.444641996263357875e+00
1.500000300046552999e-02 -1.328876997887125100e+01 -3.690133391327964141e+00
1.600000320049656949e-02 -1.444555600105672966e+01 -3.892735815293762780e+00
1.700000340052760031e-02 -1.552794932227112668e+01 -4.046092359070780908e+00
1.800000360055864154e-02 -1.651846813624610277e+01 -4.144865706896008639e+00
1.900000380058967930e-02 -1.740116019691486571e+01 -4.184861911168096249e+00
2.000000400062071013e-02 -1.816184896895029510e+01 -4.163128562999105498e+00
2.100000420065175136e-02 -1.878834693259432598e+01 -4.078025238134992847e+00
2.200000440068278912e-02 -1.927063267008323066e+01 -3.929264745431755301e+00
2.300000460071381994e-02 -1.960098906423633025e+01 -3.717924366397090452e+00
2.400000480074486117e-02 -1.977410067815688066e+01 -3.446426944316905328e+00
2.500000500077589893e-02 -1.978710915466802334e+01 -3.118492385056077065e+00
2.600000520080694016e-02 -1.963962625677159934e+01 -2.739060783701636748e+00
2.700000540083797099e-02 -1.933370494703671127e+01 -2.314189025431729441e+00
2.800000560086900875e-02 -1.887376966207082418e+01 -1.850923291369131585e+00
2.900000580090004998e-02 -1.826650766306127593e+01 -1.357150423940166384e+00
3.000000600093108080e-02 -1.752072402138992047e+01 -8.414315570416666112e-01
3.100000620096211856e-02 -1.664716341660482257e+01 -3.128217844064793973e-01
3.200000640099315979e-02 -1.565830247216795179e+01 2.193200792078496553e-01
3.300000660102418715e-02 -1.456811682276040720e+01 7.455274051748768116e-01
3.400000680105522838e-02 -1.339182748782910082e+01 1.256423000093429554e+00
3.500000700108626961e-02 -1.214563141376135391e+01 1.742913382882160134e+00
3.600000720111729696e-02 -1.084642123763924282e+01 2.196375884710615622e+00
3.700000740114833819e-02 -9.511499417608034079e+00 2.608834568547629296e+00
3.800000760117937249e-02 -8.158291868258553237e+00 2.973121256974053939e+00
3.900000780121040678e-02 -6.804066136405799270e+00 3.283018325365359313e+00
4.000000800124144801e-02 -5.465658957695527675e+00 3.533380357886320322e+00
4.100000820127248924e-02 -4.159217752739031049e+00 3.720232264896593311e+00
4.200000840130351659e-02 -2.899960260806397905e+00 3.840842004163496082e+00
4.300000860133455782e-02 -1.701956078523060523e+00 3.893766628871818902e+00
4.400000880136559905e-02 -5.779333798041693671e-01 3.878870987188749453e+00
4.500000900139663335e-02 4.608864470275629288e-01 3.797319001078768519e+00
4.600000920142766764e-02 1.404924086619994572e+00 3.651538051466166390e+00
4.700000940145870887e-02 2.246345953648035465e+00 3.445157575233286362e+00
4.800000960148974316e-02 2.979135281226064524e+00 3.182923520170759968e+00
4.900000980152077745e-02 3.599130319552922064e+00 2.870590802391909335e+00
5.000001000155181868e-02 4.104029930314577079e+00 2.514796355021773344e+00
5.100001020158285991e-02 4.493367446337308557e+00 2.122915729744979885e+00
5.200001040161388727e-02 4.768454216857715089e+00 1.702906521118229044e+00
5.300001060164492850e-02 4.932294767301544702e+00 1.263142110798200379e+00
5.400001080167596973e-02 4.989475959686592965e+00 8.122393756479471261e-01
5.500001100170699708e-02 4.946032938711343974e+00 3.588840695083225230e-01
5.600001120173805219e-02 4.809294982929655404e+00 -8.834243216705398027e-02
5.700001140176907954e-02 4.587714646063353996e+00 -5.211314305834203742e-01
5.800001160180010690e-02 4.290683767643297841e+00 -9.316068251681621781e-01
5.900001180183116201e-02 3.928340053028752443e+00 -1.312473483757615300e+00
6.000001200186218936e-02 3.511367970690186802e+00 -1.657151193589913030e+00
6.100001220189323059e-02 3.050797690993474198e+00 -1.959891689334121168e+00
6.200001240192425794e-02 2.557805698191813359e+00 -2.215876664033594956e+00
6.300001260195529917e-02 2.043520550224579235e+00 -2.421295113709252433e+00
6.400001280198633347e-02 1.518837044441647466e+00 -2.573398837359966773e+00
6.500001300201738164e-02 9.942417777435998971e-01 -2.670535398397400062e+00
6.600001320204841593e-02 4.796527738523075901e-01 -2.712158342903804087e+00
6.700001340207945022e-02 -1.572450385746259130e-02 -2.698814950895533027e+00
6.800001360211048451e-02 -4.835228200517168728e-01 -2.632112260174147345e+00
6.900001380214151880e-02 -9.163189880930419084e-01 -2.514662538825406024e+00
7.000001400217256697e-02 -1.307718735733626181e+00 -2.350009782902293232e+00
7.100001420220360127e-02 -1.652419932319881379e+00 -2.142539172466296993e+00
7.200001440223463556e-02 -1.946253914877056790e+00 -1.897371725874175796e+00
7.300001460226566985e-02 -2.186205059966215281e+00 -1.620246643519170027e+00
7.400001480229669026e-02 -2.370409139003383459e+00 -1.317394024324394453e+00
7.500001500232772456e-02 -2.498131360103755583e+00 -9.954007687492227863e-01
7.600001520235874497e-02 -2.569725333539401912e+00 -6.610725499796806792e-01
7.700001540238977926e-02 -2.586574495493779491e+00 -3.212947405513999488e-01
7.800001560242081355e-02 -2.551017781788619043e+00 1.710487326445992232e-02
7.900001580245183397e-02 -2.466261556445125347e+00 3.474888694158907998e-01
8.000001600248286826e-02 -2.336279967096158483e+00 6.635359063225481080e-01
8.100001620251390255e-02 -2.165706019145673622e+00 9.593570374915491028e-01
8.200001640254492297e-02 -1.959715732903114960e+00 1.229600540865000813e+00
8.300001660257595726e-02 -1.723907773359377504e+00 1.469543471084168385e+00
8.400001680260697767e-02 -1.464180922344505698e+00 1.675168462913131373e+00
8.500001700263801196e-02 -1.186611699857436086e+00 1.843224654638901283e+00
8.600001720266904626e-02 -8.973343384457557192e-01 1.971271953762330886e+00
8.700001740270006667e-02 -6.024251753233703655e-01 2.057708225757410858e+00
8.800001760273110096e-02 -3.077933556794600345e-01 2.101779342432386066e+00
8.900001780276212138e-02 -1.907954199829572928e-02 2.103572372329268969e+00
9.000001800279315567e-02 2.584358968700145032e-01 2.063992524715509980e+00
9.100001820282418996e-02 5.199139815080654481e-01 1.984724764785154028e+00
9.200001840285521038e-02 7.610265175950943206e-01 1.868181295050319601e+00
9.300001860288624467e-02 9.780130636265287336e-01 1.717436342744375288e+00
9.400001880291727896e-02 1.167725001749157610e+00 1.536149899761592330e+00
9.500001900294829937e-02 1.327656498390151985e+00 1.328482229070027554e+00
9.600001920297933367e-02 1.455962389143948377e+00 1.099001076695746981e+00
9.700001940301035408e-02 1.551463258078334961e+00 8.525836105414994481e-01
9.800001960304138837e-02 1.613638201407347150e+00 5.943151460995861335e-01
9.900001980307242266e-02 1.642605966058226841e+00 3.293867161431275892e-01
1.000000200031034014e-01 1.639095332221444989e+00 6.299349710299204097e-02
1.010000202031345051e-01 1.604405763251004924e+00 -1.997639775388959371e-01
1.020000204031654978e-01 1.540359474620467628e+00 -4.539740040874816196e-01
1.030000206031965043e-01 1.449246174924081698e+00 -6.950016321688679000e-01
1.040000208032275941e-01 1.333761805592494021e+00 -9.185688379476240062e-01
1.050000210032586007e-01 1.196942652079665104e+00 -1.120825659164570665e+00
1.060000212032895933e-01 1.042096218270698538e+00 -1.298411221678811955e+00
1.070000214033206970e-01 8.727302487450200319e-01 -1.448503817225746948e+00
1.080000216033517035e-01 6.924812517546918844e-01 -1.568859430241655639e+00
1.090000218033826962e-01 5.050438211390396726e-01 -1.657838352603627108e+00
1.100000220034137027e-01 3.141019800342421120e-01 -1.714419764253792611e+00
1.110000222034448064e-01 1.232636755902068448e-01 -1.738204389650390036e+00
1.120000224034757991e-01 -6.400055543352059506e-02 -1.729405562399595420e+00
1.130000226035068056e-01 -2.444138525828961073e-01 -1.688829236845398984e+00
1.140000228035378954e-01 -4.149434637980765617e-01 -1.617843674260381226e+00
1.150000230035689019e-01 -5.728447177549426117e-01 -1.518339699107321694e+00
1.160000232035998946e-01 -7.156980542217057373e-01 -1.392682565252485904e+00
1.170000234036309011e-01 -8.414387753239345180e-01 -1.243656590924608230e+00
1.180000236036620048e-01 -9.483793245216494139e-01 -1.074403814116930089e+00
1.190000238036929975e-01 -1.035224040308061699e+00 -8.883579860211570089e-01
1.200000240037240040e-01 -1.101076465791363646e+00 -6.891752579718838367e-01
1.210000242037550938e-01 -1.145439421351325038e+00 -4.806629293152481774e-01
1.220000244037861004e-01 -1.168208163677646461e+00 -2.667076093187680796e-01
1.230000246038171069e-01 -1.169657059142699795e+00 -5.120410748507520787e-02
1.240000248038480996e-01 -1.150420291389873562e+00 1.620136948117807119e-01
1.250000250038791894e-01 -1.111467201297645202e+00 3.692388202520774376e-01
1.260000252039102098e-01 -1.054072921429047405e+00 5.669529483965782823e-01
1.270000254039412024e-01 -9.797850163377037624e-01 7.518829902696558820e-01
1.280000256039723061e-01 -8.903868746022788327e-01 9.210516579163453565e-01
1.290000258040032988e-01 -7.878586183735618587e-01 1.071821340332620665e+00
1.300000260040342914e-01 -6.743363019823994664e-01 1.201930741823466153e+00
1.310000262040653118e-01 -5.520701634281609538e-01 1.309523887703663236e+00
1.320000264040963878e-01 -4.233826721812964933e-01 1.393171252058854837e+00
1.330000266041274082e-01 -2.906270847373566557e-01 1.451882909878725370e+00
1.340000268041584008e-01 -1.561471769296987611e-01 1.485113759425316315e+00
1.350000270041893935e-01 -2.223877041885530259e-02 1.492760997341660900e+00
1.360000272042204972e-01 1.088863885911518364e-01 1.475154156674781669e+00
1.370000274042514898e-01 2.351339060579757945e-01 1.433038134489089899e+00
1.380000276042825103e-01 3.545567504859469254e-01 1.367549741018330822e+00
1.390000278043135862e-01 4.653816492929157000e-01 1.280188392298345024e+00
1.400000280043446066e-01 5.660315994811409013e-01 1.172781644603524409e+00
1.410000282043755993e-01 6.551442975783836609e-01 1.047446329731384740e+00
1.420000284044067029e-01 7.315863697565307966e-01 9.065460953157459256e-01
1.430000286044376956e-01 7.944633570292367608e-01 7.526461833099529208e-01
1.440000288044686882e-01 8.431254813813323645e-01 5.884662942389555784e-01
1.450000290044997919e-01 8.771692855742172501e-01 4.168323831439574856e-01
1.460000292045308123e-01 8.964353013019431549e-01 2.406282177510943032e-01
1.470000294045618050e-01 9.010019566172214889e-01 6.274750059986841655e-02
1.480000296045927977e-01 8.911759834913386413e-01 -1.139526842141534019e-01
1.490000298046239013e-01 8.674796295456018713e-01 -2.866963910471136412e-01
1.500000300046548940e-01 8.306350140709135577e-01 -4.528306522423395375e-01
1.510000302046858867e-01 7.815459972450395920e-01 -6.098640595970112877e-01
1.520000304047169903e-01 7.212779528919790462e-01 -7.555015862055344256e-01
1.530000306047480108e-01 6.510358492776642247e-01 -8.876752279756056074e-01
1.540000308047790034e-01 5.721410494767948940e-01 -1.004570128321341294e+00
1.550000310048101071e-01 4.860072430582147995e-01 -1.104645935472363005e+00
1.560000312048410998e-01 3.941159145965201227e-01 -1.186653228026459006e+00
1.570000314048720924e-01 2.979917422905156710e-01 -1.249644929145512284e+00
1.580000316049031128e-01 1.991783022733756847e-01 -1.292982712493256692e+00
1.590000318049341888e-01 9.921443161627320484e-02 -1.316338481478116940e+00
1.600000320049652092e-01 -3.884238058390628414e-04 -1.319691077200881191e+00
1.610000322049962018e-01 -9.816758085311792781e-02 -1.303318438516552158e+00
1.620000324050271945e-01 -1.927289476940221569e-01 -1.267785498993244664e+00
1.630000326050582982e-01 -2.827650826495175518e-01 -1.213928159589019229e+00
1.640000328050892908e-01 -3.670712937342265891e-01 -1.142833722494832616e+00
1.650000330051203112e-01 -4.445596274229500211e-01 -1.055818209465468005e+00
1.660000332051513872e-01 -5.142706335459953371e-01 -9.544010179170021591e-01
1.670000334051824076e-01 -5.753828312873610074e-01 -8.402773898294795263e-01
1.680000336052134002e-01 -6.272198384597589271e-01 -7.152891815896225136e-01
1.690000338052443929e-01 -6.692551620433628834e-01 -5.813944281389462621e-01
1.700000340052754966e-01 -7.011146819483654591e-01 -4.406361922388714603e-01
1.710000342053064892e-01 -7.225768916925658925e-01 -2.951111798444988610e-01
1.720000344053375096e-01 -7.335709888309460691e-01 -1.469385859423713303e-01
1.730000346053686133e-01 -7.341729342430217686e-01 1.770387732982006907e-03
1.740000348053996060e-01 -7.245996225619441011e-01 1.489419298319059615e-01
1.750000350054305986e-01 -7.052013259515996779e-01 2.925675513366626235e-01
1.760000352054615913e-01 -6.764525899943018006e-01 4.307302094557132199e-01
1.770000354054926950e-01 -6.389417735969121770e-01 5.616283210698830297e-01
1.780000356055236876e-01 -5.933594345616755028e-01 6.835974063071951212e-01
1.790000358055547081e-01 -5.404857688523310166e-01 7.951291476115266432e-01
1.800000360055858117e-01 -4.811773147171816145e-01 8.948876953146546187e-01
1.810000362056168044e-01 -4.163531328521457575e-01 9.817230967399819264e-01
1.820000364056477971e-01 -3.469806708723940369e-01 1.054681771432707915e+00
1.830000366056787897e-01 -2.740615147215865188e-01 1.113013999602577853e+00
1.840000368057098934e-01 -1.986172215183627243e-01 1.156178433711604336e+00
1.850000370057409138e-01 -1.216754179766610516e-01 1.183843683788481815e+00
1.860000372057719065e-01 -4.425633621086273728e-02 1.195887065093552026e+00
1.870000374058030101e-01 3.264005526758780723e-02 1.192390631673651002e+00
1.880000376058340028e-01 1.080461829479481273e-01 1.173634650892281472e+00
1.890000378058649955e-01 1.810381361904520869e-01 1.140088701959325990e+00
1.900000380058959881e-01 2.507459629508704269e-01 1.092400605502783062e+00
1.910000382059270918e-01 3.163629025739281841e-01 1.031383411284861884e+00
1.920000384059581122e-01 3.771534829613905626e-01 9.580006871611768116e-01
1.930000386059891049e-01 4.324604275128562381e-01 8.733503643287335860e-01
1.940000388060202086e-01 4.817103350894153535e-01 7.786474018625170190e-01
1.950000390060512012e-01 5.244181136366079521e-01 6.752055375023159334e-01
1.960000392060821939e-01 5.601901648223457375e-01 5.644183920120846576e-01
1.970000394061132976e-01 5.887263329171484871e-01 4.477401911348495855e-01
1.980000396061442902e-01 6.098206460075329405e-01 3.266663625921817915e-01
1.990000398061753106e-01 6.233608913543496888e-01 2.027142559551535772e-01
2.000000400062063866e-01 6.293270791747964665e-01 7.740422083182452173e-02
2.010000402062374070e-01 6.277888602517529559e-01 -4.775873599293956745e-02
2.020000404062683996e-01 6.189019724914436305e-01 -1.713025107845143058e-01
2.030000406062993923e-01 6.029037998185942104e-01 -2.918044954528297152e-01
2.040000408063304960e-01 5.801081335967395169e-01 -4.079070376635430817e-01
2.050000410063614886e-01 5.508992320888909111e-01 -5.183316248503000434e-01
2.060000412063925090e-01 5.157252773492800868e-01 -6.218916705050741012e-01
2.070000414064236127e-01 4.750913313966254603e-01 -7.175038035429299743e-01
2.080000416064546054e-01 4.295518946143538352e-01 -8.041975841185757812e-01
2.090000418064855980e-01 3.797031691192475078e-01 -8.811235916417131664e-01
2.100000420065165907e-01 3.261751284168051268e-01 -9.475598526526326504e-01
2.110000422065476944e-01 2.696234921061240186e-01 -1.002916597508299201e+00
2.120000424065786870e-01 2.107217008059033836e-01 -1.046739355132460858e+00
2.130000426066097075e-01 1.501529819512837094e-01 -1.078710414287149311e+00
2.140000428066408111e-01 8.860259176649375179e-02 -1.098648697722976131e+00
2.150000430066718038e-01 2.675031266283339412e-02 -1.106508112017167145e+00
2.160000432067027965e-01 -3.473672134116825155e-02 -1.102374450789972204e+00
2.170000434067337891e-01 -9.521080571690343497e-02 -1.086460942201568969e+00
2.180000436067648928e-01 -1.540499950868856049e-01 -1.059102543103970673e+00
2.190000438067959132e-01 -2.106639312694686961e-01 -1.020749092072541053e+00
2.200000440068269059e-01 -2.644991274518062596e-01 -9.719574411887604848e-01
2.210000442068580095e-01 -3.150436742152917802e-01 -9.133826928139386903e-01
2.220000444068890022e-01 -3.618313410820124254e-01 -8.457686718911223700e-01
2.230000446069199949e-01 -4.044450550645136144e-01 -7.699377669745024466e-01
2.240000448069509875e-01 -4.425197453055541019e-01 -6.867802742070296951e-01
2.250000450069820912e-01 -4.757445502156315564e-01 -5.972433779153411004e-01
2.260000452070131116e-01 -5.038643904883949309e-01 -5.023198994784566773e-01
2.270000454070441043e-01 -5.266809179387250683e-01 -4.030369426905479058e-01
2.280000456070752080e-01 -5.440528562161864867e-01 -3.004445592132632958e-01
2.290000458071062006e-01 -5.558957550615690746e-01 -1.956045520441792307e-01
2.300000460071371933e-01 -5.621811848574235215e-01 -8.957952798747652323e-02
2.310000462071682137e-01 -5.629354027511254133e-01 1.657769742940435470e-02
2.320000464071992896e-01 -5.582375255878699871e-01 1.218342475401703179e-01
2.330000466072303100e-01 -5.482172482693350446e-01 2.251867985461565302e-01
2.340000468072613027e-01 -5.330521489495255727e-01 3.256705833016592666e-01
2.350000470072924064e-01 -5.129646246972440204e-01 4.223677179979458685e-01
2.360000472073233990e-01 -4.882185029044920910e-01 5.144147948775221746e-01
2.370000474073543917e-01 -4.591153748175426652e-01 6.010096941606150045e-01
2.380000476073854121e-01 -4.259906981347328925e-01 6.814175784034689487e-01
2.390000478074164880e-01 -3.892097156763418275e-01 7.549760424456193331e-01
2.400000480074475084e-01 -3.491632367160986128e-01 8.210994017806140244e-01
2.410000482074785011e-01 -3.062633267038024076e-01 8.792821115538196342e-01
2.420000484075096048e-01 -2.609389498389473316e-01 9.291013173585505047e-01
2.430000486075405974e-01 -2.136316073129519710e-01 9.702185475041831264e-01
2.440000488075715901e-01 -1.647910120607880835e-01 1.002380564408807517e+00
2.450000490076026105e-01 -1.148708385943100901e-01 1.025419400017706151e+00
2.460000492076336864e-01 -6.432458396420207003e-02 1.039251607136945532e+00
2.470000494076647068e-01 -1.360157315652457156e-02 1.043876764468588680e+00
2.480000496076956995e-01 3.685686068234526186e-02 1.039375278596059271e+00
2.490000498077268032e-01 8.662099384774520072e-02 1.025905530871842775e+00
2.500000500077578236e-01 1.352761033080069619e-01 1.003700421148048694e+00
2.510000502077888163e-01 1.824256105753094270e-01 9.730633635745999932e-01
2.520000504078199199e-01 2.276939604609905243e-01 9.343637922686831576e-01
2.530000506078509126e-01 2.707292201888709671e-01 8.880322365716689648e-01
2.540000508078819053e-01 3.112053875327651098e-01 8.345550268462494925e-01
2.550000510079130089e-01 3.488243997708132538e-01 7.744686923143278001e-01
2.560000512079438906e-01 3.833178382858069000e-01 7.083541124833329095e-01
2.570000514079749943e-01 4.144483265638525538e-01 6.368304830902918878e-01
2.580000516080059869e-01 4.420106221319584638e-01 5.605491563781755948e-01
2.590000518080369796e-01 4.658324056111060596e-01 4.801874139051414137e-01
2.600000520080680833e-01 4.857747725294633279e-01 3.964422280242927421e-01
2.610000522080990759e-01 5.017324358279909857e-01 3.100240657063855210e-01
2.620000524081301241e-01 5.136336490871716842e-01 2.216507855406951721e-01
2.630000526081611723e-01 5.214398624016347572e-01 1.320416756370421385e-01
2.640000528081922204e-01 5.251451245236145038e-01 4.191167673706938657e-02
2.650000530082232131e-01 5.247752463826430569e-01 -4.803416877380348865e-02
2.660000532082543168e-01 5.203867423670485159e-01 -1.371060050450138568e-01
2.670000534082853094e-01 5.120655668237157343e-01 -2.246341551377400991e-01
2.680000536083163021e-01 4.999256640986732281e-01 -3.099737886070436654e-01
2.690000538083474058e-01 4.841073511069562962e-01 -3.925092393388251444e-01
2.700000540083783984e-01 4.647755518918162410e-01 -4.716579527385014181e-01
2.710000542084093911e-01 4.421179039179817805e-01 -5.468740453855808203e-01
2.720000544084403837e-01 4.163427559498956154e-01 -6.176514642177870495e-01
2.730000546084714874e-01 3.876770773032548467e-01 -6.835267361643033723e-01
2.740000548085024801e-01 3.563642980370666513e-01 -7.440813028785812078e-01
2.750000550085334727e-01 3.226620992851355063e-01 -7.989434388026535050e-01
2.760000552085645764e-01 2.868401724220236981e-01 -8.477897542049026569e-01
2.770000554085956246e-01 2.491779651312027444e-01 -8.903462880526213929e-01
2.780000556086266172e-01 2.099624317048627287e-01 -9.263891985945847951e-01
2.790000558086576099e-01 1.694858040682181988e-01 -9.557450623155334668e-01
2.800000560086887136e-01 1.280433990988300019e-01 -9.782907944811283230e-01
2.810000562087197062e-01 8.593147681576451813e-02 -9.939532068304718360e-01
2.820000564087506989e-01 4.344516295660810767e-02 -1.002708220027839880e+00
2.830000566087816916e-01 8.764483551166710358e-04 -1.004579750323002063e+00
2.840000568088127952e-01 -4.148772361038088191e-02 -9.996382914469430503e-01
2.850000570088437879e-01 -8.336727139633011430e-02 -9.879992141018746343e-01
2.860000572088747806e-01 -1.244906825832430008e-01 -9.698208064931911343e-01
2.870000574089058842e-01 -1.645966063459247397e-01 -9.453020802021872004e-01
2.880000576089368769e-01 -2.034353245599132831e-01 -9.146803663153679764e-01
2.890000578089679251e-01 -2.407700961701625120e-01 -8.782287271265630801e-01
2.900000580089989732e-01 -2.763783705971997184e-01 -8.362532089103269506e-01
2.910000582090300214e-01 -3.100528670760044347e-01 -7.890899612464404855e-01
2.920000584090611251e-01 -3.416025179067576079e-01 -7.371022481681338556e-01
2.930000586090921177e-01 -3.708532746385502787e-01 -6.806773760208328916e-01
2.940000588091231104e-01 -3.976487772015807054e-01 -6.202235623685001809e-01
2.950000590091542141e-01 -4.218508869456887855e-01 -5.561667695849435988e-01
2.960000592091852067e-01 -4.433400854294195503e-01 -4.889475259309363220e-01
2.970000594092161994e-01 -4.620157416305940568e-01 -4.190177559530199880e-01
2.980000596092471921e-01 -4.777962510145021824e-01 -3.468376409901884339e-01
2.990000598092781847e-01 -4.906190505971015359e-01 -2.728725293978133681e-01
3.000000600093092884e-01 -5.004405147763367756e-01 -1.975899148662688953e-01
3.010000602093402811e-01 -5.072357372746146842e-01 -1.214564999064292883e-01
3.020000604093712737e-01 -5.109982050391294051e-01 -4.493536021660960583e-02
3.030000606094023774e-01 -5.117393703843456931e-01 3.151677575052343888e-02
3.040000608094334256e-01 -5.094881280334087048e-01 1.074521191259515812e-01
3.050000610094644182e-01 -5.042902040235895944e-01 1.824342734100613816e-01
3.060000612094955219e-01 -4.962074636867844224e-01 2.560405376909547503e-01
3.070000614095265146e-01 -4.853171461013824350e-01 3.278640517165128943e-01
3.080000616095575072e-01 -4.717110325387497416e-01 3.975157756623138861e-01
3.090000618095886109e-01 -4.554945564989140716e-01 4.646262988117663140e-01
3.100000620096194925e-01 -4.367858629482578303e-01 5.288474727555685373e-01
3.110000622096505962e-01 -4.157148243398361975e-01 5.898538660133856304e-01
3.120000624096815889e-01 -3.924220209181006891e-01 6.473440382559703110e-01
3.130000626097125815e-01 -3.670576926870718348e-01 7.010416335221829609e-01
3.140000628097436852e-01 -3.397806702579627691e-01 7.506962929814121610e-01
3.150000630097746779e-01 -3.107572915921662515e-01 7.960843888847340954e-01
3.160000632098057260e-01 -2.801603114219024526e-01 8.370095823736805052e-01
3.170000634098367742e-01 -2.481678098671631916e-01 8.733032087705188129e-01
3.180000636098678224e-01 -2.149621064772978818e-01 9.048244948564592161e-01
3.190000638098988150e-01 -1.807286856119539875e-01 9.314606134549212602e-01
3.200000640099299187e-01 -1.456551387426526234e-01 9.531265813685355637e-01
3.210000642099609114e-01 -1.099301289066222376e-01 9.697650073522657843e-01
3.220000644099919040e-01 -7.374238218077769358e-02 9.813456974440316616e-01
3.230000646100230077e-01 -3.727971066961613400e-02 9.878651254249952718e-01
3.240000648100540004e-01 -7.280711197946273996e-04 9.893457766377886653e-01
3.250000650100849930e-01 3.572933711197429779e-02 9.858353737484533141e-01
3.260000652101159857e-01 7.191293139905260978e-02 9.774059933267960076e-01
3.270000654101469784e-01 1.076475595419312953e-01 9.641530823411484930e-01
3.280000656101780820e-01 1.427632652559351067e-01 9.461943838189875722e-01
3.290000658102090747e-01 1.770960032629857184e-01 9.236687810175637781e-01
3.300000660102401229e-01 2.104883021737676552e-01 8.967350694813630563e-01
3.310000662102712266e-01 2.427898737106571614e-01 8.655706663416334878e-01
3.320000664103022192e-01 2.738581671753768654e-01 8.303702661323364431e-01
3.330000666103332119e-01 3.035588684067616616e-01 7.913444522590195040e-01
3.340000668103643156e-01 3.317663428026331185e-01 7.487182731233187338e-01
3.350000670103953082e-01 3.583640222939313280e-01 7.027297916473208561e-01
3.360000672104263009e-01 3.832447364576214710e-01 6.536286167094844668e-01
3.370000674104572935e-01 4.063109882372736847e-01 6.016744247121619260e-01
3.380000676104883972e-01 4.274751750056339228e-01 5.471354791808872298e-01
3.390000678105193899e-01 4.466597559515023685e-01 4.902871559484130448e-01
3.400000680105503825e-01 4.637973670032523033e-01 4.314104811055887168e-01
3.410000682105814862e-01 4.788308847132589086e-01 3.707906885098665728e-01
3.420000684106124789e-01 4.917134407211547487e-01 3.087158032338696567e-01
3.430000686106435270e-01 5.024083885891066359e-01 2.454752569149257768e-01
3.440000688106745752e-01 5.108892249593237622e-01 1.813585405330842282e-01
3.450000690107056234e-01 5.171394671229748718e-01 1.166538997058004790e-01
3.460000692107366160e-01 5.211524892108631013e-01 5.164707714661141008e-02
3.470000694107677197e-01 5.229313193199478516e-01 -1.337989351638995371e-02
3.480000696107987124e-01 5.224883999764254883e-01 -7.814983880825807083e-02
3.490000698108297050e-01 5.198453144062656905e-01 -1.423915380495941463e-01
3.500000700108608087e-01 5.150324811383143464e-01 -2.058407546985465408e-01
3.510000702108916903e-01 5.080888195039354738e-01 -2.682412039463691333e-01
3.520000704109227940e-01 4.990613886213615125e-01 -3.293454545397888622e-01
3.530000706109537867e-01 4.880050024631510941e-01 -3.889157632117761221e-01
3.540000708109847793e-01 4.749818236021138285e-01 -4.467248404980089793e-01
3.550000710110158830e-01 4.600609382155903537e-01 -5.025565470980638549e-01
3.560000712110468757e-01 4.433179149007774322e-01 -5.562065203060188034e-01
3.570000714110779239e-01 4.248343498157099440e-01 -6.074827303840708570e-01
3.580000716111090275e-01 4.046974006123725265e-01 -6.562059670890373342e-01
3.590000718111400202e-01 3.829993115708917872e-01 -7.022102568721430016e-01
3.600000720111710129e-01 3.598369322779007007e-01 -7.453432115712209649e-01
3.610000722112021165e-01 3.353112321185313105e-01 -7.854663096900196262e-01
3.620000724112331092e-01 3.095268127710249506e-01 -8.224551116178004939e-01
3.630000726112641019e-01 2.825914208063743938e-01 -8.561994103801483513e-01
3.640000728112952055e-01 2.546154624035364966e-01 -8.866033197303551106e-01
3.650000730113260872e-01 2.257115220941962597e-01 -9.135853015896172602e-01
3.660000732113571908e-01 1.959938873507408308e-01 -9.370781350234184126e-01
3.670000734113881835e-01 1.655780807275684385e-01 -9.570288291010845549e-01
3.680000736114191762e-01 1.345804011597495353e-01 -9.733984821277161803e-01
3.690000738114502798e-01 1.031174759151722714e-01 -9.861620898598627560e-01
3.700000740114812725e-01 7.130582458715505056e-02 -9.953083054176218303e-01
3.710000742115123207e-01 3.926143640462849416e-02 -1.000839153696685857e+00
3.720000744115434244e-01 7.099362027035381432e-03 -1.002769703151106473e+00
3.730000746115744170e-01 -2.506667911848685024e-02 -1.001127697871253552e+00
3.740000748116054097e-01 -5.712467500885205079e-02 -9.959531529188920818e-01
3.750000750116365134e-01 -8.896467986427845920e-02 -9.872979159037669206e-01
3.760000752116675060e-01 -1.204791549193202499e-01 -9.752251977942825167e-01
3.770000754116984987e-01 -1.515632904935848568e-01 -9.598090759495097046e-01
3.780000756117294913e-01 -1.821153088311346924e-01 -9.411339723417092573e-01
3.790000758117605950e-01 -2.120367472759268901e-01 -9.192941099074991573e-01
3.800000760117915877e-01 -2.412327214460493197e-01 -8.943929499285512286e-01
3.810000762118225803e-01 -2.696121681615408217e-01 -8.665426132882408927e-01
3.820000764118535730e-01 -2.970880679690289239e-01 -8.358632883861973895e-01
3.830000766118846767e-01 -3.235776471912971686e-01 -8.024826284308645974e-01
3.840000768119157248e-01 -3.490025595107977274e-01 -7.665351407479690238e-01
3.850000770119467175e-01 -3.732890471731518112e-01 -7.281615706592341475e-01
3.860000772119778212e-01 -3.963680819694724855e-01 -6.875082823948203137e-01
3.870000774120088138e-01 -4.181754862250053884e-01 -6.447266394066403228e-01
3.880000776120398065e-01 -4.386520340860406986e-01 -5.999723863481564168e-01
3.890000778120709102e-01 -4.577435334571252623e-01 -5.534050348809943509e-01
3.900000780121019028e-01 -4.754008889964467799e-01 -5.051872553605762928e-01
3.910000782121328955e-01 -4.915801466288340360e-01 -4.554842763376459880e-01
3.920000784121638882e-01 -5.062425200830151795e-01 -4.044632937072058509e-01
3.930000786121949918e-01 -5.193544000029343133e-01 -3.522928912114696165e-01
3.940000788122259845e-01 -5.308873462216681105e-01 -2.991424738901293234e-01
3.950000790122569772e-01 -5.408180638212746194e-01 -2.451817159577424632e-01
3.960000792122880808e-01 -5.491283636326761419e-01 -1.905800244681129518e-01
3.970000794123190735e-01 -5.558051078565049430e-01 -1.355060200100477175e-01
3.980000796123501217e-01 -5.608401415088272168e-01 -8.012703556367732627e-02
3.990000798123812253e-01 -5.642302104149862219e-01 -2.460863453282466015e-02
4.000000800124122180e-01 -5.659768664905453495e-01 3.088585114330619913e-02
4.010000802124432107e-01 -5.660863610606027274e-01 8.619576200558799750e-02
4.020000804124743143e-01 -5.645695269777563086e-01 1.411635305315342703e-01
4.030000806125053070e-01 -5.614416503048470508e-01 1.956350784508509577e-01
4.040000808125362997e-01 -5.567223323314371974e-01 2.494601914414124044e-01
4.050000810125672923e-01 -5.504353426929489146e-01 3.024928708246016340e-01
4.060000812125982850e-01 -5.426084643586593925e-01 3.545916619722002117e-01
4.070000814126293887e-01 -5.332733312494908340e-01 4.056199592305604340e-01
4.080000816126603813e-01 -5.224652592388774330e-01 4.554462872543365015e-01
4.090000818126913740e-01 -5.102230712800793766e-01 5.039445587258940540e-01
4.100000820127224777e-01 -4.965889173913593524e-01 5.509943085160132759e-01
4.110000822127535258e-01 -4.816080902165392752e-01 5.964809044169689933e-01
4.120000824127845185e-01 -4.653288368627895855e-01 6.402957346505054881e-01
4.130000826128156222e-01 -4.478021677002385070e-01 6.823363724202379244e-01
4.140000828128466148e-01 -4.290816627892344859e-01 7.225067178409536606e-01
4.150000830128776075e-01 -4.092232765810314699e-01 7.607171176360257858e-01
4.160000832129087112e-01 -3.882851415164638720e-01 7.968844630463021161e-01
4.170000834129395928e-01 -3.663273711248823394e-01 8.309322664460994101e-01
4.180000836129706965e-01 -3.434118632022600814e-01 8.627907172253603818e-01
4.190000838130016891e-01 -3.196021036235009993e-01 8.923967174942781799e-01
4.200000840130326818e-01 -2.949629713194918956e-01 9.196938982493264580e-01
4.210000842130637855e-01 -2.695605449241164631e-01 9.446326166542825531e-01
4.220000844130947781e-01 -2.434619115708996362e-01 9.671699351224165575e-01
4.230000846131258263e-01 -2.167349782930240443e-01 9.872695829137030366e-01
4.240000848131568745e-01 -1.894482864543695355e-01 1.004901900982717144e+00
4.250000850131879226e-01 -1.616708296130337230e-01 1.020043770833491292e+00
4.260000852132189153e-01 -1.334718751924997837e-01 1.032678528153061270e+00
4.270000854132500190e-01 -1.049207903095032701e-01 1.042795862008425667e+00
4.280000856132810116e-01 -7.608687208164323368e-02 1.050391700401370754e+00
4.290000858133120043e-01 -4.703918271197423534e-02 1.055468082981969369e+00
4.300000860133431080e-01 -1.784638962247648078e-02 1.058033021719591238e+00
4.310000862133741006e-01 1.142338911701354549e-02 1.058100350359936881e+00
4.320000864134050933e-01 4.070273384251565235e-02 1.055689563448447332e+00
4.330000866134360860e-01 6.992506663425042401e-02 1.050825645727667901e+00
4.340000868134671896e-01 9.902478876538915731e-02 1.043538892707785992e+00
4.350000870134981823e-01 1.279374121101085893e-01 1.033864723194897861e+00
4.360000872135291750e-01 1.565996843821970130e-01 1.021843484553418557e+00
4.370000874135602231e-01 1.849497080972141161e-01 1.007520251467025174e+00
4.380000876135913268e-01 2.129270531723177762e-01 9.909446189486524892e-01
4.390000878136223195e-01 2.404728630981121940e-01 9.721704903347374582e-01
4.400000880136533121e-01 2.675299546365362824e-01 9.512558609820596089e-01
4.410000882136844158e-01 2.940429110175575289e-01 9.282625983673649106e-01
4.420000884137154085e-01 3.199581686254533985e-01 9.032562192706604653e-01
4.430000886137464011e-01 3.452240971826567861e-01 8.763056646990855514e-01
4.440000888137773938e-01 3.697910734555522883e-01 8.474830731977759379e-01
4.450000890138084975e-01 3.936115485223640742e-01 8.168635531691329499e-01
4.460000892138394901e-01 4.166401086578116475e-01 7.845249547737980222e-01
4.470000894138704828e-01 4.388335299030677872e-01 7.505476420012572314e-01
4.480000896139015865e-01 4.601508264028190687e-01 7.150142654522814167e-01
4.490000898139325791e-01 4.805532926034951635e-01 6.780095363553771959e-01
4.500000900139636273e-01 5.000045394181744651e-01 6.396200023148150837e-01
4.510000902139946755e-01 5.184705244743174068e-01 5.999338252630193047e-01
4.520000904140257236e-01 5.359195765704096726e-01 5.590405620648792873e-01
4.530000906140567163e-01 5.523224144766446519e-01 5.170309481965923437e-01
4.540000908140878200e-01 5.676521602231058283e-01 4.739966848965949109e-01
4.550000910141188126e-01 5.818843470265112616e-01 4.300302301610873790e-01
4.560000912141498053e-01 5.949969220133951575e-01 3.852245939316238377e-01
4.570000914141809090e-01 6.069702439036991359e-01 3.396731377972003751e-01
4.580000916142117906e-01 6.177870758243241278e-01 2.934693795167452324e-01
4.590000918142428943e-01 6.274325734268433319e-01 2.467068026256579449e-01
4.600000920142738869e-01 6.358942684876013329e-01 1.994786713846019854e-01
4.610000922143048796e-01 6.431620481720131677e-01 1.518778512983312012e-01
4.620000924143359833e-01 6.492281301477135225e-01 1.039966354100545914e-01
4.630000926143669759e-01 6.540870337334732110e-01 5.592657655502041719e-02
4.640000928143980241e-01 6.577355472725262553e-01 7.758325735611576804e-03
4.650000930144290723e-01 6.601726919201248434e-01 -4.041852324081586512e-02
4.660000932144601204e-01 6.613996820357910256e-01 -8.851558274028742401e-02
4.670000934144911131e-01 6.614198823709342978e-01 -1.364458137954988881e-01
4.680000936145222168e-01 6.602387622421858060e-01 -1.841236620317871220e-01
4.690000938145532094e-01 6.578638468800829253e-01 -2.314651869618346847e-01
4.700000940145842021e-01 6.543046661415873322e-01 -2.783881846014661932e-01
4.710000942146153058e-01 6.495727007733924641e-01 -3.248123033799400483e-01
4.720000944146461874e-01 6.436813264110236021e-01 -3.706591533315031772e-01
4.730000946146772911e-01 6.366457554964893850e-01 -4.158524085678605431e-01
4.740000948147082838e-01 6.284829772946869397e-01 -4.603179030509764735e-01
4.750000950147392764e-01 6.192116961858502577e-01 -5.039837196971462818e-01
4.760000952147703801e-01 6.088522684081967284e-01 -5.467802728570485549e-01
4.770000954148013728e-01 5.974266374214997066e-01 -5.886403842291244581e-01
4.780000956148324209e-01 5.849582680586561390e-01 -6.294993522756505699e-01
4.790000958148635246e-01 5.714720796284609161e-01 -6.692950152220396021e-01
4.800000960148945173e-01 5.569943781287532980e-01 -7.079678077303181993e-01
4.810000962149255099e-01 5.415527877248259569e-01 -7.454608113477823039e-01
4.820000964149566136e-01 5.251761816436403274e-01 -7.817197988407533771e-01
4.830000966149876063e-01 5.078946126298562458e-01 -8.166932725307228802e-01
4.840000968150185989e-01 4.897392431050464068e-01 -8.503324967588083982e-01
4.850000970150495916e-01 4.707422751666249794e-01 -8.825915246221304189e-01
4.860000972150806953e-01 4.509368805582560369e-01 -9.134272191056966861e-01
4.870000974151116879e-01 4.303571307386317435e-01 -9.427992687658052207e-01
4.880000976151426806e-01 4.090379271704889241e-01 -9.706701981141232505e-01
4.890000978151737843e-01 3.870149319467597326e-01 -9.970053728587154884e-01
4.900000980152047769e-01 3.643244988656723637e-01 -1.021773000162145228e+00
4.910000982152358251e-01 3.410036050616092052e-01 -1.044944124080577907e+00
4.920000984152668178e-01 3.170897832934716498e-01 -1.066492616351010447e+00
4.930000986152979214e-01 2.926210549872184097e-01 -1.086395162696365935e+00
4.940000988153289141e-01 2.676358641242843617e-01 -1.104631244820265978e+00
4.950000990153599068e-01 2.421730120625235905e-01 -1.121183118265113077e+00
4.960000992153910104e-01 2.162715933714127459e-01 -1.136035786308035034e+00
4.970000994154220031e-01 1.899709327583904706e-01 -1.149176970066278392e+00
4.980000996154529957e-01 1.633105231582143713e-01 -1.160597075002100631e+00
4.990000998154839884e-01 1.363299650524712470e-01 -1.170289153988385511e+00
5.000001000155150921e-01 1.090689070817982415e-01 -1.178248867114086496e+00
5.010001002155460847e-01 8.156698800862739740e-02 -1.184474438407610242e+00
5.020001004155771884e-01 5.386378008373691323e-02 -1.188966609650701001e+00
5.030001006156081811e-01 2.599873386546340190e-02 -1.191728591455518682e+00
5.040001008156391737e-01 -1.988875464014024444e-03 -1.192766011775933777e+00
5.050001010156702774e-01 -3.006000024504285745e-02 -1.192086862022165850e+00
5.060001012157012701e-01 -5.817587091349481210e-02 -1.189701440945783784e+00
5.070001014157322627e-01 -8.629804496841375627e-02 -1.185622296459635239e+00
5.080001016157632554e-01 -1.143884543061833153e-01 -1.179864165554686428e+00
5.090001018157943591e-01 -1.424094508970134842e-01 -1.172443912472937111e+00
5.100001020158253517e-01 -1.703238507831394688e-01 -1.163380465290611898e+00
5.110001022158563444e-01 -1.980949763818156406e-01 -1.152694751068090051e+00
5.120001024158874481e-01 -2.256866970796288785e-01 -1.140409629719735918e+00
5.130001026159184407e-01 -2.530634681079830250e-01 -1.126549826737604176e+00
5.140001028159494334e-01 -2.801903676927929854e-01 -1.111141864921143085e+00
5.150001030159805371e-01 -3.070331324745240176e-01 -1.094213995249341043e+00
5.160001032160115297e-01 -3.335581911977467673e-01 -1.075796127030276939e+00
5.170001034160425224e-01 -3.597326966722169672e-01 -1.055919757459169439e+00
5.180001036160736261e-01 -3.855245560101430158e-01 -1.034617900712069050e+00
5.190001038161046187e-01 -4.109024591469827570e-01 -1.011925016698248747e+00
5.200001040161356114e-01 -4.358359056555944910e-01 -9.878769395902692319e-01
5.210001042161667151e-01 -4.602952298658462005e-01 -9.625108062465729253e-01
5.220001044161977077e-01 -4.842516243041087853e-01 -9.358649846372455450e-01
5.230001046162287004e-01 -5.076771614691689694e-01 -9.079790023790500486e-01
5.240001048162598041e-01 -5.305448139630023485e-01 -8.788934754804693661e-01
5.250001050162907967e-01 -5.528284729969116240e-01 -8.486500374035506056e-01
5.260001052163217894e-01 -5.745029652952513555e-01 -8.172912685239059893e-01
5.270001054163528931e-01 -5.955440684204781343e-01 -7.848606260850271577e-01
5.280001056163838857e-01 -6.159285245449691581e-01 -7.514023747322232660e-01
5.290001058164148784e-01 -6.356340526964877613e-01 -7.169615177070259859e-01
5.300001060164459821e-01 -6.546393595054453840e-01 -6.815837287794157540e-01
5.310001062164769747e-01 -6.729241484834160847e-01 -6.453152849910649413e-01
5.320001064165079674e-01 -6.904691278634911278e-01 -6.082030002788485490e-01
5.330001066165390711e-01 -7.072560170340503882e-01 -5.702941600439013214e-01
5.340001068165700637e-01 -7.232675515985352854e-01 -5.316364567276036235e-01
5.350001070166010564e-01 -7.384874870946496195e-01 -4.922779264520573128e-01
5.360001072166321601e-01 -7.529006014071463193e-01 -4.522668867787831282e-01
5.370001074166631527e-01 -7.664926959090758718e-01 -4.116518756358071851e-01
5.380001076166941454e-01 -7.792505953669700558e-01 -3.704815914592090587e-01
5.390001078167252491e-01 -7.911621466458668150e-01 -3.288048345914096893e-01
5.400001080167562417e-01 -8.022162162506939476e-01 -2.866704499815712626e-01
5.410001082167872344e-01 -8.124026867407951880e-01 -2.441272712143175427e-01
5.420001084168183381e-01 -8.217124520545697752e-01 -2.012240659054126413e-01
5.430001086168493307e-01 -8.301374117815508713e-01 -1.580094824933765130e-01
5.440001088168803234e-01 -8.376704644193782023e-01 -1.145319984530788204e-01
5.450001090169114271e-01 -8.443054996531745848e-01 -7.083986995471117099e-02
5.460001092169424197e-01 -8.500373896948952845e-01 -2.698108298857648107e-02
5.470001094169734124e-01 -8.548619797201952863e-01 1.699669402662673176e-02
5.480001096170045161e-01 -8.587760774402378727e-01 6.104615613732331664e-02
5.490001098170355087e-01 -8.617774418457673224e-01 1.051204062380277915e-01
5.500001100170665014e-01 -8.638647711605652590e-01 1.491729979343165424e-01
5.510001102170976051e-01 -8.650376900411697045e-01 1.931579768785840479e-01
5.520001104171285977e-01 -8.652967360594678858e-01 2.370299205738105597e-01
5.530001106171595904e-01 -8.646433455044376659e-01 2.807439766428765915e-01
5.540001108171906941e-01 -8.630798385389653049e-01 3.242558995623944784e-01
5.550001110172216867e-01 -8.606094037472525882e-01 3.675220858655652290e-01
5.560001112172526794e-01 -8.572360821079006987e-01 4.104996078151139094e-01
5.570001114172837831e-01 -8.529647504272691583e-01 4.531462455530553268e-01
5.580001116173147757e-01 -8.478011042672264352e-01 4.954205177350637368e-01
5.590001118173457684e-01 -8.417516404008794639e-01 5.372817106587873814e-01
5.600001120173768721e-01 -8.348236388293016619e-01 5.786899058970588205e-01
5.610001122174078647e-01 -8.270251443917226997e-01 6.196060064486770269e-01
5.620001124174388574e-01 -8.183649480010055655e-01 6.599917614209254157e-01
5.630001126174698500e-01 -8.088525675356571520e-01 6.998097892592359814e-01
5.640001128175009537e-01 -7.984982284189368062e-01 7.390235995409696335e-01
5.650001130175319464e-01 -7.873128439150081093e-01 7.775976133513168298e-01
5.660001132175629390e-01 -7.753079951713587326e-01 8.154971822606966736e-01
5.670001134175940427e-01 -7.624959110360897130e-01 8.526886059239212612e-01
5.680001136176250354e-01 -7.488894476779249798e-01 8.891391483221148251e-01
5.690001138176560280e-01 -7.345020680361139531e-01 9.248170526683546777e-01
5.700001140176871317e-01 -7.193478211266711719e-01 9.596915550079225810e-01
5.710001142177181244e-01 -7.034413212306537266e-01 9.937328965266913894e-01
5.720001144177491170e-01 -6.867977269894793846e-01 1.026912334597744003e+00
5.730001146177802207e-01 -6.694327204315723145e-01 1.059202152591214530e+00
5.740001148178112134e-01 -6.513624859538372780e-01 1.090575668473172222e+00
5.750001150178422060e-01 -6.326036892807475054e-01 1.121007242220173339e+00
5.760001152178733097e-01 -6.131734564231058338e-01 1.150472282076519859e+00
5.770001154179043024e-01 -5.930893526577886155e-01 1.178947249681772114e+00
5.780001156179352950e-01 -5.723693615490138553e-01 1.206409664096495860e+00
5.790001158179663987e-01 -5.510318640310136740e-01 1.232838104754417685e+00
5.800001160179975024e-01 -5.290956175711916121e-01 1.258212213369523935e+00
5.810001162180286061e-01 -5.065797354321356361e-01 1.282512694826907218e+00
5.820001164180595987e-01 -4.835036660501646488e-01 1.305721317086232069e+00
5.830001166180907024e-01 -4.598871725473249183e-01 1.327820910126603637e+00
5.840001168181218061e-01 -4.357503123931177891e-01 1.348795363961182492e+00
5.850001170181529098e-01 -4.111134172314140356e-01 1.368629625755814816e+00
5.860001172181840134e-01 -3.859970728874246859e-01 1.387309696073646625e+00
5.870001174182151171e-01 -3.604220995688754425e-01 1.404822624278759369e+00
5.880001176182462208e-01 -3.344095322748609767e-01 1.421156503127592563e+00
5.890001178182773245e-01 -3.079806014251810220e-01 1.436300462576997061e+00
5.900001180183084282e-01 -2.811567137223032753e-01 1.450244662837768095e+00
5.910001182183395319e-01 -2.539594332574607316e-01 1.462980286702411092e+00
5.920001184183706355e-01 -2.264104628717497070e-01 1.474499531175654798e+00
5.930001186184016282e-01 -1.985316257824744912e-01 1.484795598436017716e+00
5.940001188184327319e-01 -1.703448474843562710e-01 1.493862686156496089e+00
5.950001190184638356e-01 -1.418721379346827571e-01 1.501695977212149868e+00
5.960001192184949392e-01 -1.131355740307839891e-01 1.508291628802080675e+00
5.970001194185260429e-01 -8.415728238775116443e-02 1.513646761012974240e+00
5.980001196185571466e-01 -5.495942242369134673e-02 1.517759444850744099e+00
5.990001198185882503e-01 -2.556416975929164462e-02 1.520628689766190922e+00
6.000001200186193540e-01 4.006300062105908923e-03 1.522254430704977013e+00
6.010001202186504576e-01 3.372982752822356600e-02 1.522637514701322914e+00
6.020001204186815613e-01 6.358428478014652163e-02 1.521779687044214402e+00
6.030001206187125540e-01 9.354759089850944731e-02 1.519683577040633393e+00
6.040001208187436577e-01 1.235977268493796133e-01 1.516352683400058021e+00
6.050001210187747613e-01 1.537127500860427931e-01 1.511791359264246459e+00
6.060001212188058650e-01 1.838708088034717580e-01 1.506004796905836107e+00
6.070001214188369687e-01 2.140501558425796091e-01 1.498999012118813923e+00
6.080001216188680724e-01 2.442291622418630848e-01 1.490780828323485130e+00
6.090001218188991761e-01 2.743863304344277276e-01 1.481357860408028193e+00
6.100001220189302797e-01 3.045003070887972729e-01 1.470738498328272081e+00
6.110001222189613834e-01 3.345498955922925899e-01 1.458931890486826699e+00
6.120001224189924871e-01 3.645140681761472323e-01 1.445947926912213521e+00
6.130001226190235908e-01 3.943719776818804812e-01 1.431797222257987334e+00
6.140001228190545834e-01 4.241029689687964011e-01 1.416491098641374347e+00
6.150001230190856871e-01 4.536865899628504950e-01 1.400041568341863440e+00
6.160001232191167908e-01 4.831026023473704578e-01 1.382461316376260241e+00
6.170001234191478945e-01 5.123309918965297527e-01 1.363763682969488800e+00
6.180001236191789982e-01 5.413519784526780176e-01 1.343962645938616918e+00
6.190001238192101018e-01 5.701460255489737561e-01 1.323072803007104836e+00
6.200001240192412055e-01 5.986938496790230602e-01 1.301109354065842272e+00
6.210001242192723092e-01 6.269764292154914598e-01 1.278088083397046271e+00
6.220001244193034129e-01 6.549750129799057907e-01 1.254025341876559230e+00
6.230001246193345166e-01 6.826711284661044488e-01 1.228938029169628354e+00
6.240001248193656203e-01 7.100465897200209930e-01 1.202843575934674725e+00
6.250001250193966129e-01 7.370835048786960053e-01 1.175759926049166459e+00
6.260001252194277166e-01 7.637642833716484780e-01 1.147705518871107389e+00
6.270001254194588203e-01 7.900716427878611281e-01 1.118699271549288277e+00
6.280001256194899240e-01 8.159886154119263546e-01 1.088760561394832127e+00
6.290001258195210276e-01 8.414985544329720568e-01 1.057909208326196948e+00
6.300001260195521313e-01 8.665851398302111264e-01 1.026165457399329739e+00
6.310001262195832350e-01 8.912323839390967617e-01 9.935499614340461694e-01
6.320001264196143387e-01 9.154246367022084163e-01 9.600837637474830544e-01
6.330001266196454424e-01 9.391465906091317484e-01 9.257882810048243538e-01
6.340001268196765460e-01 9.623832853297183965e-01 8.906852861971717994e-01
6.350001270197076497e-01 9.851201120452447446e-01 8.547968917559712887e-01
6.360001272197386424e-01 1.007342817482077990e+00 8.181455328129060289e-01
6.370001274197697461e-01 1.029037507652580397e+00 7.807539506138360119e-01
6.380001276198008497e-01 1.050190651308041456e+00 7.426451760949380754e-01
6.390001278198319534e-01 1.070789083108565576e+00 7.038425136286747819e-01
6.400001280198630571e-01 1.090820006514874319e+00 6.643695249470006337e-01
6.410001282198941608e-01 1.110270996407068278e+00 6.242500132486746844e-01
6.420001284199252645e-01 1.129130001435462383e+00 5.835080074972472941e-01
6.430001286199563681e-01 1.147385346108654058e+00 5.421677469158966423e-01
6.440001288199874718e-01 1.165025732624052957e+00 5.002536656849303487e-01
6.450001290200185755e-01 1.182040242446103617e+00 4.577903778470625018e-01
6.460001292200496792e-01 1.198418337637519704e+00 4.148026624261367257e-01
6.470001294200806718e-01 1.214149861948832010e+00 3.713154487636199930e-01
6.480001296201117755e-01 1.229225041671627716e+00 3.273538020774279800e-01
6.490001298201428792e-01 1.243634486260800420e+00 2.829429092470869267e-01
6.500001300201739829e-01 1.257369188731248810e+00 2.381080648290173352e-01
6.510001302202050866e-01 1.270420525834367709e+00 1.928746573054150870e-01
6.520001304202361903e-01 1.282780258019741382e+00 1.472681555698515665e-01
6.530001306202672939e-01 1.294440529187428135e+00 1.013140956524808678e-01
6.540001308202983976e-01 1.305393866236223666e+00 5.503806768737080218e-02
6.550001310203295013e-01 1.315633178413257776e+00 8.465703124361564219e-03
6.560001312203606050e-01 1.325151756470308806e+00 -3.837733781267173988e-02
6.570001314203915976e-01 1.333943271632147765e+00 -8.546537841924256584e-02
6.580001316204227013e-01 1.342001774382252766e+00 -1.327727375539787535e-01
6.590001318204538050e-01 1.349321693071155126e+00 -1.802737414313598241e-01
6.600001320204849087e-01 1.355897832352699783e+00 -2.279427351621890752e-01
6.610001322205160124e-01 1.361725371453426536e+00 -2.757540940412768204e-01
6.620001324205471160e-01 1.366799862280276612e+00 -3.236822345816677271e-01
6.630001326205782197e-01 1.371117227371757341e+00 -3.717016252950145483e-01
6.640001328206093234e-01 1.374673757697676191e+00 -4.197867972179619711e-01
6.650001330206404271e-01 1.377466110312502545e+00 -4.679123541845367495e-01
6.660001332206715308e-01 1.379491305867373452e+00 -5.160529828447913969e-01
6.670001334207026344e-01 1.380746725985693368e+00 -5.641834624300978707e-01
6.680001336207336271e-01 1.381230110507245090e+00 -6.122786742656705083e-01
6.690001338207647308e-01 1.380939554605659758e+00 -6.603136110310956486e-01
6.700001340207958345e-01 1.379873505784042331e+00 -7.082633857697112623e-01
6.710001342208269381e-01 1.378030760753492734e+00 -7.561032406480044932e-01
6.720001344208580418e-01 1.375410462199190942e+00 -8.038085554661753562e-01
6.730001346208891455e-01 1.372012095438671198e+00 -8.513548559212528177e-01
6.740001348209202492e-01 1.367835484976824167e+00 -8.987178216242621698e-01
6.750001350209513529e-01 1.362880790962119892e+00 -9.458732938730689543e-01
6.760001352209824566e-01 1.357148505548467998e+00 -9.927972831826595845e-01
6.770001354210135602e-01 1.350639449167061468e+00 -1.039465976574721173e+00
6.780001356210446639e-01 1.343354766712493431e+00 -1.085855744628512642e+00
6.790001358210756566e-01 1.335295923647337402e+00 -1.131943148297805068e+00
6.800001360211067603e-01 1.326464702029325871e+00 -1.177704945489950195e+00
6.810001362211378639e-01 1.316863196465275054e+00 -1.223118097409585214e+00
6.820001364211689676e-01 1.306493809995702859e+00 -1.268159774679070262e+00
6.830001366212000713e-01 1.295359249914055155e+00 -1.312807363229150814e+00
6.840001368212311750e-01 1.283462523524400600e+00 -1.357038469964864991e+00
6.850001370212622787e-01 1.270806933841379660e+00 -1.400830928209325421e+00
6.860001372212933823e-01 1.257396075236118183e+00 -1.444162802928037337e+00
6.870001374213244860e-01 1.243233829031719306e+00 -1.487012395736529546e+00
6.880001376213555897e-01 1.228324359051921277e+00 -1.529358249694108496e+00
6.890001378213866934e-01 1.212672107126376186e+00 -1.571179153886600899e+00
6.900001380214176860e-01 1.196281788555976888e+00 -1.612454147801001492e+00
6.910001382214487897e-01 1.179158387541555220e+00 -1.653162525495047275e+00
6.920001384214798934e-01 1.161307152579232005e+00 -1.693283839564641902e+00
6.930001386215109971e-01 1.142733591825577211e+00 -1.732797904912290132e+00
6.940001388215421008e-01 1.123443468435718406e+00 -1.771684802319572372e+00
6.950001390215732044e-01 1.103442795877422000e+00 -1.809924881826797005e+00
6.960001392216043081e-01 1.082737833224117319e+00 -1.847498765923007769e+00
6.970001394216354118e-01 1.061335080429762323e+00 -1.884387352549496297e+00
6.980001396216665155e-01 1.039241273588356274e+00 -1.920571817920051272e+00
6.990001398216976192e-01 1.016463380180862242e+00 -1.956033619161751780e+00
7.000001400217287229e-01 9.930085943121280678e-01 -1.990754496787775718e+00
7.010001402217597155e-01 9.688843319405244792e-01 -2.024716476974008028e+00
7.020001404217908192e-01 9.440982261028839639e-01 -2.057901873679590654e+00
7.030001406218219229e-01 9.186581221371217243e-01 -2.090293290602419418e+00
7.040001408218530266e-01 8.925720729048864932e-01 -2.121873622967982875e+00
7.050001410218841302e-01 8.658483340166338582e-01 -2.152626059157739746e+00
7.060001412219152339e-01 8.384953590613604124e-01 -2.182534082180297208e+00
7.070001414219463376e-01 8.105217948431951980e-01 -2.211581470988687848e+00
7.080001416219774413e-01 7.819364766269710776e-01 -2.239752301646988020e+00
7.090001418220085450e-01 7.527484233948373848e-01 -2.267030948349566533e+00
7.100001420220396486e-01 7.229668331159092576e-01 -2.293402084296206400e+00
7.110001422220706413e-01 6.926010780308814452e-01 -2.318850682426341958e+00
7.120001424221017450e-01 6.616606999534589972e-01 -2.343362016015650973e+00
7.130001426221328487e-01 6.301554055904557972e-01 -2.366921659138180978e+00
7.140001428221639523e-01 5.980950618822408194e-01 -2.389515486997272564e+00
7.150001430221950560e-01 5.654896913652558421e-01 -2.411129676128397570e+00
7.160001432222261597e-01 5.323494675582171043e-01 -2.431750704477106950e+00
7.170001434222572634e-01 4.986847103735609910e-01 -2.451365351355211608e+00
7.180001436222883671e-01 4.645058815556376008e-01 -2.469960697278318573e+00
7.190001438223194707e-01 4.298235801471069206e-01 -2.487524123687812505e+00
7.200001440223505744e-01 3.946485379848934105e-01 -2.504043312564358192e+00
7.210001442223816781e-01 3.589916152269681526e-01 -2.519506245936562916e+00
7.220001444224126708e-01 3.228637959114472045e-01 -2.533901205252240718e+00
7.230001446224437744e-01 2.862761835492161899e-01 -2.547216770677923403e+00
7.240001448224748781e-01 2.492399967511249315e-01 -2.559441820289687364e+00
7.250001450225059818e-01 2.117665648908778619e-01 -2.570565529165288243e+00
7.260001452225370855e-01 1.738673238047566960e-01 -2.580577368381568704e+00
7.270001454225681892e-01 1.355538115291838597e-01 -2.589467103920049862e+00
7.280001456225992928e-01 9.683766407710237001e-02 -2.597224795483500603e+00
7.290001458226303965e-01 5.773061125410584860e-02 -2.603840795226274096e+00
7.300001460226615002e-01 1.824447251520007474e-02 -2.609305746401181292e+00
7.310001462226926039e-01 -2.160884713696669540e-02 -2.613610581925604581e+00
7.320001464227237076e-01 -6.181736121160986974e-02 -2.616746522869535241e+00
7.330001466227547002e-01 -1.023690057462990077e-01 -2.618705076868196535e+00
7.340001468227858039e-01 -1.432516432797520112e-01 -2.619478036461829529e+00
7.350001470228169076e-01 -1.844530667802011803e-01 -2.619057477365245301e+00
7.360001472228480113e-01 -2.259610035287961394e-01 -2.617435756669660218e+00
7.370001474228791150e-01 -2.677631189573928538e-01 -2.614605510979306491e+00
7.380001476229102186e-01 -3.098470204402114514e-01 -2.610559654485285375e+00
7.390001478229413223e-01 -3.522002610388471067e-01 -2.605291376979069096e+00
7.400001480229724260e-01 -3.948103432001702218e-01 -2.598794141808043356e+00
7.410001482230035297e-01 -4.376647224067561348e-01 -2.591061683785109704e+00
7.420001484230346334e-01 -4.807508107794043473e-01 -2.582088007029427423e+00
7.430001486230657370e-01 -5.240559806311989588e-01 -2.571867382749702724e+00
7.440001488230967297e-01 -5.675675679728945378e-01 -2.560394346999805837e+00
7.450001490231278334e-01 -6.112728759694584513e-01 -2.547663698378764607e+00
7.460001492231589371e-01 -6.551591783473632580e-01 -2.533670495686293211e+00
7.470001494231900407e-01 -6.992137227524851673e-01 -2.518410055535859726e+00
7.480001496232211444e-01 -7.434237340583322862e-01 -2.501877949927405531e+00
7.490001498232522481e-01 -7.877764176244588246e-01 -2.484070003781733593e+00
7.500001500232833518e-01 -8.322589625049091611e-01 -2.464982292438538281e+00
7.510001502233144555e-01 -8.768585446065748634e-01 -2.444611139120036025e+00
7.520001504233455591e-01 -9.215623297973660755e-01 -2.422953112362077555e+00
7.530001506233766628e-01 -9.663574769641392059e-01 -2.400005023414641947e+00
7.540001508234076555e-01 -1.011231141020325630e+00 -2.375763923613521289e+00
7.550001510234387592e-01 -1.056170475863280167e+00 -2.350227101724962075e+00
7.560001512234698628e-01 -1.101162637281273948e+00 -2.323392081265085007e+00
7.570001514235009665e-01 -1.146194785810270789e+00 -2.295256617795712994e+00
7.580001516235320702e-01 -1.191254089540453087e+00 -2.265818696198327320e+00
7.590001518235631739e-01 -1.236327726872605837e+00 -2.235076527927802648e+00
7.600001520235942776e-01 -1.281402889224449781e+00 -2.203028548247466745e+00
7.610001522236253813e-01 -1.326466783687042295e+00 -2.169673413447902988e+00
7.620001524236564849e-01 -1.371506635631468241e+00 -2.135009998059502312e+00
7.630001526236875886e-01 -1.416509691265835480e+00 -2.099037392024487580e+00
7.640001528237186923e-01 -1.461463220142640296e+00 -2.061754897875058834e+00
7.650001530237496850e-01 -1.506354517616895317e+00 -2.023162027901210802e+00
7.660001532237807886e-01 -1.551170907255212672e+00 -1.983258501305457777e+00
7.670001534238118923e-01 -1.595899743195971832e+00 -1.942044241349140776e+00
7.680001536238429960e-01 -1.640528412460892316e+00 -1.899519372491538682e+00
7.690001538238740997e-01 -1.685044337218207788e+00 -1.855684217523136503e+00
7.700001540239052034e-01 -1.729434976997718199e+00 -1.810539294694249790e+00
7.710001542239363070e-01 -1.773687830858007519e+00 -1.764085314840244889e+00
7.720001544239674107e-01 -1.817790439506105749e+00 -1.716323178504516989e+00
7.730001546239985144e-01 -1.861730387369917139e+00 -1.667253973060387029e+00
7.740001548240296181e-01 -1.905495304623715080e+00 -1.616878969833015933e+00
7.750001550240607218e-01 -1.949072869167044919e+00 -1.565199621222435944e+00
7.760001552240917144e-01 -1.992450808557359565e+00 -1.512217557828747116e+00
7.770001554241228181e-01 -2.035616901896772468e+00 -1.457934585580463294e+00
7.780001556241539218e-01 -2.078558981673219730e+00 -1.402352682867096245e+00
7.790001558241850255e-01 -2.121264935556482989e+00 -1.345473997676811750e+00
7.800001560242161291e-01 -2.163722708149400376e+00 -1.287300844740184580e+00
7.810001562242472328e-01 -2.205920302694658552e+00 -1.227835702680912355e+00
7.820001564242783365e-01 -2.247845782737603049e+00 -1.167081211176029809e+00
7.830001566243094402e-01 -2.289487273745484774e+00 -1.105040168125473343e+00
7.840001568243405439e-01 -2.330832964683427821e+00 -1.041715526819878335e+00
7.850001570243716476e-01 -2.371871109547549761e+00 -9.771103931318695368e-01
7.860001572244027512e-01 -2.412590028855781110e+00 -9.112280227145070910e-01
7.870001574244337439e-01 -2.452978111096744573e+00 -8.440718182111219825e-01
7.880001576244648476e-01 -2.493023814137169225e+00 -7.756453264776058676e-01
7.890001578244959513e-01 -2.532715666588203351e+00 -7.059522358179766144e-01
7.900001580245270549e-01 -2.572042269131153081e+00 -6.349963732337137179e-01
7.910001582245581586e-01 -2.610992295803054919e+00 -5.627817016876329737e-01
7.920001584245892623e-01 -2.649554495242527175e+00 -4.893123173828302086e-01
7.930001586246203660e-01 -2.687717691896394534e+00 -4.145924470573464915e-01
7.940001588246514697e-01 -2.725470787187511679e+00 -3.386264452950767945e-01
7.950001590246825733e-01 -2.762802760644269995e+00 -2.614187918534887634e-01
7.960001592247136770e-01 -2.799702670992259890e+00 -1.829740890086651861e-01
7.970001594247447807e-01 -2.836159657208537688e+00 -1.032970589181751303e-01
7.980001596247757734e-01 -2.872162939538988269e+00 -2.239254100225845576e-02
7.990001598248068770e-01 -2.907701820479270616e+00 5.973451065626638606e-02
8.000001600248379807e-01 -2.942765685719758384e+00 1.430790298928058812e-01
8.010001602248690844e-01 -2.977344005055048370e+00 2.276358410222613371e-01
8.020001604249001881e-01 -3.011426333258446775e+00 3.133996613802348952e-01
8.030001606249312918e-01 -3.045002310921947952e+00 4.003651038451010447e-01
8.040001608249623954e-01 -3.078061665262181723e+00 4.885266793384570594e-01
8.050001610249934991e-01 -3.110594210892753342e+00 5.778787993026576197e-01
8.060001612250246028e-01 -3.142589850563505927e+00 6.684157781589815661e-01
8.070001614250557065e-01 -3.174038575867193845e+00 7.601318357435856710e-01
8.080001616250866991e-01 -3.204930467914055114e+00 8.530210997214063839e-01
8.090001618251178028e-01 -3.235255697974739775e+00 9.470776079778668866e-01
8.100001620251489065e-01 -3.265004528092068536e+00 1.042295310987928270e+00
8.110001622251800102e-01 -3.294167311662129727e+00 1.138668074162472177e+00
8.120001624252111139e-01 -3.322734493985174176e+00 1.236189680171625671e+00
8.130001626252422176e-01 -3.350696612786781881e+00 1.334853831244900535e+00
8.140001628252733212e-01 -3.378044298709784066e+00 1.434654151447899206e+00
8.150001630253044249e-01 -3.404768275777409592e+00 1.535584188935478434e+00
8.160001632253355286e-01 -3.430859361828131338e+00 1.637637418181118187e+00
8.170001634253666323e-01 -3.456308468922692612e+00 1.740807242182418557e+00
8.180001636253977360e-01 -3.481106603723749693e+00 1.845086994642531231e+00
8.190001638254287286e-01 -3.505244867848638979e+00 1.950469942127430967e+00
8.200001640254598323e-01 -3.528714458195711057e+00 2.056949286198939575e+00
8.210001642254909360e-01 -3.551506667244676674e+00 2.164518165523270810e+00
8.220001644255220397e-01 -3.573612883331469092e+00 2.273169657955200762e+00
8.230001646255531433e-01 -3.595024590898027395e+00 2.382896782598338259e+00
8.240001648255842470e-01 -3.615733370717481687e+00 2.493692501848580267e+00
8.250001650256153507e-01 -3.635730900095169194e+00 2.605549723392826422e+00
8.260001652256464544e-01 -3.655008953045984832e+00 2.718461302195958940e+00
8.270001654256775581e-01 -3.673559400448456191e+00 2.832420042463974497e+00
8.280001656257086617e-01 -3.691374210175999870e+00 2.947418699580207857e+00
8.290001658257397654e-01 -3.708445447205832135e+00 3.063449982016769546e+00
8.300001660257707581e-01 -3.724765273705883839e+00 3.180506553221224664e+00
8.310001662258018618e-01 -3.740325949100253400e+00 3.298581033478527491e+00
8.320001664258329654e-01 -3.755119830113542445e+00 3.417666001748083104e+00
8.330001666258640691e-01 -3.769139370794558630e+00 3.537753997476196677e+00
8.340001668258951728e-01 -3.782377122519761770e+00 3.658837522383762142e+00
8.350001670259262765e-01 -3.794825733976885829e+00 3.780909042229272821e+00
8.360001672259573802e-01 -3.806477951129203063e+00 3.903960988547233502e+00
8.370001674259884838e-01 -3.817326617160705204e+00 4.027985760361988632e+00
8.380001676260195875e-01 -3.827364672402783441e+00 4.152975725877057656e+00
8.390001678260506912e-01 -3.836585154242650564e+00 4.278923224140014803e+00
8.400001680260817949e-01 -3.844981197014007535e+00 4.405820566683040340e+00
8.410001682261127876e-01 -3.852546031870296428e+00 4.533660039139126852e+00
8.420001684261438912e-01 -3.859272986640954972e+00 4.662433902834210109e+00
8.430001686261749949e-01 -3.865155485671030622e+00 4.792134396355044679e+00
8.440001688262060986e-01 -3.870187049644565391e+00 4.922753737098624960e+00
8.450001690262372023e-01 -3.874361295392008575e+00 5.054284122801362855e+00
8.460001692262683060e-01 -3.877671935682239557e+00 5.186717733010399733e+00
8.470001694262994096e-01 -3.880112778999485812e+00 5.320046730567237425e+00
8.480001696263305133e-01 -3.881677729305480273e+00 5.454263263057971933e+00
8.490001698263616170e-01 -3.882360785787188018e+00 5.589359464239201714e+00
8.500001700263927207e-01 -3.882156042590487743e+00 5.725327455440606172e+00
8.510001702264238244e-01 -3.881057688540167305e+00 5.862159346944432414e+00
8.520001704264548170e-01 -3.879060006846596576e+00 5.999847239341943528e+00
8.530001706264859207e-01 -3.876157374799348521e+00 6.138383224867111743e+00
8.540001708265170244e-01 -3.872344263448209922e+00 6.277759388707480070e+00
8.550001710265481281e-01 -3.867615237271838868e+00 6.417967810292558362e+00
8.560001712265792317e-01 -3.861964953834415848e+00 6.559000564559847035e+00
8.570001714266103354e-01 -3.855388163430648607e+00 6.700849723198570196e+00
8.580001716266414391e-01 -3.847879708719419867e+00 6.843507355871356168e+00
8.590001718266725428e-01 -3.839434524346355015e+00 6.986965531414039532e+00
8.600001720267036465e-01 -3.830047636555754753e+00 7.131216319013669036e+00
8.610001722267347501e-01 -3.819714162792051670e+00 7.276251789365011824e+00
8.620001724267657428e-01 -3.808429311291168240e+00 7.422064015805579729e+00
8.630001726267968465e-01 -3.796188380662087969e+00 7.568645075429587088e+00
8.640001728268279502e-01 -3.782986759458891513e+00 7.715987050180640239e+00
8.650001730268590538e-01 -3.768819925743601473e+00 7.864082027923772422e+00
8.660001732268901575e-01 -3.753683446639946020e+00 8.012922103518405947e+00
8.670001734269212612e-01 -3.737572977878409919e+00 8.162499379842515168e+00
8.680001736269523649e-01 -3.720484263333116104e+00 8.312805968768048004e+00
8.690001738269834686e-01 -3.702413134550671447e+00 8.463833992173922738e+00
8.700001740270145723e-01 -3.683355510271094868e+00 8.615575582916809694e+00
8.710001742270456759e-01 -3.663307395941132860e+00 8.768022885782182030e+00
8.720001744270767796e-01 -3.642264883220309724e+00 8.921168058415736013e+00
8.730001746271077723e-01 -3.620224149479930542e+00 9.075003272235571572e+00
8.740001748271388760e-01 -3.597181457295246965e+00 9.229520713325230830e+00
8.750001750271699796e-01 -3.573133153931157935e+00 9.384712583307653233e+00
8.760001752272010833e-01 -3.548075670821519978e+00 9.540571100200558874e+00
8.770001754272321870e-01 -3.522005523042476494e+00 9.697088499253210259e+00
8.780001756272632907e-01 -3.494919308779933509e+00 9.854257033764797669e+00
8.790001758272943944e-01 -3.466813708791445681e+00 1.001206897588472700e+01
8.800001760273254980e-01 -3.437685485862755019e+00 1.017051661739487223e+01
8.810001762273566017e-01 -3.407531484259198162e+00 1.032959227047415141e+01
8.820001764273877054e-01 -3.376348629172200244e+00 1.048928826844550777e+01
8.830001766274188091e-01 -3.344133926161078740e+00 1.064959696650553944e+01
8.840001768274498017e-01 -3.310884460590372669e+00 1.081051074243696064e+01
8.850001770274809054e-01 -3.276597397062881001e+00 1.097202199730417149e+01
8.860001772275120091e-01 -3.241269978848682065e+00 1.113412315613193115e+01
8.870001774275431128e-01 -3.204899527310252516e+00 1.129680666856835280e+01
8.880001776275742165e-01 -3.167483441323776905e+00 1.146006500955898666e+01
8.890001778276053201e-01 -3.129019196697016447e+00 1.162389067994270064e+01
8.900001780276364238e-01 -3.089504345584117573e+00 1.178827620705997603e+01
8.910001782276675275e-01 -3.048936515897301636e+00 1.195321414536337556e+01
8.920001784276986312e-01 -3.007313410715585889e+00 1.211869707700021337e+01
8.930001786277297349e-01 -2.964632807690776417e+00 1.228471761237985937e+01
8.940001788277608386e-01 -2.920892558450917331e+00 1.245126839072585057e+01
8.950001790277918312e-01 -2.876090588001371628e+00 1.261834208061307905e+01
8.960001792278229349e-01 -2.830224894123679391e+00 1.278593138049031275e+01
8.970001794278540386e-01 -2.783293546772430016e+00 1.295402901918797589e+01
8.980001796278851423e-01 -2.735294687470212427e+00 1.312262775641168666e+01
8.990001798279162459e-01 -2.686226528700879967e+00 1.329172038322162308e+01
9.000001800279473496e-01 -2.636087353301260983e+00 1.346129972249788764e+01
9.010001802279784533e-01 -2.584875513851470963e+00 1.363135862939206611e+01
9.020001804280095570e-01 -2.532589432063969248e+00 1.380188999176522202e+01
9.030001806280406607e-01 -2.479227598171528157e+00 1.397288673061253128e+01
9.040001808280717643e-01 -2.424788570314236669e+00 1.414434180047456202e+01
9.050001810281027570e-01 -2.369270973925699852e+00 1.431624818983572034e+01
9.060001812281338607e-01 -2.312673501118535313e+00 1.448859892150971618e+01
9.070001814281649644e-01 -2.254994910069388236e+00 1.466138705301245082e+01
9.080001816281960680e-01 -2.196234024403479257e+00 1.483460567692239351e+01
9.090001818282271717e-01 -2.136389732578869438e+00 1.500824792123441576e+01
9.100001820282582754e-01 -2.075460987270267399e+00 1.518230694973372508e+01
9.110001822282893791e-01 -2.013446804752993646e+00 1.535677596225276176e+01
9.120001824283204828e-01 -1.950346264287367459e+00 1.553164819500148752e+01
9.130001826283515864e-01 -1.886158507503139958e+00 1.570691692087679137e+01
9.140001828283826901e-01 -1.820882737784193406e+00 1.588257544975226843e+01
9.150001830284137938e-01 -1.754518219653673494e+00 1.605861712875677583e+01
9.160001832284447865e-01 -1.687064278159677633e+00 1.623503534254190228e+01
9.170001834284758901e-01 -1.618520298261556745e+00 1.641182351353880975e+01
9.180001836285069938e-01 -1.548885724217049731e+00 1.658897510220415938e+01
9.190001838285380975e-01 -1.478160058970203972e+00 1.676648360725571862e+01
9.200001840285692012e-01 -1.406342863540292365e+00 1.694434256589763876e+01
9.210001842286003049e-01 -1.333433756411777527e+00 1.712254555403551137e+01
9.220001844286314086e-01 -1.259432412925431510e+00 1.730108618648150554e+01
9.230001846286625122e-01 -1.184338564670692984e+00 1.747995811714966763e+01
9.240001848286936159e-01 -1.108151998879367328e+00 1.765915503924156837e+01
9.250001850287247196e-01 -1.030872557820740498e+00 1.783867068542246770e+01
9.260001852287558233e-01 -9.525001381982010074e-01 1.801849882798813596e+01
9.270001854287868159e-01 -8.730346905474668517e-01 1.819863327902251626e+01
9.280001856288179196e-01 -7.924762186364303629e-01 1.837906789054643042e+01
9.290001858288490233e-01 -7.108247788668504707e-01 1.855979655465734268e+01
9.300001860288801270e-01 -6.280804796777774701e-01 1.874081320366045134e+01
9.310001862289112307e-01 -5.442434809508424065e-01 1.892211181020357103e+01
9.320001864289423343e-01 -4.593139934172806860e-01 1.910368638740999003e+01
9.330001866289734380e-01 -3.732922780672504603e-01 1.928553098892738760e+01
9.340001868290045417e-01 -2.861786455614854785e-01 1.946763970905157137e+01
9.350001870290356454e-01 -1.979734556449327387e-01 1.965000668281897589e+01
9.360001872290667491e-01 -1.086771165626089219e-01 1.983262608608886524e+01
9.370001874290978527e-01 -1.829008447776020799e-02 2.001549213561806440e+01
9.380001876291288454e-01 7.318713710761126645e-02 2.019859908912811974e+01
9.390001878291599491e-01 1.657539979298527366e-01 2.038194124536516583e+01
9.400001880291910528e-01 2.594099015381905460e-01 2.056551294415244158e+01
9.410001882292221564e-01 3.541542058668325499e-01 2.074930856643588939e+01
9.420001884292532601e-01 4.499862238044363139e-01 2.093332253432271628e+01
9.430001886292843638e-01 5.469052237609566269e-01 2.111754931111315869e+01
9.440001888293154675e-01 6.449104302318067194e-01 2.130198340132560020e+01
9.450001890293465712e-01 7.440010243592921624e-01 2.148661935071512374e+01
9.460001892293776748e-01 8.441761444912627699e-01 2.167145174628570103e+01
9.470001894294087785e-01 9.454348867369476439e-01 2.185647521629599055e+01
9.480001896294398822e-01 1.047776305519918294e+00 2.204168443025912083e+01
9.490001898294708749e-01 1.151199414128138532e+00 2.222707409893632047e+01
9.500001900295019786e-01 1.255703185261121346e+00 2.241263897432476782e+01
9.510001902295330822e-01 1.361286551573980264e+00 2.259837384963953966e+01
9.520001904295641859e-01 1.467948406218575252e+00 2.278427355928995368e+01
9.530001906295952896e-01 1.575687603381773494e+00 2.297033297887552550e+01
9.540001908296263933e-01 1.684502958820798924e+00 2.315654702514150642e+01
9.550001910296574970e-01 1.794393250395034389e+00 2.334291065589924941e+01
9.560001912296886006e-01 1.905357218594520452e+00 2.352941887000752885e+01
9.570001914297197043e-01 2.017393567065507654e+00 2.371606670732269606e+01
9.580001916297508080e-01 2.130500963132806902e+00 2.390284924864365834e+01
9.590001918297818007e-01 2.244678038318888458e+00 2.408976161565210816e+01
9.600001920298129043e-01 2.359923388859783255e+00 2.427679897084800942e+01
9.610001922298440080e-01 2.476235576217574508e+00 2.446395651748030176e+01
9.620001924298751117e-01 2.593613127589708078e+00 2.465122949947332742e+01
9.630001926299062154e-01 2.712054536414898021e+00 2.483861320134867157e+01
9.640001928299373191e-01 2.831558262875707221e+00 2.502610294814272152e+01
9.650001930299684227e-01 2.952122734397746751e+00 2.521369410532006938e+01
9.660001932299995264e-01 3.073746346145485031e+00 2.540138207868272247e+01
9.670001934300306301e-01 3.196427461514644630e+00 2.558916231427539500e+01
9.680001936300617338e-01 3.320164412621177341e+00 2.577703029828678893e+01
9.690001938300928375e-01 3.444955500786790026e+00 2.596498155694714072e+01
9.700001940301238301e-01 3.570798997021001231e+00 2.615301165642199166e+01
9.710001942301549338e-01 3.697693142499777874e+00 2.634111620270240905e+01
9.720001944301860375e-01 3.825636149040576139e+00 2.652929084149157291e+01
9.730001946302171412e-01 3.954626199573969103e+00 2.671753125808802665e+01
9.740001948302482448e-01 4.084661448611729639e+00 2.690583317726641610e+01
9.750001950302793485e-01 4.215740022711857549e+00 2.709419236318727542e+01
9.760001952303104522e-01 4.347860020940063741e+00 2.728260461922868529e+01
9.770001954303415559e-01 4.481019515327132829e+00 2.747106578785103892e+01
9.780001956303726596e-01 4.615216551322825822e+00 2.765957175047923400e+01
9.790001958304037633e-01 4.750449148246385533e+00 2.784811842736716869e+01
9.800001960304348669e-01 4.886715299733559448e+00 2.803670177745936698e+01
9.810001962304658596e-01 5.024012974179991708e+00 2.822531779824993592e+01
9.820001964304969633e-01 5.162340115181217826e+00 2.841396252563872693e+01
9.830001966305280670e-01 5.301694641968865085e+00 2.860263203378497465e+01
9.840001968305591706e-01 5.442074449843518735e+00 2.879132243495831744e+01
9.850001970305902743e-01 5.583477410603926216e+00 2.898002987938750152e+01
9.860001972306213780e-01 5.725901372972652226e+00 2.916875055510660530e+01
9.870001974306524817e-01 5.869344163018187288e+00 2.935748068779897579e+01
9.880001976306835854e-01 6.013803584573492067e+00 2.954621654063895519e+01
9.890001978307146890e-01 6.159277419650985408e+00 2.973495441413146878e+01
9.900001980307457927e-01 6.305763428853983221e+00 2.992369064594943495e+01
9.910001982307768964e-01 6.453259351784574882e+00 3.011242161076922486e+01
9.920001984308078891e-01 6.601762907447951356e+00 3.030114372010412183e+01
9.930001986308389927e-01 6.751271794653223246e+00 3.048985342213606131e+01
9.940001988308700964e-01 6.901783692410544013e+00 3.067854720154516457e+01
9.950001990309012001e-01 7.053296260324774636e+00 3.086722157933814614e+01
9.955001991309166964e-01 7.129427059007169554e+00 3.096155041532154328e+01
9.960001992309323038e-01 7.205807138985265148e+00 3.105587311267628436e+01
9.965001993309479111e-01 7.282436202425413008e+00 3.115018924662410171e+01
9.970001994309634075e-01 7.359313950352505351e+00 3.124449839471412460e+01
9.975001995309789038e-01 7.436440082664843132e+00 3.133880013664213493e+01
9.977501995809867630e-01 7.475096198876688192e+00 3.138594809958536302e+01
9.980001996309945111e-01 7.513814298141566539e+00 3.143309405441184268e+01
9.982501996810022593e-01 7.552594342634481706e+00 3.148023794919630802e+01
9.985001997310101185e-01 7.591436294460495837e+00 3.152737973217328715e+01
9.987501997810178667e-01 7.630340115658488465e+00 3.157451935172539592e+01
9.988751998060216852e-01 7.649815215391155832e+00 3.159808833412077433e+01
9.990001998310256148e-01 7.669305768201486906e+00 3.162165675636005702e+01
9.991001798479230978e-01 7.684906211278801358e+00 3.164050731511124326e+01
9.992001598648205807e-01 7.700516534881941766e+00 3.165935750812061400e+01
9.993001398817178416e-01 7.716136736569277232e+00 3.167820733211449991e+01
9.994001198986153245e-01 7.731766813897653634e+00 3.169705678382249658e+01
9.995000999155128074e-01 7.747406764422176906e+00 3.171590585997726564e+01
9.995500899239615489e-01 7.755230441368536454e+00 3.172533025620201030e+01
9.996000799324102903e-01 7.763056585696374690e+00 3.173475455731460926e+01
9.996500699408590318e-01 7.770885197099635988e+00 3.174417876290753426e+01
9.997000599493076622e-01 7.778716275272129721e+00 3.175360287257346315e+01
9.997500499577564037e-01 7.786549819907629733e+00 3.176302688590526557e+01
9.997750449619807744e-01 7.790467517053271784e+00 3.176773885631867955e+01
9.998000399662051452e-01 7.794385830699760653e+00 3.177245080249597819e+01
9.998250349704295159e-01 7.798304760808792757e+00 3.177716272438629019e+01
9.998500299746537756e-01 7.802224307342028098e+00 3.178187462193883661e+01
9.998750249788781463e-01 7.806144470261183521e+00 3.178658649510278167e+01
9.998875224809903317e-01 7.808104782853496850e+00 3.178894242252314228e+01
9.999000199831025171e-01 7.810065249527908371e+00 3.179129834382731445e+01
9.999100179847922876e-01 7.811633733803330593e+00 3.179318307646275343e+01
9.999200159864820581e-01 7.813202316685779358e+00 3.179506780517645836e+01
9.999300139881717175e-01 7.814770998172779315e+00 3.179695252996524246e+01
9.999400119898614880e-01 7.816339778261916393e+00 3.179883725082583723e+01
9.999500099915512585e-01 7.817908656950708135e+00 3.180072196775504523e+01
9.999550089923960883e-01 7.818693133269201567e+00 3.180166432474434401e+01
9.999600079932410290e-01 7.819477634236705832e+00 3.180260668074954822e+01
9.999650069940859698e-01 7.820262159852903849e+00 3.180354903577030612e+01
9.999700059949307995e-01 7.821046710117461664e+00 3.180449138980614876e+01
9.999750049957756293e-01 7.821831285030095060e+00 3.180543374285668534e+01
9.999775044961980441e-01 7.822223581729338626e+00 3.180590491901237016e+01
9.999800039966204590e-01 7.822615884590492286e+00 3.180637609492156415e+01
9.999825034970428739e-01 7.823008193613508965e+00 3.180684727058421402e+01
9.999850029974652887e-01 7.823400508798358466e+00 3.180731844600029135e+01
9.999875024978877036e-01 7.823792830144987498e+00 3.180778962116975705e+01
9.999887522480990221e-01 7.823988993128980773e+00 3.180802520866200922e+01
9.999900019983102295e-01 7.824185157653383627e+00 3.180826079609255430e+01
9.999910017984792177e-01 7.824342090382020665e+00 3.180844926599259281e+01
9.999920015986483168e-01 7.824499024096549071e+00 3.180863773585313936e+01
9.999930013988171940e-01 7.824655958796912003e+00 3.180882620567419394e+01
9.999940011989861821e-01 7.824812894483154757e+00 3.180901467545578143e+01
9.999950009991551703e-01 7.824969831155256905e+00 3.180920314519786274e+01
9.999955008992396088e-01 7.825048299861002477e+00 3.180929738005410812e+01
9.999960007993240474e-01 7.825126768813212230e+00 3.180939161490045208e+01
9.999965006994085970e-01 7.825205238011902154e+00 3.180948584973695148e+01
9.999970005994931466e-01 7.825283707457062476e+00 3.180958008456357433e+01
9.999975004995775851e-01 7.825362177148662113e+00 3.180967431938030998e+01
9.999977504496198044e-01 7.825401412086888442e+00 3.180972143678496522e+01
9.999980003996620237e-01 7.825440647086728596e+00 3.180976855418716553e+01
9.999982503497042430e-01 7.825479882148186128e+00 3.180981567158687184e+01
9.999985002997464623e-01 7.825519117271257485e+00 3.180986278898413033e+01
9.999987502497886815e-01 7.825558352455949773e+00 3.180990990637891969e+01
9.999988752248099022e-01 7.825577970071412537e+00 3.180993346507539599e+01
9.999990001998310118e-01 7.825597587702268321e+00 3.180995702377125767e+01
9.999991001798479440e-01 7.825613281818051270e+00 3.180997587072750221e+01
9.999992001598647651e-01 7.825628975943672572e+00 3.180999471768333464e+01
9.999993001398816972e-01 7.825644670079167753e+00 3.181001356463878693e+01
9.999994001198986293e-01 7.825660364224527044e+00 3.181003241159383776e+01
9.999995000999155614e-01 7.825676058379742450e+00 3.181005125854851201e+01
9.999995500899239165e-01 7.825683905461029433e+00 3.181006068202567150e+01
9.999996000799323825e-01 7.825691752544797986e+00 3.181007010550275993e+01
9.999996500699408486e-01 7.825699599631031234e+00 3.181007952897973112e+01
9.999997000599493147e-01 7.825707446719730953e+00 3.181008895245662416e+01
9.999997500499577807e-01 7.825715293810892703e+00 3.181009837593341061e+01
9.999997750449619582e-01 7.825719217357388402e+00 3.181010308767174877e+01
9.999998000399661358e-01 7.825723140904503161e+00 3.181010779941009048e+01
9.999998250349704243e-01 7.825727064452250303e+00 3.181011251114841087e+01
9.999998500299746018e-01 7.825730988000592525e+00 3.181011722288668153e+01
9.999998750249788904e-01 7.825734911549574235e+00 3.181012193462493798e+01
9.999998875224809236e-01 7.825736873324273368e+00 3.181012429049403778e+01
9.999999000199830679e-01 7.825738835099151025e+00 3.181012664636316600e+01
9.999999143028426296e-01 7.825741077127760903e+00 3.181012933878501414e+01
9.999999285857021913e-01 7.825743319156575062e+00 3.181013203120682675e+01
9.999999428685617531e-01 7.825745561185587285e+00 3.181013472362864292e+01
9.999999571514213148e-01 7.825747803214803788e+00 3.181013741605045908e+01
9.999999714342808765e-01 7.825750045244220132e+00 3.181014010847226459e+01
9.999999857171404383e-01 7.825752287273841645e+00 3.181014280089406299e+01
1.000000000000000000e+00 7.825754529303661222e+00 3.181014549331585783e+01
