# 2 2 4.849195773 0.0106205883648
# x xi_r xi_h
9.999989778475689654e-04 6.548086032567361839e-03 3.274043951898464484e-03
1.045453476840639898e-03 6.845722521317802560e-03 3.422863966788918834e-03
1.090907975833711914e-03 7.143358890146824999e-03 3.571683830170110582e-03
1.136362474826783063e-03 7.440995077802843756e-03 3.720503554195358446e-03
1.181816973819853995e-03 7.738631035058235116e-03 3.869323147037083931e-03
1.227271472812926012e-03 8.036266721328757384e-03 4.018142614010595561e-03
1.272725971805996944e-03 8.333902102327140488e-03 4.166961958353526153e-03
1.318180470799068093e-03 8.631537148410821716e-03 4.315781181774319859e-03
1.363634969792139892e-03 8.929171833402744021e-03 4.464600284843330338e-03
1.409089468785211042e-03 9.226806133739211269e-03 4.613419267275155680e-03
1.454543967778281974e-03 9.524440027847008022e-03 4.762238128134771258e-03
1.545452965764424922e-03 1.011970652618154540e-02 5.059875476410826724e-03
1.636361963750567004e-03 1.071497117209732966e-02 5.357512317010361576e-03
1.727270961736709952e-03 1.131023383017600546e-02 5.655148630449982616e-03
1.818179959722852901e-03 1.190549437265612381e-02 5.952784394822704939e-03
1.909088957708994982e-03 1.250075267672800736e-02 6.250419586680346778e-03
1.999997955695137931e-03 1.309600862286581374e-02 6.548054181573819549e-03
2.071426454112821041e-03 1.356370798872380545e-02 6.781909499092311777e-03
2.142854952530505019e-03 1.403140577000564285e-02 7.015764415855512207e-03
2.214283450948188996e-03 1.449910191007938373e-02 7.249618918525516272e-03
2.285711949365872107e-03 1.496679635263052123e-02 7.483472993640381474e-03
2.428568946201239195e-03 1.590217995845461668e-02 7.951179794455327104e-03
2.571425943036605849e-03 1.683755609609370249e-02 8.418884723895719152e-03
2.714282939871972937e-03 1.777292432284551665e-02 8.886587671152232359e-03
2.857139936707340025e-03 1.870828419640063398e-02 9.354288525113770708e-03
2.999996933542707113e-03 1.964363527465882650e-02 9.821987174453806341e-03
3.099996831327464161e-03 2.029837554076832640e-02 1.014937486553674217e-02
3.199996729112221210e-03 2.095311113187490679e-02 1.047676138652800688e-02
3.399996524681734005e-03 2.226256778716078147e-02 1.113153073335053540e-02
3.599996320251248102e-03 2.357200390691889177e-02 1.178629495502951131e-02
3.799996115820762198e-03 2.488141828825573762e-02 1.244105374804308113e-02
3.999995911390275861e-03 2.619080972677065647e-02 1.309580680931819036e-02
4.249995655852168916e-03 2.782751502225295007e-02 1.391423958261571274e-02
4.499995400314061103e-03 2.946418021144685609e-02 1.473266234417255037e-02
4.749995144775953290e-03 3.110080294395716274e-02 1.555107450225329778e-02
4.999994889237844610e-03 3.273738086696304644e-02 1.636947546593183617e-02
5.166661385545773602e-03 3.382840665404772407e-02 1.691506963252585594e-02
5.333327881853702594e-03 3.491941079385571522e-02 1.746065838221283820e-02
5.666660874469558844e-03 3.710135180934627519e-02 1.855181877477219896e-02
5.999993867085415093e-03 3.928319774105674261e-02 1.964295544057922949e-02
6.333326859701272210e-03 4.146494302137804233e-02 2.073406697504079702e-02
6.666659852317127592e-03 4.364658207539002382e-02 2.182515197595064418e-02
6.999992844932983842e-03 4.582810932336461862e-02 2.291620904242721093e-02
7.333325837548840959e-03 4.800951918233510585e-02 2.400723677474632736e-02
7.666658830164697208e-03 5.019080606716960768e-02 2.509823377391726118e-02
7.999991822780553458e-03 5.237196439114145952e-02 2.618919864114494650e-02
8.499991311704337832e-03 5.564344979892671406e-02 2.782558223681930176e-02
8.999990800628122206e-03 5.891461426970186904e-02 2.946188575062616208e-02
9.499990289551906580e-03 6.218543900796266732e-02 3.109810444085460077e-02
9.999989778475690955e-03 6.545590519275405750e-02 3.273423357387877930e-02
1.049998926739948053e-02 6.872599398621230538e-02 3.437026842163687368e-02
1.099998875632325970e-02 7.199568653912777338e-02 3.600620425812724179e-02
1.149998824524704061e-02 7.526496399383215963e-02 3.764203636260859270e-02
1.199998773417083019e-02 7.853380748736793482e-02 3.927776001053328442e-02
1.249998722309460936e-02 8.180219815053889343e-02 4.091337048228071288e-02
1.299998671201840067e-02 8.507011711196887926e-02 4.254886305590013795e-02
1.349998620094217984e-02 8.833754549503021469e-02 4.418423301035113993e-02
1.399998568986596074e-02 9.160446442203437623e-02 4.581947562643862160e-02
1.449998517878975032e-02 9.487085501099304374e-02 4.745458617970416126e-02
1.499998466771352949e-02 9.813669837845691302e-02 4.908955995451718540e-02
1.549998415663732081e-02 1.014019756387650878e-01 5.072439222860555125e-02
1.599998364556109998e-02 1.046666679038784353e-01 5.235907828356718002e-02
1.699998262340866872e-02 1.111942348150473520e-01 5.562798854916140012e-02
1.799998160125624094e-02 1.177192324583844346e-01 5.889625815046647950e-02
1.899998057910380969e-02 1.242415104116436075e-01 6.216384905648938280e-02
1.999997955695137150e-02 1.307609179659058873e-01 6.543072331363189442e-02
2.099997853479894025e-02 1.372773042157750534e-01 6.869684303235998324e-02
2.199997751264650900e-02 1.437905181126988285e-01 7.196217034118715383e-02
2.299997649049408122e-02 1.503004084952738462e-01 7.522666738036111467e-02
2.399997546834164996e-02 1.568068241086896519e-01 7.849029629474341130e-02
2.499997444618921871e-02 1.633096136188225134e-01 8.175301924473217519e-02
2.599997342403678052e-02 1.698086256223777790e-01 8.501479839790140880e-02
2.699997240188434927e-02 1.763037086506288598e-01 8.827559590650503607e-02
2.799997137973192149e-02 1.827947111702648564e-01 9.153537391451677108e-02
2.899997035757949024e-02 1.892814815844177379e-01 9.479409455842947863e-02
2.999996933542705899e-02 1.957638682353484427e-01 9.805171998935675870e-02
3.099996831327463120e-02 2.022417194050571687e-01 1.013082123402380130e-01
3.199996729112219301e-02 2.087148833127077108e-01 1.045635337286467403e-01
3.299996626896976176e-02 2.151832081126700824e-01 1.078176462587430440e-01
3.399996524681733051e-02 2.216465418940454790e-01 1.110705120355818670e-01
3.499996422466491314e-02 2.281047326814281129e-01 1.143220931684664210e-01
3.599996320251246801e-02 2.345576284326922334e-01 1.175723517374066135e-01
3.699996218036005063e-02 2.410050770353746041e-01 1.208212498069385493e-01
3.799996115820761938e-02 2.474469263043765355e-01 1.240687494249047840e-01
3.899996013605520201e-02 2.538830239800600186e-01 1.273148126272392600e-01
3.999995911390275688e-02 2.603132177295134908e-01 1.305594014752562149e-01
4.099995809175033951e-02 2.667373551457698500e-01 1.338024779979304635e-01
4.199995706959790825e-02 2.731552837436126979e-01 1.370440042020141247e-01
4.299995604744547700e-02 2.795668509567952320e-01 1.402839420765633616e-01
4.399995502529305269e-02 2.859719041356592051e-01 1.435222535917258790e-01
4.499995400314062838e-02 2.923702905466967761e-01 1.467589007275419688e-01
4.599995298098819713e-02 2.987618573726154581e-01 1.499938454563779222e-01
4.699995195883577281e-02 3.051464517094236717e-01 1.532270497169478662e-01
4.799995093668334156e-02 3.115239205630392916e-01 1.564584754289372603e-01
4.899994991453091725e-02 3.178941108469424681e-01 1.596880844917292763e-01
4.999994889237849294e-02 3.242568693804209201e-01 1.629158387938710872e-01
5.099994787022606169e-02 3.306120428889361418e-01 1.661417002399243059e-01
5.199994684807363043e-02 3.369594780025459424e-01 1.693656306947685930e-01
5.299994582592121306e-02 3.432990212522200046e-01 1.725875920005286723e-01
5.399994480376876793e-02 3.496305190674082741e-01 1.758075459778476457e-01
5.499994378161635056e-02 3.559538177723624019e-01 1.790254543994719838e-01
5.599994275946391931e-02 3.622687635896894576e-01 1.822412791480595151e-01
5.699994173731148805e-02 3.685752026379627289e-01 1.854549819590961268e-01
5.799994071515905680e-02 3.748729809254442991e-01 1.886665245949249725e-01
5.899993969300663249e-02 3.811619443503151961e-01 1.918758687926823414e-01
5.999993867085420818e-02 3.874419386981583502e-01 1.950829762638758014e-01
6.099993764870177693e-02 3.937128096402628397e-01 1.982878087094616104e-01
6.199993662654935261e-02 3.999744027332439722e-01 2.014903278324540470e-01
6.299993560439692830e-02 4.062265634171501882e-01 2.046904952959895663e-01
6.399993458224449705e-02 4.124691370125760925e-01 2.078882727421602905e-01
6.499993356009206580e-02 4.187019687187999994e-01 2.110836217928518388e-01
6.599993253793963455e-02 4.249249036119986389e-01 2.142765040499931550e-01
6.699993151578721717e-02 4.311377866435135431e-01 2.174668810957518517e-01
6.799993049363478592e-02 4.373404626379473470e-01 2.206547144880447453e-01
6.899992947148235467e-02 4.435327762912755212e-01 2.238399657643961871e-01
6.999992844932992342e-02 4.497145721692618059e-01 2.270225964444403943e-01
7.099992742717750605e-02 4.558856947059054532e-01 2.302025680281594988e-01
7.199992640502507479e-02 4.620459882018316256e-01 2.333798419961012338e-01
7.299992538287264354e-02 4.681952968227091061e-01 2.365543798096039763e-01
7.399992436072021229e-02 4.743334645975307295e-01 2.397261429069510175e-01
7.499992333856779492e-02 4.804603354156811168e-01 2.428950926755121531e-01
7.599992231641536367e-02 4.865757530246008766e-01 2.460611904912442249e-01
7.699992129426293241e-02 4.926795610287073024e-01 2.492243977106444464e-01
7.799992027211050116e-02 4.987716028877955954e-01 2.523846756659651747e-01
7.899991924995808379e-02 5.048517219152700575e-01 2.555419856649431831e-01
7.999991822780565254e-02 5.109197612763825003e-01 2.586962889905314311e-01
8.099991720565322129e-02 5.169755639864657137e-01 2.618475469003295752e-01
8.199991618350079003e-02 5.230189729091535566e-01 2.649957206259787035e-01
8.299991516134837266e-02 5.290498307546311896e-01 2.681407713738394039e-01
8.399991413919594141e-02 5.350679800779106765e-01 2.712826603243236323e-01
8.499991311704351016e-02 5.410732632771031447e-01 2.744213486316093853e-01
8.599991209489107891e-02 5.470655225916891684e-01 2.775567974233795199e-01
8.699991107273866153e-02 5.530446001008043622e-01 2.806889678005528577e-01
8.799991005058623028e-02 5.590103377214818980e-01 2.838178208356281207e-01
8.899990902843379903e-02 5.649625772068921359e-01 2.869433175733449581e-01
8.999990800628136778e-02 5.709011601446504214e-01 2.900654190312935699e-01
9.099990698412895040e-02 5.768259279551432028e-01 2.931840861989802871e-01
9.199990596197651915e-02 5.827367218898285017e-01 2.962992800375586766e-01
9.299990493982408790e-02 5.886333830295554792e-01 2.994109614795635865e-01
9.399990391767165665e-02 5.945157522828788954e-01 3.025190914284675570e-01
9.499990289551923928e-02 6.003836703843351552e-01 3.056236307569169530e-01
9.599990187336680802e-02 6.062369778927425568e-01 3.087245403084852846e-01
9.699990085121437677e-02 6.120755151895660440e-01 3.118217808970784044e-01
9.799989982906194552e-02 6.178991224772638624e-01 3.149153133063883336e-01
9.899989880690952815e-02 6.237076397776432080e-01 3.180050982896217016e-01
9.999989778475709690e-02 6.295009069302153204e-01 3.210910965692325703e-01
1.009998967626046934e-01 6.352787635905504660e-01 3.241732688362388148e-01
1.019998957404522066e-01 6.410410492286211515e-01 3.272515757494863786e-01
1.029998947182998031e-01 6.467876031271780901e-01 3.303259779369729920e-01
1.039998936961473996e-01 6.525182643801692439e-01 3.333964359948698442e-01
1.049998926739949962e-01 6.582328718911399923e-01 3.364629104872248755e-01
1.059998916518424955e-01 6.639312643716388518e-01 3.395253619457118122e-01
1.069998906296901059e-01 6.696132803396400712e-01 3.425837508693871380e-01
1.079998896075377024e-01 6.752787581179695575e-01 3.456380377244465674e-01
1.089998885853852018e-01 6.809275358327423477e-01 3.486881829439880121e-01
1.099998875632327983e-01 6.865594514118115166e-01 3.517341469277793786e-01
1.109998865410803948e-01 6.921743425832166396e-01 3.547758900417157801e-01
1.119998855189280051e-01 6.977720468735086889e-01 3.578133726125284908e-01
1.129998844967755045e-01 7.033524016061399875e-01 3.608465549343893297e-01
1.139998834746231010e-01 7.089152439000268036e-01 3.638753972683670401e-01
1.149998824524706975e-01 7.144604106680804145e-01 3.668998598406574274e-01
1.159998814303182940e-01 7.199877386156986470e-01 3.699199028423516000e-01
1.169998804081657934e-01 7.254970642392767344e-01 3.729354864292054872e-01
1.179998793860134038e-01 7.309882238247236153e-01 3.759465707214166841e-01
1.189998783638610003e-01 7.364610534459936630e-01 3.789531158034050162e-01
1.199998773417084996e-01 7.419153889636234123e-01 3.819550817235949913e-01
1.209998763195560961e-01 7.473510660232879355e-01 3.849524284942084651e-01
1.219998752974037065e-01 7.527679200542819471e-01 3.879451160875408422e-01
1.229998742752512059e-01 7.581657862679149762e-01 3.909331044347250095e-01
1.239998732530988024e-01 7.635444996561064901e-01 3.939163534342313699e-01
1.249998722309463989e-01 7.689038949900797171e-01 3.968948229470697919e-01
1.259998712087939954e-01 7.742438068189584355e-01 3.998684727964708641e-01
1.269998701866416058e-01 7.795640694683779737e-01 4.028372627676723439e-01
1.279998691644891051e-01 7.848645170390988746e-01 4.058011526077074937e-01
1.289998681423366877e-01 7.901449834056458732e-01 4.087601020251983575e-01
1.299998671201842981e-01 7.954053022149482066e-01 4.117140706901551983e-01
1.309998660980317975e-01 8.006453068849983534e-01 4.146630182337799897e-01
1.319998650758794079e-01 8.058648306035083309e-01 4.176069042474847559e-01
1.329998640537269905e-01 8.110637063264175550e-01 4.205456882759302517e-01
1.339998630315744899e-01 8.162417667765097251e-01 4.234793298274549533e-01
1.349998620094221002e-01 8.213988444422185564e-01 4.264077883718191408e-01
1.359998609872697106e-01 8.265347715763687875e-01 4.293310233384651786e-01
1.369998599651172932e-01 8.316493801949005338e-01 4.322489941163141225e-01
1.379998589429647926e-01 8.367425020756034115e-01 4.351616600535700985e-01
1.389998579208124030e-01 8.418139687568687579e-01 4.380689804575341184e-01
1.399998568986600134e-01 8.468636115364541750e-01 4.409709145944119002e-01
1.409998558765075127e-01 8.518912614702610631e-01 4.438674216891411173e-01
1.419998548543550954e-01 8.568967493711318051e-01 4.467584609252102656e-01
1.429998538322027057e-01 8.618799058075572450e-01 4.496439914393903226e-01
1.439998528100502884e-01 8.668405611023461965e-01 4.525239723231884725e-01
1.449998517878977877e-01 8.717785453314866873e-01 4.553983626303456100e-01
1.459998507657453981e-01 8.766936883230821431e-01 4.582671213718873537e-01
1.469998497435930085e-01 8.815858196562014193e-01 4.611302075159277591e-01
1.479998487214405911e-01 8.864547686597513687e-01 4.639875799874906837e-01
1.489998476992880905e-01 8.913003644113584034e-01 4.668391976683365363e-01
1.499998466771357009e-01 8.961224357362752579e-01 4.696850193967926357e-01
1.509998456549833112e-01 9.009208112062949692e-01 4.725250039675931713e-01
1.519998446328308106e-01 9.056953191386860613e-01 4.753591101317188872e-01
1.529998436106783932e-01 9.104457875950351387e-01 4.781872965900577643e-01
1.539998425885260036e-01 9.151720443802503491e-01 4.810095220074318556e-01
1.549998415663735862e-01 9.198739170414248489e-01 4.838257449892155448e-01
1.559998405442211133e-01 9.245512328667364610e-01 4.866359241052790052e-01
1.569998395220686960e-01 9.292038188846192259e-01 4.894400178802414958e-01
1.579998384999163064e-01 9.338315018627796338e-01 4.922379847933351926e-01
1.589998374777638890e-01 9.384341083072361700e-01 4.950297832782727392e-01
1.599998364556113883e-01 9.430114644613705188e-01 4.978153717231164621e-01
1.609998354334589987e-01 9.475633963050050790e-01 5.005947084701494187e-01
1.619998344113066091e-01 9.520897295534945792e-01 5.033677518157517738e-01
1.629998333891541085e-01 9.565902896568397873e-01 5.061344600102540836e-01
1.639998323670016911e-01 9.610649017986865328e-01 5.088947912497661097e-01
1.649998313448493015e-01 9.655133908953322797e-01 5.116487036827033208e-01
1.659998303226969119e-01 9.699355815949584070e-01 5.143961554156852856e-01
1.669998293005444112e-01 9.743312982768901342e-01 5.171371045081344375e-01
1.679998282783919938e-01 9.787003650507913877e-01 5.198715089721092086e-01
1.689998272562396042e-01 9.830426057558792063e-01 5.225993267721432689e-01
1.699998262340871036e-01 9.873578439601504719e-01 5.253205158250816575e-01
1.709998252119346862e-01 9.916459029596403907e-01 5.280350339999200227e-01
1.719998241897822966e-01 9.959066057776896352e-01 5.307428391176431948e-01
1.729998231676299070e-01 1.000139775164235578e+00 5.334438889510675352e-01
1.739998221454774063e-01 1.004345233595125730e+00 5.361381412246809530e-01
1.749998211233249890e-01 1.008522803271447055e+00 5.388255536144849200e-01
1.759998201011725993e-01 1.012672306118880261e+00 5.415060837478429256e-01
1.769998190790202097e-01 1.016793563787068422e+00 5.441796892032706445e-01
1.779998180568677091e-01 1.020886397648907540e+00 5.468463275030074344e-01
1.789998170347152917e-01 1.024950628799848884e+00 5.495059561195754227e-01
1.799998160125629021e-01 1.028986078057389397e+00 5.521585324799301864e-01
1.809998149904104014e-01 1.032992565960577647e+00 5.548040139610111998e-01
1.819998139682580118e-01 1.036969912769482693e+00 5.574423578895444376e-01
1.829998129461055945e-01 1.040917938464677617e+00 5.600735215418469748e-01
1.839998119239530938e-01 1.044836462746749906e+00 5.626974621436310331e-01
1.849998109018007042e-01 1.048725305035835609e+00 5.653141368698069158e-01
1.859998098796482868e-01 1.052584284471167697e+00 5.679235028442892741e-01
1.869998088574958972e-01 1.056413219910652845e+00 5.705255171397960456e-01
1.879998078353435076e-01 1.060211929930471975e+00 5.731201367776564970e-01
1.889998068131910069e-01 1.063980232824697225e+00 5.757073187276127157e-01
1.899998057910385896e-01 1.067717946604940238e+00 5.782870199076233231e-01
1.909998047688862000e-01 1.071424889000015979e+00 5.808591971837850920e-01
1.919998037467336993e-01 1.075100877455779536e+00 5.834238073804002278e-01
1.929998027245813097e-01 1.078745729134968467e+00 5.859808072693893921e-01
1.939998017024288923e-01 1.082359260916871291e+00 5.885301535654469118e-01
1.949998006802763917e-01 1.085941289397036158e+00 5.910718029313239974e-01
1.959997996581240021e-01 1.089491630887075235e+00 5.936057119777045088e-01
1.969997986359716124e-01 1.093010101414499280e+00 5.961318372630690643e-01
1.979997976138191951e-01 1.096496516722573755e+00 5.986501352935688081e-01
1.989997965916666944e-01 1.099950692270202479e+00 6.011605625229017313e-01
1.999997955695143048e-01 1.103372443231844580e+00 6.036630753521899928e-01
2.009997945473618874e-01 1.106761584497452544e+00 6.061576301298591263e-01
2.019997935252093868e-01 1.110117930672437359e+00 6.086441831515216894e-01
2.029997925030569972e-01 1.113441296077666287e+00 6.111226906598631325e-01
2.039997914809046076e-01 1.116731494749487519e+00 6.135931088445288895e-01
2.049997904587521902e-01 1.119988340439782570e+00 6.160553938420607611e-01
2.059997894365996896e-01 1.123211646616079085e+00 6.185095017382804539e-01
2.069997884144472999e-01 1.126401226461693383e+00 6.209553885654578442e-01
2.079997873922949103e-01 1.129556892875850149e+00 6.233930103013842761e-01
2.089997863701424929e-01 1.132678458473848737e+00 6.258223228704840047e-01
2.099997853479899923e-01 1.135765735587261682e+00 6.282432821437387016e-01
2.109997843258376027e-01 1.138818536264178505e+00 6.306558439386054093e-01
2.119997833036852131e-01 1.141836672269466835e+00 6.330599640189465971e-01
2.129997822815327124e-01 1.144819955085080831e+00 6.354555980949583294e-01
2.139997812593802951e-01 1.147768195910387146e+00 6.378427018231050960e-01
2.149997802372279054e-01 1.150681205662532625e+00 6.402212308060585277e-01
2.159997792150754881e-01 1.153558794976842883e+00 6.425911405926373332e-01
2.169997781929229874e-01 1.156400774207254623e+00 6.449523866777507886e-01
2.179997771707705978e-01 1.159206953426778375e+00 6.473049245023528853e-01
2.189997761486182082e-01 1.161977142428000542e+00 6.496487094533814899e-01
2.199997751264657908e-01 1.164711150723616973e+00 6.519836968634566965e-01
2.209997741043132902e-01 1.167408787546998505e+00 6.543098420111389535e-01
2.219997730821609006e-01 1.170069861852798931e+00 6.566271001209519342e-01
2.229997720600085109e-01 1.172694182317595590e+00 6.589354263632402064e-01
2.239997710378560103e-01 1.175281557340566607e+00 6.612347758541380349e-01
2.249997700157035929e-01 1.177831795044203878e+00 6.635251036555431803e-01
2.259997689935512033e-01 1.180344703275065354e+00 6.658063647750974701e-01
2.269997679713988137e-01 1.182820089604563085e+00 6.680785141661690352e-01
2.279997669492463130e-01 1.185257761329789217e+00 6.703415067278382100e-01
2.289997659270938957e-01 1.187657525474381970e+00 6.725952973048882066e-01
2.299997649049415060e-01 1.190019188789429139e+00 6.748398406878034494e-01
2.309997638827890054e-01 1.192342557754413557e+00 6.770750916127653563e-01
2.319997628606365880e-01 1.194627438578192091e+00 6.793010047616576674e-01
2.329997618384841984e-01 1.196873637200024598e+00 6.815175347620698876e-01
2.339997608163318088e-01 1.199080959290633741e+00 6.837246361870766842e-01
2.349997597941793082e-01 1.201249210253314104e+00 6.859222635555325409e-01
2.359997587720268908e-01 1.203378195225077052e+00 6.881103713321258253e-01
2.369997577498745012e-01 1.205467719077842004e+00 6.902889139273132857e-01
2.379997567277221115e-01 1.207517586419669442e+00 6.924578456973493612e-01
2.389997557055696109e-01 1.209527601596038338e+00 6.946171209443235961e-01
2.399997546834171935e-01 1.211497568691162430e+00 6.967666939161937245e-01
2.409997536612648039e-01 1.213427291529358243e+00 6.989065188068337431e-01
2.419997526391123033e-01 1.215316573676451073e+00 7.010365497560809844e-01
2.429997516169599137e-01 1.217165218441228713e+00 7.031567408497878535e-01
2.439997505948074963e-01 1.218973028876945586e+00 7.052670461198810026e-01
2.449997495726551067e-01 1.220739807782863728e+00 7.073674195444255020e-01
2.459997485505026060e-01 1.222465357705851074e+00 7.094578150476889000e-01
2.469997475283501887e-01 1.224149480942017698e+00 7.115381865002931017e-01
2.479997465061977990e-01 1.225791979538406018e+00 7.136084877185013831e-01
2.489997454840454094e-01 1.227392655294723189e+00 7.156686724654698351e-01
2.499997444618929088e-01 1.228951309765134559e+00 7.177186944508440192e-01
2.509997434397405192e-01 1.230467744260093976e+00 7.197585073308598869e-01
2.519997424175879908e-01 1.231941759848233620e+00 7.217880647084407020e-01
2.529997413954355734e-01 1.233373157358299776e+00 7.238073201332959616e-01
2.539997403732832115e-01 1.234761737381142810e+00 7.258162271020301981e-01
2.549997393511307942e-01 1.236107300271754417e+00 7.278147390582543341e-01
2.559997383289783768e-01 1.237409646151364173e+00 7.298028093927039217e-01
2.569997373068259039e-01 1.238668574909583597e+00 7.317803914433599344e-01
2.579997362846734865e-01 1.239883886206606611e+00 7.337474384955825490e-01
2.589997352625211247e-01 1.241055379475463960e+00 7.357039037822384886e-01
2.599997342403687073e-01 1.242182853924334252e+00 7.376497404838469052e-01
2.609997332182161789e-01 1.243266108538905845e+00 7.395849017287264848e-01
2.619997321960638170e-01 1.244304942084804910e+00 7.415093405932147164e-01
2.629997311739112886e-01 1.245299153110072998e+00 7.434230101017220704e-01
2.639997301517589268e-01 1.246248539947702128e+00 7.453258632269006423e-01
2.649997291296065094e-01 1.247152900718230040e+00 7.472178528898405503e-01
2.659997281074540920e-01 1.248012033332391413e+00 7.490989319602475716e-01
2.669997270853016191e-01 1.248825735493830358e+00 7.509690532566198895e-01
2.679997260631492018e-01 1.249593804701878641e+00 7.528281695464384971e-01
2.689997250409967844e-01 1.250316038254383644e+00 7.546762335463584881e-01
2.699997240188444225e-01 1.250992233250608709e+00 7.565131979224105629e-01
2.709997229966918941e-01 1.251622186594190556e+00 7.583390152902057535e-01
2.719997219745394768e-01 1.252205694996160634e+00 7.601536382151482529e-01
2.729997209523871149e-01 1.252742554978027778e+00 7.619570192126530195e-01
2.739997199302345865e-01 1.253232562874933897e+00 7.637491107483731501e-01
2.749997189080822246e-01 1.253675514838864080e+00 7.655298652384259217e-01
2.759997178859298073e-01 1.254071206841925745e+00 7.672992350496377068e-01
2.769997168637773899e-01 1.254419434679704182e+00 7.690571724997845582e-01
2.779997158416249170e-01 1.254719993974668713e+00 7.708036298578445633e-01
2.789997148194724996e-01 1.254972680179663236e+00 7.725385593443583332e-01
2.799997137973200823e-01 1.255177288581461825e+00 7.742619131319781189e-01
2.809997127751677204e-01 1.255333614304394718e+00 7.759736433450581394e-01
2.819997117530151920e-01 1.255441452314033146e+00 7.776737020602044748e-01
2.829997107308627746e-01 1.255500597420956765e+00 7.793620413066065788e-01
2.839997097087104128e-01 1.255510844284588368e+00 7.810386130663242721e-01
2.849997086865578844e-01 1.255471987417103863e+00 7.827033692745992699e-01
2.859997076644055225e-01 1.255383821187415538e+00 7.843562618201572745e-01
2.869997066422531051e-01 1.255246139825229257e+00 7.859972425455235001e-01
2.879997056201005767e-01 1.255058737425182036e+00 7.876262632473506331e-01
2.889997045979482149e-01 1.254821407951046242e+00 7.892432756767429058e-01
2.899997035757957975e-01 1.254533945240019932e+00 7.908482315396000439e-01
2.909997025536433801e-01 1.254196143007091591e+00 7.924410824969588818e-01
2.919997015314910183e-01 1.253807794849484347e+00 7.940217801653476348e-01
2.929997005093384899e-01 1.253368694251178361e+00 7.955902761171481652e-01
2.939996994871860725e-01 1.252878634587516027e+00 7.971465218809630215e-01
2.949996984650337106e-01 1.252337409129889778e+00 7.986904689419909165e-01
2.959996974428811822e-01 1.251744811050508277e+00 8.002220687424139722e-01
2.969996964207288204e-01 1.251100633427248310e+00 8.017412726824572067e-01
2.979996953985764030e-01 1.250404669248600165e+00 8.032480321206212359e-01
2.989996943764238746e-01 1.249656711418678290e+00 8.047422983729007884e-01
2.999996933542715127e-01 1.248856552762335648e+00 8.062240227139484405e-01
3.009996923321190954e-01 1.248003986030356227e+00 8.076931563775159306e-01
3.019996913099666780e-01 1.247098803904734821e+00 8.091496505568890329e-01
3.029996902878143161e-01 1.246140799004055832e+00 8.105934564053344227e-01
3.039996892656617877e-01 1.245129763888948027e+00 8.120245250365600853e-01
3.049996882435094259e-01 1.244065491067645635e+00 8.134428075251753931e-01
3.059996872213570085e-01 1.242947773001627843e+00 8.148482549071714987e-01
3.069996861992044801e-01 1.241776402111361088e+00 8.162408181804003959e-01
3.079996851770521182e-01 1.240551170782130175e+00 8.176204483050670824e-01
3.089996841548997009e-01 1.239271871369966416e+00 8.189870962042320457e-01
3.099996831327471725e-01 1.237938296207675259e+00 8.203407127643232988e-01
3.109996821105948106e-01 1.236550237610951397e+00 8.216812488356549649e-01
3.119996810884423932e-01 1.235107487884606225e+00 8.230086552329567429e-01
3.129996800662899759e-01 1.233609839328881463e+00 8.243228827359135868e-01
3.139996790441376140e-01 1.232057084245872680e+00 8.256238820897540132e-01
3.149996780219850856e-01 1.230449014946052300e+00 8.269116040067452378e-01
3.159996769998327237e-01 1.228785423754891193e+00 8.281859991655140529e-01
3.169996759776803064e-01 1.227066103019591292e+00 8.294470182115973866e-01
3.179996749555277780e-01 1.225290845115912575e+00 8.306946117583898781e-01
3.189996739333754161e-01 1.223459442455119062e+00 8.319287303877460626e-01
3.199996729112228877e-01 1.221571687491020519e+00 8.331493246505937700e-01
3.209996718890705258e-01 1.219627372727132730e+00 8.343563450675615112e-01
3.219996708669181085e-01 1.217626290723939242e+00 8.355497421296081972e-01
3.229996698447656911e-01 1.215568234106268131e+00 8.367294662986707321e-01
3.239996688226132737e-01 1.213452995570782900e+00 8.378954680083240403e-01
3.249996678004609119e-01 1.211280367893581289e+00 8.390476976644408724e-01
3.259996667783083835e-01 1.209050143937915545e+00 8.401861056458758137e-01
3.269996657561560216e-01 1.206762116662018824e+00 8.413106423051537330e-01
3.279996647340034932e-01 1.204416079127059946e+00 8.424212579691664482e-01
3.289996637118510758e-01 1.202011824505210047e+00 8.435179029398922612e-01
3.299996626896987140e-01 1.199549146087827367e+00 8.446005274951107200e-01
3.309996616675461856e-01 1.197027837293769048e+00 8.456690818891443584e-01
3.319996606453938237e-01 1.194447691677820389e+00 8.467235163537439879e-01
3.329996596232414063e-01 1.191808502939250447e+00 8.477637810993446932e-01
3.339996586010889890e-01 1.189110064930490651e+00 8.487898263147619637e-01
3.349996575789366271e-01 1.186352171665941757e+00 8.498016021683649779e-01
3.359996565567840987e-01 1.183534617330906258e+00 8.507990588089558992e-01
3.369996555346316813e-01 1.180657196290649580e+00 8.517821463665818937e-01
3.379996545124793195e-01 1.177719703099595838e+00 8.527508149533536974e-01
3.389996534903267911e-01 1.174721932510649713e+00 8.537050146642793935e-01
3.399996524681743737e-01 1.171663679484657328e+00 8.546446955781211718e-01
3.409996514460220118e-01 1.168544739199997462e+00 8.555698077582472028e-01
3.419996504238694834e-01 1.165364907062312438e+00 8.564803012535089355e-01
3.429996494017171216e-01 1.162123978714374672e+00 8.573761260991283883e-01
3.439996483795647042e-01 1.158821750046091337e+00 8.582572323175994278e-01
3.449996473574122868e-01 1.155458017204653132e+00 8.591235699195969300e-01
3.459996463352599250e-01 1.152032576604822278e+00 8.599750889049104785e-01
3.469996453131073966e-01 1.148545224939366838e+00 8.608117392633797271e-01
3.479996442909549792e-01 1.144995759189636031e+00 8.616334709758509680e-01
3.489996432688026173e-01 1.141383976636288988e+00 8.624402340151469115e-01
3.499996422466500889e-01 1.137709674870165166e+00 8.632319783473532127e-01
3.509996412244977271e-01 1.133972651803311971e+00 8.640086539328077908e-01
3.519996402023453097e-01 1.130172705680154932e+00 8.647702107264453320e-01
3.529996391801927813e-01 1.126309635088828864e+00 8.655165986792190402e-01
3.539996381580404194e-01 1.122383238972663344e+00 8.662477677391511310e-01
3.549996371358880021e-01 1.118393316641815849e+00 8.669636678523828799e-01
3.559996361137355847e-01 1.114339667785076982e+00 8.676642489642529821e-01
3.569996350915831118e-01 1.110222092481824907e+00 8.683494610203853492e-01
3.579996340694306944e-01 1.106040391214144325e+00 8.690192539677896733e-01
3.589996330472782771e-01 1.101794364879114863e+00 8.696735777559801983e-01
3.599996320251259152e-01 1.097483814801253343e+00 8.703123823381135882e-01
3.609996310029733868e-01 1.093108542745133249e+00 8.709356176721333442e-01
3.619996299808210249e-01 1.088668350928165829e+00 8.715432337219402026e-01
3.629996289586686076e-01 1.084163042033558177e+00 8.721351804585724121e-01
3.639996279365160792e-01 1.079592419223437405e+00 8.727114078614032211e-01
3.649996269143637173e-01 1.074956286152152218e+00 8.732718659193574595e-01
3.659996258922112999e-01 1.070254446979752583e+00 8.738165046321397789e-01
3.669996248700588826e-01 1.065486706385640803e+00 8.743452740114953103e-01
3.679996238479064097e-01 1.060652869582407121e+00 8.748581240828172678e-01
3.689996228257539923e-01 1.055752742329849170e+00 8.753550048859981558e-01
3.699996218036015749e-01 1.050786130949168840e+00 8.758358664766786594e-01
3.709996207814492131e-01 1.045752842337357880e+00 8.763006589277119174e-01
3.719996197592966847e-01 1.040652683981773796e+00 8.767493323304987873e-01
3.729996187371443228e-01 1.035485463974902931e+00 8.771818367963408747e-01
3.739996177149917944e-01 1.030250991029311614e+00 8.775981224578125461e-01
3.749996166928393770e-01 1.024949074492797152e+00 8.779981394701475983e-01
3.759996156706870152e-01 1.019579524363732004e+00 8.783818380126517944e-01
3.769996146485345978e-01 1.014142151306602901e+00 8.787491682901230616e-01
3.779996136263821804e-01 1.008636766667755369e+00 8.791000805343008873e-01
3.789996126042297075e-01 1.003063182491334970e+00 8.794345250053289265e-01
3.799996115820772902e-01 9.974212115354350594e-01 8.797524519932335973e-01
3.809996105599248728e-01 9.917106672884524743e-01 8.800538118194323189e-01
3.819996095377725109e-01 9.859313639856484013e-01 8.803385548382490766e-01
3.829996085156199825e-01 9.800831166259205141e-01 8.806066314384588534e-01
3.839996074934676207e-01 9.741657409887922725e-01 8.808579920448448286e-01
3.849996064713150923e-01 9.681790536516085011e-01 8.810925871198550530e-01
3.859996054491626749e-01 9.621228720069583407e-01 8.813103671655102556e-01
3.869996044270103130e-01 9.559970142803082549e-01 8.815112827243952731e-01
3.879996034048578957e-01 9.498012995478671838e-01 8.816952843815160090e-01
3.889996023827054228e-01 9.435355477546668590e-01 8.818623227660155051e-01
3.899996013605530054e-01 9.371995797328750433e-01 8.820123485528583718e-01
3.909996003384005880e-01 9.307932172203372545e-01 8.821453124645400878e-01
3.919995993162482262e-01 9.243162828793456409e-01 8.822611652728131748e-01
3.929995982940958088e-01 9.177686003156464434e-01 8.823598578004347992e-01
3.939995972719432804e-01 9.111499940976816037e-01 8.824413409229383554e-01
3.949995962497909185e-01 9.044602897760711802e-01 8.825055655704279189e-01
3.959995952276383901e-01 8.976993139033330182e-01 8.825524827293934615e-01
3.969995942054859728e-01 8.908668940538537750e-01 8.825820434445456053e-01
3.979995931833336109e-01 8.839628588440959778e-01 8.825941988206797983e-01
3.989995921611811935e-01 8.769870379530670945e-01 8.825889000245586979e-01
3.999995911390287207e-01 8.699392621430267480e-01 8.825660982868157589e-01
4.009995901168763033e-01 8.628193632804610491e-01 8.825257449038890201e-01
4.019995890947238859e-01 8.556271743573010680e-01 8.824677912399716551e-01
4.029995880725715240e-01 8.483625295124160859e-01 8.823921887291713562e-01
4.039995870504191067e-01 8.410252640533506518e-01 8.822988888775283867e-01
4.049995860282665783e-01 8.336152144783407492e-01 8.821878432646012014e-01
4.059995850061142164e-01 8.261322184985956385e-01 8.820590035457666067e-01
4.069995839839616880e-01 8.185761150608495962e-01 8.819123214543024281e-01
4.079995829618093262e-01 8.109467443701858791e-01 8.817477488034882738e-01
4.089995819396569088e-01 8.032439479131388005e-01 8.815652374887368303e-01
4.099995809175043804e-01 7.954675684810733616e-01 8.813647394897382581e-01
4.109995798953520185e-01 7.876174501938483230e-01 8.811462068726395591e-01
4.119995788731996011e-01 7.796934385237664911e-01 8.809095917922522556e-01
4.129995778510471838e-01 7.716953803198072226e-01 8.806548464942768328e-01
4.139995768288948219e-01 7.636231238321578019e-01 8.803819233175596004e-01
4.149995758067422935e-01 7.554765187370328094e-01 8.800907746963816392e-01
4.159995747845898761e-01 7.472554161617943613e-01 8.797813531627588501e-01
4.169995737624375143e-01 7.389596687103695549e-01 8.794536113487879669e-01
4.179995727402849859e-01 7.305891304889772231e-01 8.791075019890067788e-01
4.189995717181326240e-01 7.221436571321525610e-01 8.787429779227858839e-01
4.199995706959802066e-01 7.136231058290930518e-01 8.783599920967536390e-01
4.209995696738276783e-01 7.050273353503047069e-01 8.779584975672412028e-01
4.219995686516753164e-01 6.963562060745739357e-01 8.775384475027624420e-01
4.229995676295228990e-01 6.876095800162538296e-01 8.770997951868790832e-01
4.239995666073704816e-01 6.787873208528713009e-01 8.766424940205526095e-01
4.249995655852181198e-01 6.698892939530634028e-01 8.761664975241981734e-01
4.259995645630655914e-01 6.609153664048503796e-01 8.756717593406390110e-01
4.269995635409131740e-01 6.518654070442332360e-01 8.751582332377322304e-01
4.279995625187608121e-01 6.427392864841329212e-01 8.746258731110263529e-01
4.289995614966082838e-01 6.335368771436646895e-01 8.740746329864481634e-01
4.299995604744559219e-01 6.242580532777595170e-01 8.735044670230208697e-01
4.309995594523035045e-01 6.149026910071324625e-01 8.729153295156164560e-01
4.319995584301509761e-01 6.054706683485989727e-01 8.723071748977332396e-01
4.329995574079986143e-01 5.959618652457460142e-01 8.716799577443112845e-01
4.339995563858461969e-01 5.863761635999669153e-01 8.710336327745775709e-01
4.349995553636937795e-01 5.767134473018487029e-01 8.703681548549212499e-01
4.359995543415414176e-01 5.669736022629326966e-01 8.696834790018074246e-01
4.369995533193888892e-01 5.571565164478393672e-01 8.689795603847207950e-01
4.379995522972365274e-01 5.472620799067675623e-01 8.682563543291371699e-01
4.389995512750841100e-01 5.372901848083725396e-01 8.675138163195422747e-01
4.399995502529315816e-01 5.272407254730224757e-01 8.667519020024712084e-01
4.409995492307792198e-01 5.171135984064405555e-01 8.659705671895878698e-01
4.419995482086266914e-01 5.069087023337350839e-01 8.651697678608009090e-01
4.429995471864742740e-01 4.966259382338185091e-01 8.643494601676321443e-01
4.439995461643219121e-01 4.862652093742256265e-01 8.635096004361824118e-01
4.449995451421694947e-01 4.758264213463337389e-01 8.626501451702250911e-01
4.459995441200170774e-01 4.653094821009911009e-01 8.617710510545980584e-01
4.469995430978647155e-01 4.547143019845506506e-01 8.608722749584971634e-01
4.479995420757121871e-01 4.440407937753178547e-01 8.599537739388043445e-01
4.489995410535598253e-01 4.332888727204137203e-01 8.590155052434569338e-01
4.499995400314074079e-01 4.224584565730636343e-01 8.580574263148517122e-01
4.509995390092548795e-01 4.115494656303084198e-01 8.570794947932849350e-01
4.519995379871025176e-01 4.005618227711493784e-01 8.560816685204385434e-01
4.529995369649499892e-01 3.894954534951237113e-01 8.550639055428909119e-01
4.539995359427976274e-01 3.783502859613229741e-01 8.540261641156841055e-01
4.549995349206452100e-01 3.671262510278554547e-01 8.529684027059128981e-01
4.559995338984927926e-01 3.558232822917544169e-01 8.518905799963671921e-01
4.569995328763403752e-01 3.444413161293419789e-01 8.507926548892074115e-01
4.579995318541879024e-01 3.329802917370486837e-01 8.496745865096828609e-01
4.589995308320354850e-01 3.214401511726948102e-01 8.485363342098860562e-01
4.599995298098831231e-01 3.098208393972433639e-01 8.473778575725594564e-01
4.609995287877307057e-01 2.981223043170190823e-01 8.461991164149276212e-01
4.619995277655781774e-01 2.863444968264075574e-01 8.450000707925946486e-01
4.629995267434258155e-01 2.744873708510308652e-01 8.437806810036454497e-01
4.639995257212732871e-01 2.625508833914069751e-01 8.425409075923820934e-01
4.649995246991209252e-01 2.505349945671145884e-01 8.412807113533115055e-01
4.659995236769685079e-01 2.384396676614535804e-01 8.400000533352791621e-01
4.669995226548160905e-01 2.262648691665716250e-01 8.386988948455726955e-01
4.679995216326636731e-01 2.140105688291695785e-01 8.373771974540595853e-01
4.689995206105112002e-01 2.016767396966465120e-01 8.360349229973796925e-01
4.699995195883587829e-01 1.892633581637950535e-01 8.346720335831784299e-01
4.709995185662064210e-01 1.767704040200185345e-01 8.332884915943906678e-01
4.719995175440538926e-01 1.641978604970681099e-01 8.318842596935608347e-01
4.729995165219014752e-01 1.515457143173172261e-01 8.304593008272200816e-01
4.739995154997491134e-01 1.388139557425741855e-01 8.290135782303047485e-01
4.749995144775965850e-01 1.260025786234348355e-01 8.275470554306239013e-01
4.759995134554442231e-01 1.131115804491919646e-01 8.260596962533754972e-01
4.769995124332918057e-01 1.001409623982925517e-01 8.245514648257087353e-01
4.779995114111393884e-01 8.709072938935913388e-02 8.230223255813371441e-01
4.789995103889869155e-01 7.396089013277779012e-02 8.214722432652027395e-01
4.799995093668344981e-01 6.075145718285433760e-02 8.199011829381829264e-01
4.809995083446820807e-01 4.746244699055568450e-02 8.183091099818582403e-01
4.819995073225297189e-01 3.409387995682774258e-02 8.166959901033228331e-01
4.829995063003771905e-01 2.064578048650150474e-02 8.150617893400791125e-01
4.839995052782247731e-01 7.118177042796948115e-03 8.134064740649110670e-01
4.849995042560724112e-01 -6.488897797565327565e-03 8.117300109908559547e-01
4.859995032339198828e-01 -2.017540728865043279e-02 8.100323671762335032e-01
4.869995022117675210e-01 -3.394131045897542942e-02 8.083135100297216269e-01
4.879995011896151036e-01 -4.778656205456265765e-02 8.065734073154821049e-01
4.889995001674626862e-01 -6.171111248136318395e-02 8.048120271583422136e-01
4.899994991453102133e-01 -7.571490774704704718e-02 8.030293380490323152e-01
4.909994981231577960e-01 -8.979788940215857607e-02 8.012253088494770692e-01
4.919994971010053786e-01 -1.039599944806179621e-01 7.993999087981435991e-01
4.929994960788530167e-01 -1.182011554395784036e-01 7.975531075154416172e-01
4.939994950567004883e-01 -1.325213000986208700e-01 7.956848750091897182e-01
4.949994940345481265e-01 -1.469203515782827596e-01 7.937951816801287475e-01
4.959994930123957091e-01 -1.613982282379191335e-01 7.918839983274990058e-01
4.969994919902431807e-01 -1.759548436128763882e-01 7.899512961546729661e-01
4.979994909680908188e-01 -1.905901063509884141e-01 7.879970467748517171e-01
4.989994899459384015e-01 -2.053039201483756182e-01 7.860212222168121432e-01
4.999994889237859841e-01 -2.200961836845455322e-01 7.840237949307264920e-01
5.009994879016335112e-01 -2.349667905567854043e-01 7.820047377940303468e-01
5.019994868794811493e-01 -2.499156292138464686e-01 7.799640241173477762e-01
5.029994858573286765e-01 -2.649425828888978263e-01 7.779016276504336913e-01
5.039994848351762036e-01 -2.800475295317697566e-01 7.758175225883379156e-01
5.049994838130238417e-01 -2.952303417404393282e-01 7.737116835774995316e-01
5.059994827908713688e-01 -3.104908866917766574e-01 7.715840857219175009e-01
5.069994817687190070e-01 -3.258290260715570041e-01 7.694347045893961123e-01
5.079994807465665341e-01 -3.412446160036908815e-01 7.672635162178653712e-01
5.089994797244140612e-01 -3.567375069787124819e-01 7.650704971217541228e-01
5.099994787022616993e-01 -3.723075437814778454e-01 7.628556242984395608e-01
5.109994776801092264e-01 -3.879545654180828196e-01 7.606188752347575743e-01
5.119994766579568646e-01 -4.036784050420086922e-01 7.583602279135792656e-01
5.129994756358043917e-01 -4.194788898794422627e-01 7.560796608204646274e-01
5.139994746136519188e-01 -4.353558411538215323e-01 7.537771529503696222e-01
5.149994735914995569e-01 -4.513090740095483389e-01 7.514526838144385268e-01
5.159994725693470841e-01 -4.673383974348778724e-01 7.491062334468510109e-01
5.169994715471947222e-01 -4.834436141840005030e-01 7.467377824117531482e-01
5.179994705250422493e-01 -4.996245206982560805e-01 7.443473118102477137e-01
5.189994695028897764e-01 -5.158809070265278907e-01 7.419348032874655274e-01
5.199994684807374146e-01 -5.322125567447696382e-01 7.395002390397037439e-01
5.209994674585849417e-01 -5.486192468746613482e-01 7.370436018216401930e-01
5.219994664364325798e-01 -5.651007478014170582e-01 7.345648749535816924e-01
5.229994654142801069e-01 -5.816568231906886766e-01 7.320640423287174681e-01
5.239994643921276340e-01 -5.982872299046003706e-01 7.295410884208113345e-01
5.249994633699752722e-01 -6.149917179168654657e-01 7.269959982916188723e-01
5.259994623478227993e-01 -6.317700302269990686e-01 7.244287575984532657e-01
5.269994613256704374e-01 -6.486219027736318532e-01 7.218393526018527240e-01
5.279994603035179646e-01 -6.655470643468719416e-01 7.192277701733242878e-01
5.289994592813656027e-01 -6.825452364997568466e-01 7.165939978031641289e-01
5.299994582592131298e-01 -6.996161334587400749e-01 7.139380236083638920e-01
5.309994572370606569e-01 -7.167594620332443656e-01 7.112598363405873148e-01
5.319994562149082951e-01 -7.339749215242360458e-01 7.085594253942376630e-01
5.329994551927558222e-01 -7.512622036318284957e-01 7.058367808145995514e-01
5.339994541706034603e-01 -7.686209923619170548e-01 7.030918933060668063e-01
5.349994531484509874e-01 -7.860509639317995179e-01 7.003247542404554826e-01
5.359994521262985145e-01 -8.035517866748180804e-01 6.975353556653937082e-01
5.369994511041461527e-01 -8.211231209439716627e-01 6.947236903128035657e-01
5.379994500819936798e-01 -8.387646190145073843e-01 6.918897516074659082e-01
5.389994490598413179e-01 -8.564759249854976275e-01 6.890335336756698847e-01
5.399994480376888450e-01 -8.742566746803445143e-01 6.861550313539529489e-01
5.409994470155363722e-01 -8.921064955462627566e-01 6.832542401979267987e-01
5.419994459933840103e-01 -9.100250065526783727e-01 6.803311564911161957e-01
5.429994449712315374e-01 -9.280118180885561507e-01 6.773857772538607325e-01
5.439994439490791756e-01 -9.460665318586592987e-01 6.744181002527538382e-01
5.449994429269267027e-01 -9.641887407786824404e-01 6.714281240096723335e-01
5.459994419047742298e-01 -9.823780288693082507e-01 6.684158478110341361e-01
5.469994408826218679e-01 -1.000633971149128998e+00 6.653812717171765367e-01
5.479994398604693950e-01 -1.018956133526437213e+00 6.623243965718145221e-01
5.489994388383169222e-01 -1.037344072689896590e+00 6.592452240116045692e-01
5.499994378161644493e-01 -1.055797335998041930e+00 6.561437564757982566e-01
5.509994367940119764e-01 -1.074315461367624014e+00 6.530199972159946853e-01
5.519994357718595035e-01 -1.092897977160783629e+00 6.498739503059884903e-01
5.529994347497070306e-01 -1.111544402071029891e+00 6.467056206517163286e-01
5.539994337275544467e-01 -1.130254245008033065e+00 6.435150140013067288e-01
5.549994327054019738e-01 -1.149027004981209688e+00 6.403021369552207576e-01
5.559994316832495009e-01 -1.167862170982064463e+00 6.370669969765071494e-01
5.569994306610970281e-01 -1.186759221865323122e+00 6.338096024011448115e-01
5.579994296389445552e-01 -1.205717626228812511e+00 6.305299624485006804e-01
5.589994286167920823e-01 -1.224736842292075689e+00 6.272280872318827250e-01
5.599994275946396094e-01 -1.243816317773727143e+00 6.239039877691998637e-01
5.609994265724870255e-01 -1.262955489767515038e+00 6.205576759937357911e-01
5.619994255503345526e-01 -1.282153784617100944e+00 6.171891647648610757e-01
5.629994245281820797e-01 -1.301410617789518165e+00 6.137984678789744075e-01
5.639994235060296068e-01 -1.320725393747314458e+00 6.103856000810405913e-01
5.649994224838771339e-01 -1.340097505819363821e+00 6.069505770755379004e-01
5.659994214617246611e-01 -1.359526336070321584e+00 6.034934155377612575e-01
5.669994204395721882e-01 -1.379011255168727024e+00 6.000141331252448751e-01
5.679994194174196043e-01 -1.398551622253725313e+00 5.965127484892974730e-01
5.689994183952671314e-01 -1.418146784800415894e+00 5.929892812866462970e-01
5.699994173731146585e-01 -1.437796078483773776e+00 5.894437521912087030e-01
5.709994163509621856e-01 -1.457498827041180611e+00 5.858761829059648818e-01
5.719994153288097127e-01 -1.477254342133512477e+00 5.822865961749574826e-01
5.729994143066572398e-01 -1.497061923204791034e+00 5.786750157954057006e-01
5.739994132845047670e-01 -1.516920857340373407e+00 5.750414666299384914e-01
5.749994122623521831e-01 -1.536830419123665914e+00 5.713859746189503541e-01
5.759994112401997102e-01 -1.556789870491372518e+00 5.677085667930730217e-01
5.769994102180472373e-01 -1.576798460587207629e+00 5.640092712857778245e-01
5.779994091958947644e-01 -1.596855425614121193e+00 5.602881173460966258e-01
5.789994081737422915e-01 -1.616959988684988136e+00 5.565451353514641042e-01
5.799994071515898186e-01 -1.637111359671741262e+00 5.527803568206960394e-01
5.809994061294373457e-01 -1.657308735052952731e+00 5.489938144270837261e-01
5.819994051072847618e-01 -1.677551297759834359e+00 5.451855420116236139e-01
5.829994040851322890e-01 -1.697838217020660734e+00 5.413555745963749555e-01
5.839994030629798161e-01 -1.718168648203553639e+00 5.375039483979449084e-01
5.849994020408273432e-01 -1.738541732657677086e+00 5.336307008407789043e-01
5.859994010186748703e-01 -1.758956597552778112e+00 5.297358705708997695e-01
5.869993999965223974e-01 -1.779412355717069794e+00 5.258194974706238423e-01
5.879993989743699245e-01 -1.799908105473449371e+00 5.218816226720902618e-01
5.889993979522173406e-01 -1.820442930474023280e+00 5.179222885714128699e-01
5.899993969300648677e-01 -1.841015899532937983e+00 5.139415388429705578e-01
5.909993959079123949e-01 -1.861626066457472195e+00 5.099394184538479369e-01
5.919993948857599220e-01 -1.882272469877407817e+00 5.059159736784087924e-01
5.929993938636074491e-01 -1.902954133072642495e+00 5.018712521130139770e-01
5.939993928414549762e-01 -1.923670063799022278e+00 4.978053026908810796e-01
5.949993918193025033e-01 -1.944419254112398798e+00 4.937181756970905888e-01
5.959993907971499194e-01 -1.965200680190861915e+00 4.896099227837373280e-01
5.969993897749974465e-01 -1.986013302155172466e+00 4.854805969852238334e-01
5.979993887528449736e-01 -2.006856063887322961e+00 4.813302527337129932e-01
5.989993877306925008e-01 -2.027727892847263291e+00 4.771589458747195200e-01
5.999993867085400279e-01 -2.048627699887735076e+00 4.729667336828587421e-01
6.009993856863875550e-01 -2.069554379067213734e+00 4.687536748777440532e-01
6.019993846642350821e-01 -2.090506807460934535e+00 4.645198296400417370e-01
6.029993836420824982e-01 -2.111483844969981760e+00 4.602652596276798902e-01
6.039993826199300253e-01 -2.132484334128438519e+00 4.559900279922123878e-01
6.049993815977775524e-01 -2.153507099908538613e+00 4.516941993953427770e-01
6.059993805756250795e-01 -2.174550949523855969e+00 4.473778400256090970e-01
6.069993795534726067e-01 -2.195614672230463249e+00 4.430410176152244084e-01
6.079993785313201338e-01 -2.216697039126074298e+00 4.386838014567797650e-01
6.089993775091676609e-01 -2.237796802947120245e+00 4.343062624204793165e-01
6.099993764870150770e-01 -2.258912697863769914e+00 4.299084729721130982e-01
6.109993754648626041e-01 -2.280043439272867900e+00 4.254905071901522451e-01
6.119993744427101312e-01 -2.301187723588737910e+00 4.210524407834226879e-01
6.129993734205576583e-01 -2.322344228031878011e+00 4.165943511089408857e-01
6.139993723984051854e-01 -2.343511610415496271e+00 4.121163171899286937e-01
6.149993713762527126e-01 -2.364688508929870814e+00 4.076184197339995929e-01
6.159993703541002397e-01 -2.385873541924524499e+00 4.031007411515182270e-01
6.169993693319476558e-01 -2.407065307688176947e+00 3.985633655741371295e-01
6.179993683097951829e-01 -2.428262384226466786e+00 3.940063788735106431e-01
6.189993672876427100e-01 -2.449463329037412596e+00 3.894298686801911935e-01
6.199993662654902371e-01 -2.470666678884594791e+00 3.848339244027040307e-01
6.209993652433377642e-01 -2.491870949568040228e+00 3.802186372468046582e-01
6.219993642211852913e-01 -2.513074635692771786e+00 3.755841002349211144e-01
6.229993631990328185e-01 -2.534276210435026488e+00 3.709304082257850466e-01
6.239993621768802345e-01 -2.555474125306094191e+00 3.662576579342461947e-01
6.249993611547277617e-01 -2.576666809913768841e+00 3.615659479512776109e-01
6.259993601325752888e-01 -2.597852671721375906e+00 3.568553787641763342e-01
6.269993591104228159e-01 -2.619030095804374625e+00 3.521260527769524695e-01
6.279993580882703430e-01 -2.640197444604490240e+00 3.473780743309121677e-01
6.289993570661178701e-01 -2.661353057681357104e+00 3.426115497254422770e-01
6.299993560439653972e-01 -2.682495251461662011e+00 3.378265872389880631e-01
6.309993550218128133e-01 -2.703622318985738904e+00 3.330232971499427763e-01
6.319993539996603404e-01 -2.724732529651618496e+00 3.282017917581568911e-01
6.329993529775078676e-01 -2.745824128956472432e+00 3.233621854070193868e-01
6.339993519553553947e-01 -2.766895338235488833e+00 3.185045945049099769e-01
6.349993509332029218e-01 -2.787944354398079305e+00 3.136291375471953469e-01
6.359993499110504489e-01 -2.808969349661443626e+00 3.087359351384379447e-01
6.369993488888979760e-01 -2.829968471281445463e+00 3.038251100148137152e-01
6.379993478667453921e-01 -2.850939841280778708e+00 2.988967870667460502e-01
6.389993468445929192e-01 -2.871881556174398220e+00 2.939510933617498489e-01
6.399993458224404463e-01 -2.892791686692181674e+00 2.889881581674992872e-01
6.409993448002879735e-01 -2.913668277498811410e+00 2.840081129751076405e-01
6.419993437781355006e-01 -2.934509346910831429e+00 2.790110915226336474e-01
6.429993427559830277e-01 -2.955312886610873768e+00 2.739972298188071975e-01
6.439993417338305548e-01 -2.976076861358996517e+00 2.689666661669805614e-01
6.449993407116779709e-01 -2.996799208701136141e+00 2.639195411893089371e-01
6.459993396895254980e-01 -3.017477838674645696e+00 2.588559978511552617e-01
6.469993386673730251e-01 -3.038110633510839431e+00 2.537761814857325549e-01
6.479993376452205522e-01 -3.058695447334596640e+00 2.486802398189734142e-01
6.489993366230680794e-01 -3.079230105860940814e+00 2.435683229946379036e-01
6.499993356009156065e-01 -3.099712406088563910e+00 2.384405835996582512e-01
6.509993345787631336e-01 -3.120140115990309049e+00 2.332971766897224963e-01
6.519993335566105497e-01 -3.140510974200529049e+00 2.281382598151010244e-01
6.529993325344580768e-01 -3.160822689699339882e+00 2.229639930467132991e-01
6.539993315123056039e-01 -3.181072941493686912e+00 2.177745390022400029e-01
6.549993304901531310e-01 -3.201259378295245650e+00 2.125700628728224295e-01
6.559993294680006581e-01 -3.221379618195095329e+00 2.073507324501535631e-01
6.569993284458481853e-01 -3.241431248335155502e+00 2.021167181533357615e-01
6.579993274236957124e-01 -3.261411824576333274e+00 1.968681930562027338e-01
6.589993264015432395e-01 -3.281318871163356743e+00 1.916053329148985906e-01
6.599993253793906556e-01 -3.301149880386271551e+00 1.863283161957179357e-01
6.609993243572381827e-01 -3.320902312238561027e+00 1.810373241032044167e-01
6.619993233350857098e-01 -3.340573594071844621e+00 1.757325406085204211e-01
6.629993223129332369e-01 -3.360161120247158184e+00 1.704141524780753980e-01
6.639993212907807640e-01 -3.379662251782756144e+00 1.650823493024292932e-01
6.649993202686282912e-01 -3.399074315998389828e+00 1.597373235254640200e-01
6.659993192464758183e-01 -3.418394606156074378e+00 1.543792704738307653e-01
6.669993182243232344e-01 -3.437620381097258981e+00 1.490083883866730463e-01
6.679993172021707615e-01 -3.456748864876405314e+00 1.436248784456261307e-01
6.689993161800182886e-01 -3.475777246390918229e+00 1.382289448051041425e-01
6.699993151578658157e-01 -3.494702679007410495e+00 1.328207946228643632e-01
6.709993141357133428e-01 -3.513522280184232294e+00 1.274006380908611347e-01
6.719993131135608699e-01 -3.532233131090286360e+00 1.219686884663884197e-01
6.729993120914083971e-01 -3.550832276220044381e+00 1.165251621035136298e-01
6.739993110692558131e-01 -3.569316723004745118e+00 1.110702784848057595e-01
6.749993100471033403e-01 -3.587683441419745822e+00 1.056042602533581454e-01
6.759993090249508674e-01 -3.605929363587976777e+00 1.001273332451164122e-01
6.769993080027983945e-01 -3.624051383379470970e+00 9.463972652140476005e-02
6.779993069806459216e-01 -3.642046356006934715e+00 8.914167240194927067e-02
6.789993059584934487e-01 -3.659911097617293052e+00 8.363340649821206230e-02
6.799993049363409758e-01 -3.677642384879247217e+00 7.811516774685385578e-02
6.809993039141883919e-01 -3.695236954566694987e+00 7.258719844359698414e-02
6.819993028920359190e-01 -3.712691503138100924e+00 6.704974427740129084e-02
6.829993018698834462e-01 -3.730002686311637561e+00 6.150305436496510125e-02
6.839993008477309733e-01 -3.747167118636182792e+00 5.594738128554135881e-02
6.849992998255785004e-01 -3.764181373058070879e+00 5.038298111608145030e-02
6.859992988034260275e-01 -3.781041980483577980e+00 4.481011346670540213e-02
6.869992977812735546e-01 -3.797745429337052947e+00 3.922904151650248583e-02
6.879992967591209707e-01 -3.814288165114757323e+00 3.364003204966524441e-02
6.889992957369684978e-01 -3.830666589934266675e+00 2.804335549195721353e-02
6.899992947148160249e-01 -3.846877062079422593e+00 2.243928594752498187e-02
6.909992936926635521e-01 -3.862915895540857125e+00 1.682810123604696825e-02
6.919992926705110792e-01 -3.878779359551955963e+00 1.121008293022984423e-02
6.929992916483586063e-01 -3.894463678120251959e+00 5.585516393652892840e-03
6.939992906262061334e-01 -3.909965029554265836e+00 -4.530918103653969132e-05
6.949992896040535495e-01 -3.925279545985615570e+00 -5.682100733572525465e-03
6.959992885819010766e-01 -3.940403312886515685e+00 -1.132456129716555987e-02
6.969992875597486037e-01 -3.955332368582472835e+00 -1.697238995923065763e-02
6.979992865375961308e-01 -3.970062703760242062e+00 -2.262528182175774227e-02
6.989992855154436580e-01 -3.984590260970934938e+00 -2.828292796131198078e-02
6.999992844932911851e-01 -3.998910934128264927e+00 -3.394501538863501505e-02
7.009992834711387122e-01 -4.013020568001850918e+00 -3.961122700791164936e-02
7.019992824489861283e-01 -4.026914957705599818e+00 -4.528124157567806757e-02
7.029992814268336554e-01 -4.040589848181062038e+00 -5.095473365930538318e-02
7.039992804046811825e-01 -4.054040933675708835e+00 -5.663137359511073027e-02
7.049992793825287096e-01 -4.067263857216129708e+00 -6.231082744608749252e-02
7.059992783603762367e-01 -4.080254210076078358e+00 -6.799275695924132668e-02
7.069992773382237639e-01 -4.093007531239297947e+00 -7.367681952253368749e-02
7.079992763160712910e-01 -4.105519306857137174e+00 -7.936266812142701854e-02
7.089992752939187071e-01 -4.117784969700811537e+00 -8.504995129502880558e-02
7.099992742717662342e-01 -4.129799898608368380e+00 -9.073831309183416627e-02
7.109992732496137613e-01 -4.141559417926233166e+00 -9.642739302505382026e-02
7.119992722274612884e-01 -4.153058796945328091e+00 -1.021168260275368556e-01
7.129992712053088155e-01 -4.164293249331637803e+00 -1.078062424062749547e-01
7.139992701831563426e-01 -4.175257932551323492e+00 -1.134952677964881779e-01
7.149992691610038698e-01 -4.185947947290133087e+00 -1.191835231152881536e-01
7.159992681388512858e-01 -4.196358336867239913e+00 -1.248706245149141664e-01
7.169992671166988130e-01 -4.206484086643327736e+00 -1.305561833355423917e-01
7.179992660945463401e-01 -4.216320123422939936e+00 -1.362398060576542336e-01
7.189992650723938672e-01 -4.225861314851018236e+00 -1.419210942539745057e-01
7.199992640502413943e-01 -4.235102468803564335e+00 -1.475996445409630820e-01
7.209992630280889214e-01 -4.244038332772403166e+00 -1.532750485298635390e-01
7.219992620059364485e-01 -4.252663593243946494e+00 -1.589468927773003415e-01
7.229992609837838646e-01 -4.260972875071956878e+00 -1.646147587353050112e-01
7.239992599616313917e-01 -4.268960740844192081e+00 -1.702782227011159777e-01
7.249992589394789189e-01 -4.276621690242955687e+00 -1.759368557664739985e-01
7.259992579173264460e-01 -4.283950159399396718e+00 -1.815902237663111762e-01
7.269992568951739731e-01 -4.290940520241598222e+00 -1.872378872270419603e-01
7.279992558730215002e-01 -4.297587079836344692e+00 -1.928794013143788344e-01
7.289992548508690273e-01 -4.303884079724489276e+00 -1.985143157806719683e-01
7.299992538287164434e-01 -4.309825695249939415e+00 -2.041421749117652007e-01
7.309992528065639705e-01 -4.315406034882116160e+00 -2.097625174733691866e-01
7.319992517844114976e-01 -4.320619139531884478e+00 -2.153748766569389128e-01
7.329992507622590248e-01 -4.325458981860874630e+00 -2.209787800250600232e-01
7.339992497401065519e-01 -4.329919465584132432e+00 -2.265737494563365428e-01
7.349992487179540790e-01 -4.333994424766022924e+00 -2.321593010897727571e-01
7.359992476958016061e-01 -4.337677623109389202e+00 -2.377349452686488562e-01
7.369992466736490222e-01 -4.340962753237803007e+00 -2.433001864838832962e-01
7.379992456514965493e-01 -4.343843435970939915e+00 -2.488545233168811266e-01
7.389992446293440764e-01 -4.346313219592953025e+00 -2.543974483818561838e-01
7.399992436071916035e-01 -4.348365579113802504e+00 -2.599284482676319508e-01
7.409992425850391307e-01 -4.349993915523507226e+00 -2.654470034789101485e-01
7.419992415628866578e-01 -4.351191555039176428e+00 -2.709525883770041443e-01
7.429992405407341849e-01 -4.351951748344844439e+00 -2.764446711200344575e-01
7.439992395185816010e-01 -4.352267669823982388e+00 -2.819227136025765357e-01
7.449992384964291281e-01 -4.352132416784639801e+00 -2.873861713947638563e-01
7.459992374742766552e-01 -4.351539008677159259e+00 -2.928344936807493193e-01
7.469992364521241823e-01 -4.350480386304369951e+00 -2.982671231967854442e-01
7.479992354299717094e-01 -4.348949411024229939e+00 -3.036834961686819545e-01
7.489992344078192366e-01 -4.346938863944791898e+00 -3.090830422486174345e-01
7.499992333856667637e-01 -4.344441445111496769e+00 -3.144651844514220196e-01
7.509992323635141798e-01 -4.341449772686658548e+00 -3.198293390902808286e-01
7.519992313413617069e-01 -4.337956382121101129e+00 -3.251749157118569711e-01
7.529992303192092340e-01 -4.333953725317894801e+00 -3.305013170308215842e-01
7.539992292970567611e-01 -4.329434169788055620e+00 -3.358079388637940088e-01
7.549992282749042882e-01 -4.324389997798224528e+00 -3.410941700626832218e-01
7.559992272527518153e-01 -4.318813405510178782e+00 -3.463593924474228647e-01
7.569992262305993425e-01 -4.312696502112133956e+00 -3.516029807381000349e-01
7.579992252084467586e-01 -4.306031308941749458e+00 -3.568243024864672375e-01
7.589992241862942857e-01 -4.298809758600811826e+00 -3.620227180068393835e-01
7.599992231641418128e-01 -4.291023694061430582e+00 -3.671975803063572963e-01
7.609992221419893399e-01 -4.282664867763748440e+00 -3.723482350146317121e-01
7.619992211198368670e-01 -4.273724940705060149e+00 -3.774740203127410765e-01
7.629992200976843941e-01 -4.264195481520267172e+00 -3.825742668615968456e-01
7.639992190755319212e-01 -4.254067965553569586e+00 -3.876482977296552557e-01
7.649992180533793373e-01 -4.243333773921363239e+00 -3.926954283199807771e-01
7.659992170312268644e-01 -4.231984192566195624e+00 -3.977149662966517063e-01
7.669992160090743916e-01 -4.220010411301806208e+00 -4.027062115104972362e-01
7.679992149869219187e-01 -4.207403522849024746e+00 -4.076684559241774419e-01
7.689992139647694458e-01 -4.194154521862590634e+00 -4.126009835367978051e-01
7.699992129426169729e-01 -4.180254303948702344e+00 -4.175030703073612237e-01
7.709992119204645000e-01 -4.165693664673302266e+00 -4.223739840777371302e-01
7.719992108983119161e-01 -4.150463298560927328e+00 -4.272129844951068622e-01
7.729992098761594432e-01 -4.134553798084135146e+00 -4.320193229336055651e-01
7.739992088540069703e-01 -4.117955652643335185e+00 -4.367922424152492211e-01
7.749992078318544975e-01 -4.100659247537013385e+00 -4.415309775301645701e-01
7.759992068097020246e-01 -4.082654862922169947e+00 -4.462347543560931107e-01
7.769992057875495517e-01 -4.063932672765023568e+00 -4.509027903771751222e-01
7.779992047653970788e-01 -4.044482743781759204e+00 -4.555342944020050466e-01
7.789992037432446059e-01 -4.024295034369294477e+00 -4.601284664809519587e-01
7.799992027210920220e-01 -4.003359393525998122e+00 -4.646844978227375744e-01
7.809992016989395491e-01 -3.981665559762209483e+00 -4.692015707102692446e-01
7.819992006767870762e-01 -3.959203160000530630e+00 -4.736788584157127779e-01
7.829991996546346034e-01 -3.935961708465748110e+00 -4.781155251148122565e-01
7.839991986324821305e-01 -3.911930605564357233e+00 -4.825107258004375788e-01
7.849991976103296576e-01 -3.887099136753519257e+00 -4.868636061953605099e-01
7.859991965881771847e-01 -3.861456471399407953e+00 -4.911733026642515210e-01
7.869991955660246008e-01 -3.834991661624881587e+00 -4.954389421248845404e-01
7.879991945438721279e-01 -3.807693641146276953e+00 -4.996596419585596083e-01
7.889991935217196550e-01 -3.779551224099376938e+00 -5.038345099197109045e-01
7.899991924995671821e-01 -3.750553103854342041e+00 -5.079626440447188029e-01
7.909991914774147093e-01 -3.720687851819544978e+00 -5.120431325599361649e-01
7.919991904552622364e-01 -3.689943916234198262e+00 -5.160750537899158052e-01
7.929991894331097635e-01 -3.658309620949702357e+00 -5.200574760623816184e-01
7.939991884109571796e-01 -3.625773164199633580e+00 -5.239894576136142623e-01
7.949991873888047067e-01 -3.592322617358264747e+00 -5.278700464935868197e-01
7.959991863666522338e-01 -3.557945923687479084e+00 -5.316982804697878429e-01
7.969991853444997609e-01 -3.522630897072013934e+00 -5.354731869301909697e-01
7.979991843223472880e-01 -3.486365220742888571e+00 -5.391937827853614529e-01
7.989991833001948152e-01 -3.449136445988983724e+00 -5.428590743696920518e-01
7.999991822780423423e-01 -3.410931990856603147e+00 -5.464680573417612930e-01
8.009991812558897584e-01 -3.371739138836965743e+00 -5.500197165838048852e-01
8.019991802337372855e-01 -3.331545037541467913e+00 -5.535130261003019525e-01
8.029991792115848126e-01 -3.290336697364698360e+00 -5.569469489156481101e-01
8.039991781894323397e-01 -3.248100990135001975e+00 -5.603204369709356980e-01
8.049991771672798668e-01 -3.204824647752544386e+00 -5.636324310198084220e-01
8.059991761451273939e-01 -3.160494260814757705e+00 -5.668818605233988395e-01
8.069991751229749211e-01 -3.115096277229068900e+00 -5.700676435443318146e-01
8.079991741008223372e-01 -3.068617000812779327e+00 -5.731886866397919444e-01
8.089991730786698643e-01 -3.021042589879993301e+00 -5.762438847536468511e-01
8.099991720565173914e-01 -2.972359055815522844e+00 -5.792321211076093546e-01
8.109991710343649185e-01 -2.922552261635595450e+00 -5.821522670914456299e-01
8.119991700122124456e-01 -2.871607920535298675e+00 -5.850031821522084785e-01
8.129991689900599727e-01 -2.819511594422630552e+00 -5.877837136824949349e-01
8.139991679679074998e-01 -2.766248692439044810e+00 -5.904926969078404531e-01
8.149991669457549159e-01 -2.711804469466215561e+00 -5.931289547758733516e-01
8.159991659236024431e-01 -2.656164024619080521e+00 -5.956912978375510370e-01
8.169991649014499702e-01 -2.599312299725332842e+00 -5.981785241314422352e-01
8.179991638792974973e-01 -2.541234077790818002e+00 -6.005894190681042577e-01
8.189991628571450244e-01 -2.481913981450830864e+00 -6.029227553123098771e-01
8.199991618349925515e-01 -2.421336471407202762e+00 -6.051772926642318140e-01
8.209991608128400786e-01 -2.359485844851065828e+00 -6.073517779395867233e-01
8.219991597906874947e-01 -2.296346233871192410e+00 -6.094449448487252452e-01
8.229991587685350218e-01 -2.231901603847739946e+00 -6.114555138746580187e-01
8.239991577463825490e-01 -2.166135751831391509e+00 -6.133821921500137719e-01
8.249991567242300761e-01 -2.099032304907609614e+00 -6.152236733329158325e-01
8.259991557020776032e-01 -2.030574718546024116e+00 -6.169786374817732844e-01
8.269991546799251303e-01 -1.960746274934756173e+00 -6.186457509289677859e-01
8.279991536577726574e-01 -1.889530081299570785e+00 -6.202236661534444861e-01
8.289991526356200735e-01 -1.816909068207749556e+00 -6.217110216521782862e-01
8.299991516134676006e-01 -1.742865987856497600e+00 -6.231064418105184410e-01
8.309991505913151277e-01 -1.667383412345888827e+00 -6.244085367714027335e-01
8.319991495691626548e-01 -1.590443731936060034e+00 -6.256159023034244537e-01
8.329991485470101820e-01 -1.512029153288638073e+00 -6.267271196677477452e-01
8.339991475248577091e-01 -1.432121697692235740e+00 -6.277407554838634329e-01
8.349991465027052362e-01 -1.350703199271894084e+00 -6.286553615941694595e-01
8.359991454805526523e-01 -1.267755303182336313e+00 -6.294694749273783696e-01
8.369991444584001794e-01 -1.183259463784846144e+00 -6.301816173609907645e-01
8.379991434362477065e-01 -1.097196942807346920e+00 -6.307902955869839623e-01
8.389991424140952336e-01 -1.009548807487931521e+00 -6.312940009649340434e-01
8.399991413919427607e-01 -9.202959287022722812e-01 -6.316912093810113094e-01
8.409991403697902879e-01 -8.294189790740109647e-01 -6.319803811069409916e-01
8.419991393476378150e-01 -7.368984310680234406e-01 -6.321599606561402185e-01
8.429991383254852311e-01 -6.427145550665640528e-01 -6.322283766386028736e-01
8.439991373033327582e-01 -5.468474174280985034e-01 -6.321840416145295682e-01
8.449991362811802853e-01 -4.492768785288381306e-01 -6.320253519466872971e-01
8.459991352590278124e-01 -3.499825907866290220e-01 -6.317506876514914493e-01
8.469991342368753395e-01 -2.489439966672228610e-01 -6.313584122487946315e-01
8.479991332147228666e-01 -1.461403266727149819e-01 -6.308468726103830804e-01
8.489991321925703938e-01 -4.155059731202977169e-02 -6.302143988071542413e-01
8.499991311704178099e-01 6.484639094667857262e-02 -6.294593039549816194e-01
8.509991301482653370e-01 1.730720557419205552e-01 -6.285798840592444758e-01
8.519991291261128641e-01 2.831480349030320864e-01 -6.275744178580169308e-01
8.529991281039603912e-01 3.950961885529644113e-01 -6.264411666639051468e-01
8.539991270818079183e-01 5.089386012296884809e-01 -6.251783742045202708e-01
8.549991260596554454e-01 6.246975840264160640e-01 -6.237842664615860233e-01
8.559991250375029725e-01 7.423956767509077848e-01 -6.222570515097867183e-01
8.569991240153503886e-01 8.620556501038898478e-01 -6.205949193520027274e-01
8.579991229931979158e-01 9.837005078765732602e-01 -6.187960417535229851e-01
8.589991219710454429e-01 1.107353489167417493e+00 -6.168585720762539415e-01
8.599991209488929700e-01 1.233038070618657223e+00 -6.147806451107897807e-01
8.609991199267404971e-01 1.360777968672432392e+00 -6.125603769070433469e-01
8.619991189045880242e-01 1.490597141846777385e+00 -6.101958646034246758e-01
8.629991178824355513e-01 1.622519793031582003e+00 -6.076851862545591398e-01
8.639991168602829674e-01 1.756570371804668351e+00 -6.050264006575279963e-01
8.649991158381304945e-01 1.892773576768217891e+00 -6.022175471766261223e-01
8.659991148159780217e-01 2.031154357905478047e+00 -5.992566455666231695e-01
8.669991137938255488e-01 2.171737918958185354e+00 -5.961416957945123718e-01
8.679991127716730759e-01 2.314549719824649632e+00 -5.928706778597446769e-01
8.689991117495206030e-01 2.459615478978713909e+00 -5.894415516129253296e-01
8.699991107273681301e-01 2.606961175909748185e+00 -5.858522565729695764e-01
8.709991097052155462e-01 2.756613053583798489e+00 -5.821007117427061672e-01
8.719991086830630733e-01 2.908597620926141047e+00 -5.781848154229047854e-01
8.729991076609106004e-01 3.062941655325140733e+00 -5.741024450247337318e-01
8.739991066387581276e-01 3.219672205158653266e+00 -5.698514568846425599e-01
8.749991056166056547e-01 3.378816592342998693e+00 -5.654296860737166863e-01
8.759991045944531818e-01 3.540402414902426020e+00 -5.608349461966549709e-01
8.769991035723007089e-01 3.704457549559923013e+00 -5.560650292027784491e-01
8.779991025501481250e-01 3.871010154351189225e+00 -5.511177051905062907e-01
8.789991015279956521e-01 4.040088671261164777e+00 -5.459907222101157975e-01
8.799991005058431792e-01 4.211721828882922125e+00 -5.406818060648381774e-01
8.809990994836907063e-01 4.385938645099536792e+00 -5.351886601102706642e-01
8.819990984615382335e-01 4.562768429788735425e+00 -5.295089650521068725e-01
8.829990974393857606e-01 4.742240787550633385e+00 -5.236403787421548550e-01
8.839990964172332877e-01 4.924385620458686219e+00 -5.175805359726470822e-01
8.849990953950807038e-01 5.109233130833961134e+00 -5.113270482688172525e-01
8.859990943729282309e-01 5.296813824043067775e+00 -5.048775036797354954e-01
8.869990933507757580e-01 5.487158511319562670e+00 -4.982294665673913103e-01
8.879990923286232851e-01 5.680298312609346034e+00 -4.913804773939679515e-01
8.889990913064708122e-01 5.876264659439788041e+00 -4.843280525066305242e-01
8.899990902843183394e-01 6.075089297813082823e+00 -4.770696839222831609e-01
8.909990892621658665e-01 6.276804291124037150e+00 -4.696028391094824728e-01
8.919990882400132826e-01 6.481442023102257366e+00 -4.619249607682916481e-01
8.929990872178608097e-01 6.689035200778983281e+00 -4.540334666085570903e-01
8.939990861957083368e-01 6.899616857478402920e+00 -4.459257491263456386e-01
8.949990851735558639e-01 7.113220355834124042e+00 -4.375991753785167804e-01
8.959990841514033910e-01 7.329879390830513763e+00 -4.290510867554284125e-01
8.969990831292509181e-01 7.549627992869229587e+00 -4.202787987517534463e-01
8.979990821070984452e-01 7.772500530861115031e+00 -4.112796007354034833e-01
8.989990810849459724e-01 7.998531715343505155e+00 -4.020507557145391875e-01
8.999990800627933885e-01 8.227756601623108068e+00 -3.925895001026615816e-01
9.009990790406409156e-01 8.460210592944738650e+00 -3.828930434817580108e-01
9.019990780184884427e-01 8.695929443685683324e+00 -3.729585683635171511e-01
9.029990769963359698e-01 8.934949262577172036e+00 -3.627832299505903135e-01
9.039990759741834969e-01 9.177306515954937183e+00 -3.523641558980206145e-01
9.049990749520310240e-01 9.423038031033774686e+00 -3.416984460579777783e-01
9.059990739298785511e-01 9.672180999205659546e+00 -3.307831722373046346e-01
9.069990729077259672e-01 9.924772979366565551e+00 -3.196153779492578173e-01
9.079990718855734944e-01 1.018085190127037087e+01 -3.081920781627136563e-01
9.089990708634210215e-01 1.044045606890946587e+01 -2.965102590493318147e-01
9.099990698412685486e-01 1.070362416392269722e+01 -2.845668777286425311e-01
9.109990688191160757e-01 1.097039524903045837e+01 -2.723588620110589664e-01
9.119990677969636028e-01 1.124080877149704527e+01 -2.598831101387943932e-01
9.129990667748111299e-01 1.151490456662048878e+01 -2.471364905246719590e-01
9.139990657526585460e-01 1.179272286125000768e+01 -2.341158414888131201e-01
9.149990647305060731e-01 1.207430427733108225e+01 -2.208179709929660728e-01
9.159990637083536003e-01 1.235968983547771316e+01 -2.072396563725357188e-01
9.169990626862011274e-01 1.264892095857311816e+01 -1.933776440679461639e-01
9.179990616640486545e-01 1.294203947539866917e+01 -1.792286493522492474e-01
9.189990606418961816e-01 1.323908762429059927e+01 -1.647893560569765881e-01
9.199990596197437087e-01 1.354010805682490393e+01 -1.500564162958434034e-01
9.209990585975911248e-01 1.384514384153033539e+01 -1.350264501862488697e-01
9.219990575754386519e-01 1.415423846762989513e+01 -1.196960455685518870e-01
9.229990565532861790e-01 1.446743584881027189e+01 -1.040617577231346680e-01
9.239990555311337062e-01 1.478478032702000178e+01 -8.812010908521483721e-02
9.249990545089812333e-01 1.510631667629582786e+01 -7.186758895741945929e-02
9.259990534868287604e-01 1.543209010661746561e+01 -5.530065322010416229e-02
9.269990524646762875e-01 1.576214626779268890e+01 -3.841572403980452605e-02
9.279990514425237036e-01 1.609653125337714741e+01 -2.120918957498672125e-02
9.289990504203712307e-01 1.643529160461860172e+01 -3.677403677207761318e-03
9.299990493982187578e-01 1.677847431442402737e+01 1.418331440689508428e-02
9.309990483760662849e-01 1.712612683135954583e+01 3.237668033699944714e-02
9.319990473539138121e-01 1.747829706367935643e+01 5.090644498293179360e-02
9.329990463317613392e-01 1.783503338338361743e+01 6.977639473088398381e-02
9.339990453096088663e-01 1.819638463030496567e+01 8.899035179202278989e-02
9.349990442874562824e-01 1.856240011622377040e+01 1.085521745134981481e-01
9.359990432653038095e-01 1.893312962901217489e+01 1.284657576918720456e-01
9.369990422431513366e-01 1.930862343680633231e+01 1.487350328889044948e-01
9.379990412209988637e-01 1.968893229220788754e+01 1.693639687497160984e-01
9.389990401988463908e-01 2.007410743651312401e+01 1.903565713236179680e-01
9.399990391766939180e-01 2.046420060396956586e+01 2.117168843871543027e-01
9.409990381545414451e-01 2.085926402606075314e+01 2.334489897696132854e-01
9.419990371323888612e-01 2.125935043581814199e+01 2.555570076809614566e-01
9.429990361102363883e-01 2.166451307216032518e+01 2.780450970422010393e-01
9.439990350880839154e-01 2.207480568425830825e+01 3.009174558181018644e-01
9.449990340659314425e-01 2.249028253592726756e+01 3.241783213523439233e-01
9.459990330437789696e-01 2.291099841004333015e+01 3.478319707050108733e-01
9.469990320216264967e-01 2.333700861298947871e+01 3.718827209976968695e-01
9.479990309994740239e-01 2.376836897913881330e+01 3.963349297677398186e-01
9.489990299773214399e-01 2.420513587535360145e+01 4.211929952933359256e-01
9.499990289551689671e-01 2.464736620549731327e+01 4.464613569495692325e-01
9.509990279330164942e-01 2.509511741497577120e+01 4.721444955601427074e-01
9.519990269108640213e-01 2.554844749530073855e+01 4.982469337509550789e-01
9.529990258887115484e-01 2.600741498867364498e+01 5.247732363061635708e-01
9.539990248665590755e-01 2.647207899258780017e+01 5.517280105267221568e-01
9.549990238444066026e-01 2.694249916444789505e+01 5.791159065917909077e-01
9.559990228222540187e-01 2.741873572620836441e+01 6.069416179260299637e-01
9.569990218001015458e-01 2.790084946902359064e+01 6.352098815608487881e-01
9.579990207779490730e-01 2.838890175790277937e+01 6.639254785032688844e-01
9.589990197557966001e-01 2.888295453637244847e+01 6.930932341070301650e-01
9.599990187336441272e-01 2.938307033114076461e+01 7.227180184450948675e-01
9.609990177114916543e-01 2.988931225675815995e+01 7.528047466840891433e-01
9.619990166893391814e-01 3.040174402026765321e+01 7.833583794605050166e-01
9.629990156671865975e-01 3.092042992583748884e+01 8.143839232591811861e-01
9.639990146450341246e-01 3.144543487939338533e+01 8.458864308503496465e-01
9.649990136228816517e-01 3.197682439322818837e+01 8.778710016452131448e-01
9.659990126007291789e-01 3.251466459053873592e+01 9.103427820547085325e-01
9.669990115785767060e-01 3.305902220989622720e+01 9.433069659016687369e-01
9.679990105564242331e-01 3.360996460964400967e+01 9.767687948134361475e-01
9.689990095342717602e-01 3.416755977218809903e+01 1.010733558615828587e+00
9.699990085121191763e-01 3.473187630814923210e+01 1.045206595730542753e+00
9.709990074899667034e-01 3.530298346034911816e+01 1.080193293593668225e+00
9.719990064678142305e-01 3.588095110756314909e+01 1.115699089027491819e+00
9.729990054456617576e-01 3.646584976795931254e+01 1.151729468639757892e+00
9.739990044235092848e-01 3.705775060214704553e+01 1.188289969221671960e+00
9.749990034013568119e-01 3.765672541571225906e+01 1.225386178139103777e+00
9.759990023792043390e-01 3.826284666107164867e+01 1.263023733718733776e+00
9.769990013570517551e-01 3.887618743844706870e+01 1.301208325700691670e+00
9.779990003348992822e-01 3.949682149572622336e+01 1.339945695808026915e+00
9.789989993127468093e-01 4.012482322668551404e+01 1.379241637884433880e+00
9.799989982905943364e-01 4.076026766693515668e+01 1.419101998367567674e+00
9.809989972684418635e-01 4.140323048680668450e+01 1.459532676675073803e+00
9.819989962462893907e-01 4.205378797988028339e+01 1.500539625575900926e+00
9.829989952241369178e-01 4.271201704527272369e+01 1.542128851608436380e+00
9.839989942019843339e-01 4.337799516071672201e+01 1.584306415296478088e+00
9.849989931798318610e-01 4.405180034179935689e+01 1.627078431410629467e+00
9.859989921576793881e-01 4.473351107999651788e+01 1.670451069140700628e+00
9.869989911355269152e-01 4.542320624723174660e+01 1.714430552154782905e+00
9.879989901133744423e-01 4.612096494626304377e+01 1.759023159526142077e+00
9.889989890912219694e-01 4.682686626944771291e+01 1.804235224849207730e+00
9.899989880690694966e-01 4.754098889604688338e+01 1.850073135681926439e+00
9.909989870469169126e-01 4.826341039195791893e+01 1.896543332597113718e+00
9.919989860247644398e-01 4.899420592769932625e+01 1.943652307241407140e+00
9.929989850026119669e-01 4.973344577610090766e+01 1.991406598384406701e+00
9.939989839804594940e-01 5.048119001655065574e+01 2.039812784083369301e+00
9.949989829583070211e-01 5.123747608468958958e+01 2.088877465086525831e+00
9.954989824472307847e-01 5.161903075606314673e+01 2.113658648045364963e+00
9.959989819361545482e-01 5.200277561207518318e+01 2.138607043740368141e+00
9.964989814250783118e-01 5.238871802704077396e+01 2.163723500988235848e+00
9.969989809140020753e-01 5.277686264000055871e+01 2.189008870586146571e+00
9.974989804029257279e-01 5.316720816114722936e+01 2.214464001922408443e+00
9.977489801473875541e-01 5.336325655135647850e+01 2.227255472728908003e+00
9.979989798918494914e-01 5.355986488914705745e+01 2.240089715310657148e+00
9.982489796363114287e-01 5.375703364551677765e+01 2.252966837482529794e+00
9.984989793807732550e-01 5.395476257480472526e+01 2.265886947849468314e+00
9.987489791252350813e-01 5.415304988587931234e+01 2.278850154474735490e+00
9.988739789974661054e-01 5.425241521548887391e+01 2.285347949675108570e+00
9.989989788696970185e-01 5.435192197630448163e+01 2.291856560667916654e+00
9.990989787674817713e-01 5.443163078770810159e+01 2.297071245493837566e+00
9.991989786652666350e-01 5.451143041275676637e+01 2.302292868102579604e+00
9.992989785630512767e-01 5.459132079801894832e+01 2.307521435759425366e+00
9.993989784608360294e-01 5.467130177813564984e+01 2.312756955674077908e+00
9.994989783586207821e-01 5.475137294661766418e+01 2.317999434972591200e+00
9.995489783075131029e-01 5.479144429941231209e+01 2.320623286411086728e+00
9.995989782564055348e-01 5.483153845735063925e+01 2.323248880430504482e+00
9.996489782052979667e-01 5.487165539581058482e+01 2.325876217907798971e+00
9.996989781541902875e-01 5.491179506217307704e+01 2.328505299709985099e+00
9.997489781030826084e-01 5.495195734356512673e+01 2.331136126690132926e+00
9.997739780775287688e-01 5.497204744879540783e+01 2.332452194860727523e+00
9.997989780519750402e-01 5.499214326763032545e+01 2.333768699651547873e+00
9.998239780264212007e-01 5.501224479229465913e+01 2.335085641166099624e+00
9.998489780008674721e-01 5.503235200787400316e+01 2.336403019506209766e+00
9.998739779753136325e-01 5.505246488412057460e+01 2.337720834771402245e+00
9.998864779625367127e-01 5.506252356477457255e+01 2.338379906278214460e+00
9.998989779497597929e-01 5.507258367412438105e+01 2.339039087054016530e+00
9.999089779395383681e-01 5.508063280496508440e+01 2.339566510355991724e+00
9.999189779293167213e-01 5.508868285132267317e+01 2.340094003603784056e+00
9.999289779190951855e-01 5.509673381188792973e+01 2.340621566803243514e+00
9.999389779088736496e-01 5.510478568427490131e+01 2.341149199960042893e+00
9.999489778986521138e-01 5.511283846380105444e+01 2.341676903079648486e+00
9.999539778935413459e-01 5.511686521276842399e+01 2.341940780876931694e+00
9.999589778884305780e-01 5.512089219076979418e+01 2.342204676166955934e+00
9.999639778833198100e-01 5.512491939749791925e+01 2.342468588950337605e+00
9.999689778782091532e-01 5.512894683240490679e+01 2.342732519227677557e+00
9.999739778730983852e-01 5.513297449443465581e+01 2.342996466999522021e+00
9.999764778705430013e-01 5.513498841533280626e+01 2.343128447446020335e+00
9.999789778679876173e-01 5.513700239362970024e+01 2.343260432266348836e+00
9.999823111979138091e-01 5.513968778479065236e+01 2.343436418830636025e+00
9.999856445278398898e-01 5.514237327636087116e+01 2.343612413170836017e+00
9.999873111928029301e-01 5.514371606224367639e+01 2.343700413256929238e+00
9.999889778577659705e-01 5.514505887349152147e+01 2.343788415287046067e+00
9.999902278564882785e-01 5.514606599893085814e+01 2.343854418085403069e+00
9.999914778552105865e-01 5.514707313866120586e+01 2.343920421977282675e+00
9.999927278539330056e-01 5.514808029263991784e+01 2.343986426962691105e+00
9.999939778526552026e-01 5.514908746078162238e+01 2.344052433041614592e+00
9.999946028520163566e-01 5.514959105047618237e+01 2.344085436491148755e+00
9.999952278513775106e-01 5.515009464374753634e+01 2.344118440214066457e+00
9.999958528507386646e-01 5.515059824058850069e+01 2.344151444210365032e+00
9.999964778500999296e-01 5.515110184098579538e+01 2.344184448480049809e+00
9.999968945163406620e-01 5.515143757662586665e+01 2.344206451478377584e+00
9.999973111825813943e-01 5.515177331385207538e+01 2.344228454598208611e+00
9.999977278488221266e-01 5.515210905265807639e+01 2.344250457839542001e+00
9.999980403485027036e-01 5.515236085782476749e+01 2.344266960350278151e+00
9.999983528481832806e-01 5.515261266387831540e+01 2.344283462929358741e+00
9.999985090980236802e-01 5.515273856725573154e+01 2.344291714244532976e+00
9.999986653478639687e-01 5.515286447085681942e+01 2.344299965576787770e+00
9.999988215977042572e-01 5.515299037468134458e+01 2.344308216926129784e+00
9.999989778475445457e-01 5.515311627872880251e+01 2.344316468292558575e+00
9.999990800627900356e-01 5.515319864254126259e+01 2.344321866167007329e+00
9.999991822780356365e-01 5.515328100644967435e+01 2.344327264050212190e+00
9.999992844932812375e-01 5.515336337045370385e+01 2.344332661941811669e+00
9.999993867085267274e-01 5.515344573455296739e+01 2.344338059841438504e+00
9.999994889237722173e-01 5.515352809874700313e+01 2.344343457748738757e+00
9.999995400313950178e-01 5.515356928088161936e+01 2.344346156705158446e+00
9.999995911390178183e-01 5.515361046304017378e+01 2.344348855663362485e+00
9.999996422466406187e-01 5.515365164522258112e+01 2.344351554623303358e+00
9.999996933542634192e-01 5.515369282742881296e+01 2.344354253584939318e+00
9.999997444618862197e-01 5.515373400965872008e+01 2.344356952548225514e+00
9.999997700156975089e-01 5.515375460078298175e+01 2.344358302030466579e+00
9.999997955695089091e-01 5.515377519191333278e+01 2.344359651513109988e+00
9.999998211233203094e-01 5.515379578304960972e+01 2.344361000996141975e+00
9.999998466771315986e-01 5.515381637419174155e+01 2.344362350479552326e+00
9.999998722309429988e-01 5.515383696533992719e+01 2.344363699963349479e+00
9.999998850078486434e-01 5.515384726091630796e+01 2.344364374705383280e+00
9.999998977847543991e-01 5.515385755649428035e+01 2.344365049447517002e+00
9.999999123869323103e-01 5.515386932287086807e+01 2.344365820581491011e+00
9.999999269891103326e-01 5.515388108924947375e+01 2.344366591715590697e+00
9.999999415912881329e-01 5.515389285562989130e+01 2.344367362849796965e+00
9.999999561934661552e-01 5.515390462201246891e+01 2.344368133984130687e+00
9.999999707956441775e-01 5.515391638839699340e+01 2.344368905118582092e+00
9.999999853978220887e-01 5.515392815478340083e+01 2.344369676253139190e+00
1.000000000000000000e+00 5.515393992117125777e+01 2.344370447387812195e+00
