# 10 3 17.4816856327 1.58016167965e-05
# x xi_r xi_h
0.000000000000000000e+00 0.000000000000000000e+00 0.000000000000000000e+00
9.999989778475689654e-04 1.804085045027859944e-04 6.013654044123873939e-05
1.033332277109154937e-03 1.926356376466286150e-04 6.421241557720917521e-05
1.066665576370740042e-03 2.052636267111554273e-04 6.842190978110555496e-05
1.099998875632326014e-03 2.182924628511141826e-04 7.276502288314524720e-05
1.133332174893911986e-03 2.317221378471266593e-04 7.724175448170346003e-05
1.166665474155497090e-03 2.455526439117085768e-04 8.185210399181831850e-05
1.199998773417083062e-03 2.597839735466120630e-04 8.659607068086519542e-05
1.233332072678667950e-03 2.744161194369308145e-04 9.147365369503986728e-05
1.266665371940253922e-03 2.894490743718053176e-04 9.648485207918922253e-05
1.299998671201839893e-03 3.048828311845629894e-04 1.016296647917854217e-04
1.333331970463424998e-03 3.207173827071662362e-04 1.069080907163201169e-04
1.366665269725010970e-03 3.369527217353072697e-04 1.123201286700383915e-04
1.399998568986596942e-03 3.535888410014612917e-04 1.178657774106812913e-04
1.433331868248182046e-03 3.706257331539541825e-04 1.235450356417238358e-04
1.466665167509768018e-03 3.880633907406015105e-04 1.293579020164725029e-04
1.533331766032939095e-03 4.241409724779086812e-04 1.413844534161196867e-04
1.599998364556109954e-03 4.618215234667607779e-04 1.539454201127444285e-04
1.666664963079281898e-03 5.011049794578533020e-04 1.670407897805707492e-04
1.733331561602452974e-03 5.419912738499618266e-04 1.806705494774939853e-04
1.799998160125624051e-03 5.844803375874371319e-04 1.948346856708326239e-04
1.866664758648795995e-03 6.285720990922258377e-04 2.095331842544360100e-04
1.933331357171967071e-03 6.742664842180663308e-04 2.247660305602396102e-04
1.999997955695137931e-03 7.215634162191650802e-04 2.405332093661998556e-04
2.055553454464446872e-03 7.622016364168897849e-04 2.540806843890709211e-04
2.111108953233757114e-03 8.039526340002540192e-04 2.679992031879181984e-04
2.166664452003066055e-03 8.468163603297315656e-04 2.822887560661516940e-04
2.222219950772374997e-03 8.907927654846280012e-04 2.969493330643077612e-04
2.277775449541684805e-03 9.358817982601643024e-04 3.119809239607844605e-04
2.333330948310995048e-03 9.820834061651814804e-04 3.273835182724109285e-04
2.388886447080303989e-03 1.029397535420425698e-03 3.431571052548929306e-04
2.444441945849612930e-03 1.077824130957155506e-03 3.593016739031569865e-04
2.555552943388232114e-03 1.178014500245871650e-03 3.927037093503284735e-04
2.666663940926850863e-03 1.282654040678639319e-03 4.275895331108836464e-04
2.777774938465470047e-03 1.391742265452723237e-03 4.639590477151285682e-04
2.888885936004087929e-03 1.505278667001817361e-03 5.018121515549428839e-04
2.999996933542707113e-03 1.623262717011286381e-03 5.411487388804153784e-04
3.071425431960391091e-03 1.701457978536601110e-03 5.672198651985092908e-04
3.142853930378074201e-03 1.781490922343554554e-03 5.939039883672063381e-04
3.285710927213440855e-03 1.947069254117751638e-03 6.491110972700948238e-04
3.428567924048807943e-03 2.119996419262417612e-03 7.067698156304250655e-04
3.571424920884175031e-03 2.300271087985762339e-03 7.668798772134266138e-04
3.714281917719542119e-03 2.487891873797659550e-03 8.294410045056004174e-04
3.857138914554909207e-03 2.682857333563891215e-03 8.944529087040985205e-04
3.999995911390275861e-03 2.885165967545046117e-03 9.619152897100796381e-04
4.099995809175032910e-03 3.031150358412135724e-03 1.010596826430750113e-03
4.199995706959789958e-03 3.180731593844095869e-03 1.060478834117196869e-03
4.299995604744547006e-03 3.333909109809732839e-03 1.111561199994588441e-03
4.399995502529303187e-03 3.490682328733723128e-03 1.163843808567676481e-03
4.599995298098817284e-03 3.815013561445288609e-03 1.272009262220571372e-03
4.799995093668331381e-03 4.153720327125912798e-03 1.384974235071919583e-03
4.999994889237844610e-03 4.506797520072241235e-03 1.502737704668391646e-03
5.199994684807359574e-03 4.874239817029788271e-03 1.625298605289882299e-03
5.399994480376873671e-03 5.256041677447946189e-03 1.752655827912507746e-03
5.599994275946387767e-03 5.652197343682800398e-03 1.884808220199769629e-03
5.799994071515900997e-03 6.062700841153358632e-03 2.021754586477751518e-03
5.999993867085415093e-03 6.487545978469665478e-03 2.163493687728530648e-03
6.249993611547307280e-03 7.038760630504378550e-03 2.347405369558294881e-03
6.499993356009198600e-03 7.612361063477765359e-03 2.538801095876991060e-03
6.749993100471091655e-03 8.208333760153877293e-03 2.737678160297662196e-03
6.999992844932983842e-03 8.826664674259543722e-03 2.944033750851511155e-03
7.166659341240912834e-03 9.251299238272685591e-03 3.085757470261993578e-03
7.333325837548840959e-03 9.685859880675643310e-03 3.230802791859584914e-03
7.666658830164697208e-03 1.058474157120583951e-02 3.530854453326010348e-03
7.999991822780553458e-03 1.152327149798298457e-02 3.844181336774232967e-03
8.333324815396409707e-03 1.250141033389599171e-02 4.170775563363968153e-03
8.666657808012265957e-03 1.351911708309117520e-02 4.510628921730622416e-03
8.999990800628122206e-03 1.457634908362729319e-02 4.863732867754565203e-03
9.333323793243978456e-03 1.567306200971551808e-02 5.230078524582189303e-03
9.666656785859834705e-03 1.680920987373116585e-02 5.609656682641409736e-03
9.999989778475690955e-03 1.798474502802835037e-02 6.002457799664618482e-03
1.033332277109155067e-02 1.919961816669378540e-02 6.408472000975136765e-03
1.066665576370739998e-02 2.045377832730635448e-02 6.827689079493679501e-03
1.099998875632325970e-02 2.174717289255514996e-02 7.260098495800538197e-03
1.149998824524704061e-02 2.376071192200633966e-02 7.933423922791669677e-03
1.199998773417083019e-02 2.586221547156718550e-02 8.636369549343384661e-03
1.249998722309460936e-02 2.805148514281237057e-02 9.368895589238078817e-03
1.299998671201840067e-02 3.032831418307083485e-02 1.013096058522982082e-02
1.349998620094217984e-02 3.269248750499738343e-02 1.092252141016331751e-02
1.399998568986596074e-02 3.514378170775035032e-02 1.174353326806701348e-02
1.449998517878975032e-02 3.768196509376071229e-02 1.259394969391204773e-02
1.499998466771352949e-02 4.030679768808446972e-02 1.347372255887813002e-02
1.549998415663732081e-02 4.301803125592738863e-02 1.438280206840169759e-02
1.599998364556109998e-02 4.581540932058685706e-02 1.532113676714811148e-02
1.649998313448488088e-02 4.869866718223483243e-02 1.628867354003062443e-02
1.699998262340866872e-02 5.166753193608334543e-02 1.728535761412460653e-02
1.749998211233244963e-02 5.472172249163817503e-02 1.831113256256370822e-02
1.799998160125624094e-02 5.786094959231900120e-02 1.936594030621276857e-02
1.849998109018001838e-02 6.108491583525128832e-02 2.044972111655952302e-02
1.899998057910380969e-02 6.439331569207241979e-02 2.156241361997792913e-02
1.949998006802759060e-02 6.778583552999575823e-02 2.270395479769333688e-02
1.999997955695137150e-02 7.126215363303796402e-02 2.387427999358930283e-02
2.049997904587515934e-02 7.482194022546220791e-02 2.507332291386655046e-02
2.099997853479894025e-02 7.846485749300483037e-02 2.630101562952391614e-02
2.149997802372273156e-02 8.219055960705999586e-02 2.755728858288050351e-02
2.199997751264650900e-02 8.599869274794813556e-02 2.884207058708914209e-02
2.299997649049408122e-02 9.386083578166931618e-02 3.149685922355527357e-02
2.399997546834164996e-02 1.020482527373243464e-01 3.426479074970304600e-02
2.499997444618921871e-02 1.105578295413093687e-01 3.714523707082317133e-02
2.599997342403678052e-02 1.193863262761044597e-01 4.013754453284712476e-02
2.699997240188434927e-02 1.285303782173885245e-01 4.324103400502007227e-02
2.799997137973192149e-02 1.379864968563712657e-01 4.645500099243538017e-02
2.899997035757949024e-02 1.477510709268619049e-01 4.977871575877113042e-02
2.999996933542705899e-02 1.578203674490853692e-01 5.321142347059688166e-02
3.099996831327463120e-02 1.681905327930794114e-01 5.675234432176785859e-02
3.199996729112219301e-02 1.788575937642535862e-01 6.040067368244283336e-02
3.299996626896976176e-02 1.898174587174794592e-01 6.415558225434830897e-02
3.399996524681733051e-02 2.010659187024705641e-01 6.801621623970048602e-02
3.499996422466491314e-02 2.125986486414416232e-01 7.198169751027737318e-02
3.599996320251246801e-02 2.244112085347323704e-01 7.605112375868150476e-02
3.699996218036005063e-02 2.364990446962400850e-01 8.022356868298076427e-02
3.799996115820761938e-02 2.488574910221191538e-01 8.449808216753780521e-02
3.899996013605520201e-02 2.614817702917642261e-01 8.887369047290195889e-02
3.999995911390275688e-02 2.743669955048304576e-01 9.334939645404957687e-02
4.099995809175033951e-02 2.875081712474812368e-01 9.792417971797050258e-02
4.199995706959790825e-02 3.009001950855028085e-01 1.025969968313856784e-01
4.299995604744547700e-02 3.145378589904666011e-01 1.073667815298354616e-01
4.399995502529305269e-02 3.284158507974688779e-01 1.122324449274250124e-01
4.499995400314062838e-02 3.425287556965385116e-01 1.171928757548810762e-01
4.599995298098819713e-02 3.568710577555520014e-01 1.222469405672609727e-01
4.699995195883577281e-02 3.714371414690574857e-01 1.273934839478811920e-01
4.799995093668334156e-02 3.862212933362555445e-01 1.326313287487363990e-01
4.899994991453091725e-02 4.012177034701969180e-01 1.379592763230271524e-01
4.999994889237849294e-02 4.164204672372980309e-01 1.433761067714344750e-01
5.099994787022606169e-02 4.318235869294360096e-01 1.488805792090653335e-01
5.199994684807363043e-02 4.474209734617837775e-01 1.544714319643495648e-01
5.299994582592121306e-02 4.632064480955104258e-01 1.601473828446338399e-01
5.399994480376876793e-02 4.791737441905332129e-01 1.659071293927961988e-01
5.499994378161635056e-02 4.953165089837638924e-01 1.717493491218883561e-01
5.599994275946391931e-02 5.116283054073995640e-01 1.776726999301566079e-01
5.699994173731148805e-02 5.281026139240054817e-01 1.836758201249164835e-01
5.799994071515905680e-02 5.447328343811351781e-01 1.897573288608495889e-01
5.899993969300663249e-02 5.615122879038042525e-01 1.959158263667545585e-01
5.999993867085420818e-02 5.784342188078964719e-01 2.021498942254955633e-01
6.099993764870177693e-02 5.954917965405434055e-01 2.084580956741310109e-01
6.199993662654935261e-02 6.126781176481064239e-01 2.148389759065706672e-01
6.299993560439692830e-02 6.299862077660762782e-01 2.212910623225536333e-01
6.399993458224449705e-02 6.474090236312808333e-01 2.278128648435287507e-01
6.499993356009206580e-02 6.649394551198896108e-01 2.344028762139279409e-01
6.599993253793963455e-02 6.825703273090437673e-01 2.410595723056454809e-01
6.699993151578721717e-02 7.002944025615630563e-01 2.477814124262293083e-01
6.799993049363478592e-02 7.181043826329132074e-01 2.545668396254162080e-01
6.899992947148235467e-02 7.359929108003661069e-01 2.614142810146915519e-01
6.999992844932992342e-02 7.539525740144310539e-01 2.683221480891331834e-01
7.099992742717750605e-02 7.719759050716389348e-01 2.752888370479216751e-01
7.199992640502507479e-02 7.900553848080037467e-01 2.823127291206037892e-01
7.299992538287264354e-02 8.081834443128718126e-01 2.893921908968307144e-01
7.399992436072021229e-02 8.263524671623498907e-01 2.965255746544978588e-01
7.499992333856779492e-02 8.445547916695327340e-01 3.037112186610914089e-01
7.599992231641536367e-02 8.627827131548605477e-01 3.109474475611168076e-01
7.699992129426293241e-02 8.810284862375616921e-01 3.182325727090182799e-01
7.799992027211050116e-02 8.992843271439459052e-01 3.255648925089267842e-01
7.899991924995808379e-02 9.175424160327465550e-01 3.329426927630630972e-01
7.999991822780565254e-02 9.357948993374038960e-01 3.403642470231940664e-01
8.099991720565322129e-02 9.540338921247671911e-01 3.478278169446802348e-01
8.199991618350079003e-02 9.722514804696597013e-01 3.553316526433876743e-01
8.299991516134837266e-02 9.904397238448942042e-01 3.628739930571796557e-01
8.399991413919594141e-02 1.008590657526229117e+00 3.704530663084548703e-01
8.499991311704351016e-02 1.026696295011614302e+00 3.780670900699384940e-01
8.599991209489107891e-02 1.044748630454271021e+00 3.857142719331985714e-01
8.699991107273866153e-02 1.062739641109040623e+00 3.933928097797841916e-01
8.799991005058623028e-02 1.080661289791352564e+00 4.011008921529844451e-01
8.899990902843379903e-02 1.098505527348361266e+00 4.088366986353015875e-01
8.999990800628136778e-02 1.116264295141847773e+00 4.165984002283488752e-01
9.099990698412895040e-02 1.133929527542199445e+00 4.243841597329581217e-01
9.199990596197651915e-02 1.151493154432851496e+00 4.321921321325321586e-01
9.299990493982408790e-02 1.168947103724658154e+00 4.400204649786558786e-01
9.399990391767165665e-02 1.186283303879620998e+00 4.478672987786337933e-01
9.499990289551923928e-02 1.203493686443274369e+00 4.557307673831784145e-01
9.599990187336680802e-02 1.220570188585348159e+00 4.636089983813351800e-01
9.699990085121437677e-02 1.237504755648121124e+00 4.715001134939729721e-01
9.799989982906194552e-02 1.254289343701795456e+00 4.794022289692441152e-01
9.899989880690952815e-02 1.270915922106262475e+00 4.873134559803115606e-01
9.999989778475709690e-02 1.287376476078703202e+00 4.952319010248592557e-01
1.009998967626046934e-01 1.303663009266367467e+00 5.031556663256798734e-01
1.019998957404522066e-01 1.319767546323929786e+00 5.110828502328068623e-01
1.029998947182998031e-01 1.335682135494916656e+00 5.190115476304223430e-01
1.039998936961473996e-01 1.351398851196575990e+00 5.269398503417234148e-01
1.049998926739949962e-01 1.366909796607477690e+00 5.348658475362680909e-01
1.059998916518424955e-01 1.382207106257223872e+00 5.427876261387518664e-01
1.069998906296901059e-01 1.397282948617697640e+00 5.507032712390936835e-01
1.079998896075377024e-01 1.412129528695160507e+00 5.586108665037331500e-01
1.089998885853852018e-01 1.426739090622637596e+00 5.665084945880883849e-01
1.099998875632327983e-01 1.441103920251873394e+00 5.743942375500901143e-01
1.109998865410803948e-01 1.455216347744252348e+00 5.822661772642079292e-01
1.119998855189280051e-01 1.469068750159678194e+00 5.901223958285717330e-01
1.129998844967755045e-01 1.482653554043316113e+00 5.979609759924033874e-01
1.139998834746231010e-01 1.495963238009686114e+00 6.057800015726280130e-01
1.149998824524706975e-01 1.508990335323034060e+00 6.135775578691162746e-01
1.159998814303182940e-01 1.521727436473282014e+00 6.213517320830685975e-01
1.169998804081657934e-01 1.534167191747032311e+00 6.291006137359427264e-01
1.179998793860134038e-01 1.546302313792941252e+00 6.368222950888615674e-01
1.189998783638610003e-01 1.558125580180791614e+00 6.445148715624127167e-01
1.199998773417084996e-01 1.569629835953626262e+00 6.521764421567655123e-01
1.209998763195560961e-01 1.580807996172203023e+00 6.598051098720350005e-01
1.219998752974037065e-01 1.591653048450992536e+00 6.673989821227616082e-01
1.229998742752512059e-01 1.602158055484959931e+00 6.749561711566409716e-01
1.239998732530988024e-01 1.612316157567099673e+00 6.824747944900624308e-01
1.249998722309463989e-01 1.622120575095822304e+00 6.899529753207460647e-01
1.259998712087939954e-01 1.631564611071058657e+00 6.973888429478808382e-01
1.269998701866416058e-01 1.640641653578638337e+00 7.047805331921928040e-01
1.279998691644891051e-01 1.649345178262303646e+00 7.121261888156844577e-01
1.289998681423366877e-01 1.657668750782513856e+00 7.194239599409896213e-01
1.299998671201842981e-01 1.665606029261591070e+00 7.266720044702303927e-01
1.309998660980317975e-01 1.673150766714312399e+00 7.338684885033239791e-01
1.319998650758794079e-01 1.680296813463329819e+00 7.410115867542373946e-01
1.329998640537269905e-01 1.687038119538359471e+00 7.480994829558615944e-01
1.339998630315744899e-01 1.693368737059042672e+00 7.551303702948982677e-01
1.349998620094221002e-01 1.699282822600906240e+00 7.621024518234287282e-01
1.359998609872697106e-01 1.704774639543190862e+00 7.690139408703788870e-01
1.369998599651172932e-01 1.709838560397964002e+00 7.758630614546339066e-01
1.379998589429647926e-01 1.714469069119866518e+00 7.826480486970195383e-01
1.389998579208124030e-01 1.718660763395819524e+00 7.893671492310506688e-01
1.399998568986600134e-01 1.722408356913876837e+00 7.960186216123723568e-01
1.409998558765075127e-01 1.725706681610832405e+00 8.026007367268015447e-01
1.419998548543550954e-01 1.728550689897443871e+00 8.091117781968902856e-01
1.429998538322027057e-01 1.730935456860719812e+00 8.155500427776751771e-01
1.439998528100502884e-01 1.732856182442584991e+00 8.219138407629138499e-01
1.449998517878977877e-01 1.734308193594509051e+00 8.282014964005814939e-01
1.459998507657453981e-01 1.735286946407390785e+00 8.344113482839889961e-01
1.469998497435930085e-01 1.735788028215545786e+00 8.405417497495786261e-01
1.479998487214405911e-01 1.735807159674311650e+00 8.465910692727602882e-01
1.489998476992880905e-01 1.735340196810684743e+00 8.525576908616648852e-01
1.499998466771357009e-01 1.734383133046108805e+00 8.584400144487384088e-01
1.509998456549833112e-01 1.732932101190853391e+00 8.642364562800916028e-01
1.519998446328308106e-01 1.730983375409293146e+00 8.699454493025142732e-01
1.529998436106783932e-01 1.728533373155066055e+00 8.755654435367407062e-01
1.539998425885260036e-01 1.725578657076059397e+00 8.810949064854773916e-01
1.549998415663735862e-01 1.722115936887865129e+00 8.865323234703569311e-01
1.559998405442211133e-01 1.718142071215414068e+00 8.918761980528518984e-01
1.569998395220686960e-01 1.713654069402360092e+00 8.971250523907383645e-01
1.579998384999163064e-01 1.708649093286948917e+00 9.022774276092916379e-01
1.589998374777638890e-01 1.703124458943931829e+00 9.073318841695455772e-01
1.599998364556113883e-01 1.697077638391816023e+00 9.122870022335249907e-01
1.609998354334589987e-01 1.690506261264864030e+00 9.171413820263689676e-01
1.619998344113066091e-01 1.683408116449053304e+00 9.218936441952595429e-01
1.629998333891541085e-01 1.675781153681400903e+00 9.265424301650193595e-01
1.639998323670016911e-01 1.667623485111846104e+00 9.310864024756601021e-01
1.649998313448493015e-01 1.658933386827090350e+00 9.355242451433862794e-01
1.659998303226969119e-01 1.649709300336107631e+00 9.398546640168943256e-01
1.669998293005444112e-01 1.639949834016313002e+00 9.440763871093509341e-01
1.679998282783919938e-01 1.629653764519672254e+00 9.481881649362562392e-01
1.689998272562396042e-01 1.618820038138244488e+00 9.521887708495075930e-01
1.699998262340871036e-01 1.607447772128442809e+00 9.560770013675861101e-01
1.709998252119346862e-01 1.595536255993428965e+00 9.598516765017781616e-01
1.719998241897822966e-01 1.583084952722980665e+00 9.635116400783435564e-01
1.729998231676299070e-01 1.570093499990217190e+00 9.670557600565602430e-01
1.739998221454774063e-01 1.556561711304534246e+00 9.704829288425397271e-01
1.749998211233249890e-01 1.542489577120144340e+00 9.737920635987548090e-01
1.759998201011725993e-01 1.527877265899675763e+00 9.769821065491783862e-01
1.769998190790202097e-01 1.512725125131992421e+00 9.800520252798673448e-01
1.779998180568677091e-01 1.497033682303909874e+00 9.830008130219914930e-01
1.789998170347152917e-01 1.480803645825030657e+00 9.858274889554925480e-01
1.799998160125629021e-01 1.464035905905269885e+00 9.885310985035877795e-01
1.809998149904104014e-01 1.446731535384366607e+00 9.911107136070284040e-01
1.819998139682580118e-01 1.428891790512806237e+00 9.935654330011377544e-01
1.829998129461055945e-01 1.410518111683587650e+00 9.958943824879069595e-01
1.839998119239530938e-01 1.391612124114290694e+00 9.980967152030457701e-01
1.849998109018007042e-01 1.372175638478887461e+00 1.000171611877920030e+00
1.859998098796482868e-01 1.352210651488726212e+00 1.002118281096298746e+00
1.869998088574958972e-01 1.331719346422171713e+00 1.003935959545819490e+00
1.879998078353435076e-01 1.310704093602356846e+00 1.005623912264111741e+00
1.889998068131910069e-01 1.289167450822510830e+00 1.007181432879484140e+00
1.899998057910385896e-01 1.267112163718361106e+00 1.008607843846106134e+00
1.909998047688862000e-01 1.244541166087089090e+00 1.009902496673817929e+00
1.919998037467336993e-01 1.221457580152392808e+00 1.011064772169882220e+00
1.929998027245813097e-01 1.197864716775030480e+00 1.012094080638973104e+00
1.939998017024288923e-01 1.173766075608449588e+00 1.012989862087548376e+00
1.949998006802763917e-01 1.149165345199005595e+00 1.013751586439884278e+00
1.959997996581240021e-01 1.124066403030355987e+00 1.014378753738722327e+00
1.969997986359716124e-01 1.098473315511525383e+00 1.014870894339875207e+00
1.979997976138191951e-01 1.072390337908222246e+00 1.015227569100733307e+00
1.989997965916666944e-01 1.045821914216961579e+00 1.015448369562609088e+00
1.999997955695143048e-01 1.018772676981549052e+00 1.015532918126822892e+00
2.009997945473618874e-01 9.912474470515757474e-01 1.015480868224481359e+00
2.019997935252093868e-01 9.632512332824409995e-01 1.015291904479874496e+00
2.029997925030569972e-01 9.347892321765601809e-01 1.014965742867413701e+00
2.039997914809046076e-01 9.058668274653756125e-01 1.014502130862056761e+00
2.049997904587521902e-01 8.764895896317839163e-01 1.013900847583212750e+00
2.059997894365996896e-01 8.466632753726425209e-01 1.013161703936010793e+00
2.069997884144472999e-01 8.163938270010008269e-01 1.012284542737226900e+00
2.079997873922949103e-01 7.856873717877009833e-01 1.011269238837618989e+00
2.089997863701424929e-01 7.545502212420468480e-01 1.010115699240750953e+00
2.099997853479899923e-01 7.229888703312588039e-01 1.008823863212935157e+00
2.109997843258376027e-01 6.910099966383771442e-01 1.007393702386194967e+00
2.119997833036852131e-01 6.586204594583675576e-01 1.005825220854199786e+00
2.129997822815327124e-01 6.258272988321397223e-01 1.004118455261118870e+00
2.139997812593802951e-01 5.926377345182262113e-01 1.002273474883303983e+00
2.149997802372279054e-01 5.590591649018872289e-01 1.000290381703784481e+00
2.159997792150754881e-01 5.250991658414487784e-01 9.981693104794858717e-01
2.169997781929229874e-01 4.907654894515414146e-01 9.959104288011312311e-01
2.179997771707705978e-01 4.560660628232195979e-01 9.935139371457706314e-01
2.189997761486182082e-01 4.210089866806371872e-01 9.909800689218687397e-01
2.199997751264657908e-01 3.856025339742069624e-01 9.883090905065264886e-01
2.209997741043132902e-01 3.498551484100422826e-01 9.855013012760309721e-01
2.219997730821609006e-01 3.137754429155019120e-01 9.825570336284511486e-01
2.229997720600085109e-01 2.773721980407814480e-01 9.794766529983466308e-01
2.239997710378560103e-01 2.406543602964341111e-01 9.762605578639627080e-01
2.249997700157035929e-01 2.036310404267284990e-01 9.729091797467096514e-01
2.259997689935512033e-01 1.663115116187809384e-01 9.694229832028714577e-01
2.269997679713988137e-01 1.287052076473826911e-01 9.658024658074991775e-01
2.279997669492463130e-01 9.082172095551470370e-02 9.620481581304578533e-01
2.289997659270938957e-01 5.267080067050186609e-02 9.581606237045724450e-01
2.299997649049415060e-01 1.426235055581505720e-02 9.541404589858422103e-01
2.309997638827890054e-01 -2.439357310146528582e-02 9.499882933056854606e-01
2.319997628606365880e-01 -6.328676366745603077e-02 9.457047888151668413e-01
2.329997618384841984e-01 -1.024068664026218378e-01 9.412906404211828226e-01
2.339997608163318088e-01 -1.417433807669867818e-01 9.367465757142513505e-01
2.349997597941793082e-01 -1.812856627895066963e-01 9.320733548889010844e-01
2.359997587720268908e-01 -2.210229275014552741e-01 9.272717706555718697e-01
2.369997577498745012e-01 -2.609442514336823837e-01 9.223426481441773239e-01
2.379997567277221115e-01 -3.010385751775832563e-01 9.172868447995947694e-01
2.389997557055696109e-01 -3.412947060096168661e-01 9.121052502689319663e-01
2.399997546834171935e-01 -3.817013205792146868e-01 9.067987862805360066e-01
2.409997536612648039e-01 -4.222469676598499255e-01 9.013684065147462565e-01
2.419997526391123033e-01 -4.629200709630607591e-01 8.958150964663355031e-01
2.429997516169599137e-01 -5.037089320151808547e-01 8.901398732986536277e-01
2.439997505948074963e-01 -5.446017330964942893e-01 8.843437856894302840e-01
2.449997495726551067e-01 -5.855865402425575184e-01 8.784279136682365818e-01
2.459997485505026060e-01 -6.266513063073636536e-01 8.723933684455797977e-01
2.469997475283501887e-01 -6.677838740880220891e-01 8.662412922337205945e-01
2.479997465061977990e-01 -7.089719795105456912e-01 8.599728580580500159e-01
2.489997454840454094e-01 -7.502032548764784314e-01 8.535892695624676119e-01
2.499997444618929088e-01 -7.914652321699673365e-01 8.470917608043210256e-01
2.509997434397405192e-01 -8.327453464247890347e-01 8.404815960415437104e-01
2.519997424175879908e-01 -8.740309391509215597e-01 8.337600695113812632e-01
2.529997413954355734e-01 -9.153092618201987829e-01 8.269285052006961623e-01
2.539997403732832115e-01 -9.565674794105769596e-01 8.199882566078643409e-01
2.549997393511307942e-01 -9.977926740085042434e-01 8.129407064962604901e-01
2.559997383289783768e-01 -1.038971848468810411e+00 8.057872666393369743e-01
2.569997373068259039e-01 -1.080091930131705569e+00 7.985293775573009123e-01
2.579997362846734865e-01 -1.121139774596139560e+00 7.911685082454019691e-01
2.589997352625211247e-01 -1.162102169549019459e+00 7.837061558938346328e-01
2.599997342403687073e-01 -1.202965838649661334e+00 7.761438455992706320e-01
2.609997332182161789e-01 -1.243717445468799587e+00 7.684831300680452504e-01
2.619997321960638170e-01 -1.284343597481467647e+00 7.607255893110594913e-01
2.629997311739112886e-01 -1.324830850113086100e+00 7.528728303301879254e-01
2.639997301517589268e-01 -1.365165710838111224e+00 7.449264867965036396e-01
2.649997291296065094e-01 -1.405334643330307109e+00 7.368882187202434597e-01
2.659997281074540920e-01 -1.445324071664086718e+00 7.287597121124902433e-01
2.669997270853016191e-01 -1.485120384565965512e+00 7.205426786386293081e-01
2.679997260631492018e-01 -1.524709939715391593e+00 7.122388552636073067e-01
2.689997250409967844e-01 -1.564079068094055947e+00 7.038500038890258548e-01
2.699997240188444225e-01 -1.603214078382876773e+00 6.953779109821055515e-01
2.709997229966918941e-01 -1.642101261405694013e+00 6.868243871965454828e-01
2.719997219745394768e-01 -1.680726894618810974e+00 6.781912669853311648e-01
2.729997209523871149e-01 -1.719077246645386525e+00 6.694804082055259009e-01
2.739997199302345865e-01 -1.757138581853751491e+00 6.606936917150819655e-01
2.749997189080822246e-01 -1.794897164978609627e+00 6.518330209617236859e-01
2.759997178859298073e-01 -1.832339265784132420e+00 6.429003215639528257e-01
2.769997168637773899e-01 -1.869451163767873014e+00 6.338975408842156822e-01
2.779997158416249170e-01 -1.906219152904437442e+00 6.248266475942934051e-01
2.789997148194724996e-01 -1.942629546427809828e+00 6.156896312330470966e-01
2.799997137973200823e-01 -1.978668681651145178e+00 6.064885017566369330e-01
2.809997127751677204e-01 -2.014322924823007899e+00 5.972252890803538827e-01
2.819997117530151920e-01 -2.049578676018754209e+00 5.879020426136889466e-01
2.829997107308627746e-01 -2.084422374065908468e+00 5.785208307877234279e-01
2.839997097087104128e-01 -2.118840501502274432e+00 5.690837405750692746e-01
2.849997086865578844e-01 -2.152819589565513336e+00 5.595928770024731769e-01
2.859997076644055225e-01 -2.186346223212940920e+00 5.500503626561373816e-01
2.869997066422531051e-01 -2.219407046170179587e+00 5.404583371798422631e-01
2.879997056201005767e-01 -2.251988766007375631e+00 5.308189567659522545e-01
2.889997045979482149e-01 -2.284078159241562211e+00 5.211343936393716403e-01
2.899997035757957975e-01 -2.315662076463822050e+00 5.114068355345467998e-01
2.909997025536433801e-01 -2.346727447489800333e+00 5.016384851655867338e-01
2.919997015314910183e-01 -2.377261286532141416e+00 4.918315596896005726e-01
2.929997005093384899e-01 -2.407250697393354510e+00 4.819882901633316674e-01
2.939996994871860725e-01 -2.436682878677629560e+00 4.721109209931882433e-01
2.949996984650337106e-01 -2.465545129020067172e+00 4.622017093787605946e-01
2.959996974428811822e-01 -2.493824852331795849e+00 4.522629247499313498e-01
2.969996964207288204e-01 -2.521509563059355141e+00 4.422968481980391053e-01
2.979996953985764030e-01 -2.548586891456856574e+00 4.323057719003353117e-01
2.989996943764238746e-01 -2.575044588869083384e+00 4.222919985378043028e-01
2.999996933542715127e-01 -2.600870533023999620e+00 4.122578407080688678e-01
3.009996923321190954e-01 -2.626052733332984168e+00 4.022056203319993029e-01
3.019996913099666780e-01 -2.650579336197112390e+00 3.921376680545332616e-01
3.029996902878143161e-01 -2.674438630317710341e+00 3.820563226398535628e-01
3.039996892656617877e-01 -2.697619052009408769e+00 3.719639303610218217e-01
3.049996882435094259e-01 -2.720109190513990693e+00 3.618628443841997999e-01
3.059996872213570085e-01 -2.741897793313123444e+00 3.517554241475868149e-01
3.069996861992044801e-01 -2.762973771438229420e+00 3.416440347351863971e-01
3.079996851770521182e-01 -2.783326204775589119e+00 3.315310462455443585e-01
3.089996841548997009e-01 -2.802944347364821454e+00 3.214188331555850597e-01
3.099996831327471725e-01 -2.821817632688822020e+00 3.113097736796853199e-01
3.109996821105948106e-01 -2.839935678953236842e+00 3.012062491241131457e-01
3.119996810884423932e-01 -2.857288294353532265e+00 2.911106432369906516e-01
3.129996800662899759e-01 -2.873865482327643495e+00 2.810253415539030186e-01
3.139996790441376140e-01 -2.889657446792277984e+00 2.709527307393280737e-01
3.149996780219850856e-01 -2.904654597360805557e+00 2.608951979243024355e-01
3.159996769998327237e-01 -2.918847554540705769e+00 2.508551300394500916e-01
3.169996759776803064e-01 -2.932227154908438216e+00 2.408349131447161673e-01
3.179996749555277780e-01 -2.944784456259732064e+00 2.308369317556155376e-01
3.189996739333754161e-01 -2.956510742733171604e+00 2.208635681659391892e-01
3.199996729112228877e-01 -2.967397529904951980e+00 2.109172017671923083e-01
3.209996718890705258e-01 -2.977436569852622839e+00 2.010002083649274351e-01
3.219996708669181085e-01 -2.986619856185683819e+00 1.911149594921474626e-01
3.229996698447656911e-01 -2.994939629040844764e+00 1.812638217199380453e-01
3.239996688226132737e-01 -3.002388380039707094e+00 1.714491559655077213e-01
3.249996678004609119e-01 -3.008958857206667670e+00 1.616733167978096353e-01
3.259996667783083835e-01 -3.014644069844799379e+00 1.519386517409221926e-01
3.269996657561560216e-01 -3.019437293367431163e+00 1.422475005753658928e-01
3.279996647340034932e-01 -3.023332074083141752e+00 1.326021946375470772e-01
3.289996637118510758e-01 -3.026322233931905803e+00 1.230050561175014129e-01
3.299996626896987140e-01 -3.028401875170037894e+00 1.134583973551346187e-01
3.309996616675461856e-01 -3.029565385001607769e+00 1.039645201351469955e-01
3.319996606453938237e-01 -3.029807440154017151e+00 9.452571498084785806e-02
3.329996596232414063e-01 -3.029123011395343568e+00 8.514426044707609775e-02
3.339996586010889890e-01 -3.027507367991093545e+00 7.582242241220756018e-02
3.349996575789366271e-01 -3.024956082097950194e+00 6.656245336981624072e-02
3.359996565567840987e-01 -3.021465033092148644e+00 5.736659171996136980e-02
3.369996555346316813e-01 -3.017030411830059045e+00 4.823706106033729540e-02
3.379996545124793195e-01 -3.011648724838546176e+00 3.917606947750998381e-02
3.389996534903267911e-01 -3.005316798432676961e+00 3.018580883843879556e-02
3.399996524681743737e-01 -2.998031782758325825e+00 2.126845408250300357e-02
3.409996514460220118e-01 -2.989791155757236751e+00 1.242616251424310050e-02
3.419996504238694834e-01 -2.980592727052060908e+00 3.661073097031207653e-03
3.429996494017171216e-01 -2.970434641748915361e+00 -5.024694252104861848e-03
3.439996483795647042e-01 -2.959315384154991069e+00 -1.362903936629355703e-02
3.449996473574122868e-01 -2.947233781408689079e+00 -2.214988253103783444e-02
3.459996463352599250e-01 -2.934189007019858408e+00 -3.058516518461891487e-02
3.469996453131073966e-01 -2.920180584317586092e+00 -3.893285061645818113e-02
3.479996442909549792e-01 -2.905208389803074720e+00 -4.719092466321180013e-02
3.489996432688026173e-01 -2.889272656405096118e+00 -5.535739640236161940e-02
3.499996422466500889e-01 -2.872373976635534287e+00 -6.343029884309993316e-02
3.509996412244977271e-01 -2.854513305642486287e+00 -7.140768961423621386e-02
3.519996402023453097e-01 -2.835691964158451039e+00 -7.928765164884568617e-02
3.529996391801927813e-01 -2.815911641341092064e+00 -8.706829386555320349e-02
3.539996381580404194e-01 -2.795174397504073038e+00 -9.474775184611324008e-02
3.549996371358880021e-01 -2.773482666735473057e+00 -1.023241885090757086e-01
3.559996361137355847e-01 -2.750839259401296921e+00 -1.097957947792904260e-01
3.569996350915831118e-01 -2.727247364531583784e+00 -1.171607902530074075e-01
3.579996340694306944e-01 -2.702710552086624585e+00 -1.244174238583304337e-01
3.589996330472782771e-01 -2.677232775100868434e+00 -1.315639745107704817e-01
3.599996320251259152e-01 -2.650818371701963105e+00 -1.385987517636601551e-01
3.609996310029733868e-01 -2.623472067002565300e+00 -1.455200964531723207e-01
3.619996299808210249e-01 -2.595198974862417796e+00 -1.523263813376951603e-01
3.629996289586686076e-01 -2.566004599518288298e+00 -1.590160117313118293e-01
3.639996279365160792e-01 -2.535894837079331943e+00 -1.655874261311322260e-01
3.649996269143637173e-01 -2.504875976885499789e+00 -1.720390968382195795e-01
3.659996258922112999e-01 -2.472954702726572584e+00 -1.783695305718616675e-01
3.669996248700588826e-01 -2.440138093919470563e+00 -1.845772690769297009e-01
3.679996238479064097e-01 -2.406433626241474943e+00 -1.906608897241372225e-01
3.689996228257539923e-01 -2.371849172717000798e+00 -1.966190061027145164e-01
3.699996218036015749e-01 -2.336393004255681305e+00 -2.024502686054632239e-01
3.709996207814492131e-01 -2.300073790139392393e+00 -2.081533650059151364e-01
3.719996197592966847e-01 -2.262900598355988002e+00 -2.137270210272522453e-01
3.729996187371443228e-01 -2.224882895777489988e+00 -2.191700009027641172e-01
3.739996177149917944e-01 -2.186030548180516231e+00 -2.244811079275788601e-01
3.749996166928393770e-01 -2.146353820106770005e+00 -2.296591850014070291e-01
3.759996156706870152e-01 -2.105863374561392387e+00 -2.347031151620398992e-01
3.769996146485345978e-01 -2.064570272547104679e+00 -2.396118221093383460e-01
3.779996136263821804e-01 -2.022485972431976808e+00 -2.443842707194531783e-01
3.789996126042297075e-01 -1.979622329148809756e+00 -2.490194675490138287e-01
3.799996115820772902e-01 -1.935991593224067220e+00 -2.535164613290258329e-01
3.809996105599248728e-01 -1.891606409634388752e+00 -2.578743434482154706e-01
3.819996095377725109e-01 -1.846479816488705961e+00 -2.620922484255611140e-01
3.829996085156199825e-01 -1.800625243534053288e+00 -2.661693543717517652e-01
3.839996074934676207e-01 -1.754056510483213538e+00 -2.701048834393111608e-01
3.849996064713150923e-01 -1.706787825162328298e+00 -2.738981022611540195e-01
3.859996054491626749e-01 -1.658833781476731106e+00 -2.775483223773655972e-01
3.869996044270103130e-01 -1.610209357193221447e+00 -2.810549006495818292e-01
3.879996034048578957e-01 -1.560929911537131787e+00 -2.844172396632621558e-01
3.889996023827054228e-01 -1.511011182602515213e+00 -2.876347881172949261e-01
3.899996013605530054e-01 -1.460469284573838511e+00 -2.907070412007101146e-01
3.909996003384005880e-01 -1.409320704757710097e+00 -2.936335409562630394e-01
3.919995993162482262e-01 -1.357582300423058053e+00 -2.964138766306373407e-01
3.929995982940958088e-01 -1.305271295448437341e+00 -2.990476850110150853e-01
3.939995972719432804e-01 -1.252405276775005127e+00 -3.015346507477664750e-01
3.949995962497909185e-01 -1.199002190663909673e+00 -3.038745066630114122e-01
3.959995952276383901e-01 -1.145080338756809590e+00 -3.060670340448038429e-01
3.969995942054859728e-01 -1.090658373938376613e+00 -3.081120629267021793e-01
3.979995931833336109e-01 -1.035755295999611469e+00 -3.100094723524745577e-01
3.989995921611811935e-01 -9.803904471009580179e-01 -3.117591906257085599e-01
3.999995911390287207e-01 -9.245835070342228734e-01 -3.133611955440793739e-01
4.009995901168763033e-01 -8.683544882823511779e-01 -3.148155146180486863e-01
4.019995890947238859e-01 -8.117237308762952352e-01 -3.161222252737557192e-01
4.029995880725715240e-01 -7.547118970481121458e-01 -3.172814550399377098e-01
4.039995870504191067e-01 -6.973399656796558377e-01 -3.182933817185340519e-01
4.049995860282665783e-01 -6.396292265462615312e-01 -3.191582335386314306e-01
4.059995850061142164e-01 -5.816012743548665265e-01 -3.198762892939533420e-01
4.069995839839616880e-01 -5.232780025761402110e-01 -3.204478784633341126e-01
4.079995829618093262e-01 -4.646815970702014575e-01 -3.208733813140500768e-01
4.089995819396569088e-01 -4.058345295057049773e-01 -3.211532289877951363e-01
4.099995809175043804e-01 -3.467595505720647009e-01 -3.212879035690987539e-01
4.109995798953520185e-01 -2.874796829847097723e-01 -3.212779381359733288e-01
4.119995788731996011e-01 -2.280182142834058234e-01 -3.211239167926013272e-01
4.129995778510471838e-01 -1.683986894236520759e-01 -3.208264746838548898e-01
4.139995768288948219e-01 -1.086449031613834076e-01 -3.203862979914630094e-01
4.149995758067422935e-01 -4.878089223123280305e-02 -3.198041239116353185e-01
4.159995747845898761e-01 1.116907268129384116e-02 -3.190807406139580804e-01
4.169995737624375143e-01 7.118049517321252406e-02 -3.182169871813843587e-01
4.179995727402849859e-01 1.312286615624873587e-01 -3.172137535311435608e-01
4.189995717181326240e-01 1.912886495308111778e-01 -3.160719803164004360e-01
4.199995706959802066e-01 2.513353369699283246e-01 -3.147926588084988819e-01
4.209995696738276783e-01 3.113434110306196878e-01 -3.133768307596298541e-01
4.219995686516753164e-01 3.712873773733603167e-01 -3.118255882457715567e-01
4.229995676295228990e-01 4.311415696194984548e-01 -3.101400734898788758e-01
4.239995666073704816e-01 4.908801590018155858e-01 -3.083214786648543204e-01
4.249995655852181198e-01 5.504771642129360210e-01 -3.063710456762485657e-01
4.259995645630655914e-01 6.099064614502857085e-01 -3.042900659249775930e-01
4.269995635409131740e-01 6.691417946559747865e-01 -3.020798800494954306e-01
4.279995625187608121e-01 7.281567859498612183e-01 -2.997418776474322089e-01
4.289995614966082838e-01 7.869249462540378603e-01 -2.972774969765827890e-01
4.299995604744559219e-01 8.454196861067329039e-01 -2.946882246351373857e-01
4.309995594523035045e-01 9.036143266635677795e-01 -2.919755952210587591e-01
4.319995584301509761e-01 9.614821108839710639e-01 -2.891411909705090544e-01
4.329995574079986143e-01 1.018996214900407260e+00 -2.861866413752410243e-01
4.339995563858461969e-01 1.076129759567933775e+00 -2.831136227788758064e-01
4.349995553636937795e-01 1.132855822191537021e+00 -2.799238579519934267e-01
4.359995543415414176e-01 1.189147448428458764e+00 -2.766191156459724687e-01
4.369995533193888892e-01 1.244977664362679981e+00 -2.732012101255239522e-01
4.379995522972365274e-01 1.300319488748545416e+00 -2.696720006798646874e-01
4.389995512750841100e-01 1.355145945420351161e+00 -2.660333911124980188e-01
4.399995502529315816e-01 1.409430075864682053e+00 -2.622873292095596609e-01
4.409995492307792198e-01 1.463144951951979023e+00 -2.584358061867090273e-01
4.419995482086266914e-01 1.516263688823839884e+00 -2.544808561145495140e-01
4.429995471864742740e-01 1.568759457932321855e+00 -2.504245553226296384e-01
4.439995461643219121e-01 1.620605500227345841e+00 -2.462690217818381822e-01
4.449995451421694947e-01 1.671775139488221429e+00 -2.420164144653549065e-01
4.459995441200170774e-01 1.722241795795114161e+00 -2.376689326882296671e-01
4.469995430978647155e-01 1.771978999136179400e+00 -2.332288154254942292e-01
4.479995420757121871e-01 1.820960403145902573e+00 -2.286983406088902993e-01
4.489995410535598253e-01 1.869159798970012387e+00 -2.240798244022530195e-01
4.499995400314074079e-01 1.916551129252221264e+00 -2.193756204556143730e-01
4.509995390092548795e-01 1.963108502237897346e+00 -2.145881191380830388e-01
4.519995379871025176e-01 2.008806205989563498e+00 -2.097197467495831580e-01
4.529995369649499892e-01 2.053618722709031008e+00 -2.047729647115348883e-01
4.539995359427976274e-01 2.097520743160776746e+00 -1.997502687365709517e-01
4.549995349206452100e-01 2.140487181191011334e+00 -1.946541879773999451e-01
4.559995338984927926e-01 2.182493188336810608e+00 -1.894872841549281040e-01
4.569995328763403752e-01 2.223514168519356460e+00 -1.842521506657684160e-01
4.579995318541879024e-01 2.263525792815390680e+00 -1.789514116692752232e-01
4.589995308320354850e-01 2.302504014300656099e+00 -1.735877211542521670e-01
4.599995298098831231e-01 2.340425082958997649e+00 -1.681637619854964016e-01
4.609995287877307057e-01 2.377265560650673404e+00 -1.626822449303428619e-01
4.619995277655781774e-01 2.413002336133222681e+00 -1.571459076653989317e-01
4.629995267434258155e-01 2.447612640128092654e+00 -1.515575137636902825e-01
4.639995257212732871e-01 2.481074060426091688e+00 -1.459198516623099739e-01
4.649995246991209252e-01 2.513364557024454271e+00 -1.402357336109159025e-01
4.659995236769685079e-01 2.544462477288372604e+00 -1.345079946012709415e-01
4.669995226548160905e-01 2.574346571129499495e+00 -1.287394912780398804e-01
4.679995216326636731e-01 2.602996006193830869e+00 -1.229331008311068812e-01
4.689995206105112002e-01 2.630390383051256720e+00 -1.170917198696783401e-01
4.699995195883587829e-01 2.656509750378851287e+00 -1.112182632784455560e-01
4.709995185662064210e-01 2.681334620129845359e+00 -1.053156630561008222e-01
4.719995175440538926e-01 2.704845982680095684e+00 -9.938686713650052296e-02
4.729995165219014752e-01 2.727025321943667535e+00 -9.343483819279366220e-02
4.739995154997491134e-01 2.747854630449017677e+00 -8.746255242483981507e-02
4.749995144775965850e-01 2.767316424367124661e+00 -8.147299833025330174e-02
4.759995134554442231e-01 2.785393758482725080e+00 -7.546917545942960492e-02
4.769995124332918057e-01 2.802070241099725134e+00 -6.945409315491049562e-02
4.779995114111393884e-01 2.817330048871649506e+00 -6.343076927547033894e-02
4.789995103889869155e-01 2.831157941547897572e+00 -5.740222890531066630e-02
4.799995093668344981e-01 2.843539276626396717e+00 -5.137150304876375584e-02
4.809995083446820807e-01 2.854460023903095500e+00 -4.534162731092635651e-02
4.819995073225297189e-01 2.863906779908683919e+00 -3.931564056464416368e-02
4.829995063003771905e-01 2.871866782222662451e+00 -3.329658360429529201e-02
4.839995052782247731e-01 2.878327923654848242e+00 -2.728749778682058869e-02
4.849995042560724112e-01 2.883278766284232741e+00 -2.129142366047537954e-02
4.859995032339198828e-01 2.886708555344998928e+00 -1.531139958177885931e-02
4.869995022117675210e-01 2.888607232949351289e+00 -9.350460321159593385e-03
4.879995011896151036e-01 2.888965451636720250e+00 -3.411635657798399619e-03
4.889995001674626862e-01 2.887774587738783261e+00 2.502051035806198646e-03
4.899994991453102133e-01 2.885026754549585792e+00 8.387584219017755333e-03
4.909994981231577960e-01 2.880714815289993957e+00 1.424195761744187667e-02
4.919994971010053786e-01 2.874832395855559053e+00 2.006217566594137997e-02
4.929994960788530167e-01 2.867373897336788158e+00 2.584525495972014170e-02
4.939994950567004883e-01 2.858334508300722110e+00 3.158822571288448511e-02
4.949994940345481265e-01 2.847710216822591178e+00 3.728813322388437046e-02
4.959994930123957091e-01 2.835497822256279665e+00 4.294203934722367472e-02
4.969994919902431807e-01 2.821694946732211662e+00 4.854702397080985082e-02
4.979994909680908188e-01 2.806300046371165369e+00 5.410018649831051935e-02
4.989994899459384015e-01 2.789312422202522068e+00 5.959864733586166946e-02
4.999994889237859841e-01 2.770732230775291960e+00 6.503954938246600537e-02
5.009994879016335112e-01 2.750560494450270177e+00 7.042005952340329999e-02
5.019994868794811493e-01 2.728799111361556839e+00 7.573737012596624962e-02
5.029994858573286765e-01 2.705450865035679442e+00 8.098870053680916337e-02
5.039994848351762036e-01 2.680519433656421757e+00 8.617129858022845590e-02
5.049994838130238417e-01 2.654009398963540711e+00 9.128244205660926425e-02
5.059994827908713688e-01 2.625926254773392365e+00 9.631944024031717511e-02
5.069994817687190070e-01 2.596276415109531222e+00 1.012796353762935586e-01
5.079994807465665341e-01 2.565067221931346175e+00 1.061604041745759369e-01
5.089994797244140612e-01 2.532306952448642789e+00 1.109591593019871453e-01
5.099994787022616993e-01 2.498004826010294721e+00 1.156733508701960483e-01
5.109994776801092264e-01 2.462171010554885076e+00 1.203004679193581256e-01
5.119994766579568646e-01 2.424816628611321967e+00 1.248380398965350108e-01
5.129994756358043917e-01 2.385953762837559555e+00 1.292836381280635105e-01
5.139994746136519188e-01 2.345595461085303146e+00 1.336348772850594058e-01
5.149994735914995569e-01 2.303755740978923328e+00 1.378894168412068688e-01
5.159994725693470841e-01 2.260449593996594508e+00 1.420449625219876999e-01
5.169994715471947222e-01 2.215692989041820660e+00 1.460992677445004662e-01
5.179994705250422493e-01 2.169502875493639404e+00 1.500501350469856665e-01
5.189994695028897764e-01 2.121897185723649493e+00 1.538954175071970132e-01
5.199994684807374146e-01 2.072894837068362417e+00 1.576330201487193827e-01
5.209994674585849417e-01 2.022515733245220826e+00 1.612609013343440367e-01
5.219994664364325798e-01 1.970780765200816242e+00 1.647770741455935883e-01
5.229994654142801069e-01 1.917711811380026887e+00 1.681796077474664031e-01
5.239994643921276340e-01 1.863331737404693378e+00 1.714666287375926079e-01
5.249994633699752722e-01 1.807664395150863301e+00 1.746363224787078061e-01
5.259994623478227993e-01 1.750734621213516862e+00 1.776869344136062512e-01
5.269994613256704374e-01 1.692568234747904077e+00 1.806167713616280979e-01
5.279994603035179646e-01 1.633192034676970161e+00 1.834242027957211363e-01
5.289994592813656027e-01 1.572633796254103267e+00 1.861076620991346797e-01
5.299994582592131298e-01 1.510922266971161942e+00 1.886656478007809334e-01
5.309994572370606569e-01 1.448087161801363543e+00 1.910967247883090803e-01
5.319994562149082951e-01 1.384159157767306469e+00 1.933995254979213874e-01
5.329994551927558222e-01 1.319169887824312104e+00 1.955727510799609437e-01
5.339994541706034603e-01 1.253151934049539618e+00 1.976151725393042458e-01
5.349994531484509874e-01 1.186138820127800919e+00 1.995256318495717829e-01
5.359994521262985145e-01 1.118165003124815815e+00 2.013030430401877013e-01
5.369994511041461527e-01 1.049265864539470572e+00 2.029463932553013106e-01
5.379994500819936798e-01 9.794777006264095975e-01 2.044547437835897430e-01
5.389994490598413179e-01 9.088377119808409565e-01 2.058272310579616071e-01
5.399994480376888450e-01 8.373839923778421124e-01 2.070630676241735357e-01
5.409994470155363722e-01 7.651555168584254218e-01 2.081615430773819941e-01
5.419994459933840103e-01 6.921921290553429973e-01 2.091220249656197960e-01
5.429994449712315374e-01 6.185345277517236839e-01 2.099439596592342361e-01
5.439994439490791756e-01 5.442242526659798463e-01 2.106268731854552823e-01
5.449994429269267027e-01 4.693036694570534295e-01 2.111703720268262030e-01
5.459994419047742298e-01 3.938159539440779788e-01 2.115741438827212217e-01
5.469994408826218679e-01 3.178050755353203360e-01 2.118379583929443366e-01
5.479994398604693950e-01 2.413157798614480321e-01 2.119616678224418571e-01
5.489994388383169222e-01 1.643935706085878079e-01 2.119452077061685091e-01
5.499994378161644493e-01 8.708469054733732062e-02 2.117885974531612259e-01
5.509994367940119764e-01 9.436101754071347589e-03 2.114919409088686086e-01
5.519994357718595035e-01 -6.850453497849436080e-02 2.110554268748076057e-01
5.529994347497070306e-01 -1.466888815439584270e-01 2.104793295846121848e-01
5.539994337275544467e-01 -2.250679447402637035e-01 2.097640091355613134e-01
5.549994327054019738e-01 -3.035920993045805316e-01 2.089099118746705619e-01
5.559994316832495009e-01 -3.822111117659229840e-01 2.079175707384571248e-01
5.569994306610970281e-01 -4.608741651160788155e-01 2.067876055454848649e-01
5.579994296389445552e-01 -5.395298842985641885e-01 2.055207232408191864e-01
5.589994286167920823e-01 -6.181263625149041596e-01 2.041177180915310085e-01
5.599994275946396094e-01 -6.966111883468539823e-01 2.025794718324026578e-01
5.609994265724870255e-01 -7.749314736926263825e-01 2.009069537610045364e-01
5.619994255503345526e-01 -8.530338825144785364e-01 1.991012207812754842e-01
5.629994245281820797e-01 -9.308646603943309117e-01 1.971634173949008695e-01
5.639994235060296068e-01 -1.008369664893595807e+00 1.950947756398186961e-01
5.649994224838771339e-01 -1.085494396712499254e+00 1.928966149747183834e-01
5.659994214617246611e-01 -1.162184031643583859e+00 1.905703421090852168e-01
5.669994204395721882e-01 -1.238383453313368188e+00 1.881174507779999339e-01
5.679994194174196043e-01 -1.314037286705369345e+00 1.855395214609823484e-01
5.689994183952671314e-01 -1.389089932456984755e+00 1.828382210442068556e-01
5.699994173731146585e-01 -1.463485601921877821e+00 1.800153024254339540e-01
5.709994163509621856e-01 -1.537168352988914188e+00 1.770726040610227925e-01
5.719994153288097127e-01 -1.610082126647700118e+00 1.740120494544257490e-01
5.729994143066572398e-01 -1.682170784290081711e+00 1.708356465855809525e-01
5.739994132845047670e-01 -1.753378145736127047e+00 1.675454872806554363e-01
5.749994122623521831e-01 -1.823648027972254004e+00 1.641437465216137315e-01
5.759994112401997102e-01 -1.892924284588336281e+00 1.606326816951155478e-01
5.769994102180472373e-01 -1.961150845899714223e+00 1.570146317802881830e-01
5.779994091958947644e-01 -2.028271759739247670e+00 1.532920164749307090e-01
5.789994081737422915e-01 -2.094231232903536633e+00 1.494673352597576665e-01
5.799994071515898186e-01 -2.158973673236627810e+00 1.455431664003155323e-01
5.809994061294373457e-01 -2.222443732333565514e+00 1.415221658862388654e-01
5.819994051072847618e-01 -2.284586348845195403e+00 1.374070663075533938e-01
5.829994040851322890e-01 -2.345346792364777055e+00 1.332006756677631132e-01
5.839994030629798161e-01 -2.404670707875850688e+00 1.289058761335070968e-01
5.849994020408273432e-01 -2.462504160739982240e+00 1.245256227205174260e-01
5.859994010186748703e-01 -2.518793682202024709e+00 1.200629419159056077e-01
5.869993999965223974e-01 -2.573486315389425627e+00 1.155209302367760510e-01
5.879993989743699245e-01 -2.626529661781255243e+00 1.109027527246071315e-01
5.889993979522173406e-01 -2.677871928121548617e+00 1.062116413758140004e-01
5.899993969300648677e-01 -2.727461973750580526e+00 1.014508935084030838e-01
5.909993959079123949e-01 -2.775249358326600468e+00 9.662387006479718210e-02
5.919993948857599220e-01 -2.821184389909674017e+00 9.173399385093937430e-02
5.929993938636074491e-01 -2.865218173378040856e+00 8.678474771184990777e-02
5.939993928414549762e-01 -2.907302659146570267e+00 8.177967264384859714e-02
5.949993918193025033e-01 -2.947390692155682057e+00 7.672236584370561996e-02
5.959993907971499194e-01 -2.985436061098125204e+00 7.161647869503710850e-02
5.969993897749974465e-01 -3.021393547850011352e+00 6.646571469230606877e-02
5.979993887528449736e-01 -3.055218977071254560e+00 6.127382730285719364e-02
5.989993877306925008e-01 -3.086869265939781837e+00 5.604461776744222579e-02
5.999993867085400279e-01 -3.116302473982558219e+00 5.078193283977302380e-02
6.009993856863875550e-01 -3.143477852965616215e+00 4.548966246567688609e-02
6.019993846642350821e-01 -3.168355896804079475e+00 4.017173740249289915e-02
6.029993836420824982e-01 -3.190898391452180682e+00 3.483212677940254048e-02
6.039993826199300253e-01 -3.211068464732255823e+00 2.947483559944351697e-02
6.049993815977775524e-01 -3.228830636060532111e+00 2.410390218402514231e-02
6.059993805756250795e-01 -3.244150866026640934e+00 1.872339556080418813e-02
6.069993795534726067e-01 -3.256996605782599197e+00 1.333741279586018146e-02
6.079993785313201338e-01 -3.267336846196073452e+00 7.950076271151088059e-03
6.089993775091676609e-01 -3.275142166721688231e+00 2.565530908334326919e-03
6.099993764870150770e-01 -3.280384783943137261e+00 -2.812058659956370027e-03
6.109993754648626041e-01 -3.283038599737835295e+00 -8.178510970223984433e-03
6.119993744427101312e-01 -3.283079249014890344e+00 -1.352963065831724876e-02
6.129993734205576583e-01 -3.280484146976200943e+00 -1.886121143845290171e-02
6.139993723984051854e-01 -3.275232535849495363e+00 -2.416903912966745019e-02
6.149993713762527126e-01 -3.267305531041245992e+00 -2.944889472826148560e-02
6.159993703541002397e-01 -3.256686166656409753e+00 -3.469655752472817350e-02
6.169993693319476558e-01 -3.243359440331100796e+00 -3.990780826359130451e-02
6.179993683097951829e-01 -3.227312357323372183e+00 -4.507843234451382880e-02
6.189993672876427100e-01 -3.208533973806494188e+00 -5.020422306295835302e-02
6.199993662654902371e-01 -3.187015439308183318e+00 -5.528098488863301269e-02
6.209993652433377642e-01 -3.162750038238558492e+00 -6.030453677986595540e-02
6.219993642211852913e-01 -3.135733230448706887e+00 -6.527071553199691178e-02
6.229993631990328185e-01 -3.105962690761103762e+00 -7.017537915779943625e-02
6.239993621768802345e-01 -3.073438347412280169e+00 -7.501441029787821180e-02
6.249993611547277617e-01 -3.038162419347656851e+00 -7.978371965892168405e-02
6.259993601325752888e-01 -3.000139452307582388e+00 -8.447924947760644676e-02
6.269993591104228159e-01 -2.959376353643186963e+00 -8.909697700790331076e-02
6.279993580882703430e-01 -2.915882425800011113e+00 -9.363291802944144482e-02
6.289993570661178701e-01 -2.869669398406880401e+00 -9.808313037453465777e-02
6.299993560439653972e-01 -2.820751458906989306e+00 -1.024437174713956206e-01
6.309993550218128133e-01 -2.769145281667735770e+00 -1.067108319009079098e-01
6.319993539996603404e-01 -2.714870055505470781e+00 -1.108806789645547103e-01
6.329993529775078676e-01 -2.657947509560958377e+00 -1.149495202608413202e-01
6.339993519553553947e-01 -2.598401937461080280e+00 -1.189136772670841141e-01
6.349993509332029218e-01 -2.536260219702094698e+00 -1.227695349241009481e-01
6.359993499110504489e-01 -2.471551844189576741e+00 -1.265135452208335509e-01
6.369993488888979760e-01 -2.404308924870043995e+00 -1.301422307759540486e-01
6.379993478667453921e-01 -2.334566218389237058e+00 -1.336521884134473370e-01
6.389993468445929192e-01 -2.262361138711940445e+00 -1.370400927290987836e-01
6.399993458224404463e-01 -2.187733769638686265e+00 -1.403026996447453711e-01
6.409993448002879735e-01 -2.110726875153942750e+00 -1.434368499470986547e-01
6.419993437781355006e-01 -2.031385907541873870e+00 -1.464394728078766139e-01
6.429993427559830277e-01 -1.949759013204884317e+00 -1.493075892819252237e-01
6.439993417338305548e-01 -1.865897036121195729e+00 -1.520383157799536644e-01
6.449993407116779709e-01 -1.779853518877936081e+00 -1.546288675124501688e-01
6.459993396895254980e-01 -1.691684701216681797e+00 -1.570765619012866876e-01
6.469993386673730251e-01 -1.601449516029248121e+00 -1.593788219554694296e-01
6.479993376452205522e-01 -1.509209582741854128e+00 -1.615331796074423176e-01
6.489993366230680794e-01 -1.415029198026866331e+00 -1.635372790062955273e-01
6.499993356009156065e-01 -1.318975323782076714e+00 -1.653888797641865083e-01
6.509993345787631336e-01 -1.221117572318429767e+00 -1.670858601522350051e-01
6.519993335566105497e-01 -1.121528188698194706e+00 -1.686262202421058010e-01
6.529993325344580768e-01 -1.020282030166661080e+00 -1.700080849894577972e-01
6.539993315123056039e-01 -9.174565426219448705e-01 -1.712297072552304567e-01
6.549993304901531310e-01 -8.131317340684220962e-01 -1.722894707612818710e-01
6.559993294680006581e-01 -7.073901450011566006e-01 -1.731858929763203103e-01
6.569993284458481853e-01 -6.003168156700354752e-01 -1.739176279276558323e-01
6.579993274236957124e-01 -4.919992501741740631e-01 -1.744834689353124968e-01
6.589993264015432395e-01 -3.825273773388030984e-01 -1.748823512643236378e-01
6.599993253793906556e-01 -2.719935083288536060e-01 -1.751133546911715355e-01
6.609993243572381827e-01 -1.604922909553538335e-01 -1.751757059803042693e-01
6.619993233350857098e-01 -4.812066063319347942e-02 -1.750687812666608389e-01
6.629993223129332369e-01 6.502221204938586629e-02 -1.747921083401100806e-01
6.639993212907807640e-01 1.788349771863845805e-01 -1.743453688277113167e-01
6.649993202686282912e-01 2.932141648692388469e-01 -1.737284002696928287e-01
6.659993192464758183e-01 4.080542479934776146e-01 -1.729411980850489305e-01
6.669993182243232344e-01 5.232477085858500132e-01 -1.719839174226558132e-01
6.679993172021707615e-01 6.386851076781618897e-01 -1.708568748938177617e-01
6.689993161800182886e-01 7.542551587507388966e-01 -1.695605501821650651e-01
6.699993151578658157e-01 8.698448047657093563e-01 -1.680955875268410060e-01
6.709993141357133428e-01 9.853392988065344804e-01 -1.664627970749395780e-01
6.719993131135608699e-01 1.100622288337044008e+00 -1.646631560991784760e-01
6.729993120914083971e-01 1.215575903089550769e+00 -1.626978100768234070e-01
6.739993110692558131e-01 1.330080846587879728e+00 -1.605680736259166852e-01
6.749993100471033403e-01 1.444016491307390515e+00 -1.582754312949032904e-01
6.759993090249508674e-01 1.557260977469751895e+00 -1.558215382017938133e-01
6.769993080027983945e-01 1.669691315466529602e+00 -1.532082205189012336e-01
6.779993069806459216e-01 1.781183491900905524e+00 -1.504374757998324097e-01
6.789993059584934487e-01 1.891612579232717639e+00 -1.475114731448038674e-01
6.799993049363409758e-01 2.000852849007251688e+00 -1.444325532003305768e-01
6.809993039141883919e-01 2.108777888643409426e+00 -1.412032279901719867e-01
6.819993028920359190e-01 2.215260721752267958e+00 -1.378261805739345036e-01
6.829993018698834462e-01 2.320173931951582169e+00 -1.343042645299573901e-01
6.839993008477309733e-01 2.423389790137133737e+00 -1.306405032591926030e-01
6.849992998255785004e-01 2.524780385166020658e+00 -1.268380891068972283e-01
6.859992988034260275e-01 2.624217757901807335e+00 -1.229003822990600431e-01
6.869992977812735546e-01 2.721574038565725662e+00 -1.188309096905958706e-01
6.879992967591209707e-01 2.816721587332414511e+00 -1.146333633224636966e-01
6.889992957369684978e-01 2.909533138102786687e+00 -1.103115987849863783e-01
6.899992947148160249e-01 2.999881945380438619e+00 -1.058696333847931603e-01
6.909992936926635521e-01 3.087641934172151714e+00 -1.013116441129318368e-01
6.919992926705110792e-01 3.172687852826424848e+00 -9.664196541186118039e-02
6.929992916483586063e-01 3.254895428717668793e+00 -9.186508673917728740e-02
6.939992906262061334e-01 3.334141526677164347e+00 -8.698564992609815472e-02
6.949992896040535495e-01 3.410304310065102484e+00 -8.200844632889528474e-02
6.959992885819010766e-01 3.483263404371300886e+00 -7.693841377163940232e-02
6.969992875597486037e-01 3.552900063225099547e+00 -7.178063327882065747e-02
6.979992865375961308e-01 3.619097336688178235e+00 -6.654032559657943602e-02
6.989992855154436580e-01 3.681740241696508154e+00 -6.122284750150121246e-02
6.999992844932911851e-01 3.740715934510704166e+00 -5.583368789607404126e-02
7.009992834711387122e-01 3.795913885026486412e+00 -5.037846369035121202e-02
7.019992824489861283e-01 3.847226052789604722e+00 -4.486291546926855778e-02
7.029992814268336554e-01 3.894547064552012827e+00 -3.929290294538491379e-02
7.039992804046811825e-01 3.937774393198358869e+00 -3.367440019724323580e-02
7.049992793825287096e-01 3.976808537864308768e+00 -2.801349069360866209e-02
7.059992783603762367e-01 4.011553205060351956e+00 -2.231636210415897242e-02
7.069992773382237639e-01 4.041915490606938555e+00 -1.658930089745333861e-02
7.079992763160712910e-01 4.067806062178896731e+00 -1.083868672727960995e-02
7.089992752939187071e-01 4.089139342249244358e+00 -5.070986608758499756e-03
7.099992742717662342e-01 4.105833691214424874e+00 7.072511141354387255e-04
7.109992732496137613e-01 4.117811590475135120e+00 6.489403007669538107e-03
7.119992722274612884e-01 4.124999825238913509e+00 1.226877699182051494e-02
7.129992712053088155e-01 4.127329666802579844e+00 1.803861898553807061e-02
7.139992701831563426e-01 4.124737054064802066e+00 2.379211975092678649e-02
7.149992691610038698e-01 4.117162774010923343e+00 2.952242193314149471e-02
7.159992681388512858e-01 4.104552640904453042e+00 3.522262729246154050e-02
7.169992671166988130e-01 4.086857673911620026e+00 4.088580412467673897e-02
7.179992660945463401e-01 4.064034272877664833e+00 4.650499486556217837e-02
7.189992650723938672e-01 4.036044391965743827e+00 5.207322387489037030e-02
7.199992640502413943e-01 4.002855710861764393e+00 5.758350539505197041e-02
7.209992630280889214e-01 3.964441803240907891e+00 6.302885167900582064e-02
7.219992620059364485e-01 3.920782302184111057e+00 6.840228128190926904e-02
7.229992609837838646e-01 3.871863062225716856e+00 7.369682751035108725e-02
7.239992599616313917e-01 3.817676317706113043e+00 7.890554702293567368e-02
7.249992589394789189e-01 3.758220837096569511e+00 8.402152857532101116e-02
7.259992579173264460e-01 3.693502072956445836e+00 8.903790190248962733e-02
7.269992568951739731e-01 3.623532307176639655e+00 9.394784673077231918e-02
7.279992558730215002e-01 3.548330791156790287e+00 9.874460191163381140e-02
7.289992548508690273e-01 3.467923880557674199e+00 1.034214746688547765e-01
7.299992538287164434e-01 3.382345164264568105e+00 1.079718499503430351e-01
7.309992528065639705e-01 3.291635587191817258e+00 1.123891998754014410e-01
7.319992517844114976e-01 3.195843566553867365e+00 1.166670932678647160e-01
7.329992507622590248e-01 3.095025101222987463e+00 1.207992052651212234e-01
7.339992497401065519e-01 2.989243873789762418e+00 1.247793269926097265e-01
7.349992487179540790e-01 2.878571344938269494e+00 1.286013752929782150e-01
7.359992476958016061e-01 2.763086839744290923e+00 1.322594024986768479e-01
7.369992466736490222e-01 2.642877625501805827e+00 1.357476062363446312e-01
7.379992456514965493e-01 2.518038980680194605e+00 1.390603392509438263e-01
7.389992446293440764e-01 2.388674254612760173e+00 1.421921192371754794e-01
7.399992436071916035e-01 2.254894917515002817e+00 1.451376386653199235e-01
7.409992425850391307e-01 2.116820600430513899e+00 1.478917745882281920e-01
7.419992415628866578e-01 1.974579124701551391e+00 1.504495984157970256e-01
7.429992405407341849e-01 1.828306520561608028e+00 1.528063856428661105e-01
7.439992395185816010e-01 1.678147034448023822e+00 1.549576255160818872e-01
7.449992384964291281e-01 1.524253124634098455e+00 1.568990306248967681e-01
7.459992374742766552e-01 1.366785444782493641e+00 1.586265464014402493e-01
7.469992364521241823e-01 1.205912815024334783e+00 1.601363605138274859e-01
7.479992354299717094e-01 1.041812180172477342e+00 1.614249121368347972e-01
7.489992344078192366e-01 8.746685546815784473e-01 1.624889010836405856e-01
7.499992333856667637e-01 7.046749539730726708e-01 1.633252967820738033e-01
7.509992323635141798e-01 5.320323117493696019e-01 1.639313470783846372e-01
7.519992313413617069e-01 3.569493829285978470e-01 1.643045868512703622e-01
7.529992303192092340e-01 1.796426318396179556e-01 1.644428464185824779e-01
7.539992292970567611e-01 3.361053255448723178e-04 1.643442597188600751e-01
7.549992282749042882e-01 -1.807387095854908476e-01 1.640072722495603819e-01
7.559992272527518153e-01 -3.633430437726828388e-01 1.634306487436101019e-01
7.569992262305993425e-01 -5.472310201961478882e-01 1.626134805656612448e-01
7.579992252084467586e-01 -7.321498444566086894e-01 1.615551928092256451e-01
7.589992241862942857e-01 -9.178400120316627664e-01 1.602555510756659973e-01
7.599992231641418128e-01 -1.104035532463090385e+00 1.587146679158503160e-01
7.609992221419893399e-01 -1.290464170753552686e+00 1.569330089151288188e-01
7.619992211198368670e-01 -1.476847706212069067e+00 1.549113984021670276e-01
7.629992200976843941e-01 -1.662902208968924045e+00 1.526510247620750937e-01
7.639992190755319212e-01 -1.848338334359580948e+00 1.501534453341985265e-01
7.649992180533793373e-01 -2.032861635355247554e+00 1.474205908748984217e-01
7.659992170312268644e-01 -2.216172893194372051e+00 1.444547695656338282e-01
7.669992160090743916e-01 -2.397968466344103433e+00 1.412586705466854498e-01
7.679992149869219187e-01 -2.577940657895140930e+00 1.378353669569081785e-01
7.689992139647694458e-01 -2.755778101464998020e+00 1.341883184600605738e-01
7.699992129426169729e-01 -2.931166165655707534e+00 1.303213732380721357e-01
7.709992119204645000e-01 -3.103787377080865273e+00 1.262387694322601728e-01
7.719992108983119161e-01 -3.273321861945118094e+00 1.219451360134344298e-01
7.729992098761594432e-01 -3.439447806125158991e+00 1.174454930619987236e-01
7.739992088540069703e-01 -3.601841933665279605e+00 1.127452514395839295e-01
7.749992078318544975e-01 -3.760180003564177476e+00 1.078502118340158855e-01
7.759992068097020246e-01 -3.914137324690335706e+00 1.027665631598130014e-01
7.769992057875495517e-01 -4.063389288623181272e+00 9.750088029681346080e-02
7.779992047653970788e-01 -4.207611920175267528e+00 9.206012115000596074e-02
7.789992037432446059e-01 -4.346482445306842024e+00 8.645162301415032502e-02
7.799992027210920220e-01 -4.479679876098907165e+00 8.068309822734336112e-02
7.809992016989395491e-01 -4.606885612403919694e+00 7.476262909830100334e-02
7.819992006767870762e-01 -4.727784059744239542e+00 6.869866209281604019e-02
7.829991996546346034e-01 -4.842063262978592242e+00 6.250000126555435576e-02
7.839991986324821305e-01 -4.949415555204308426e+00 5.617580092416740722e-02
7.849991976103296576e-01 -5.049538221309641806e+00 4.973555751352344567e-02
7.859991965881771847e-01 -5.142134175535133522e+00 4.318910070877418628e-02
7.869991955660246008e-01 -5.226912652346052290e+00 3.654658370693580210e-02
7.879991945438721279e-01 -5.303589909859590890e+00 2.981847270768740038e-02
7.889991935217196550e-01 -5.371889945010027034e+00 2.301553557519499943e-02
7.899991924995671821e-01 -5.431545219574116956e+00 1.614882967390094889e-02
7.909991914774147093e-01 -5.482297396115405341e+00 9.229688872463826660e-03
7.919991904552622364e-01 -5.523898082842033652e+00 2.269709711316031213e-03
7.929991894331097635e-01 -5.556109586306502202e+00 -4.719263269418053422e-03
7.939991884109571796e-01 -5.578705670808742134e+00 -1.172515304326108600e-02
7.949991873888047067e-01 -5.591472323295829661e+00 -1.873566645233295039e-02
7.959991863666522338e-01 -5.594208522481812551e+00 -2.573831140260646883e-02
7.969991853444997609e-01 -5.586727010840575325e+00 -3.272041489654311380e-02
7.979991843223472880e-01 -5.568855068053037094e+00 -3.966914189846443284e-02
7.989991833001948152e-01 -5.540435284417454476e+00 -4.657151502625611617e-02
7.999991822780423423e-01 -5.501326332658460494e+00 -5.341443506115140655e-02
8.009991812558897584e-01 -5.451403736496331476e+00 -6.018470226542211449e-02
8.019991802337372855e-01 -5.390560634263723117e+00 -6.686903849582553905e-02
8.029991792115848126e-01 -5.318708535782112001e+00 -7.345411009857835682e-02
8.039991781894323397e-01 -5.235778070635138448e+00 -7.992655156952843676e-02
8.049991771672798668e-01 -5.141719725900868454e+00 -8.627298996096981198e-02
8.059991761451273939e-01 -5.036504571329872171e+00 -9.248007001429543739e-02
8.069991751229749211e-01 -4.920124969881209509e+00 -9.853447999534158119e-02
8.079991741008223372e-01 -4.792595271454062278e+00 -1.044229782068782919e-01
8.089991730786698643e-01 -4.653952487578997932e+00 -1.101324201502387051e-01
8.099991720565173914e-01 -4.504256944760248516e+00 -1.156497863055363784e-01
8.109991710343649185e-01 -4.343592914088371337e+00 -1.209622104973560736e-01
8.119991700122124456e-01 -4.172069214672784021e+00 -1.260570088101278241e-01
8.129991689900599727e-01 -3.989819788374679543e+00 -1.309217090147083151e-01
8.139991679679074998e-01 -3.797004243254231692e+00 -1.355440804649539199e-01
8.149991669457549159e-01 -3.593808363080782442e+00 -1.399121644208559112e-01
8.159991659236024431e-01 -3.380444580194046367e+00 -1.440143047491257988e-01
8.169991649014499702e-01 -3.157152408945466782e+00 -1.478391789538550660e-01
8.179991638792974973e-01 -2.924198836890437914e+00 -1.513758294839415153e-01
8.189991628571450244e-01 -2.681878670851213897e+00 -1.546136952610312199e-01
8.199991618349925515e-01 -2.430514834921654099e+00 -1.575426433695289452e-01
8.209991608128400786e-01 -2.170458617440594651e+00 -1.601530008469516375e-01
8.219991597906874947e-01 -1.902089863920982671e+00 -1.624355865098541518e-01
8.229991587685350218e-01 -1.625817112887284477e+00 -1.643817427475124104e-01
8.239991577463825490e-01 -1.342077671545376605e+00 -1.659833672124835791e-01
8.249991567242300761e-01 -1.051337628185202711e+00 -1.672329443341129818e-01
8.259991557020776032e-01 -7.540917982011772214e-01 -1.681235765780109137e-01
8.269991546799251303e-01 -4.508636006052994527e-01 -1.686490153714902962e-01
8.279991536577726574e-01 -1.422048619063458752e-01 -1.688036916119607100e-01
8.289991526356200735e-01 1.713044557652748934e-01 -1.685827456723011375e-01
8.299991516134676006e-01 4.890566053928316892e-01 -1.679820568143147730e-01
8.309991505913151277e-01 8.104164877497866959e-01 -1.669982719185046927e-01
8.319991495691626548e-01 1.134722169065986108e+00 -1.656288334356018355e-01
8.329991485470101820e-01 1.461285486686586976e+00 -1.638720064625580619e-01
8.339991475248577091e-01 1.789392745672210072e+00 -1.617269048430796941e-01
8.349991465027052362e-01 2.118305509221816152e+00 -1.591935161902438001e-01
8.359991454805526523e-01 2.447261485720453322e+00 -1.562727257263205327e-01
8.369991444584001794e-01 2.775475515122203252e+00 -1.529663388326975848e-01
8.379991434362477065e-01 3.102140657273531943e+00 -1.492771022015791649e-01
8.389991424140952336e-01 3.426429384659049671e+00 -1.452087234742993338e-01
8.399991413919427607e-01 3.747494881915860887e+00 -1.407658892577436649e-01
8.409991403697902879e-01 4.064472454316488736e+00 -1.359542814025785640e-01
8.419991393476378150e-01 4.376481047249090928e+00 -1.307805914264718039e-01
8.429991383254852311e-01 4.682624878537858137e+00 -1.252525329653354502e-01
8.439991373033327582e-01 4.981995185243787816e+00 -1.193788521342720593e-01
8.449991362811802853e-01 5.273672086362728884e+00 -1.131693356792343175e-01
8.459991352590278124e-01 5.556726562596653096e+00 -1.066348167999751906e-01
8.469991342368753395e-01 5.830222554110104483e+00 -9.978717852478496964e-02
8.479991332147228666e-01 6.093219176900633194e+00 -9.263935451771594665e-02
8.489991321925703938e-01 6.344773058105428909e+00 -8.520532719956447343e-02
8.499991311704178099e-01 6.583940790237683416e+00 -7.750012306481221525e-02
8.509991301482653370e-01 6.809781503993550089e+00 -6.953980507804248534e-02
8.519991291261128641e-01 7.021359558893164099e+00 -6.134146203510496692e-02
8.529991281039603912e-01 7.217747350617822910e+00 -5.292319477644357589e-02
8.539991270818079183e-01 7.398028233476552806e+00 -4.430409914267254001e-02
8.549991260596554454e-01 7.561299555981065623e+00 -3.550424556559288874e-02
8.559991250375029725e-01 7.706675807026382330e+00 -2.654465519154374648e-02
8.569991240153503886e-01 7.833291869663907114e+00 -1.744727243789155960e-02
8.579991229931979158e-01 7.940306378915679808e+00 -8.234933888662823720e-03
8.589991219710454429e-01 8.026905179511238941e+00 1.068666559580247174e-03
8.599991209488929700e-01 8.092304878831912518e+00 1.043901638467676501e-02
8.609991199267404971e-01 8.135756489719282669e+00 1.985082703487468445e-02
8.619991189045880242e-01 8.156549157147775730e+00 2.927808050294511411e-02
8.629991178824355513e-01 8.154013962072671262e+00 3.869407993944212060e-02
8.639991168602829674e-01 8.127527795045866199e+00 4.807150435742391786e-02
8.649991158381304945e-01 8.076517291441072999e+00 5.738246747147800891e-02
8.659991148159780217e-01 8.000462819348996391e+00 6.659858070360340221e-02
8.669991137938255488e-01 7.898902510390097831e+00 7.569102037746090750e-02
8.679991127716730759e-01 7.771436322849545775e+00 8.463059911054611473e-02
8.689991117495206030e-01 7.617730125664723850e+00 9.338784140107951603e-02
8.699991107273681301e-01 7.437519790892067384e+00 1.019330633927276047e-01
8.709991097052155462e-01 7.230615281346617351e+00 1.102364567856835703e-01
8.719991086830630733e-01 6.996904719145918605e+00 1.182681768471191136e-01
8.729991076609106004e-01 6.736358419901280925e+00 1.259984344575237336e-01
8.739991066387581276e-01 6.449032876282140947e+00 1.333975921129303688e-01
8.749991056166056547e-01 6.135074673640466436e+00 1.404362637820681659e-01
8.759991045944531818e-01 5.794724319323636408e+00 1.470854184980154855e-01
8.769991035723007089e-01 5.428319966216322179e+00 1.533164875503373326e-01
8.779991025501481250e-01 5.036301009947075080e+00 1.591014751127625970e-01
8.789991015279956521e-01 4.619211538081452240e+00 1.644130721240122939e-01
8.799991005058431792e-01 4.177703608491985854e+00 1.692247732147607597e-01
8.809990994836907063e-01 3.712540332953529809e+00 1.735109964490662293e-01
8.819990984615382335e-01 3.224598740867729685e+00 1.772472056228778237e-01
8.829990974393857606e-01 2.714872396872139326e+00 1.804100348355019423e-01
8.839990964172332877e-01 2.184473744945357065e+00 1.829774150221432083e-01
8.849990953950807038e-01 1.634636150483810502e+00 1.849287021068658499e-01
8.859990943729282309e-01 1.066715610703760975e+00 1.862448064055702013e-01
8.869990933507757580e-01 4.821921026222974471e-01 1.869083228778752881e-01
8.879990923286232851e-01 -1.173294632046189695e-01 1.869036617951738977e-01
8.889990913064708122e-01 -7.301187160449092994e-01 1.862171793593939140e-01
8.899990902843183394e-01 -1.354319759309102755e+00 1.848373077749032034e-01
8.909990892621658665e-01 -1.987951600622219317e+00 1.827546842399566385e-01
8.919990882400132826e-01 -2.628909113324727986e+00 1.799622782906922236e-01
8.929990872178608097e-01 -3.274964565886468559e+00 1.764555168952710029e-01
8.939990861957083368e-01 -3.923769756437888390e+00 1.722324066596475078e-01
8.949990851735558639e-01 -4.572858790249314076e+00 1.672936524703358685e-01
8.959990841514033910e-01 -5.219651538499221921e+00 1.616427718630606969e-01
8.969990831292509181e-01 -5.861457817060017561e+00 1.552862043695617533e-01
8.979990821070984452e-01 -6.495482324273440078e+00 1.482334150582185484e-01
8.989990810849459724e-01 -7.118830376771359880e+00 1.404969914477468829e-01
8.999990800627933885e-01 -7.728514482303356914e+00 1.320927329371681669e-01
9.009990790406409156e-01 -8.321461788239311375e+00 1.230397318597787892e-01
9.019990780184884427e-01 -8.894522443900029884e+00 1.133604452341920726e-01
9.029990769963359698e-01 -9.444478914115547852e+00 1.030807562524654608e-01
9.039990759741834969e-01 -9.968056280383580159e+00 9.223002451223631659e-02
9.049990749520310240e-01 -1.046193356466251423e+01 8.084112396473322470e-02
9.059990739298785511e-01 -1.092275610919889495e+01 6.895046753512694415e-02
9.069990729077259672e-01 -1.134714904379583977e+01 5.659801733073210883e-02
9.079990718855734944e-01 -1.173173186952274705e+01 4.382727933565565281e-02
9.089990708634210215e-01 -1.207313418505249913e+01 3.068528146892120917e-02
9.099990698412685486e-01 -1.236801257853566050e+01 1.722253386580333695e-02
9.109990688191160757e-01 -1.261306870413750758e+01 3.492970229092372866e-03
9.119990677969636028e-01 -1.280506855803651334e+01 -1.044613091150219802e-02
9.129990667748111299e-01 -1.294086296376167411e+01 -2.453424619692983269e-02
9.139990657526585460e-01 -1.301740927118321522e+01 -3.870772985604538363e-02
9.149990647305060731e-01 -1.303179426721370149e+01 -5.289995969631357958e-02
9.159990637083536003e-01 -1.298125828926826664e+01 -6.704150780566349443e-02
9.169990626862011274e-01 -1.286322052471407673e+01 -8.106033707987542192e-02
9.179990616640486545e-01 -1.267530547084511205e+01 -9.488202465601160152e-02
9.189990606418961816e-01 -1.241537052028381005e+01 -1.084300132909890718e-01
9.199990596197437087e-01 -1.208153462606146533e+01 -1.216258916710954291e-01
9.209990585975911248e-01 -1.167220798888962285e+01 -1.343897045736657248e-01
9.219990575754386519e-01 -1.118612269622178701e+01 -1.466402937248197647e-01
9.229990565532861790e-01 -1.062236422853521134e+01 -1.582956701058728377e-01
9.239990555311337062e-01 -9.980403732739107525e+00 -1.692734183546504845e-01
9.249990545089812333e-01 -9.260130945647926382e+00 -1.794911337849275645e-01
9.259990534868287604e-01 -8.461887631936209075e+00 -1.888668924063170718e-01
9.269990524646762875e-01 -7.586501380805286132e+00 -1.973197541681101785e-01
9.279990514425237036e-01 -6.635319583623854989e+00 -2.047702994679964361e-01
9.289990504203712307e-01 -5.610243390977863065e+00 -2.111411987478682417e-01
9.299990493982187578e-01 -4.513761421661373063e+00 -2.163578148049806193e-01
9.309990483760662849e-01 -3.348982968043832553e+00 -2.203488371562047909e-01
9.319990473539138121e-01 -2.119670411905964613e+00 -2.230469475231346699e-01
9.329990463317613392e-01 -8.302705319802130557e-01 -2.243895151880047623e-01
9.339990453096088663e-01 5.140556510503518917e-01 -2.243193206204904810e-01
9.349990442874562824e-01 1.907404884630139463e+00 -2.227853053898290470e-01
9.359990432653038095e-01 3.343105983302265383e+00 -2.197433459522632748e-01
9.369990422431513366e-01 4.813696894849251784e+00 -2.151570484376428283e-01
9.379990412209988637e-01 6.310905059736037437e+00 -2.089985610482481826e-01
9.389990401988463908e-01 7.825631641431671781e+00 -2.012494001244881647e-01
9.399990391766939180e-01 9.347940260474530305e+00 -1.919012853207179292e-01
9.409990381545414451e-01 1.086705092450011101e+01 -1.809569786703229821e-01
9.419990371323888612e-01 1.237133991012101930e+01 -1.684311215944013507e-01
9.429990361102363883e-01 1.384834642081274225e+01 -1.543510631211505169e-01
9.439990350880839154e-01 1.528478691808505374e+01 -1.387576717284203787e-01
9.449990340659314425e-01 1.666657810151749430e+01 -1.217061222951988930e-01
9.459990330437789696e-01 1.797886959699636122e+01 -1.032666486443503395e-01
9.469990320216264967e-01 1.920608750206998039e+01 -8.352525107479706612e-02
9.479990309994740239e-01 2.033199003304775232e+01 -6.258434710518986921e-02
9.489990299773214399e-01 2.133973662058886234e+01 -4.056335238000284560e-02
9.499990289551689671e-01 2.221197190967198054e+01 -1.759917734680520665e-02
9.509990279330164942e-01 2.293092623622760584e+01 6.153376184593775493e-03
9.519990269108640213e-01 2.347853427668393778e+01 3.052133606009302391e-02
9.529990258887115484e-01 2.383657369883348665e+01 5.531341753999069466e-02
9.539990248665590755e-01 2.398682578313695402e+01 8.032003879184337891e-02
9.549990238444066026e-01 2.391126013331450650e+01 1.053135170753307787e-01
9.559990228222540187e-01 2.359224575431935733e+01 1.300484706850510430e-01
9.569990218001015458e-01 2.301279094504775102e+01 1.542624539736568434e-01
9.579990207779490730e-01 2.215681463294830067e+01 1.776768552019801217e-01
9.589990197557966001e-01 2.100945196854757668e+01 1.999980895512066814e-01
9.599990187336441272e-01 1.955739720037338358e+01 2.209191224036456402e-01
9.609990177114916543e-01 1.778928706537801929e+01 2.401213609614219202e-01
9.619990166893391814e-01 1.569612815728657473e+01 2.572769554366635125e-01
9.629990156671865975e-01 1.327177197586168766e+01 2.720515544247338879e-01
9.639990146450341246e-01 1.051344161429220136e+01 2.841075626936109266e-01
9.649990136228816517e-01 7.422314310610283350e+00 2.931079533968464768e-01
9.659990126007291789e-01 4.004164372509870340e+00 2.987206908814459272e-01
9.669990115785767060e-01 2.700712830469540471e-01 3.006238246057560404e-01
9.679990105564242331e-01 -3.762801891690040534e+00 2.985113192682197214e-01
9.689990095342717602e-01 -8.070354342754354704e+00 2.920996911963203435e-01
9.699990085121191763e-01 -1.262061181209469041e+01 2.811355262570316982e-01
9.709990074899667034e-01 -1.737270318699371785e+01 2.654039600855624403e-01
9.719990064678142305e-01 -2.227574286984515339e+01 2.447382072627826977e-01
9.729990054456617576e-01 -2.726761201396347545e+01 2.190302323037680299e-01
9.739990044235092848e-01 -3.227363132353099928e+01 1.882426618216690717e-01
9.749990034013568119e-01 -3.720511771851848692e+01 1.524220441166079243e-01
9.759990023792043390e-01 -4.195781677062467452e+01 1.117135696610713630e-01
9.769990013570517551e-01 -4.641020243424856062e+01 6.637737350843848916e-02
9.779990003348992822e-01 -5.042163524239085604e+01 1.680654848889584496e-02
9.789989993127468093e-01 -5.383036983286753241e+01 -3.645299383211630939e-02
9.799989982905943364e-01 -5.645140245441061211e+01 -9.268066905652322385e-02
9.809989972684418635e-01 -5.807414902870134199e+01 -1.509572190633938771e-01
9.819989962462893907e-01 -5.845994449896556944e+01 -2.101384023545500579e-01
9.829989952241369178e-01 -5.733935472191298288e+01 -2.688262058389231379e-01
9.839989942019843339e-01 -5.440929328882388205e+01 -3.253374012835227869e-01
9.849989931798318610e-01 -4.932993778872201318e+01 -3.776692644984864788e-01
9.859989921576793881e-01 -4.172144383889460073e+01 -4.234622731338619772e-01
9.869989911355269152e-01 -3.116046194887699272e+01 -4.599596021832904058e-01
9.879989901133744423e-01 -1.717647428302580082e+01 -4.839632492330173119e-01
9.889989890912219694e-01 7.520097645925233332e-01 -4.917866501752071184e-01
9.899989880690694966e-01 2.320131910349553905e+01 -4.792037085361355864e-01
9.909989870469169126e-01 5.080638630220902741e+01 -4.413942832902050806e-01
9.919989860247644398e-01 8.426408148303954704e+01 -3.728864278917918273e-01
9.929989850026119669e-01 1.243354002776595166e+02 -2.674961972857243242e-01
9.939989839804594940e-01 1.718448433489059255e+02 -1.182670283372226766e-01
9.949989829583070211e-01 2.276726828244372314e+02 8.258631980364058989e-02
9.954989824472307847e-01 2.591706254665999154e+02 2.048018863563387526e-01
9.959989819361545482e-01 2.931731729719387545e+02 3.433353217822135428e-01
9.964989814250783118e-01 3.298203081575624651e+02 4.994538657724727493e-01
9.969989809140020753e-01 3.692546772199520433e+02 6.744930856135545882e-01
9.974989804029257279e-01 4.116176261133617800e+02 8.698570468867270478e-01
9.977489801473875541e-01 4.340028443305727137e+02 9.755793198963546020e-01
9.979989798918494914e-01 4.571916451405940052e+02 1.086956769750573093e+00
9.982489796363114287e-01 4.812046038491967579e+02 1.204188971085710325e+00
9.984989793807732550e-01 5.060616964403229758e+02 1.327480375645348376e+00
9.987489791252350813e-01 5.317811144159242076e+02 1.457040007394683423e+00
9.988739789974661054e-01 5.449875903331918607e+02 1.524231409328638431e+00
9.989989788696970185e-01 5.584205908496389839e+02 1.593072628720808792e+00
9.990989787674817713e-01 5.693341578700899390e+02 1.649351655644524683e+00
9.991989786652666350e-01 5.803963467688222408e+02 1.706719084363709893e+00
9.992989785630512767e-01 5.916085080243070706e+02 1.765189528478560588e+00
9.993989784608360294e-01 6.029718313940068128e+02 1.824777722815653869e+00
9.994989783586207821e-01 6.144871487162158701e+02 1.885498497410893259e+00
9.995489783075131029e-01 6.203051754396062734e+02 1.916287878809597611e+00
9.995989782564055348e-01 6.261621652715521122e+02 1.947366172313828026e+00
9.996489782052979667e-01 6.320582659324315955e+02 1.978735287105131579e+00
9.996989781541902875e-01 6.379935819992456345e+02 2.010397138285746621e+00
9.997489781030826084e-01 6.439681246886185590e+02 2.042353643461908508e+00
9.997739780775287688e-01 6.469709102940198591e+02 2.058442942071761372e+00
9.997989780519750402e-01 6.499836687730810354e+02 2.074606645409136974e+00
9.998239780264212007e-01 6.530064116095124973e+02 2.090844997395977956e+00
9.998489780008674721e-01 6.560391390651624306e+02 2.107158242075577448e+00
9.998739779753136325e-01 6.590818273019898470e+02 2.123546623170097902e+00
9.998864779625367127e-01 6.606071014869903593e+02 2.131769059724860860e+00
9.998989779497597929e-01 6.621348963831133005e+02 2.140010374281779093e+00
9.999089779395383681e-01 6.633589722887010112e+02 2.146617038191065863e+00
9.999189779293167213e-01 6.645846667423483041e+02 2.153235819781829097e+00
9.999289779190951855e-01 6.658119792085635709e+02 2.159866734873512328e+00
9.999389779088736496e-01 6.670409074475506941e+02 2.166509799270611936e+00
9.999489778986521138e-01 6.682714455860336784e+02 2.173165028736334214e+00
9.999539778935413459e-01 6.688873488755958761e+02 2.176497209882550798e+00
9.999589778884305780e-01 6.695036587927728533e+02 2.179832438358672242e+00
9.999639778833198100e-01 6.701203750434643780e+02 2.183170716151202395e+00
9.999689778782091532e-01 6.707374969518075432e+02 2.186512045244238145e+00
9.999739778730983852e-01 6.713550230366619189e+02 2.189856427616188927e+00
9.999764778705430013e-01 6.716639451645795589e+02 2.191529764348019160e+00
9.999789778679876173e-01 6.719729693904166652e+02 2.193203865160248345e+00
9.999823111979138091e-01 6.723851565566408226e+02 2.195437188591747191e+00
9.999856445278398898e-01 6.727975227391772250e+02 2.197671871405806776e+00
9.999873111928029301e-01 6.730037768536644762e+02 2.198789722748954567e+00
9.999889778577659705e-01 6.732100761610483914e+02 2.199907914163233169e+00
9.999902278564882785e-01 6.733648308708268360e+02 2.200746780938303004e+00
9.999914778552105865e-01 6.735196110455091230e+02 2.201585839076575013e+00
9.999927278539330056e-01 6.736744166202395263e+02 2.202425088609182069e+00
9.999939778526552026e-01 6.738292474629520257e+02 2.203264529566843599e+00
9.999946028520163566e-01 6.739066728565732092e+02 2.203684321839016302e+00
9.999952278513775106e-01 6.739841046254703087e+02 2.204104161979388632e+00
9.999958528507386646e-01 6.740615427585553334e+02 2.204524049991850809e+00
9.999964778500999296e-01 6.741389872351427357e+02 2.204943985880354784e+00
9.999968945163406620e-01 6.741906205156349188e+02 2.205223969738860479e+00
9.999973111825813943e-01 6.742422566245243161e+02 2.205503974878488815e+00
9.999977278488221266e-01 6.742938955518072817e+02 2.205784001300388653e+00
9.999980403485027036e-01 6.743326266372594091e+02 2.205994035083987281e+00
9.999983528481832806e-01 6.743713593052225406e+02 2.206204080840004966e+00
9.999985090980236802e-01 6.743907262612035538e+02 2.206309108207883618e+00
9.999986653478639687e-01 6.744100936159983348e+02 2.206414138568978167e+00
9.999988215977042572e-01 6.744294613691008635e+02 2.206519171923425393e+00
9.999989778475445457e-01 6.744488295196080117e+02 2.206624208271283472e+00
9.999990800627900356e-01 6.744614999630856573e+02 2.206692922384885680e+00
9.999991822780356365e-01 6.744741705772877367e+02 2.206761637780988217e+00
9.999992844932812375e-01 6.744868413619584544e+02 2.206830354459197174e+00
9.999993867085267274e-01 6.744995123166578423e+02 2.206899072419116870e+00
9.999994889237722173e-01 6.745121834405646268e+02 2.206967791660501721e+00
9.999995400313950178e-01 6.745185190691903472e+02 2.207002151761679354e+00
9.999995911390178183e-01 6.745248547404924011e+02 2.207036512183103039e+00
9.999996422466406187e-01 6.745311904544111030e+02 2.207070872924731475e+00
9.999996933542634192e-01 6.745375262108418610e+02 2.207105233986525139e+00
9.999997444618862197e-01 6.745438620095789020e+02 2.207139595368444507e+00
9.999997700156975089e-01 6.745470299256038516e+02 2.207156776179364677e+00
9.999997955695089091e-01 6.745501978523157049e+02 2.207173957070375447e+00
9.999998211233203094e-01 6.745533657896859268e+02 2.207191138041397771e+00
9.999998466771315986e-01 6.745565337376810930e+02 2.207208319092350823e+00
9.999998722309429988e-01 6.745597016962851740e+02 2.207225500223381598e+00
9.999998850078486434e-01 6.745612856797575887e+02 2.207234090818857020e+00
9.999998977847543991e-01 6.745628696659238130e+02 2.207242681434407050e+00
9.999999123869323103e-01 6.745646799390661954e+02 2.207252499305171867e+00
9.999999269891103326e-01 6.745664902157167262e+02 2.207262317202130841e+00
9.999999415912881329e-01 6.745683004958349329e+02 2.207272135125058821e+00
9.999999561934661552e-01 6.745701107794780000e+02 2.207281953074252012e+00
9.999999707956441775e-01 6.745719210666204617e+02 2.207291771049562090e+00
9.999999853978220887e-01 6.745737313573035863e+02 2.207301589050910007e+00
1.000000000000000000e+00 6.745755416506980282e+02 2.207311407078374366e+00
