# 3 2 6.42682665273 0.00158007302039
# x xi_r xi_h
0.000000000000000000e+00 0.000000000000000000e+00 0.000000000000000000e+00
9.999989778475689654e-04 -8.777820374294385830e-03 -4.388915343920653418e-03
1.083332226001533028e-03 -9.509289733316009241e-03 -4.754656875840670288e-03
1.166665474155497090e-03 -1.024075743504430924e-02 -5.120397361783592290e-03
1.249998722309460936e-03 -1.097222287430496372e-02 -5.486136881283672738e-03
1.333331970463424998e-03 -1.170368560546058631e-02 -5.851875461032831141e-03
1.499998466771353990e-03 -1.316660164589136296e-02 -6.583349747598163555e-03
1.666664963079281898e-03 -1.462950315181474510e-02 -7.314820052891009804e-03
1.833331459387210023e-03 -1.609238815861872146e-02 -8.046286064235790014e-03
1.999997955695137931e-03 -1.755525485755133133e-02 -8.777747418867189871e-03
2.249997700157030985e-03 -1.974951702758922026e-02 -9.874929756620669935e-03
2.499997444618923172e-03 -2.194372822546635307e-02 -1.097209933635452661e-02
2.749997189080814926e-03 -2.413788276186018197e-02 -1.206925473618257819e-02
2.999996933542707113e-03 -2.633197495251125841e-02 -1.316639453019879426e-02
3.333329926158562929e-03 -2.925732489093787331e-02 -1.462922071201706170e-02
3.666662918774420046e-03 -3.218254030263329596e-02 -1.609201334905278544e-02
3.999995911390275861e-03 -3.510760781623844390e-02 -1.755476905786969646e-02
4.499995400314061103e-03 -3.949490449053029428e-02 -1.974882532827560919e-02
4.999994889237844610e-03 -4.388179225533423572e-02 -2.194277979913477131e-02
5.499994378161629852e-03 -4.826822611790081846e-02 -2.413662101406164814e-02
5.999993867085415093e-03 -5.265416089730556165e-02 -2.633033757790845947e-02
6.499993356009198600e-03 -5.703955133024859320e-02 -2.852391812413286945e-02
6.999992844932983842e-03 -6.142435211471373308e-02 -3.071735129936625092e-02
7.499992333856769083e-03 -6.580851792912029152e-02 -3.291062575703723042e-02
7.999991822780553458e-03 -7.019200344198091301e-02 -3.510373015451079964e-02
8.999990800628122206e-03 -7.895677421325857093e-02 -3.948937607649184028e-02
9.999989778475690955e-03 -8.771827237891526019e-02 -4.387420813180085977e-02
1.099998875632325970e-02 -9.647613878545563404e-02 -4.825813443132207642e-02
1.199998773417083019e-02 -1.052300124084812050e-01 -5.264106372273971018e-02
1.299998671201840067e-02 -1.139795314113989655e-01 -5.702290502607894329e-02
1.399998568986596074e-02 -1.227243335799876045e-01 -6.140356749465804981e-02
1.499998466771352949e-02 -1.314640565186359633e-01 -6.578296034985922636e-02
1.599998364556109998e-02 -1.401983377489932070e-01 -7.016099286959900927e-02
1.699998262340866872e-02 -1.489268147620736171e-01 -7.453757435881848414e-02
1.799998160125624094e-02 -1.576491250429762070e-01 -7.891261412883740500e-02
1.899998057910380969e-02 -1.663649060844083205e-01 -8.328602149901161156e-02
1.999997955695137150e-02 -1.750737953966079175e-01 -8.765770579860500400e-02
2.099997853479894025e-02 -1.837754305178204983e-01 -9.202757638797569306e-02
2.199997751264650900e-02 -1.924694490196230123e-01 -9.639554262122283779e-02
2.299997649049408122e-02 -2.011554885075048926e-01 -1.007615138533367594e-01
2.399997546834164996e-02 -2.098331866227026166e-01 -1.051253994409999809e-01
2.499997444618921871e-02 -2.185021810466771242e-01 -1.094871087642871749e-01
2.599997342403678052e-02 -2.271621095065276819e-01 -1.138465512204576563e-01
2.699997240188434927e-02 -2.358126097758787010e-01 -1.182036361974801580e-01
2.799997137973192149e-02 -2.444533196745672654e-01 -1.225582730862305597e-01
2.899997035757949024e-02 -2.530838770703643936e-01 -1.269103712837369724e-01
2.999996933542705899e-02 -2.617039198841344394e-01 -1.312598402245372942e-01
3.099996831327463120e-02 -2.703130860930686441e-01 -1.356065893382588650e-01
3.199996729112219301e-02 -2.789110137302679426e-01 -1.399505280546769481e-01
3.299996626896976176e-02 -2.874973408855825974e-01 -1.442915658074888641e-01
3.399996524681733051e-02 -2.960717057087394743e-01 -1.486296120545228527e-01
3.499996422466491314e-02 -3.046337464143479279e-01 -1.529645762832076428e-01
3.599996320251246801e-02 -3.131831012831102767e-01 -1.572963679666232462e-01
3.699996218036005063e-02 -3.217194086612958914e-01 -1.616248965828996353e-01
3.799996115820761938e-02 -3.302423069620780138e-01 -1.659500716144583499e-01
3.899996013605520201e-02 -3.387514346674778687e-01 -1.702718025552677483e-01
3.999995911390275688e-02 -3.472464303345919046e-01 -1.745899989615481984e-01
4.099995809175033951e-02 -3.557269325991408437e-01 -1.789045703753916750e-01
4.199995706959790825e-02 -3.641925801745321545e-01 -1.832154263391183591e-01
4.299995604744547700e-02 -3.726430118528404334e-01 -1.875224764021477808e-01
4.399995502529305269e-02 -3.810778665063623838e-01 -1.918256301201891056e-01
4.499995400314062838e-02 -3.894967830917781537e-01 -1.961247970945435293e-01
4.599995298098819713e-02 -3.978994006550105600e-01 -2.004198869494181467e-01
4.699995195883577281e-02 -4.062853583321515138e-01 -2.047108092980153005e-01
4.799995093668334156e-02 -4.146542953497903139e-01 -2.089974737628855495e-01
4.899994991453091725e-02 -4.230058510267518113e-01 -2.132797899750363546e-01
4.999994889237849294e-02 -4.313396647766473135e-01 -2.175576675873836241e-01
5.099994787022606169e-02 -4.396553761132544480e-01 -2.218310163114080302e-01
5.199994684807363043e-02 -4.479526246533442335e-01 -2.260997458435783369e-01
5.299994582592121306e-02 -4.562310501167470833e-01 -2.303637658887757456e-01
5.399994480376876793e-02 -4.644902923281025164e-01 -2.346229861628112423e-01
5.499994378161635056e-02 -4.727299912169912743e-01 -2.388773163579966108e-01
5.599994275946391931e-02 -4.809497868276368937e-01 -2.431266663545375850e-01
5.699994173731148805e-02 -4.891493193207801515e-01 -2.473709458782932247e-01
5.799994071515905680e-02 -4.973282289704524239e-01 -2.516100647338269658e-01
5.899993969300663249e-02 -5.054861561693656524e-01 -2.558439327357625581e-01
5.999993867085420818e-02 -5.136227414306996364e-01 -2.600724597090560697e-01
6.099993764870177693e-02 -5.217376253909999928e-01 -2.642955555099313902e-01
6.199993662654935261e-02 -5.298304488148317670e-01 -2.685131300435110169e-01
6.299993560439692830e-02 -5.379008525974685595e-01 -2.727250932087503243e-01
6.399993458224449705e-02 -5.459484777662974020e-01 -2.769313549243886952e-01
6.499993356009206580e-02 -5.539729654836045292e-01 -2.811318251309097294e-01
6.599993253793963455e-02 -5.619739570494929337e-01 -2.853264137917190801e-01
6.699993151578721717e-02 -5.699510939048874070e-01 -2.895150308942554540e-01
6.799993049363478592e-02 -5.779040176343517299e-01 -2.936975864448638229e-01
6.899992947148235467e-02 -5.858323699689556019e-01 -2.978739904747917944e-01
6.999992844932992342e-02 -5.937357927895657861e-01 -3.020441530443764289e-01
7.099992742717750605e-02 -6.016139281302065323e-01 -3.062079842415610931e-01
7.199992640502507479e-02 -6.094664181813808090e-01 -3.103653941830470941e-01
7.299992538287264354e-02 -6.172929052934527094e-01 -3.145162930154608572e-01
7.399992436072021229e-02 -6.250930319798805312e-01 -3.186605909111108748e-01
7.499992333856779492e-02 -6.328664409189065365e-01 -3.227981980318381239e-01
7.599992231641536367e-02 -6.406127749560596163e-01 -3.269290245824225671e-01
7.699992129426293241e-02 -6.483316771083222907e-01 -3.310529808007622865e-01
7.799992027211050116e-02 -6.560227905676587756e-01 -3.351699769524048578e-01
7.899991924995808379e-02 -6.636857587043533124e-01 -3.392799233310815898e-01
7.999991822780565254e-02 -6.713202250703913521e-01 -3.433827302592472597e-01
8.099991720565322129e-02 -6.789258334028682729e-01 -3.474783080882316577e-01
8.199991618350079003e-02 -6.865022276274190816e-01 -3.515665671983386198e-01
8.299991516134837266e-02 -6.940490518617193905e-01 -3.556474180006601871e-01
8.399991413919594141e-02 -7.015659504190610019e-01 -3.597207709371046391e-01
8.499991311704351016e-02 -7.090525678119498076e-01 -3.637865364809370616e-01
8.599991209489107891e-02 -7.165085487557505406e-01 -3.678446251373594933e-01
8.699991107273866153e-02 -7.239335381723810414e-01 -3.718949474440810254e-01
8.799991005058623028e-02 -7.313271811939888734e-01 -3.759374139700575879e-01
8.899990902843379903e-02 -7.386891231666676827e-01 -3.799719353173081071e-01
8.999990800628136778e-02 -7.460190096542991256e-01 -3.839984221226648842e-01
9.099990698412895040e-02 -7.533164864424504170e-01 -3.880167850574816057e-01
9.199990596197651915e-02 -7.605811995422940841e-01 -3.920269348282310329e-01
9.299990493982408790e-02 -7.678127951945801222e-01 -3.960287821771119043e-01
9.399990391767165665e-02 -7.750109198736465643e-01 -4.000222378824215830e-01
9.499990289551923928e-02 -7.821752202914226126e-01 -4.040072127571918692e-01
9.599990187336680802e-02 -7.893053434015078196e-01 -4.079836176524838653e-01
9.699990085121437677e-02 -7.964009364033700633e-01 -4.119513634575757144e-01
9.799989982906194552e-02 -8.034616467465733880e-01 -4.159103611002236689e-01
9.899989880690952815e-02 -8.104871221350486987e-01 -4.198605215472931418e-01
9.999989778475709690e-02 -8.174770105314180801e-01 -4.238017558053984168e-01
1.009998967626046934e-01 -8.244309601613605265e-01 -4.277339749209984054e-01
1.019998957404522066e-01 -8.313486195180033178e-01 -4.316570899804315076e-01
1.029998947182998031e-01 -8.382296373664094302e-01 -4.355710121126725176e-01
1.039998936961473996e-01 -8.450736627481594265e-01 -4.394756524890555682e-01
1.049998926739949962e-01 -8.518803449859566612e-01 -4.433709223239042374e-01
1.059998916518424955e-01 -8.586493336882922156e-01 -4.472567328752270477e-01
1.069998906296901059e-01 -8.653802787541726715e-01 -4.511329954454285640e-01
1.079998896075377024e-01 -8.720728303778995105e-01 -4.549996213820283741e-01
1.089998885853852018e-01 -8.787266390539235639e-01 -4.588565220783901721e-01
1.099998875632327983e-01 -8.853413555817452041e-01 -4.627036089744654968e-01
1.109998865410803948e-01 -8.919166310708817047e-01 -4.665407935571380116e-01
1.119998855189280051e-01 -8.984521169457153622e-01 -4.703679873543239465e-01
1.129998844967755045e-01 -9.049474649504798407e-01 -4.741851019447330673e-01
1.139998834746231010e-01 -9.114023271545257376e-01 -4.779920489582234477e-01
1.149998824524706975e-01 -9.178163559575784891e-01 -4.817887400745541893e-01
1.159998814303182940e-01 -9.241892040950171472e-01 -4.855750870241679618e-01
1.169998804081657934e-01 -9.305205246432173283e-01 -4.893510015889796505e-01
1.179998793860134038e-01 -9.368099710249644385e-01 -4.931163956031852647e-01
1.189998783638610003e-01 -9.430571970149348449e-01 -4.968711809540747870e-01
1.199998773417084996e-01 -9.492618567452371092e-01 -5.006152695828635091e-01
1.209998763195560961e-01 -9.554236047110384877e-01 -5.043485734855357450e-01
1.219998752974037065e-01 -9.615420957761471321e-01 -5.080710047090928327e-01
1.229998742752512059e-01 -9.676169851785494380e-01 -5.117824753510692437e-01
1.239998732530988024e-01 -9.736479285362504843e-01 -5.154828975718119821e-01
1.249998722309463989e-01 -9.796345818532972149e-01 -5.191721835893354786e-01
1.259998712087939954e-01 -9.855766015257347856e-01 -5.228502456800566689e-01
1.269998701866416058e-01 -9.914736443476434014e-01 -5.265169961796770659e-01
1.279998691644891051e-01 -9.973253675172347732e-01 -5.301723474840714934e-01
1.289998681423366877e-01 -1.003131428643041279e+00 -5.338162120501930286e-01
1.299998671201842981e-01 -1.008891485750163186e+00 -5.374485023969887143e-01
1.309998660980317975e-01 -1.014605197286606808e+00 -5.410691311063351439e-01
1.319998650758794079e-01 -1.020272222129672723e+00 -5.446780108229478667e-01
1.329998640537269905e-01 -1.025892219592232202e+00 -5.482750542465120169e-01
1.339998630315744899e-01 -1.031464849429195807e+00 -5.518601741464989052e-01
1.349998620094221002e-01 -1.036989771844273323e+00 -5.554332833604385122e-01
1.359998609872697106e-01 -1.042466647496730792e+00 -5.589942947928756567e-01
1.369998599651172932e-01 -1.047895137508175534e+00 -5.625431214163385540e-01
1.379998589429647926e-01 -1.053274903469428203e+00 -5.660796762723261377e-01
1.389998579208124030e-01 -1.058605607447480335e+00 -5.696038724723095914e-01
1.399998568986600134e-01 -1.063886911992529161e+00 -5.731156231987459826e-01
1.409998558765075127e-01 -1.069118480145101691e+00 -5.766148417061093268e-01
1.419998548543550954e-01 -1.074299975443261834e+00 -5.801014413219334198e-01
1.429998538322027057e-01 -1.079431061929785773e+00 -5.835753354412483995e-01
1.439998528100502884e-01 -1.084511404159354431e+00 -5.870364375297693060e-01
1.449998517878977877e-01 -1.089540667206050362e+00 -5.904846611349209295e-01
1.459998507657453981e-01 -1.094518516671010522e+00 -5.939199198807200153e-01
1.469998497435930085e-01 -1.099444618690050612e+00 -5.973421274688317517e-01
1.479998487214405911e-01 -1.104318639941383351e+00 -6.007511976796587883e-01
1.489998476992880905e-01 -1.109140247653422007e+00 -6.041470443734506812e-01
1.499998466771357009e-01 -1.113909109612679416e+00 -6.075295814914181136e-01
1.509998456549833112e-01 -1.118624894171759809e+00 -6.108987230568743154e-01
1.519998446328308106e-01 -1.123287270257438353e+00 -6.142543831763855877e-01
1.529998436106783932e-01 -1.127895907378712037e+00 -6.175964760329429870e-01
1.539998425885260036e-01 -1.132450475635114806e+00 -6.209249159054613942e-01
1.549998415663735862e-01 -1.136950645724939202e+00 -6.242396171399676730e-01
1.559998405442211133e-01 -1.141396088953585242e+00 -6.275404941819132665e-01
1.569998395220686960e-01 -1.145786477242295209e+00 -6.308274615649839268e-01
1.579998384999163064e-01 -1.150121483136796741e+00 -6.341004339123339495e-01
1.589998374777638890e-01 -1.154400779816033173e+00 -6.373593259378353970e-01
1.599998364556113883e-01 -1.158624041101003588e+00 -6.406040524473366471e-01
1.609998354334589987e-01 -1.162790941463699212e+00 -6.438345283399323771e-01
1.619998344113066091e-01 -1.166901156036146192e+00 -6.470506686092517556e-01
1.629998333891541085e-01 -1.170954360619546497e+00 -6.502523883447235420e-01
1.639998323670016911e-01 -1.174950231693373537e+00 -6.534396027225483072e-01
1.649998313448493015e-01 -1.178888446424557479e+00 -6.566122270155693164e-01
1.659998303226969119e-01 -1.182768682677014516e+00 -6.597701766023315040e-01
1.669998293005444112e-01 -1.186590619021288928e+00 -6.629133669616302793e-01
1.679998282783919938e-01 -1.190353934744204922e+00 -6.660417136738101540e-01
1.689998272562396042e-01 -1.194058309858624822e+00 -6.691551324220627039e-01
1.699998262340871036e-01 -1.197703425113309628e+00 -6.722535389937500661e-01
1.709998252119346862e-01 -1.201288962002895477e+00 -6.753368492817279911e-01
1.719998241897822966e-01 -1.204814602777970700e+00 -6.784049792856856609e-01
1.729998231676299070e-01 -1.208280030455270992e+00 -6.814578451134977177e-01
1.739998221454774063e-01 -1.211684928827976959e+00 -6.844953629825830665e-01
1.749998211233249890e-01 -1.215028982476130448e+00 -6.875174492212808852e-01
1.759998201011725993e-01 -1.218311876777161018e+00 -6.905240202702389585e-01
1.769998190790202097e-01 -1.221533297916514771e+00 -6.935149926837423928e-01
1.779998180568677091e-01 -1.224692932898300723e+00 -6.964902831218562351e-01
1.789998170347152917e-01 -1.227790469556034214e+00 -6.994498083604165917e-01
1.799998160125629021e-01 -1.230825596563680291e+00 -7.023934852979392129e-01
1.809998149904104014e-01 -1.233798003446810121e+00 -7.053212309515901612e-01
1.819998139682580118e-01 -1.236707380593809580e+00 -7.082329624585838035e-01
1.829998129461055945e-01 -1.239553419267198642e+00 -7.111285970775960141e-01
1.839998119239530938e-01 -1.242335811615075114e+00 -7.140080521901921440e-01
1.849998109018007042e-01 -1.245054250682677166e+00 -7.168712453022568765e-01
1.859998098796482868e-01 -1.247708430424066206e+00 -7.197180940454438458e-01
1.869998088574958972e-01 -1.250298045713929218e+00 -7.225485161786325827e-01
1.879998078353435076e-01 -1.252822792359511217e+00 -7.253624295893993379e-01
1.889998068131910069e-01 -1.255282367112662723e+00 -7.281597522954982304e-01
1.899998057910385896e-01 -1.257676467682018906e+00 -7.309404024463538319e-01
1.909998047688862000e-01 -1.260004792745300639e+00 -7.337042983247165084e-01
1.919998037467336993e-01 -1.262267041961898650e+00 -7.364513583611397296e-01
1.929998027245813097e-01 -1.264462915985566260e+00 -7.391815011223608067e-01
1.939998017024288923e-01 -1.266592116477028851e+00 -7.418946453069810154e-01
1.949998006802763917e-01 -1.268654346116731224e+00 -7.445907097539441466e-01
1.959997996581240021e-01 -1.270649308617803896e+00 -7.472696134441854099e-01
1.969997986359716124e-01 -1.272576708739155960e+00 -7.499312755022852217e-01
1.979997976138191951e-01 -1.274436252298702943e+00 -7.525756151981469744e-01
1.989997965916666944e-01 -1.276227646186731901e+00 -7.552025519486873506e-01
1.999997955695143048e-01 -1.277950598379399061e+00 -7.578120053195424033e-01
2.009997945473618874e-01 -1.279604817952364471e+00 -7.604038950267852925e-01
2.019997935252093868e-01 -1.281190015094566315e+00 -7.629781409386697799e-01
2.029997925030569972e-01 -1.282705901122131786e+00 -7.655346630773789407e-01
2.039997914809046076e-01 -1.284152188492430735e+00 -7.680733816207968578e-01
2.049997904587521902e-01 -1.285528590818264316e+00 -7.705942169043513701e-01
2.059997894365996896e-01 -1.286834822882237939e+00 -7.730970894259252546e-01
2.069997884144472999e-01 -1.288070600651266329e+00 -7.755819198442623907e-01
2.079997873922949103e-01 -1.289235641291175849e+00 -7.780486289797683419e-01
2.089997863701424929e-01 -1.290329663181459585e+00 -7.804971378178787722e-01
2.099997853479899923e-01 -1.291352385930188751e+00 -7.829273675109457153e-01
2.109997843258376027e-01 -1.292303530389083299e+00 -7.853392393801397198e-01
2.119997833036852131e-01 -1.293182818668716427e+00 -7.877326749173745313e-01
2.129997822815327124e-01 -1.293989974153880507e+00 -7.901075957872454314e-01
2.139997812593802951e-01 -1.294724721519097344e+00 -7.924639238289850063e-01
2.149997802372279054e-01 -1.295386786744281649e+00 -7.948015810584407870e-01
2.159997792150754881e-01 -1.295975897130560162e+00 -7.971204896700705422e-01
2.169997781929229874e-01 -1.296491781316236880e+00 -7.994205720389483405e-01
2.179997771707705978e-01 -1.296934169292923933e+00 -8.017017507228034745e-01
2.189997761486182082e-01 -1.297302792421818562e+00 -8.039639484640552780e-01
2.199997751264657908e-01 -1.297597383450146191e+00 -8.062070881915587295e-01
2.209997741043132902e-01 -1.297817676527753816e+00 -8.084310930230619308e-01
2.219997730821609006e-01 -1.297963407223870158e+00 -8.106358862673850307e-01
2.229997720600085109e-01 -1.298034312544019908e+00 -8.128213914264046380e-01
2.239997710378560103e-01 -1.298030130947103400e+00 -8.149875321971978837e-01
2.249997700157035929e-01 -1.297950602362641703e+00 -8.171342324742044694e-01
2.259997689935512033e-01 -1.297795468208177150e+00 -8.192614163514025938e-01
2.269997679713988137e-01 -1.297564471406847941e+00 -8.213690081245148544e-01
2.279997669492463130e-01 -1.297257356405121964e+00 -8.234569322932248081e-01
2.289997659270938957e-01 -1.296873869190707129e+00 -8.255251135634195103e-01
2.299997649049415060e-01 -1.296413757310617809e+00 -8.275734768494480420e-01
2.309997638827890054e-01 -1.295876769889422020e+00 -8.296019472764005753e-01
2.319997628606365880e-01 -1.295262657647651805e+00 -8.316104501824110873e-01
2.329997618384841984e-01 -1.294571172920393254e+00 -8.335989111209675118e-01
2.339997608163318088e-01 -1.293802069676042166e+00 -8.355672558629733127e-01
2.349997597941793082e-01 -1.292955103535241568e+00 -8.375154103994451038e-01
2.359997587720268908e-01 -1.292030031789987987e+00 -8.394433009439349336e-01
2.369997577498745012e-01 -1.291026613422918246e+00 -8.413508539348243387e-01
2.379997567277221115e-01 -1.289944609126769892e+00 -8.432379960377446304e-01
2.389997557055696109e-01 -1.288783781324028599e+00 -8.451046541480224938e-01
2.399997546834171935e-01 -1.287543894186746085e+00 -8.469507553931446830e-01
2.409997536612648039e-01 -1.286224713656549001e+00 -8.487762271352452537e-01
2.419997526391123033e-01 -1.284826007464820785e+00 -8.505809969736121134e-01
2.429997516169599137e-01 -1.283347545153075364e+00 -8.523649927472162213e-01
2.439997505948074963e-01 -1.281789098093513601e+00 -8.541281425372675429e-01
2.449997495726551067e-01 -1.280150439509762039e+00 -8.558703746697837733e-01
2.459997485505026060e-01 -1.278431344497802380e+00 -8.575916177181871491e-01
2.469997475283501887e-01 -1.276631590047093257e+00 -8.592918005060148356e-01
2.479997465061977990e-01 -1.274750955061872304e+00 -8.609708521086031352e-01
2.489997454840454094e-01 -1.272789220382662290e+00 -8.626287018571654475e-01
2.499997444618929088e-01 -1.270746168807955323e+00 -8.642652793408807099e-01
2.509997434397405192e-01 -1.268621585116100681e+00 -8.658805144096096695e-01
2.519997424175879908e-01 -1.266415256087384034e+00 -8.674743371766263644e-01
2.529997413954355734e-01 -1.264126970526298299e+00 -8.690466780213644826e-01
2.539997403732832115e-01 -1.261756519284020772e+00 -8.705974675921935857e-01
2.549997393511307942e-01 -1.259303695281080104e+00 -8.721266368092146504e-01
2.559997383289783768e-01 -1.256768293530227343e+00 -8.736341168670813673e-01
2.569997373068259039e-01 -1.254150111159506142e+00 -8.751198392378460866e-01
2.579997362846734865e-01 -1.251448947435524151e+00 -8.765837356738240826e-01
2.589997352625211247e-01 -1.248664603786930671e+00 -8.780257382104876829e-01
2.599997342403687073e-01 -1.245796883828094170e+00 -8.794457791693802706e-01
2.609997332182161789e-01 -1.242845593382991609e+00 -8.808437911610623727e-01
2.619997321960638170e-01 -1.239810540509303394e+00 -8.822197070881542258e-01
2.629997311739112886e-01 -1.236691535522717489e+00 -8.835734601482007067e-01
2.639997301517589268e-01 -1.233488391021437369e+00 -8.849049838366940257e-01
2.649997291296065094e-01 -1.230200921910902689e+00 -8.862142119501391635e-01
2.659997281074540920e-01 -1.226828945428721784e+00 -8.875010785891194187e-01
2.669997270853016191e-01 -1.223372281169813780e+00 -8.887655181613807187e-01
2.679997260631492018e-01 -1.219830751111775857e+00 -8.900074653849456841e-01
2.689997250409967844e-01 -1.216204179640452354e+00 -8.912268552912495645e-01
2.699997240188444225e-01 -1.212492393575734351e+00 -8.924236232283019321e-01
2.709997229966918941e-01 -1.208695222197564645e+00 -8.935977048638756859e-01
2.719997219745394768e-01 -1.204812497272172322e+00 -8.947490361887205923e-01
2.729997209523871149e-01 -1.200844053078520046e+00 -8.958775535198011397e-01
2.739997199302345865e-01 -1.196789726434979606e+00 -8.969831935035621484e-01
2.749997189080822246e-01 -1.192649356726224630e+00 -8.980658931192195826e-01
2.759997178859298073e-01 -1.188422785930351111e+00 -8.991255896820780080e-01
2.769997168637773899e-01 -1.184109858646224867e+00 -9.001622208468731401e-01
2.779997158416249170e-01 -1.179710422121049707e+00 -9.011757246111420372e-01
2.789997148194724996e-01 -1.175224326278171416e+00 -9.021660393187389548e-01
2.799997137973200823e-01 -1.170651423745113773e+00 -9.031331036635883436e-01
2.809997127751677204e-01 -1.165991569881843715e+00 -9.040768566923403915e-01
2.819997117530151920e-01 -1.161244622809252336e+00 -9.049972378081618807e-01
2.829997107308627746e-01 -1.156410443437880797e+00 -9.058941867742937859e-01
2.839997097087104128e-01 -1.151488895496880049e+00 -9.067676437175803406e-01
2.849997086865578844e-01 -1.146479845563205258e+00 -9.076175491320330746e-01
2.859997076644055225e-01 -1.141383163091045816e+00 -9.084438438824159467e-01
2.869997066422531051e-01 -1.136198720441495169e+00 -9.092464692078582322e-01
2.879997056201005767e-01 -1.130926392912459333e+00 -9.100253667255000511e-01
2.889997045979482149e-01 -1.125566058768803002e+00 -9.107804784341660964e-01
2.899997035757957975e-01 -1.120117599272743236e+00 -9.115117467180562372e-01
2.909997025536433801e-01 -1.114580898714480961e+00 -9.122191143504793098e-01
2.919997015314910183e-01 -1.108955844443076932e+00 -9.129025244976038955e-01
2.929997005093384899e-01 -1.103242326897574399e+00 -9.135619207222472893e-01
2.939996994871860725e-01 -1.097440239638368231e+00 -9.141972469876823437e-01
2.949996984650337106e-01 -1.091549479378820742e+00 -9.148084476614813942e-01
2.959996974428811822e-01 -1.085569946017126419e+00 -9.153954675193881618e-01
2.969996964207288204e-01 -1.079501542668425573e+00 -9.159582517499782472e-01
2.979996953985764030e-01 -1.073344175697161562e+00 -9.164967459583924780e-01
2.989996943764238746e-01 -1.067097754749701588e+00 -9.170108961689367177e-01
2.999996933542715127e-01 -1.060762192787211289e+00 -9.175006488299225493e-01
3.009996923321190954e-01 -1.054337406118780907e+00 -9.179659508177014926e-01
3.019996913099666780e-01 -1.047823314434809694e+00 -9.184067494407118781e-01
3.029996902878143161e-01 -1.041219840840640787e+00 -9.188229924435661333e-01
3.039996892656617877e-01 -1.034526911890459644e+00 -9.192146280111583856e-01
3.049996882435094259e-01 -1.027744457621459384e+00 -9.195816047728119225e-01
3.059996872213570085e-01 -1.020872411588244821e+00 -9.199238718064532971e-01
3.069996861992044801e-01 -1.013910710897516720e+00 -9.202413786428138565e-01
3.079996851770521182e-01 -1.006859296243017843e+00 -9.205340752696671291e-01
3.089996841548997009e-01 -9.997181119407324568e-01 -9.208019121360918602e-01
3.099996831327471725e-01 -9.924871059643608495e-01 -9.210448401567774557e-01
3.109996821105948106e-01 -9.851662299810541867e-01 -9.212628107163415292e-01
3.119996810884423932e-01 -9.777554393874213767e-01 -9.214557756737000727e-01
3.129996800662899759e-01 -9.702546933457991685e-01 -9.216236873664509499e-01
3.139996790441376140e-01 -9.626639548207945873e-01 -9.217664986153466522e-01
3.149996780219850856e-01 -9.549831906160921591e-01 -9.218841627297934549e-01
3.159996769998327237e-01 -9.472123714115294746e-01 -9.219766335109386146e-01
3.169996759776803064e-01 -9.393514718004634112e-01 -9.220438652561672166e-01
3.179996749555277780e-01 -9.314004703273959240e-01 -9.220858127640481072e-01
3.189996739333754161e-01 -9.233593495258805017e-01 -9.221024313389243332e-01
3.199996729112228877e-01 -9.152280959567038465e-01 -9.220936767955355551e-01
3.209996718890705258e-01 -9.070067002463403361e-01 -9.220595054636715471e-01
3.219996708669181085e-01 -8.986951571256865945e-01 -9.219998741928606689e-01
3.229996698447656911e-01 -8.902934654690771721e-01 -9.219147403570867594e-01
3.239996688226132737e-01 -8.818016283335732286e-01 -9.218040618595481073e-01
3.249996678004609119e-01 -8.732196529985392086e-01 -9.216677971374390710e-01
3.259996667783083835e-01 -8.645475510054974055e-01 -9.215059051667741086e-01
3.269996657561560216e-01 -8.557853381982640784e-01 -9.213183454672413397e-01
3.279996647340034932e-01 -8.469330347633712286e-01 -9.211050781070880822e-01
3.289996637118510758e-01 -8.379906652707749259e-01 -9.208660637080492428e-01
3.299996626896987140e-01 -8.289582587148419668e-01 -9.206012634502950265e-01
3.309996616675461856e-01 -8.198358485556295205e-01 -9.203106390774276058e-01
3.319996606453938237e-01 -8.106234727604473278e-01 -9.199941529016584241e-01
3.329996596232414063e-01 -8.013211738457058919e-01 -9.196517678094022763e-01
3.339996586010889890e-01 -7.919289989190545498e-01 -9.192834472652070543e-01
3.349996575789366271e-01 -7.824469997218170825e-01 -9.188891553173049731e-01
3.359996565567840987e-01 -7.728752326717086563e-01 -9.184688566028700318e-01
3.369996555346316813e-01 -7.632137589058491933e-01 -9.180225163532161892e-01
3.379996545124793195e-01 -7.534626443240666216e-01 -9.175501003990357285e-01
3.389996534903267911e-01 -7.436219596324913361e-01 -9.170515751756711520e-01
3.399996524681743737e-01 -7.336917803874470900e-01 -9.165269077284244892e-01
3.409996514460220118e-01 -7.236721870396335410e-01 -9.159760657178954713e-01
3.419996504238694834e-01 -7.135632649786007864e-01 -9.153990174253658907e-01
3.429996494017171216e-01 -7.033651045775293209e-01 -9.147957317582099401e-01
3.439996483795647042e-01 -6.930778012382935449e-01 -9.141661782553512916e-01
3.449996473574122868e-01 -6.827014554368312504e-01 -9.135103270927406038e-01
3.459996463352599250e-01 -6.722361727688059840e-01 -9.128281490888886518e-01
3.469996453131073966e-01 -6.616820639955686145e-01 -9.121196157104187741e-01
3.479996442909549792e-01 -6.510392450904144424e-01 -9.113846990776649504e-01
3.489996432688026173e-01 -6.403078372851475075e-01 -9.106233719703070717e-01
3.499996422466500889e-01 -6.294879671169324453e-01 -9.098356078333582619e-01
3.509996412244977271e-01 -6.185797664754515424e-01 -9.090213807828637638e-01
3.519996402023453097e-01 -6.075833726503621079e-01 -9.081806656109371323e-01
3.529996391801927813e-01 -5.964989283790580465e-01 -9.073134377919648275e-01
3.539996381580404194e-01 -5.853265818947317456e-01 -9.064196734884261142e-01
3.549996371358880021e-01 -5.740664869747333920e-01 -9.054993495567509321e-01
3.559996361137355847e-01 -5.627188029892368215e-01 -9.045524435532125151e-01
3.569996350915831118e-01 -5.512836949502047945e-01 -9.035789337398656418e-01
3.579996340694306944e-01 -5.397613335606562535e-01 -9.025787990905087543e-01
3.589996330472782771e-01 -5.281518952642406672e-01 -9.015520192966969271e-01
3.599996320251259152e-01 -5.164555622951110259e-01 -9.004985747737865864e-01
3.609996310029733868e-01 -5.046725227281010362e-01 -8.994184466670156475e-01
3.619996299808210249e-01 -4.928029705292075180e-01 -8.983116168576305016e-01
3.629996289586686076e-01 -4.808471056063751137e-01 -8.971780679690432025e-01
3.639996279365160792e-01 -4.688051338605826457e-01 -8.960177833730281760e-01
3.649996269143637173e-01 -4.566772672372379493e-01 -8.948307471959621173e-01
3.659996258922112999e-01 -4.444637237778725769e-01 -8.936169443250946420e-01
3.669996248700588826e-01 -4.321647276721414244e-01 -8.923763604148775563e-01
3.679996238479064097e-01 -4.197805093101226737e-01 -8.911089818936644980e-01
3.689996228257539923e-01 -4.073113053349191603e-01 -8.898147959696601772e-01
3.699996218036015749e-01 -3.947573586955760994e-01 -8.884937906373034933e-01
3.709996207814492131e-01 -3.821189187002904109e-01 -8.871459546838827981e-01
3.719996197592966847e-01 -3.693962410699295207e-01 -8.857712776960497969e-01
3.729996187371443228e-01 -3.565895879918510314e-01 -8.843697500663627586e-01
3.739996177149917944e-01 -3.436992281740206545e-01 -8.829413629998776880e-01
3.749996166928393770e-01 -3.307254368994406168e-01 -8.814861085207734703e-01
3.759996156706870152e-01 -3.176684960808729419e-01 -8.800039794790182057e-01
3.769996146485345978e-01 -3.045286943158670434e-01 -8.784949695570759554e-01
3.779996136263821804e-01 -2.913063269420875789e-01 -8.769590732766481267e-01
3.789996126042297075e-01 -2.780016960929444503e-01 -8.753962860054633754e-01
3.799996115820772902e-01 -2.646151107535177349e-01 -8.738066039640960403e-01
3.809996105599248728e-01 -2.511468868167899826e-01 -8.721900242328320951e-01
3.819996095377725109e-01 -2.375973471401698345e-01 -8.705465447585740701e-01
3.829996085156199825e-01 -2.239668216023172898e-01 -8.688761643617823882e-01
3.839996074934676207e-01 -2.102556471602657351e-01 -8.671788827434572244e-01
3.849996064713150923e-01 -1.964641679068361291e-01 -8.654547004922341635e-01
3.859996054491626749e-01 -1.825927351283502253e-01 -8.637036190917501965e-01
3.869996044270103130e-01 -1.686417073626337026e-01 -8.619256409271258690e-01
3.879996034048578957e-01 -1.546114504573215809e-01 -8.601207692923180659e-01
3.889996023827054228e-01 -1.405023376284534609e-01 -8.582890083973571116e-01
3.899996013605530054e-01 -1.263147495193551462e-01 -8.564303633755699918e-01
3.909996003384005880e-01 -1.120490742598192202e-01 -8.545448402908474295e-01
3.919995993162482262e-01 -9.770570752556609340e-02 -8.526324461449453773e-01
3.929995982940958088e-01 -8.328505259799764970e-02 -8.506931888848285883e-01
3.939995972719432804e-01 -6.878752042423569302e-02 -8.487270774100549309e-01
3.949995962497909185e-01 -5.421352967744685891e-02 -8.467341215802045573e-01
3.959995952276383901e-01 -3.956350681744700420e-02 -8.447143322223360506e-01
3.969995942054859728e-01 -2.483788615159584351e-02 -8.426677211384969723e-01
3.979995931833336109e-01 -1.003710989596369278e-02 -8.405943011132681608e-01
3.989995921611811935e-01 4.838371763218481635e-03 -8.384940859213464437e-01
3.999995911390287207e-01 1.978810060783209313e-02 -8.363670903351704267e-01
4.009995901168763033e-01 3.481161032587309911e-02 -8.342133301325878048e-01
4.019995890947238859e-01 4.990842644917178189e-02 -8.320328221045570904e-01
4.029995880725715240e-01 6.507806629085277628e-02 -8.298255840630621716e-01
4.039995870504191067e-01 8.032003888252425838e-02 -8.275916348489185115e-01
4.049995860282665783e-01 9.563384491119351904e-02 -8.253309943391790027e-01
4.059995850061142164e-01 1.110189766559190883e-01 -8.230436834552351533e-01
4.069995839839616880e-01 1.264749179241949073e-01 -8.207297241707337543e-01
4.079995829618093262e-01 1.420011439880831117e-01 -8.183891395195210805e-01
4.089995819396569088e-01 1.575971215200841768e-01 -8.160219536036277255e-01
4.099995809175043804e-01 1.732623085287515741e-01 -8.136281916012970683e-01
4.109995798953520185e-01 1.889961542940585271e-01 -8.112078797750461590e-01
4.119995788731996011e-01 2.047980993025049212e-01 -8.087610454797773407e-01
4.129995778510471838e-01 2.206675751819862086e-01 -8.062877171709165181e-01
4.139995768288948219e-01 2.366040046364130123e-01 -8.037879244126011624e-01
4.149995758067422935e-01 2.526068013800905621e-01 -8.012616978859046224e-01
4.159995747845898761e-01 2.686753700718582660e-01 -7.987090693970946287e-01
4.169995737624375143e-01 2.848091062489983005e-01 -7.961300718859406489e-01
4.179995727402849859e-01 3.010073962609037812e-01 -7.935247394340533278e-01
4.189995717181326240e-01 3.172696172025271655e-01 -7.908931072732643397e-01
4.199995706959802066e-01 3.335951368475979506e-01 -7.882352117940479852e-01
4.209995696738276783e-01 3.499833135816194374e-01 -7.855510905539768718e-01
4.219995686516753164e-01 3.664334963346526086e-01 -7.828407822862200049e-01
4.229995676295228990e-01 3.829450245138825148e-01 -7.801043269084023679e-01
4.239995666073704816e-01 3.995172279359866518e-01 -7.773417655310038699e-01
4.249995655852181198e-01 4.161494267592809604e-01 -7.745531404655269236e-01
4.259995645630655914e-01 4.328409314156592691e-01 -7.717384952334589432e-01
4.269995635409131740e-01 4.495910425423467749e-01 -7.688978745749658339e-01
4.279995625187608121e-01 4.663990509134489093e-01 -7.660313244576206770e-01
4.289995614966082838e-01 4.832642373713251227e-01 -7.631388920851670532e-01
4.299995604744559219e-01 5.001858727577669361e-01 -7.602206259063215565e-01
4.309995594523035045e-01 5.171632178450026318e-01 -7.572765756236139456e-01
4.319995584301509761e-01 5.341955232665219766e-01 -7.543067922022663740e-01
4.329995574079986143e-01 5.512820294477416283e-01 -7.513113278791029304e-01
4.339995563858461969e-01 5.684219665364876883e-01 -7.482902361715052519e-01
4.349995553636937795e-01 5.856145543333332038e-01 -7.452435718863963388e-01
4.359995543415414176e-01 6.028590022217793498e-01 -7.421713911292654453e-01
4.369995533193888892e-01 6.201545090982805153e-01 -7.390737513132277225e-01
4.379995522972365274e-01 6.375002633021369380e-01 -7.359507111681183877e-01
4.389995512750841100e-01 6.548954425452385708e-01 -7.328023307496235317e-01
4.399995502529315816e-01 6.723392138416852681e-01 -7.296286714484485625e-01
4.409995492307792198e-01 6.898307334372806299e-01 -7.264297959995151821e-01
4.419995482086266914e-01 7.073691467389026100e-01 -7.232057684912019946e-01
4.429995471864742740e-01 7.249535882437762035e-01 -7.199566543747940583e-01
4.439995461643219121e-01 7.425831814686275623e-01 -7.166825204736071431e-01
4.449995451421694947e-01 7.602570388787407429e-01 -7.133834349922194562e-01
4.459995441200170774e-01 7.779742618169144253e-01 -7.100594675259547239e-01
4.469995430978647155e-01 7.957339404323402476e-01 -7.067106890702918864e-01
4.479995420757121871e-01 8.135351536094002078e-01 -7.033371720302991070e-01
4.489995410535598253e-01 8.313769688964001148e-01 -6.999389902301068611e-01
4.499995400314074079e-01 8.492584424342254357e-01 -6.965162189224110012e-01
4.509995390092548795e-01 8.671786188849551769e-01 -6.930689347980064641e-01
4.519995379871025176e-01 8.851365313604218077e-01 -6.895972159953542846e-01
4.529995369649499892e-01 9.031312013507304393e-01 -6.861011421101782526e-01
4.539995359427976274e-01 9.211616386527500255e-01 -6.825807942050922117e-01
4.549995349206452100e-01 9.392268412985756987e-01 -6.790362548192588887e-01
4.559995338984927926e-01 9.573257954839816675e-01 -6.754676079780780329e-01
4.569995328763403752e-01 9.754574754968649009e-01 -6.718749392029027545e-01
4.579995318541879024e-01 9.936208436456938076e-01 -6.682583355207857290e-01
4.589995308320354850e-01 1.011814850187971571e+00 -6.646178854742538222e-01
4.599995298098831231e-01 1.030038433258712027e+00 -6.609536791311119153e-01
4.609995287877307057e-01 1.048290518798957960e+00 -6.572658080942693770e-01
4.619995277655781774e-01 1.066570020484333359e+00 -6.535543655116067274e-01
4.629995267434258155e-01 1.084875839653657081e+00 -6.498194460859942900e-01
4.639995257212732871e-01 1.103206865237621459e+00 -6.460611460850236298e-01
4.649995246991209252e-01 1.121561973687515756e+00 -6.422795633509211788e-01
4.659995236769685079e-01 1.139940028904054437e+00 -6.384747973105723284e-01
4.669995226548160905e-01 1.158339882166288026e+00 -6.346469489855065538e-01
4.679995216326636731e-01 1.176760372060626336e+00 -6.307961210019026321e-01
4.689995206105112002e-01 1.195200324409970705e+00 -6.269224176006221727e-01
4.699995195883587829e-01 1.213658552202984797e+00 -6.230259446472634632e-01
4.709995185662064210e-01 1.232133855523490418e+00 -6.191068096422369660e-01
4.719995175440538926e-01 1.250625021480028076e+00 -6.151651217308630182e-01
4.729995165219014752e-01 1.269130824135572544e+00 -6.112009917134910708e-01
4.739995154997491134e-01 1.287650024437429597e+00 -6.072145320556348036e-01
4.749995144775965850e-01 1.306181370147325049e+00 -6.032058568981322200e-01
4.759995134554442231e-01 1.324723595771683859e+00 -5.991750820673203970e-01
4.769995124332918057e-01 1.343275422492140825e+00 -5.951223250852306634e-01
4.779995114111393884e-01 1.361835558096270216e+00 -5.910477051797974335e-01
4.789995103889869155e-01 1.380402696908560323e+00 -5.869513432950884679e-01
4.799995093668344981e-01 1.398975519721655125e+00 -5.828333621015447941e-01
4.809995083446820807e-01 1.417552693727853086e+00 -5.786938860062426082e-01
4.819995073225297189e-01 1.436132872450903708e+00 -5.745330411631648371e-01
4.829995063003771905e-01 1.454714695678109404e+00 -5.703509554835072271e-01
4.839995052782247731e-01 1.473296789392745332e+00 -5.661477586459459088e-01
4.849995042560724112e-01 1.491877765706794978e+00 -5.619235821069520354e-01
4.859995032339198828e-01 1.510456222794053005e+00 -5.576785591111155238e-01
4.869995022117675210e-01 1.529030744823576038e+00 -5.534128247014783453e-01
4.879995011896151036e-01 1.547599901893537355e+00 -5.491265157298725885e-01
4.889995001674626862e-01 1.566162249965459052e+00 -5.448197708672670725e-01
4.899994991453102133e-01 1.584716330798878303e+00 -5.404927306141216192e-01
4.909994981231577960e-01 1.603260671886437949e+00 -5.361455373107493205e-01
4.919994971010053786e-01 1.621793786389431169e+00 -5.317783351476805809e-01
4.929994960788530167e-01 1.640314173073813331e+00 -5.273912701760320454e-01
4.939994950567004883e-01 1.658820316246711224e+00 -5.229844903178829663e-01
4.949994940345481265e-01 1.677310685693428560e+00 -5.185581453766456850e-01
4.959994930123957091e-01 1.695783736614991044e+00 -5.141123870474434421e-01
4.969994919902431807e-01 1.714237909566221463e+00 -5.096473689274868546e-01
4.979994909680908188e-01 1.732671630394402307e+00 -5.051632465264478400e-01
4.989994899459384015e-01 1.751083310178507935e+00 -5.006601772768292102e-01
4.999994889237859841e-01 1.769471345169056242e+00 -4.961383205443376521e-01
5.009994879016335112e-01 1.787834116728580947e+00 -4.915978376382434956e-01
5.019994868794811493e-01 1.806169991272766673e+00 -4.870388918217339325e-01
5.029994858573286765e-01 1.824477320212245735e+00 -4.824616483222300967e-01
5.039994848351762036e-01 1.842754439895108121e+00 -4.778662743417937953e-01
5.049994838130238417e-01 1.860999671550104040e+00 -4.732529390674443670e-01
5.059994827908713688e-01 1.879211321230597642e+00 -4.686218136814706559e-01
5.069994817687190070e-01 1.897387679759300783e+00 -4.639730713717374888e-01
5.079994807465665341e-01 1.915527022673766400e+00 -4.593068873419849929e-01
5.089994797244140612e-01 1.933627610172730993e+00 -4.546234388221054856e-01
5.099994787022616993e-01 1.951687687063269783e+00 -4.499229050784080974e-01
5.109994776801092264e-01 1.969705482708817845e+00 -4.452054674238670740e-01
5.119994766579568646e-01 1.987679210978108291e+00 -4.404713092283436549e-01
5.129994756358043917e-01 2.005607070194984409e+00 -4.357206159287969061e-01
5.139994746136519188e-01 2.023487243089195253e+00 -4.309535750394611342e-01
5.149994735914995569e-01 2.041317896748144900e+00 -4.261703761620087572e-01
5.159994725693470841e-01 2.059097182569624263e+00 -4.213712109956836427e-01
5.169994715471947222e-01 2.076823236215605384e+00 -4.165562733474046930e-01
5.179994705250422493e-01 2.094494177567060689e+00 -4.117257591418457818e-01
5.189994695028897764e-01 2.112108110679883133e+00 -4.068798664314810520e-01
5.199994684807374146e-01 2.129663123741922792e+00 -4.020187954066006819e-01
5.209994674585849417e-01 2.147157289031150107e+00 -3.971427484052925672e-01
5.219994664364325798e-01 2.164588662875023495e+00 -3.922519299233643286e-01
5.229994654142801069e-01 2.181955285611043127e+00 -3.873465466241969302e-01
5.239994643921276340e-01 2.199255181548562366e+00 -3.824268073487495645e-01
5.249994633699752722e-01 2.216486358931848422e+00 -3.774929231253330020e-01
5.259994623478227993e-01 2.233646809904465069e+00 -3.725451071793848823e-01
5.269994613256704374e-01 2.250734510474992511e+00 -3.675835749432047606e-01
5.279994603035179646e-01 2.267747420484115928e+00 -3.626085440656506842e-01
5.289994592813656027e-01 2.284683483573123119e+00 -3.576202344217754292e-01
5.299994582592131298e-01 2.301540627153853436e+00 -3.526188681224255994e-01
5.309994572370606569e-01 2.318316762380119300e+00 -3.476046695237730022e-01
5.319994562149082951e-01 2.335009784120650078e+00 -3.425778652368009491e-01
5.329994551927558222e-01 2.351617570933576040e+00 -3.375386841367312707e-01
5.339994541706034603e-01 2.368137985042529703e+00 -3.324873573723860498e-01
5.349994531484509874e-01 2.384568872314351218e+00 -3.274241183754968976e-01
5.359994521262985145e-01 2.400908062238485297e+00 -3.223492028699408429e-01
5.369994511041461527e-01 2.417153367908077222e+00 -3.172628488809147163e-01
5.379994500819936798e-01 2.433302586002815016e+00 -3.121652967440428084e-01
5.389994490598413179e-01 2.449353496773579497e+00 -3.070567891144054262e-01
5.399994480376888450e-01 2.465303864028911107e+00 -3.019375709755037218e-01
5.409994470155363722e-01 2.481151435123373883e+00 -2.968078896481405882e-01
5.419994459933840103e-01 2.496893940947814361e+00 -2.916679947991936417e-01
5.429994449712315374e-01 2.512529095921606892e+00 -2.865181384502989426e-01
5.439994439490791756e-01 2.528054597986907570e+00 -2.813585749866364671e-01
5.449994429269267027e-01 2.543468128604939871e+00 -2.761895611654183735e-01
5.459994419047742298e-01 2.558767352754415025e+00 -2.710113561243426838e-01
5.469994408826218679e-01 2.573949918932079584e+00 -2.658242213899689732e-01
5.479994398604693950e-01 2.589013459155456331e+00 -2.606284208859969143e-01
5.489994388383169222e-01 2.603955588967852730e+00 -2.554242209414437359e-01
5.499994378161644493e-01 2.618773907445653304e+00 -2.502118902987272575e-01
5.509994367940119764e-01 2.633465997207948384e+00 -2.449917001216409818e-01
5.519994357718595035e-01 2.648029424428581358e+00 -2.397639240032253816e-01
5.529994347497070306e-01 2.662461738850622428e+00 -2.345288379735278317e-01
5.539994337275544467e-01 2.676760473803366125e+00 -2.292867205072531833e-01
5.549994327054019738e-01 2.690923146221876561e+00 -2.240378525312929914e-01
5.559994316832495009e-01 2.704947256669134603e+00 -2.187825174321443022e-01
5.569994306610970281e-01 2.718830289360868679e+00 -2.135210010631987954e-01
5.579994296389445552e-01 2.732569712193098077e+00 -2.082535917519104940e-01
5.589994286167920823e-01 2.746162976772464237e+00 -2.029805803068329972e-01
5.599994275946396094e-01 2.759607518449395336e+00 -1.977022600245265382e-01
5.609994265724870255e-01 2.772900756354172991e+00 -1.924189266963291789e-01
5.619994255503345526e-01 2.786040093435959264e+00 -1.871308786149370740e-01
5.629994245281820797e-01 2.799022916504849690e+00 -1.818384165808891728e-01
5.639994235060296068e-01 2.811846596276987853e+00 -1.765418439090425951e-01
5.649994224838771339e-01 2.824508487422860092e+00 -1.712414664346880167e-01
5.659994214617246611e-01 2.837005928618768547e+00 -1.659375925195846480e-01
5.669994204395721882e-01 2.849336242601605118e+00 -1.606305330578423896e-01
5.679994194174196043e-01 2.861496736226948556e+00 -1.553206014816410629e-01
5.689994183952671314e-01 2.873484700530591240e+00 -1.500081137667824138e-01
5.699994173731146585e-01 2.885297410793528528e+00 -1.446933884380786350e-01
5.709994163509621856e-01 2.896932126610505254e+00 -1.393767465745604228e-01
5.719994153288097127e-01 2.908386091962179787e+00 -1.340585118145115884e-01
5.729994143066572398e-01 2.919656535290984234e+00 -1.287390103603205105e-01
5.739994132845047670e-01 2.930740669580739421e+00 -1.234185709831449318e-01
5.749994122623521831e-01 2.941635692440113914e+00 -1.180975250273883920e-01
5.759994112401997102e-01 2.952338786190007891e+00 -1.127762064149766957e-01
5.769994102180472373e-01 2.962847117954909404e+00 -1.074549516494429369e-01
5.779994091958947644e-01 2.973157839758334475e+00 -1.021340998198010802e-01
5.789994081737422915e-01 2.983268088622405667e+00 -9.681399260421477693e-02
5.799994071515898186e-01 2.993174986671668147e+00 -9.149497427345185119e-02
5.809994061294373457e-01 3.002875641241209426e+00 -8.617739169412065581e-02
5.819994051072847618e-01 3.012367144989175571e+00 -8.086159433168434163e-02
5.829994040851322890e-01 3.021646576013770513e+00 -7.554793425324442258e-02
5.839994030629798161e-01 3.030710997974800591e+00 -7.023676613009621761e-02
5.849994020408273432e-01 3.039557460219888707e+00 -6.492844724000032541e-02
5.859994010186748703e-01 3.048182997915418468e+00 -5.962333746926469502e-02
5.869993999965223974e-01 3.056584632182301142e+00 -5.432179931467073092e-02
5.879993989743699245e-01 3.064759370236676439e+00 -4.902419788497600073e-02
5.889993979522173406e-01 3.072704205535610633e+00 -4.373090090222508941e-02
5.899993969300648677e-01 3.080416117927908370e+00 -3.844227870279307013e-02
5.909993959079123949e-01 3.087892073810125204e+00 -3.315870423816534573e-02
5.919993948857599220e-01 3.095129026287871454e+00 -2.788055307543536518e-02
5.929993938636074491e-01 3.102123915342518412e+00 -2.260820339752372260e-02
5.939993928414549762e-01 3.108873668003404145e+00 -1.734203600310917776e-02
5.949993918193025033e-01 3.115375198525629497e+00 -1.208243430626624454e-02
5.959993907971499194e-01 3.121625408573555305e+00 -6.829784335803835461e-03
5.969993897749974465e-01 3.127621187410117187e+00 -1.584474734295422856e-03
5.979993887528449736e-01 3.133359412092033836e+00 3.653103243196856309e-03
5.989993877306925008e-01 3.138836947671047817e+00 8.882555730722040480e-03
5.999993867085400279e-01 3.144050647401293030e+00 1.410348625336185768e-02
6.009993856863875550e-01 3.148997352952902951e+00 1.931549572948382254e-02
6.019993846642350821e-01 3.153673894631968011e+00 2.451818247333215073e-02
6.029993836420824982e-01 3.158077091606970033e+00 2.971114219796248956e-02
6.039993826199300253e-01 3.162203752141794055e+00 3.489396801853067442e-02
6.049993815977775524e-01 3.166050673835441476e+00 4.006625045593392026e-02
6.059993805756250795e-01 3.169614643868578163e+00 4.522757744082305659e-02
6.069993795534726067e-01 3.172892439257011699e+00 5.037753431798401571e-02
6.079993785313201338e-01 3.175880827112252280e+00 5.551570385106284478e-02
6.089993775091676609e-01 3.178576564909252777e+00 6.064166622770722492e-02
6.099993764870150770e-01 3.180976400761483802e+00 6.575499906518850191e-02
6.109993754648626041e-01 3.183077073703449500e+00 7.085527741630513743e-02
6.119993744427101312e-01 3.184875313980805700e+00 7.594207377573235218e-02
6.129993734205576583e-01 3.186367843348170137e+00 8.101495808679562427e-02
6.139993723984051854e-01 3.187551375374803264e+00 8.607349774866582259e-02
6.149993713762527126e-01 3.188422615758264467e+00 9.111725762398964479e-02
6.159993703541002397e-01 3.188978262646207540e+00 9.614580004696021698e-02
6.169993693319476558e-01 3.189215006966449995e+00 1.011586848318378057e-01
6.179993683097951829e-01 3.189129532765430319e+00 1.061554692819307033e-01
6.189993672876427100e-01 3.188718517555276133e+00 1.111357081990385354e-01
6.199993662654902371e-01 3.187978632669522749e+00 1.160989538933751564e-01
6.209993652433377642e-01 3.186906543627741506e+00 1.210447561939736322e-01
6.219993642211852913e-01 3.185498910509142689e+00 1.259726624595852162e-01
6.229993631990328185e-01 3.183752388335372885e+00 1.308822175900796192e-01
6.239993621768802345e-01 3.181663627462620436e+00 1.357729640383570080e-01
6.249993611547277617e-01 3.179229273983208870e+00 1.406444418227821291e-01
6.259993601325752888e-01 3.176445970136848818e+00 1.454961885401451771e-01
6.269993591104228159e-01 3.173310354731672778e+00 1.503277393791654648e-01
6.279993580882703430e-01 3.169819063575281426e+00 1.551386271345437939e-01
6.289993570661178701e-01 3.165968729915910718e+00 1.599283822215732953e-01
6.299993560439653972e-01 3.161755984893933391e+00 1.646965326913210070e-01
6.309993550218128133e-01 3.157177458003848081e+00 1.694426042462417181e-01
6.319993539996603404e-01 3.152229777566936342e+00 1.741661202565732425e-01
6.329993529775078676e-01 3.146909571214769219e+00 1.788666017775354944e-01
6.339993519553553947e-01 3.141213466383782738e+00 1.835435675667324296e-01
6.349993509332029218e-01 3.135138090820999590e+00 1.881965341023324190e-01
6.359993499110504489e-01 3.128680073101226533e+00 1.928250156018841144e-01
6.369993488888979760e-01 3.121836043155811868e+00 1.974285240417742449e-01
6.379993478667453921e-01 3.114602632813209038e+00 2.020065691773419436e-01
6.389993468445929192e-01 3.106976476351510197e+00 2.065586585636599859e-01
6.399993458224404463e-01 3.098954211063182473e+00 2.110842975769911534e-01
6.409993448002879735e-01 3.090532477832184988e+00 2.155829894369376831e-01
6.419993437781355006e-01 3.081707921723678911e+00 2.200542352292919057e-01
6.429993427559830277e-01 3.072477192586536621e+00 2.244975339295994521e-01
6.439993417338305548e-01 3.062836945668872879e+00 2.289123824274495178e-01
6.449993407116779709e-01 3.052783842246789003e+00 2.332982755515035089e-01
6.459993396895254980e-01 3.042314550266569828e+00 2.376547060952768908e-01
6.469993386673730251e-01 3.031425745000549732e+00 2.419811648436807627e-01
6.479993376452205522e-01 3.020114109716856454e+00 2.462771406003451680e-01
6.489993366230680794e-01 3.008376336363283166e+00 2.505421202157301908e-01
6.499993356009156065e-01 2.996209126265489964e+00 2.547755886160419925e-01
6.509993345787631336e-01 2.983609190839806580e+00 2.589770288329648062e-01
6.519993335566105497e-01 2.970573252320832580e+00 2.631459220342247662e-01
6.529993325344580768e-01 2.957098044504112178e+00 2.672817475550009481e-01
6.539993315123056039e-01 2.943180313504101253e+00 2.713839829299369288e-01
6.549993304901531310e-01 2.928816818527688604e+00 2.754521039264192783e-01
6.559993294680006581e-01 2.914004332663512997e+00 2.794855845789560589e-01
6.569993284458481853e-01 2.898739643687350487e+00 2.834838972238623578e-01
6.579993274236957124e-01 2.883019554883796687e+00 2.874465125351073347e-01
6.589993264015432395e-01 2.866840885884542889e+00 2.913728995610980754e-01
6.599993253793906556e-01 2.850200473523488931e+00 2.952625257624094113e-01
6.609993243572381827e-01 2.833095172708965936e+00 2.991148570504801318e-01
6.619993233350857098e-01 2.815521857313359355e+00 3.029293578272871934e-01
6.629993223129332369e-01 2.797477421080382776e+00 3.067054910260168521e-01
6.639993212907807640e-01 2.778958778550314701e+00 3.104427181527492086e-01
6.649993202686282912e-01 2.759962866003447424e+00 3.141404993291699310e-01
6.659993192464758183e-01 2.740486642422081065e+00 3.177982933363297513e-01
6.669993182243232344e-01 2.720527090471330567e+00 3.214155576594635577e-01
6.679993172021707615e-01 2.700081217499027630e+00 3.249917485338946754e-01
6.689993161800182886e-01 2.679146056555075983e+00 3.285263209920311067e-01
6.699993151578658157e-01 2.657718667430509996e+00 3.320187289114808205e-01
6.709993141357133428e-01 2.635796137716596377e+00 3.354684250642989141e-01
6.719993131135608699e-01 2.613375583884289366e+00 3.388748611673864652e-01
6.729993120914083971e-01 2.590454152384360498e+00 3.422374879340599474e-01
6.739993110692558131e-01 2.567029020768532011e+00 3.455557551268081395e-01
6.749993100471033403e-01 2.543097398831920763e+00 3.488291116112598456e-01
6.759993090249508674e-01 2.518656529777180797e+00 3.520570054113739689e-01
6.769993080027983945e-01 2.493703691400614542e+00 3.552388837655290343e-01
6.779993069806459216e-01 2.468236197300646584e+00 3.583741931844837691e-01
6.789993059584934487e-01 2.442251398108995719e+00 3.614623795107467785e-01
6.799993049363409758e-01 2.415746682744881912e+00 3.645028879785751630e-01
6.809993039141883919e-01 2.388719479692655856e+00 3.674951632756026099e-01
6.819993028920359190e-01 2.361167258303179750e+00 3.704386496058123535e-01
6.829993018698834462e-01 2.333087530119384745e+00 3.733327907538837032e-01
6.839993008477309733e-01 2.304477850226308355e+00 3.761770301509243519e-01
6.849992998255785004e-01 2.275335818626048390e+00 3.789708109416252690e-01
6.859992988034260275e-01 2.245659081637988663e+00 3.817135760528404531e-01
6.869992977812735546e-01 2.215445333324696620e+00 3.844047682636326235e-01
6.879992967591209707e-01 2.184692316943897872e+00 3.870438302767945093e-01
6.889992957369684978e-01 2.153397826426884265e+00 3.896302047918784317e-01
6.899992947148160249e-01 2.121559707883863499e+00 3.921633345797483350e-01
6.909992936926635521e-01 2.089175861136520318e+00 3.946426625586852976e-01
6.919992926705110792e-01 2.056244241278340379e+00 3.970676318720694487e-01
6.929992916483586063e-01 2.022762860263042306e+00 3.994376859676570524e-01
6.939992906262061334e-01 1.988729788521575337e+00 4.017522686784849029e-01
6.949992896040535495e-01 1.954143156608125542e+00 4.040108243054230663e-01
6.959992885819010766e-01 1.919001156875538738e+00 4.062127977014020619e-01
6.969992875597486037e-01 1.883302045180675233e+00 4.083576343573394607e-01
6.979992865375961308e-01 1.847044142620069884e+00 4.104447804897935481e-01
6.989992855154436580e-01 1.810225837296426832e+00 4.124736831303694728e-01
6.999992844932911851e-01 1.772845586116377881e+00 4.144437902165204468e-01
7.009992834711387122e-01 1.734901916620005480e+00 4.163545506848856936e-01
7.019992824489861283e-01 1.696393428842583928e+00 4.182054145664171885e-01
7.029992814268336554e-01 1.657318797209025973e+00 4.199958330827930353e-01
7.039992804046811825e-01 1.617676772461583257e+00 4.217252587449931700e-01
7.049992793825287096e-01 1.577466183621228035e+00 4.233931454537994132e-01
7.059992783603762367e-01 1.536685939983273963e+00 4.249989486022398566e-01
7.069992773382237639e-01 1.495335033147736192e+00 4.265421251800137203e-01
7.079992763160712910e-01 1.453412539084954602e+00 4.280221338799246600e-01
7.089992752939187071e-01 1.410917620237013725e+00 4.294384352063484456e-01
7.099992742717662342e-01 1.367849527655471409e+00 4.307904915857741490e-01
7.109992732496137613e-01 1.324207603176011050e+00 4.320777674794394896e-01
7.119992722274612884e-01 1.279991281630470601e+00 4.332997294981021930e-01
7.129992712053088155e-01 1.235200093096887830e+00 4.344558465189742313e-01
7.139992701831563426e-01 1.189833665188095857e+00 4.355455898048480878e-01
7.149992691610038698e-01 1.143891725379445612e+00 4.365684331254563455e-01
7.159992681388512858e-01 1.097374103376256738e+00 4.375238528810890259e-01
7.169992671166988130e-01 1.050280733521539833e+00 4.384113282285088675e-01
7.179992660945463401e-01 1.002611657244686816e+00 4.392303412091965176e-01
7.189992650723938672e-01 9.543670255516143452e-01 4.399803768799582793e-01
7.199992640502413943e-01 9.055471015570709659e-01 4.406609234459333835e-01
7.209992630280889214e-01 8.561522630596906103e-01 4.412714723960394214e-01
7.219992620059364485e-01 8.061830051604387259e-01 4.418115186408831940e-01
7.229992609837838646e-01 7.556399429250897359e-01 4.422805606528605327e-01
7.239992599616313917e-01 7.045238140913665514e-01 4.426781006094539506e-01
7.249992589394789189e-01 6.528354818214686661e-01 4.430036445389669564e-01
7.259992579173264460e-01 6.005759375005598200e-01 4.432567024684869739e-01
7.269992568951739731e-01 5.477463035819711834e-01 4.434367885747107496e-01
7.279992558730215002e-01 4.943478364797721514e-01 4.435434213374702117e-01
7.289992548508690273e-01 4.403819295094178465e-01 4.435761236959921971e-01
7.299992538287164434e-01 3.858501158771782125e-01 4.435344232079388993e-01
7.309992528065639705e-01 3.307540717190302071e-01 4.434178522112636189e-01
7.319992517844114976e-01 2.750956191898327186e-01 4.432259479889269493e-01
7.329992507622590248e-01 2.188767296033927723e-01 4.429582529365141963e-01
7.339992497401065519e-01 1.620995266242640509e-01 4.426143147327941674e-01
7.349992487179540790e-01 1.047662895119934184e-01 4.421936865132654049e-01
7.359992476958016061e-01 4.687945641858956569e-02 4.416959270467316068e-01
7.369992466736490222e-01 -1.155837226000532535e-02 4.411206009149501450e-01
7.379992456514965493e-01 -7.054443047769255737e-02 4.404672786953961472e-01
7.389992446293440764e-01 -1.300757830763482614e-01 4.397355371471956542e-01
7.399992436071916035e-01 -1.901493222676305661e-01 4.389249594002594401e-01
7.409992425850391307e-01 -2.507617640575466877e-01 4.380351351476779453e-01
7.419992415628866578e-01 -3.119096446129895894e-01 4.370656608414162925e-01
7.429992405407341849e-01 -3.735893165693944251e-01 4.360161398913580677e-01
7.439992395185816010e-01 -4.357969452786579767e-01 4.348861828677479391e-01
7.449992384964291281e-01 -4.985285049964978121e-01 4.336754077070774094e-01
7.459992374742766552e-01 -5.617797750082856867e-01 4.323834399213501434e-01
7.469992364521241823e-01 -6.255463356925887730e-01 4.310099128111518074e-01
7.479992354299717094e-01 -6.898235645214025880e-01 4.295544676822267705e-01
7.489992344078192366e-01 -7.546066319962210223e-01 4.280167540655837599e-01
7.499992333856667637e-01 -8.198904975190203226e-01 4.263964299413739445e-01
7.509992323635141798e-01 -8.856699051972143355e-01 4.246931619665210156e-01
7.519992313413617069e-01 -9.519393795816617487e-01 4.229066257061564471e-01
7.529992303192092340e-01 -1.018693221336669286e+00 4.210365058689191087e-01
7.539992292970567611e-01 -1.085925502841157186e+00 4.190824965461669160e-01
7.549992282749042882e-01 -1.153630063719880638e+00 4.170443014551641348e-01
7.559992272527518153e-01 -1.221800506303772682e+00 4.149216341862926316e-01
7.569992262305993425e-01 -1.290430191018367090e+00 4.127142184543512449e-01
7.579992252084467586e-01 -1.359512231699278484e+00 4.104217883539956757e-01
7.589992241862942857e-01 -1.429039490833738935e+00 4.080440886193806294e-01
7.599992231641418128e-01 -1.499004574727028638e+00 4.055808748880633252e-01
7.609992221419893399e-01 -1.569399828592876522e+00 4.030319139692267738e-01
7.619992211198368670e-01 -1.640217331566639070e+00 4.003969841162853260e-01
7.629992200976843941e-01 -1.711448891640207748e+00 3.976758753039321692e-01
7.639992190755319212e-01 -1.783086040517522397e+00 3.948683895096950502e-01
7.649992180533793373e-01 -1.855120028389553255e+00 3.919743410000605666e-01
7.659992170312268644e-01 -1.927541818627669379e+00 3.889935566212288642e-01
7.669992160090743916e-01 -2.000342082394104715e+00 3.859258760945700195e-01
7.679992149869219187e-01 -2.073511193168524169e+00 3.827711523168472185e-01
7.689992139647694458e-01 -2.147039221189421365e+00 3.795292516654732995e-01
7.699992129426169729e-01 -2.220915927809145707e+00 3.762000543081963633e-01
7.709992119204645000e-01 -2.295130759761248918e+00 3.727834545179670167e-01
7.719992108983119161e-01 -2.369672843339010182e+00 3.692793609929923004e-01
7.729992098761594432e-01 -2.444530978483946182e+00 3.656876971817886179e-01
7.739992088540069703e-01 -2.519693632782892490e+00 3.620084016134147431e-01
7.749992078318544975e-01 -2.595148935372541654e+00 3.582414282329546285e-01
7.759992068097020246e-01 -2.670884670749994694e+00 3.543867467423179041e-01
7.769992057875495517e-01 -2.746888272488095861e+00 3.504443429464388360e-01
7.779992047653970788e-01 -2.823146816854169128e+00 3.464142191049430219e-01
7.789992037432446059e-01 -2.899647016330817895e+00 3.422963942893635925e-01
7.799992027210920220e-01 -2.976375213037421474e+00 3.380909047459758066e-01
7.809992016989395491e-01 -3.053317372050982303e+00 3.337978042643318655e-01
7.819992006767870762e-01 -3.130459074624775351e+00 3.294171645515806546e-01
7.829991996546346034e-01 -3.207785511303587800e+00 3.249490756126368618e-01
7.839991986324821305e-01 -3.285281474933922752e+00 3.203936461362960619e-01
7.849991976103296576e-01 -3.362931353567812920e+00 3.157510038873670988e-01
7.859991965881771847e-01 -3.440719123258708212e+00 3.110212961049092506e-01
7.869991955660246008e-01 -3.518628340747968597e+00 3.062046899066567796e-01
7.879991945438721279e-01 -3.596642136040453686e+00 3.013013726997132991e-01
7.889991935217196550e-01 -3.674743204867597868e+00 2.963115525976088849e-01
7.899991924995671821e-01 -3.752913801036521946e+00 2.912354588437975345e-01
7.909991914774147093e-01 -3.831135728663523921e+00 2.860733422417077731e-01
7.919991904552622364e-01 -3.909390334290515412e+00 2.808254755919780132e-01
7.929991894331097635e-01 -3.987658498882614921e+00 2.754921541350208725e-01
7.939991884109571796e-01 -4.065920629705058076e+00 2.700736960011492771e-01
7.949991873888047067e-01 -4.144156652078114789e+00 2.645704426679009180e-01
7.959991863666522338e-01 -4.222346001008122407e+00 2.589827594241020381e-01
7.969991853444997609e-01 -4.300467612693161357e+00 2.533110358410085583e-01
7.979991843223472880e-01 -4.378499915901409523e+00 2.475556862506334832e-01
7.989991833001948152e-01 -4.456420823220585525e+00 2.417171502313520404e-01
7.999991822780423423e-01 -4.534207722176570421e+00 2.357958931008853065e-01
8.009991812558897584e-01 -4.611837466219555814e+00 2.297924064167619074e-01
8.019991802337372855e-01 -4.689286365575816795e+00 2.237072084843560460e-01
8.029991792115848126e-01 -4.766530177963240078e+00 2.175408448726123545e-01
8.039991781894323397e-01 -4.843544099168871853e+00 2.112938889375496065e-01
8.049991771672798668e-01 -4.920302753486465619e+00 2.049669423536586710e-01
8.059991761451273939e-01 -4.996780184012203030e+00 1.985606356532952643e-01
8.069991751229749211e-01 -5.072949842796615094e+00 1.920756287741761104e-01
8.079991741008223372e-01 -5.148784580850743531e+00 1.855126116150905558e-01
8.089991730786698643e-01 -5.224256638004617592e+00 1.788723045999301153e-01
8.099991720565173914e-01 -5.299337632615920946e+00 1.721554592501613468e-01
8.109991710343649185e-01 -5.373998551126931034e+00 1.653628587658394489e-01
8.119991700122124456e-01 -5.448209737467626823e+00 1.584953186152877336e-01
8.129991689900599727e-01 -5.521940882302845743e+00 1.515536871335560476e-01
8.139991679679074998e-01 -5.595161012121451449e+00 1.445388461298046934e-01
8.149991669457549159e-01 -5.667838478165602822e+00 1.374517115043544235e-01
8.159991659236024431e-01 -5.739940945197620437e+00 1.302932338731191964e-01
8.169991649014499702e-01 -5.811435380101854342e+00 1.230643992024312849e-01
8.179991638792974973e-01 -5.882288040319930467e+00 1.157662294534576169e-01
8.189991628571450244e-01 -5.952464462117196931e+00 1.083997832358421509e-01
8.199991618349925515e-01 -6.021929448677781238e+00 1.009661564709785631e-01
8.209991608128400786e-01 -6.090647058026140037e+00 9.346648306504198866e-02
8.219991597906874947e-01 -6.158580590772684715e+00 8.590193559190976991e-02
8.229991587685350218e-01 -6.225692577681158468e+00 7.827372598609817766e-02
8.239991577463825490e-01 -6.291944767055299259e+00 7.058310624585956150e-02
8.249991567242300761e-01 -6.357298111942448315e+00 6.283136914655779171e-02
8.259991557020776032e-01 -6.421712757151639472e+00 5.501984896447088824e-02
8.269991546799251303e-01 -6.485148026083664696e+00 4.714992221115302251e-02
8.279991536577726574e-01 -6.547562407370578264e+00 3.922300837849630045e-02
8.289991526356200735e-01 -6.608913541322166907e+00 3.124057069463470615e-02
8.299991516134676006e-01 -6.669158206176782677e+00 2.320411689082640949e-02
8.309991505913151277e-01 -6.728252304153865992e+00 1.511519997947418682e-02
8.319991495691626548e-01 -6.786150847305647105e+00 6.975419043410814937e-03
8.329991485470101820e-01 -6.842807943165239770e+00 -1.213579963388153760e-03
8.339991475248577091e-01 -6.898176780188506996e+00 -9.450103403519979212e-03
8.349991465027052362e-01 -6.952209612986889553e+00 -1.773240913214600006e-02
8.359991454805526523e-01 -7.004857747348480324e+00 -2.605870566110412775e-02
8.369991444584001794e-01 -7.056071525044588455e+00 -3.442715131100541892e-02
8.379991434362477065e-01 -7.105800308419156330e+00 -4.283585335141856798e-02
8.389991424140952336e-01 -7.153992464757796377e+00 -5.128286712817859555e-02
8.399991413919427607e-01 -7.200595350433183661e+00 -5.976619517835964068e-02
8.409991403697902879e-01 -7.245555294824432835e+00 -6.828378633272266796e-02
8.419991393476378150e-01 -7.288817584007531103e+00 -7.683353480524880708e-02
8.429991383254852311e-01 -7.330326444213587145e+00 -8.541327926966715833e-02
8.439991373033327582e-01 -7.370025025051970324e+00 -9.402080192281417337e-02
8.449991362811802853e-01 -7.407855382495099228e+00 -1.026538275346379481e-01
8.459991352590278124e-01 -7.443758461621943212e+00 -1.113100224846951258e-01
8.469991342368753395e-01 -7.477674079116907180e+00 -1.199869937849492724e-01
8.479991332147228666e-01 -7.509540905520990961e+00 -1.286822880887003306e-01
8.489991321925703938e-01 -7.539296447231982334e+00 -1.373933906854638565e-01
8.499991311704178099e-01 -7.566877028250336146e+00 -1.461177244816183052e-01
8.509991301482653370e-01 -7.592217771667558956e+00 -1.548526489666418038e-01
8.519991291261128641e-01 -7.615252580893560719e+00 -1.635954591647385270e-01
8.529991281039603912e-01 -7.635914120619765377e+00 -1.723433845716847990e-01
8.539991270818079183e-01 -7.654133797514424131e+00 -1.810935880766910422e-01
8.549991260596554454e-01 -7.669841740646673678e+00 -1.898431648690946660e-01
8.559991250375029725e-01 -7.682966781635927056e+00 -1.985891413300366892e-01
8.569991240153503886e-01 -7.693436434522874734e+00 -2.073284739079334360e-01
8.579991229931979158e-01 -7.701176875358609841e+00 -2.160580479782394647e-01
8.589991219710454429e-01 -7.706112921508093017e+00 -2.247746766876865532e-01
8.599991209488929700e-01 -7.708168010664488534e+00 -2.334750997821513907e-01
8.609991199267404971e-01 -7.707264179570513463e+00 -2.421559824181410692e-01
8.619991189045880242e-01 -7.703322042443000228e+00 -2.508139139576931465e-01
8.629991178824355513e-01 -7.696260769096995524e+00 -2.594454067464787017e-01
8.639991168602829674e-01 -7.685998062765382777e+00 -2.680468948748913616e-01
8.649991158381304945e-01 -7.672450137610214327e+00 -2.766147329219114104e-01
8.659991148159780217e-01 -7.655531695921790281e+00 -2.851451946815147243e-01
8.669991137938255488e-01 -7.635155905001460575e+00 -2.936344718714185564e-01
8.679991127716730759e-01 -7.611234373724174773e+00 -3.020786728239289176e-01
8.689991117495206030e-01 -7.583677128776627363e+00 -3.104738211586686170e-01
8.699991107273681301e-01 -7.552392590566899599e+00 -3.188158544369526504e-01
8.709991097052155462e-01 -7.517287548801418140e+00 -3.271006227975797320e-01
8.719991086830630733e-01 -7.478267137725001845e+00 -3.353238875738091540e-01
8.729991076609106004e-01 -7.435234811019745926e+00 -3.434813198912733956e-01
8.739991066387581276e-01 -7.388092316358253697e+00 -3.515684992490442085e-01
8.749991056166056547e-01 -7.336739669606728853e+00 -3.595809120790760538e-01
8.759991045944531818e-01 -7.281075128673983876e+00 -3.675139502802276525e-01
8.769991035723007089e-01 -7.220995167001846404e+00 -3.753629097405059012e-01
8.779991025501481250e-01 -7.156394446692089240e+00 -3.831229888361461500e-01
8.789991015279956521e-01 -7.087165791265468862e+00 -3.907892869101265987e-01
8.799991005058431792e-01 -7.013200158048267241e+00 -3.983568027298751701e-01
8.809990994836907063e-01 -6.934386610181660693e+00 -4.058204329239338271e-01
8.819990984615382335e-01 -6.850612288249140924e+00 -4.131749703972995569e-01
8.829990974393857606e-01 -6.761762381517277376e+00 -4.204151027251827322e-01
8.839990964172332877e-01 -6.667720098784966964e+00 -4.275354105249107861e-01
8.849990953950807038e-01 -6.568366638836270255e+00 -4.345303658057069196e-01
8.859990943729282309e-01 -6.463581160491906452e+00 -4.413943302960694481e-01
8.869990933507757580e-01 -6.353240752254496471e+00 -4.481215537484612987e-01
8.879990923286232851e-01 -6.237220401542352910e+00 -4.547061722210132273e-01
8.889990913064708122e-01 -6.115392963506978141e+00 -4.611422063353011747e-01
8.899990902843183394e-01 -5.987629129428908570e+00 -4.674235595121959963e-01
8.909990892621658665e-01 -5.853797394686666600e+00 -4.735440161829840289e-01
8.919990882400132826e-01 -5.713764026293720377e+00 -4.794972399761225357e-01
8.929990872178608097e-01 -5.567393029997966813e+00 -4.852767718798078334e-01
8.939990861957083368e-01 -5.414546116938675269e+00 -4.908760283798168089e-01
8.949990851735558639e-01 -5.255082669855114297e+00 -4.962882995723290613e-01
8.959990841514033910e-01 -5.088859708841607876e+00 -5.015067472514022073e-01
8.969990831292509181e-01 -4.915731856643429154e+00 -5.065244029708090290e-01
8.979990821070984452e-01 -4.735551303487916641e+00 -5.113341660799046728e-01
8.989990810849459724e-01 -4.548167771445264407e+00 -5.159288017332182008e-01
8.999990800627933885e-01 -4.353428478313143835e+00 -5.203009388734354257e-01
9.009990790406409156e-01 -4.151178101019473488e+00 -5.244430681874604483e-01
9.019990780184884427e-01 -3.941258738537694040e+00 -5.283475400352108942e-01
9.029990769963359698e-01 -3.723509874307618706e+00 -5.320065623537505450e-01
9.039990759741834969e-01 -3.497768338154354950e+00 -5.354121985371912418e-01
9.049990749520310240e-01 -3.263868267703381232e+00 -5.385563652667886281e-01
9.059990739298785511e-01 -3.021641069286396419e+00 -5.414308303333661421e-01
9.069990729077259672e-01 -2.770915378327930778e+00 -5.440272104256387298e-01
9.079990718855734944e-01 -2.511517019207656354e+00 -5.463369688885331144e-01
9.089990708634210215e-01 -2.243268964592795456e+00 -5.483514134518492344e-01
9.099990698412685486e-01 -1.965991294233775610e+00 -5.500616939289134644e-01
9.109990688191160757e-01 -1.679501153217189069e+00 -5.514587998848587969e-01
9.119990677969636028e-01 -1.383612709669484575e+00 -5.525335582741560669e-01
9.129990667748111299e-01 -1.078137111904963197e+00 -5.532766310470449422e-01
9.139990657526585460e-01 -7.628824450115697653e-01 -5.536785127244684412e-01
9.149990647305060731e-01 -4.376536868678523318e-01 -5.537295279406179160e-01
9.159990637083536003e-01 -1.022526635852307048e-01 -5.534198289526361947e-01
9.169990626862011274e-01 2.435219956324783386e-01 -5.527393931214726885e-01
9.179990616640486545e-01 5.998749042185734792e-01 -5.516780203559716877e-01
9.189990606418961816e-01 9.670139645683802909e-01 -5.502253305244948489e-01
9.199990596197437087e-01 1.345150414966589159e+00 -5.483707608328485250e-01
9.209990585975911248e-01 1.734498877123895166e+00 -5.461035631679971303e-01
9.219990575754386519e-01 2.135277404330115480e+00 -5.434128014071558654e-01
9.229990565532861790e-01 2.547707530230145956e+00 -5.402873486918583490e-01
9.239990555311337062e-01 2.972014318230599805e+00 -5.367158846665797123e-01
9.249990545089812333e-01 3.408426411543585832e+00 -5.326868926815082617e-01
9.259990534868287604e-01 3.857176083874942929e+00 -5.281886569590347191e-01
9.269990524646762875e-01 4.318499290766505183e+00 -5.232092597279639490e-01
9.279990514425237036e-01 4.792635721605535970e+00 -5.177365783253692344e-01
9.289990504203712307e-01 5.279828852295736397e+00 -5.117582822309000301e-01
9.299990493982187578e-01 5.780325998594300962e+00 -5.052618300922455674e-01
9.309990483760662849e-01 6.294378370135702561e+00 -4.982344667048399511e-01
9.319990473539138121e-01 6.822241125144657303e+00 -4.906632199518074500e-01
9.329990463317613392e-01 7.364173425845581100e+00 -4.825348977045484378e-01
9.339990453096088663e-01 7.920438494576034216e+00 -4.738360846835283358e-01
9.349990442874562824e-01 8.491303670611550558e+00 -4.645531392787946023e-01
9.359990432653038095e-01 9.077040467709803551e+00 -4.546721903297643030e-01
9.369990422431513366e-01 9.677924632380964454e+00 -4.441791338637002817e-01
9.379990412209988637e-01 1.029423620289352392e+01 -4.330596297924090843e-01
9.389990401988463908e-01 1.092625956902113593e+01 -4.212990985675734712e-01
9.399990391766939180e-01 1.157428353253810549e+01 -4.088827177926845358e-01
9.409990381545414451e-01 1.223860136847213731e+01 -3.957954187920855738e-01
9.419990371323888612e-01 1.291951088712128914e+01 -3.820218831364531331e-01
9.429990361102363883e-01 1.361731449684303819e+01 -3.675465391242115909e-01
9.439990350880839154e-01 1.433231926762156583e+01 -3.523535582184092463e-01
9.449990340659314425e-01 1.506483699542209642e+01 -3.364268514385538866e-01
9.459990330437789696e-01 1.581518426733819638e+01 -3.197500657069269892e-01
9.469990320216264967e-01 1.658368252754683425e+01 -3.023065801534528529e-01
9.479990309994740239e-01 1.737065814409399778e+01 -2.840795023765910754e-01
9.489990299773214399e-01 1.817644247648379974e+01 -2.650516646311094071e-01
9.499990289551689671e-01 1.900137194407311725e+01 -2.452056199946472947e-01
9.509990279330164942e-01 1.984578809530772148e+01 -2.245236384791053363e-01
9.519990269108640213e-01 2.071003767779798110e+01 -2.029877030927256520e-01
9.529990258887115484e-01 2.159447270923772066e+01 -1.805795058529870156e-01
9.539990248665590755e-01 2.249945054917304788e+01 -1.572804437497907493e-01
9.549990238444066026e-01 2.342533397162702968e+01 -1.330716146585389226e-01
9.559990228222540187e-01 2.437249123859285049e+01 -1.079338132030834285e-01
9.569990218001015458e-01 2.534129617439158721e+01 -8.184752656516994240e-02
9.579990207779490730e-01 2.633212824089031301e+01 -5.479293024395034961e-02
9.589990197557966001e-01 2.734537261359562876e+01 -2.674988376306004084e-02
9.599990187336441272e-01 2.838142025862132201e+01 2.302073675146096982e-03
9.609990177114916543e-01 2.944066801052975180e+01 3.238372758848353378e-02
9.619990166893391814e-01 3.052351865104517259e+01 6.351619266736036051e-02
9.629990156671865975e-01 3.163038098863542658e+01 9.572091728117324005e-02
9.639990146450341246e-01 3.276166993901004076e+01 1.290196880468640062e-01
9.649990136228816517e-01 3.391780660650523060e+01 1.634346344479653546e-01
9.659990126007291789e-01 3.509921836627007252e+01 1.989882335041838479e-01
9.669990115785767060e-01 3.630633894728102717e+01 2.357033145045042133e-01
9.679990105564242331e-01 3.753960851619348915e+01 2.736030637949034006e-01
9.689990095342717602e-01 3.879947376198159503e+01 3.127110296230684594e-01
9.699990085121191763e-01 4.008638798133127068e+01 3.530511270411050839e-01
9.709990074899667034e-01 4.140081116476396517e+01 3.946476428731559016e-01
9.719990064678142305e-01 4.274321008339311589e+01 4.375252407256999820e-01
9.729990054456617576e-01 4.411405837619848569e+01 4.817089660630848869e-01
9.739990044235092848e-01 4.551383663772846688e+01 5.272242513404589159e-01
9.749990034013568119e-01 4.694303250606336064e+01 5.740969211914284109e-01
9.759990023792043390e-01 4.840214075081043887e+01 6.223531976702808555e-01
9.769990013570517551e-01 4.989166336088370457e+01 6.720197055841601319e-01
9.779990003348992822e-01 5.141210963182364679e+01 7.231234779512007993e-01
9.789989993127468093e-01 5.296399625186624860e+01 7.756919612976618250e-01
9.799989982905943364e-01 5.454784738586536719e+01 8.297530211743490147e-01
9.809989972684418635e-01 5.616419475611781564e+01 8.853349476858191069e-01
9.819989962462893907e-01 5.781357771834235848e+01 9.424664610642317086e-01
9.829989952241369178e-01 5.949654333036718867e+01 1.001176717323676524e+00
9.839989942019843339e-01 6.121364640958314141e+01 1.061495313834127430e+00
9.849989931798318610e-01 6.296544957304521972e+01 1.123452294954364827e+00
9.859989921576793881e-01 6.475252325064197123e+01 1.187078157629872344e+00
9.869989911355269152e-01 6.657544565535989989e+01 1.252403856918500757e+00
9.879989901133744423e-01 6.843480268422986512e+01 1.319460812142738915e+00
9.889989890912219694e-01 7.033118770166518630e+01 1.388280911710889631e+00
9.899989880690694966e-01 7.226520111531388579e+01 1.458896518018645283e+00
9.909989870469169126e-01 7.423744957099620478e+01 1.531340471824044869e+00
9.919989860247644398e-01 7.624854440575177250e+01 1.605646095420675268e+00
9.929989850026119669e-01 7.829909855113395167e+01 1.681847193365819892e+00
9.939989839804594940e-01 8.038971990525189426e+01 1.759978048323427524e+00
9.949989829583070211e-01 8.252099570552184105e+01 1.840073405844435461e+00
9.959989819361545482e-01 8.469345024484209716e+01 1.922168430032996644e+00
9.969989809140020753e-01 8.690740463340803501e+01 2.006298568248706449e+00
9.979989798918494914e-01 8.916232779587787149e+01 2.092499021870191989e+00
9.984989793807732550e-01 9.030717743167065237e+01 2.136385913815429749e+00
9.989989788696970185e-01 9.146250277373785309e+01 2.180804495205540761e+00
9.991989786652666350e-01 9.192801202628740498e+01 2.198721714763566482e+00
9.993989784608360294e-01 9.239526978344797215e+01 2.216725095844123139e+00
9.995989782564055348e-01 9.286423317238737241e+01 2.234814933769234901e+00
9.996989781541902875e-01 9.309943141577073789e+01 2.243892359353859778e+00
9.997989780519750402e-01 9.333505721651134479e+01 2.252991515387785970e+00
9.998389780110890079e-01 9.342944473260126870e+01 2.256637269701649462e+00
9.998789779702028646e-01 9.352390291910541009e+01 2.260286509668615551e+00
9.999189779293167213e-01 9.361842990440700873e+01 2.263939237613915800e+00
9.999389779088736496e-01 9.366572221768240070e+01 2.265766910243153021e+00
9.999589778884305780e-01 9.371303171697933010e+01 2.267595455774797930e+00
9.999669778802533493e-01 9.373196101475247133e+01 2.268327118456492375e+00
9.999749778720761206e-01 9.375089314578924871e+01 2.269058920870154594e+00
9.999829778638988920e-01 9.376982803901924513e+01 2.269790863033418926e+00
9.999869778598102776e-01 9.377929663803318761e+01 2.270156886526091267e+00
9.999909778557217743e-01 9.378876592929891842e+01 2.270522944962975131e+00
9.999929778536774672e-01 9.379350086241484519e+01 2.270705987286072425e+00
9.999949778516331600e-01 9.379823596939746722e+01 2.270889038346030731e+00
9.999959778506110064e-01 9.380060359456516039e+01 2.270980567152400376e+00
9.999969778495888528e-01 9.380297126366068028e+01 2.271072098143079199e+00
9.999976445155741578e-01 9.380454973544537722e+01 2.271133120017057472e+00
9.999983111815593517e-01 9.380612822655741923e+01 2.271194142861852061e+00
9.999986445145518932e-01 9.380691748007645003e+01 2.271224654648304586e+00
9.999989778475445457e-01 9.380770673848125796e+01 2.271255166677478066e+00
9.999991822780356365e-01 9.380819078700200464e+01 2.271273879587018651e+00
9.999993867085267274e-01 9.380867483737397095e+01 2.271292592592038861e+00
9.999995911390178183e-01 9.380915888954540094e+01 2.271311305689752924e+00
9.999996933542634192e-01 9.380940091638532863e+01 2.271320662272504620e+00
9.999997955695089091e-01 9.380964294367365142e+01 2.271330018877377732e+00
9.999998364556070829e-01 9.380973975473280291e+01 2.271333761525442974e+00
9.999998773417053677e-01 9.380983656586619190e+01 2.271337504176982325e+00
9.999999182278035414e-01 9.380993337707128887e+01 2.271341246831952709e+00
9.999999386708526838e-01 9.380998178270426990e+01 2.271343118160727315e+00
9.999999591139017152e-01 9.381003018835522766e+01 2.271344989490342137e+00
9.999999727426012175e-01 9.381006245880055872e+01 2.271346237043903038e+00
9.999999863713004977e-01 9.381009472925384785e+01 2.271347484597820987e+00
1.000000000000000000e+00 9.381012699971397240e+01 2.271348732152135508e+00
