# 0 2 1.45580536786 0.4909122715
# x xi_r xi_h
0.000000000000000000e+00 0.000000000000000000e+00 0.000000000000000000e+00
9.999989778475689654e-04 3.334727404114393428e-03 1.667362034965788435e-03
1.045453476840639898e-03 3.486305807108673604e-03 1.743151363762191451e-03
1.090907975833711914e-03 3.637884280500060762e-03 1.818940682701245589e-03
1.136362474826783063e-03 3.789462814780619661e-03 1.894729995575245669e-03
1.181816973819853995e-03 3.941041403143818837e-03 1.970519305289807760e-03
1.227271472812926012e-03 4.092620040726571359e-03 2.046308614114982546e-03
1.272725971805996944e-03 4.244198724082972642e-03 2.122097923859273677e-03
1.318180470799068093e-03 4.395777450813577458e-03 2.197887235992073470e-03
1.363634969792139892e-03 4.547356219300714535e-03 2.273676551730888923e-03
1.409089468785211042e-03 4.698935028517101445e-03 2.349465872104257533e-03
1.454543967778281974e-03 4.850513877885874979e-03 2.425255197997631170e-03
1.545452965764424922e-03 5.153671698161584394e-03 2.576833868780297430e-03
1.636361963750567004e-03 5.456829679248153230e-03 2.728412570042181365e-03
1.727270961736709952e-03 5.759987824985279142e-03 2.879991306245449720e-03
1.818179959722852901e-03 6.063146140971040557e-03 3.031570081331782813e-03
1.909088957708994982e-03 6.366304633949689332e-03 3.183148898916575952e-03
1.999997955695137931e-03 6.669463311432869551e-03 3.334727762407172121e-03
2.071426454112821041e-03 6.907659548905233787e-03 3.453825474578567194e-03
2.142854952530505019e-03 7.145855909029049519e-03 3.572923216491710827e-03
2.214283450948188996e-03 7.384052395557269555e-03 3.692020989238310475e-03
2.285711949365872107e-03 7.622249012309779276e-03 3.811118793878515067e-03
2.428568946201239195e-03 8.098642660358918235e-03 4.049314500189837504e-03
2.571425943036605849e-03 8.575036874536685547e-03 4.287510346804793669e-03
2.714282939871972937e-03 9.051431687014417984e-03 4.525706341409003498e-03
2.857139936707340025e-03 9.527827130002939834e-03 4.763902491588487345e-03
2.999996933542707113e-03 1.000422323571688484e-02 5.002098804854387092e-03
3.099996831327464161e-03 1.033770091710509501e-02 5.168836327443926577e-03
3.199996729112221210e-03 1.067117895087046214e-02 5.335573937918136958e-03
3.399996524681734005e-03 1.133813614371243297e-02 5.669049426227475846e-03
3.599996320251248102e-03 1.200509487694791620e-02 6.002525301729247365e-03
3.799996115820762198e-03 1.267205524239986038e-02 6.336001586635576881e-03
3.999995911390275861e-03 1.333901733151471834e-02 6.669478303259910625e-03
4.249995655852168916e-03 1.417272252740850100e-02 7.086324833306262283e-03
4.499995400314061103e-03 1.500643073266111349e-02 7.503172118988298174e-03
4.749995144775953290e-03 1.584014212635318983e-02 7.920020204186847823e-03
4.999994889237844610e-03 1.667385688703954330e-02 8.336869132967848761e-03
5.166661385545773602e-03 1.722966866267846425e-02 8.614768917039201598e-03
5.333327881853702594e-03 1.778548206945537377e-02 8.892669107741880269e-03
5.666660874469558844e-03 1.889711409209334989e-02 9.448470726446099935e-03
5.999993867085415093e-03 2.000875324533052391e-02 1.000427413752613508e-02
6.333326859701272210e-03 2.112039995454733851e-02 1.056007944447614512e-02
6.666659852317127592e-03 2.223205464353920566e-02 1.111588675133298558e-02
6.999992844932983842e-03 2.334371773505991565e-02 1.167169616238137274e-02
7.333325837548840959e-03 2.445538965117280764e-02 1.222750778222018650e-02
7.666658830164697208e-03 2.556707081351659860e-02 1.278332171564259406e-02
7.999991822780553458e-03 2.667876164341609346e-02 1.333913806742411182e-02
8.499991311704337832e-03 2.834631720331467694e-02 1.417286727001710808e-02
8.999990800628122206e-03 3.001389682991624161e-02 1.500660252219695838e-02
9.499990289551906580e-03 3.168150195915840628e-02 1.584034417316482202e-02
9.999989778475690955e-03 3.334913402161608642e-02 1.667409257400978215e-02
1.049998926739948053e-02 3.501679444438592081e-02 1.750784807726390307e-02
1.099998875632325970e-02 3.668448465241653383e-02 1.834161103563549181e-02
1.149998824524704061e-02 3.835220606904290314e-02 1.917538180396816810e-02
1.199998773417083019e-02 4.001996011700922201e-02 2.000916073483651955e-02
1.249998722309460936e-02 4.168774821760551363e-02 2.084294818313819561e-02
1.299998671201840067e-02 4.335557179249323323e-02 2.167674450249468948e-02
1.349998620094217984e-02 4.502343226198358972e-02 2.251055004697097295e-02
1.399998568986596074e-02 4.669133104707647031e-02 2.334436517160107250e-02
1.449998517878975032e-02 4.835926956774973251e-02 2.417819022880295099e-02
1.499998466771352949e-02 5.002724924437481485e-02 2.501202557558518738e-02
1.549998415663732081e-02 5.169527149731991539e-02 2.584587156568734015e-02
1.599998364556109998e-02 5.336333774686355391e-02 2.667972855495247264e-02
1.699998262340866872e-02 5.669961080711705820e-02 2.834747598866802637e-02
1.799998160125624094e-02 6.003607632357818580e-02 3.001527187061351840e-02
1.899998057910380969e-02 6.337274583062277311e-02 3.168311898134211491e-02
1.999997955695137150e-02 6.670963080749565954e-02 3.335102012022733015e-02
2.099997853479894025e-02 7.004674269977928525e-02 3.501897810737910482e-02
2.199997751264650900e-02 7.338409293191830440e-02 3.668699576561468972e-02
2.299997649049408122e-02 7.672169291381619738e-02 3.835507592072751049e-02
2.399997546834164996e-02 8.005955404541367781e-02 4.002322140017230273e-02
2.499997444618921871e-02 8.339768772072678193e-02 4.169143504022097824e-02
2.599997342403678052e-02 8.673610533125994393e-02 4.335971968282729960e-02
2.699997240188434927e-02 9.007481826704732963e-02 4.502807816497970961e-02
2.799997137973192149e-02 9.341383791680867021e-02 4.669651332291670232e-02
2.899997035757949024e-02 9.675317566859623075e-02 4.836502799302878908e-02
2.999996933542705899e-02 1.000928429115641033e-01 5.003362502353912722e-02
3.099996831327463120e-02 1.034328510368635046e-01 5.170230725811603145e-02
3.199996729112219301e-02 1.067732114370376628e-01 5.337107753760062662e-02
3.299996626896976176e-02 1.101139355058240038e-01 5.503993870126845656e-02
3.399996524681733051e-02 1.134550346387840219e-01 5.670889359437706473e-02
3.499996422466491314e-02 1.167965202346175763e-01 5.837794507010937023e-02
3.599996320251246801e-02 1.201384036949849909e-01 6.004709597266474908e-02
3.699996218036005063e-02 1.234806964236329213e-01 6.171634914451923359e-02
3.799996115820761938e-02 1.268234098262149001e-01 6.338570742600116437e-02
3.899996013605520201e-02 1.301665553103275863e-01 6.505517365792821971e-02
3.999995911390275688e-02 1.335101442871900468e-01 6.672475070085583104e-02
4.099995809175033951e-02 1.368541881722793729e-01 6.839444140577641273e-02
4.199995706959790825e-02 1.401986983842138101e-01 7.006424861947124771e-02
4.299995604744547700e-02 1.435436863443655398e-01 7.173417518700569984e-02
4.399995502529305269e-02 1.468891634766811283e-01 7.340422395129000965e-02
4.499995400314062838e-02 1.502351412085070892e-01 7.507439776799001985e-02
4.599995298098819713e-02 1.535816309716792893e-01 7.674469949673119740e-02
4.699995195883577281e-02 1.569286442020739469e-01 7.841513198798751028e-02
4.799995093668334156e-02 1.602761923389106891e-01 8.008569809073814993e-02
4.899994991453091725e-02 1.636242868245942894e-01 8.175640065199236972e-02
4.999994889237849294e-02 1.669729391048608291e-01 8.342724252181120403e-02
5.099994787022606169e-02 1.703221606300255042e-01 8.509822656723971257e-02
5.199994684807363043e-02 1.736719628552238215e-01 8.676935564396749678e-02
5.299994582592121306e-02 1.770223572395573652e-01 8.844063260516894787e-02
5.399994480376876793e-02 1.803733552458860745e-01 9.011206030232843389e-02
5.499994378161635056e-02 1.837249683399691247e-01 9.178364157187461625e-02
5.599994275946391931e-02 1.870772079933696042e-01 9.345537931625549910e-02
5.699994173731148805e-02 1.904300856832695787e-01 9.512727637232835931e-02
5.799994071515905680e-02 1.937836128902519495e-01 9.679933560074706345e-02
5.899993969300663249e-02 1.971378010994728758e-01 9.847155985944544554e-02
5.999993867085420818e-02 2.004926618003989858e-01 1.001439520035907887e-01
6.099993764870177693e-02 2.038482064869709398e-01 1.018165148934966208e-01
6.199993662654935261e-02 2.072044466584561373e-01 1.034892514012779458e-01
6.299993560439692830e-02 2.105613938195090018e-01 1.051621643894956604e-01
6.399993458224449705e-02 2.139190594797068523e-01 1.068352567209966686e-01
6.499993356009206580e-02 2.172774551536199028e-01 1.085085312595188284e-01
6.599993253793963455e-02 2.206365923609207857e-01 1.101819908699911976e-01
6.699993151578721717e-02 2.239964826265175568e-01 1.118556384188132691e-01
6.799993049363478592e-02 2.273571374805962997e-01 1.135294767717137110e-01
6.899992947148235467e-02 2.307185684586692820e-01 1.152035087959102366e-01
6.999992844932992342e-02 2.340807871017805686e-01 1.168777373615714904e-01
7.099992742717750605e-02 2.374438049567272890e-01 1.185521653410840648e-01
7.199992640502507479e-02 2.408076335762489584e-01 1.202267956093399232e-01
7.299992538287264354e-02 2.441722845192294544e-01 1.219016310440257794e-01
7.399992436072021229e-02 2.475377693508243326e-01 1.235766745238167652e-01
7.499992333856779492e-02 2.509040996419421576e-01 1.252519289141833803e-01
7.599992231641536367e-02 2.542712869690378907e-01 1.269273970879196689e-01
7.699992129426293241e-02 2.576393429145682479e-01 1.286030819211678999e-01
7.799992027211050116e-02 2.610082790671724440e-01 1.302789862911252483e-01
7.899991924995808379e-02 2.643781070217587348e-01 1.319551130760737434e-01
7.999991822780565254e-02 2.677488383795919025e-01 1.336314651554127431e-01
8.099991720565322129e-02 2.711204847483756342e-01 1.353080454095350882e-01
8.199991618350079003e-02 2.744930577423255746e-01 1.369848567196835232e-01
8.299991516134837266e-02 2.778665689822530926e-01 1.386619019684711129e-01
8.399991413919594141e-02 2.812410300956641462e-01 1.403391840397051893e-01
8.499991311704351016e-02 2.846164527168476566e-01 1.420167058184092224e-01
8.599991209489107891e-02 2.879928484869653249e-01 1.436944701908564881e-01
8.699991107273866153e-02 2.913702290541428375e-01 1.453724800445986287e-01
8.799991005058623028e-02 2.947486060735359237e-01 1.470507382677773978e-01
8.899990902843379903e-02 2.981279912073920846e-01 1.487292477496334198e-01
8.999990800628136778e-02 3.015083961251456279e-01 1.504080113809896646e-01
9.099990698412895040e-02 3.048898325035165335e-01 1.520870320539350340e-01
9.199990596197651915e-02 3.082723120265976058e-01 1.537663126618515896e-01
9.299990493982408790e-02 3.116558463859432915e-01 1.554458560994428917e-01
9.399990391767165665e-02 3.150404472806547784e-01 1.571256652626703554e-01
9.499990289551923928e-02 3.184261264174400585e-01 1.588057430480023791e-01
9.599990187336680802e-02 3.218128955106840938e-01 1.604860923534902617e-01
9.699990085121437677e-02 3.252007662825480150e-01 1.621667160786251782e-01
9.799989982906194552e-02 3.285897504630591603e-01 1.638476171242167490e-01
9.899989880690952815e-02 3.319798597901958970e-01 1.655287983924185746e-01
9.999989778475709690e-02 3.353711060099743846e-01 1.672102627867525781e-01
1.009998967626046934e-01 3.387635008765282896e-01 1.688920132119155204e-01
1.019998957404522066e-01 3.421570561521773413e-01 1.705740525735600643e-01
1.029998947182998031e-01 3.455517836075121529e-01 1.722563837791460106e-01
1.039998936961473996e-01 3.489476950214960294e-01 1.739390097375936028e-01
1.049998926739949962e-01 3.523448021815535069e-01 1.756219333592905774e-01
1.059998916518424955e-01 3.557431168836582835e-01 1.773051575561229998e-01
1.069998906296901059e-01 3.591426509324235350e-01 1.789886852415104312e-01
1.079998896075377024e-01 3.625434161411923983e-01 1.806725193304388188e-01
1.089998885853852018e-01 3.659454243321307865e-01 1.823566627394968831e-01
1.099998875632327983e-01 3.693486873363172607e-01 1.840411183869160028e-01
1.109998865410803948e-01 3.727532169938351236e-01 1.857258891924446764e-01
1.119998855189280051e-01 3.761590251537838547e-01 1.874109780747381659e-01
1.129998844967755045e-01 3.795661236743274047e-01 1.890963879549713567e-01
1.139998834746231010e-01 3.829745244228305867e-01 1.907821217567136074e-01
1.149998824524706975e-01 3.863842392759725963e-01 1.924681824051605317e-01
1.159998814303182940e-01 3.897952801198357187e-01 1.941545728271684423e-01
1.169998804081657934e-01 3.932076588499982539e-01 1.958412959512920715e-01
1.179998793860134038e-01 3.966213873716256111e-01 1.975283547078229285e-01
1.189998783638610003e-01 4.000364775995652322e-01 1.992157520288281580e-01
1.199998773417084996e-01 4.034529414584387408e-01 2.009034908481954484e-01
1.209998763195560961e-01 4.068707908827387532e-01 2.025915741016752480e-01
1.219998752974037065e-01 4.102900378168809481e-01 2.042800047250779016e-01
1.229998742752512059e-01 4.137106942151969613e-01 2.059687856537709416e-01
1.239998732530988024e-01 4.171327720420368590e-01 2.076579198273079685e-01
1.249998722309463989e-01 4.205562832719227928e-01 2.093474101870550497e-01
1.259998712087939954e-01 4.239812398896400936e-01 2.110372596761771469e-01
1.269998701866416058e-01 4.274076538903298084e-01 2.127274712396747813e-01
1.279998691644891051e-01 4.308355372795809601e-01 2.144180478244235022e-01
1.289998681423366877e-01 4.342649020735249721e-01 2.161089923792170187e-01
1.299998671201842981e-01 4.376957602989312024e-01 2.178003078548098603e-01
1.309998660980317975e-01 4.411281239932999809e-01 2.194919972039602596e-01
1.319998650758794079e-01 4.445620052049531479e-01 2.211840633810645829e-01
1.329998640537269905e-01 4.479974159930315558e-01 2.228765093386132212e-01
1.339998630315744899e-01 4.514343684275446966e-01 2.245693380328575017e-01
1.349998620094221002e-01 4.548728745895253001e-01 2.262625524227646900e-01
1.359998609872697106e-01 4.583129465711394124e-01 2.279561554692421665e-01
1.369998599651172932e-01 4.617545964757818755e-01 2.296501501351757568e-01
1.379998589429647926e-01 4.651978364181653669e-01 2.313445393854698384e-01
1.389998579208124030e-01 4.686426785244180993e-01 2.330393261870917498e-01
1.399998568986600134e-01 4.720891349321790220e-01 2.347345135091150337e-01
1.409998558765075127e-01 4.755372177906929676e-01 2.364301043227678978e-01
1.419998548543550954e-01 4.789869392609105159e-01 2.381261016014822041e-01
1.429998538322027057e-01 4.824383115155282398e-01 2.398225083182232986e-01
1.439998528100502884e-01 4.858913467389942009e-01 2.415193274464010886e-01
1.449998517878977877e-01 4.893460571276254667e-01 2.432165619640079546e-01
1.459998507657453981e-01 4.928024548897532719e-01 2.449142148511209427e-01
1.469998497435930085e-01 4.962605522458164997e-01 2.466122890899339060e-01
1.479998487214405911e-01 4.997203614284568829e-01 2.483107876648001366e-01
1.489998476992880905e-01 5.031818946826127625e-01 2.500097135622779132e-01
1.499998466771357009e-01 5.066451642656170096e-01 2.517090697711738545e-01
1.509998456549833112e-01 5.101101824472932256e-01 2.534088592825914921e-01
1.519998446328308106e-01 5.135769615100538310e-01 2.551090850899835338e-01
1.529998436106783932e-01 5.170455137489360364e-01 2.568097501858807585e-01
1.539998425885260036e-01 5.205158514717219687e-01 2.585108575695519995e-01
1.549998415663735862e-01 5.239879869989660932e-01 2.602124102345761414e-01
1.559998405442211133e-01 5.274619326640375139e-01 2.619144111818362819e-01
1.569998395220686960e-01 5.309377008133117082e-01 2.636168634144128720e-01
1.579998384999163064e-01 5.344153038062665617e-01 2.653197699376416696e-01
1.589998374777638890e-01 5.378947540155727403e-01 2.670231337591705278e-01
1.599998364556113883e-01 5.413760638271924996e-01 2.687269578890144062e-01
1.609998354334589987e-01 5.448592456404763862e-01 2.704312453396162663e-01
1.619998344113066091e-01 5.483443118682602702e-01 2.721359991259010291e-01
1.629998333891541085e-01 5.518312749369681525e-01 2.738412222653263117e-01
1.639998323670016911e-01 5.553201472866310384e-01 2.755469177735813679e-01
1.649998313448493015e-01 5.588109413708962636e-01 2.772530886682322837e-01
1.659998303226969119e-01 5.623036696571722670e-01 2.789597379720406001e-01
1.669998293005444112e-01 5.657983446267733640e-01 2.806668687101616100e-01
1.679998282783919938e-01 5.692949787750177792e-01 2.823744839101737236e-01
1.689998272562396042e-01 5.727935846113213492e-01 2.840825866021095547e-01
1.699998262340871036e-01 5.762941746592948888e-01 2.857911798184849528e-01
1.709998252119346862e-01 5.797967614568413364e-01 2.875002665943268698e-01
1.719998241897822966e-01 5.833013575562515651e-01 2.892098499672032808e-01
1.729998231676299070e-01 5.868079755243039708e-01 2.909199329772500509e-01
1.739998221454774063e-01 5.903166279423603946e-01 2.926305186671985248e-01
1.749998211233249890e-01 5.938273274064653773e-01 2.943416100824009507e-01
1.759998201011725993e-01 5.973400865274466343e-01 2.960532102708577917e-01
1.769998190790202097e-01 6.008549179310099797e-01 2.977653222832175040e-01
1.779998180568677091e-01 6.043718342577704128e-01 2.994779491688150941e-01
1.789998170347152917e-01 6.078908481632824268e-01 3.011910939793605579e-01
1.799998160125629021e-01 6.114119723181685728e-01 3.029047597713229178e-01
1.809998149904104014e-01 6.149352194082524647e-01 3.046189496035973110e-01
1.819998139682580118e-01 6.184606021346497062e-01 3.063336665375038237e-01
1.829998129461055945e-01 6.219881332138569308e-01 3.080489136367778324e-01
1.839998119239530938e-01 6.255178253778415076e-01 3.097646939675653965e-01
1.849998109018007042e-01 6.290496913741322471e-01 3.114810105984134325e-01
1.859998098796482868e-01 6.325837439659055539e-01 3.131978666002595557e-01
1.869998088574958972e-01 6.361199959320753550e-01 3.149152650464194791e-01
1.879998078353435076e-01 6.396584600673799192e-01 3.166332090125741350e-01
1.889998068131910069e-01 6.431991491824688989e-01 3.183517015767546310e-01
1.899998057910385896e-01 6.467420761039892607e-01 3.200707458193248200e-01
1.909998047688862000e-01 6.502872536746738819e-01 3.217903448230295393e-01
1.919998037467336993e-01 6.538346947535168541e-01 3.235105016786605225e-01
1.929998027245813097e-01 6.573844122159483438e-01 3.252312194792957856e-01
1.939998017024288923e-01 6.609364189538706746e-01 3.269525013176938222e-01
1.949998006802763917e-01 6.644907278757070657e-01 3.286743502893020308e-01
1.959997996581240021e-01 6.680473519064947796e-01 3.303967694922760323e-01
1.969997986359716124e-01 6.716063039879790475e-01 3.321197620274849993e-01
1.979997976138191951e-01 6.751675970787107683e-01 3.338433309985214259e-01
1.989997965916666944e-01 6.787312441541376584e-01 3.355674795117143394e-01
1.999997955695143048e-01 6.822972582067017289e-01 3.372922106761346295e-01
2.009997945473618874e-01 6.858656522459330995e-01 3.390175276036092589e-01
2.019997935252093868e-01 6.894364392985444789e-01 3.407434334087259820e-01
2.029997925030569972e-01 6.930096324085275317e-01 3.424699312088453351e-01
2.039997914809046076e-01 6.965852446372458040e-01 3.441970241241081307e-01
2.049997904587521902e-01 7.001632890635314244e-01 3.459247152774688749e-01
2.059997894365996896e-01 7.037437787838004555e-01 3.476530077961037524e-01
2.069997884144472999e-01 7.073267269121685796e-01 3.493819048098895652e-01
2.079997873922949103e-01 7.109121465805311457e-01 3.511114094509449335e-01
2.089997863701424929e-01 7.145000509386556509e-01 3.528415248543207983e-01
2.099997853479899923e-01 7.180904531542755542e-01 3.545722541580137999e-01
2.109997843258376027e-01 7.216833664131901971e-01 3.563036005029825981e-01
2.119997833036852131e-01 7.252788039193608371e-01 3.580355670331654694e-01
2.129997822815327124e-01 7.288767788950117898e-01 3.597681568954953502e-01
2.139997812593802951e-01 7.324773045807257965e-01 3.615013732399164903e-01
2.149997802372279054e-01 7.360803942355453877e-01 3.632352192194005513e-01
2.159997792150754881e-01 7.396860611370695837e-01 3.649696979899639815e-01
2.169997781929229874e-01 7.432943185815537035e-01 3.667048127106837807e-01
2.179997771707705978e-01 7.469051798840090628e-01 3.684405665437160970e-01
2.189997761486182082e-01 7.505186583783002296e-01 3.701769626543061631e-01
2.199997751264657908e-01 7.541347674172456106e-01 3.719140042106591215e-01
2.209997741043132902e-01 7.577535203727127078e-01 3.736516943841244887e-01
2.219997730821609006e-01 7.613749306357204816e-01 3.753900363492496672e-01
2.229997720600085109e-01 7.649990116165393816e-01 3.771290332837305970e-01
2.239997710378560103e-01 7.686257767447912670e-01 3.788686883684302398e-01
2.249997700157035929e-01 7.722552394695518796e-01 3.806090047873956772e-01
2.259997689935512033e-01 7.758874132594476558e-01 3.823499857278714331e-01
2.269997679713988137e-01 7.795223116027614196e-01 3.840916343803201238e-01
2.279997669492463130e-01 7.831599480075266406e-01 3.858339539384367800e-01
2.289997659270938957e-01 7.868003360016343484e-01 3.875769475991653334e-01
2.299997649049415060e-01 7.904434891329322754e-01 3.893206185627164362e-01
2.309997638827890054e-01 7.940894209693257766e-01 3.910649700325893319e-01
2.319997628606365880e-01 7.977381450988799694e-01 3.928100052155800159e-01
2.329997618384841984e-01 8.013896751299220966e-01 3.945557273218002203e-01
2.339997608163318088e-01 8.050440246911403364e-01 3.963021395645625611e-01
2.349997597941793082e-01 8.087012074316876076e-01 3.980492451605517346e-01
2.359997587720268908e-01 8.123612370212814904e-01 3.997970473298681493e-01
2.369997577498745012e-01 8.160241271503090310e-01 4.015455492959858486e-01
2.379997567277221115e-01 8.196898915299296595e-01 4.032947542857750478e-01
2.389997557055696109e-01 8.233585438921791066e-01 4.050446655295175669e-01
2.399997546834171935e-01 8.270300979900702121e-01 4.067952862609224285e-01
2.409997536612648039e-01 8.307045675976973964e-01 4.085466197171447322e-01
2.419997526391123033e-01 8.343819665103409111e-01 4.102986691388010865e-01
2.429997516169599137e-01 8.380623085445700893e-01 4.120514377699892039e-01
2.439997505948074963e-01 8.417456075383479286e-01 4.138049288583042773e-01
2.449997495726551067e-01 8.454318773511327878e-01 4.155591456548554663e-01
2.459997485505026060e-01 8.491211318639860783e-01 4.173140914142856595e-01
2.469997475283501887e-01 8.528133849796765142e-01 4.190697693948309821e-01
2.479997465061977990e-01 8.565086506227788110e-01 4.208261828578769848e-01
2.489997454840454094e-01 8.602069427397786017e-01 4.225833350686586387e-01
2.499997444618929088e-01 8.639082752991795733e-01 4.243412292959949372e-01
2.509997434397405192e-01 8.676126622916103814e-01 4.260998688123058264e-01
2.519997424175879908e-01 8.713201177299283451e-01 4.278592568936322449e-01
2.529997413954355734e-01 8.750306556493254728e-01 4.296193968196507784e-01
2.539997403732832115e-01 8.787442901074344892e-01 4.313802918736903136e-01
2.549997393511307942e-01 8.824610351844351941e-01 4.331419453427480248e-01
2.559997383289783768e-01 8.861809049831602669e-01 4.349043605175072491e-01
2.569997373068259039e-01 8.899039136292007379e-01 4.366675406923521408e-01
2.579997362846734865e-01 8.936300752710145678e-01 4.384314891653867119e-01
2.589997352625211247e-01 8.973594040800310090e-01 4.401962092384484326e-01
2.599997342403687073e-01 9.010919142507597401e-01 4.419617042171283261e-01
2.609997332182161789e-01 9.048276200008977810e-01 4.437279774107868446e-01
2.619997321960638170e-01 9.085665355714354074e-01 4.454950321326126561e-01
2.629997311739112886e-01 9.123086752267659527e-01 4.472628716995761256e-01
2.639997301517589268e-01 9.160540532547931658e-01 4.490314994324535736e-01
2.649997291296065094e-01 9.198026839670373489e-01 4.508009186558527559e-01
2.659997281074540920e-01 9.235545816987460466e-01 4.525711326982384541e-01
2.669997270853016191e-01 9.273097608090006272e-01 4.543421448919416350e-01
2.679997260631492018e-01 9.310682356808261950e-01 4.561139585731803781e-01
2.689997250409967844e-01 9.348300207212992818e-01 4.578865770820736425e-01
2.699997240188444225e-01 9.385951303616580921e-01 4.596600037626610291e-01
2.709997229966918941e-01 9.423635790574109716e-01 4.614342419629172132e-01
2.719997219745394768e-01 9.461353812884464309e-01 4.632092950347676541e-01
2.729997209523871149e-01 9.499105515591422799e-01 4.649851663341069696e-01
2.739997199302345865e-01 9.536891043984768723e-01 4.667618592208138684e-01
2.749997189080822246e-01 9.574710543601362422e-01 4.685393770587698570e-01
2.759997178859298073e-01 9.612564160226283461e-01 4.703177232158724519e-01
2.769997168637773899e-01 9.650452039893907541e-01 4.720969010640521102e-01
2.779997158416249170e-01 9.688374328889026721e-01 4.738769139792886609e-01
2.789997148194724996e-01 9.726331173747964076e-01 4.756577653416929619e-01
2.799997137973200823e-01 9.764322721259697246e-01 4.774394585356925291e-01
2.809997127751677204e-01 9.802349118467016398e-01 4.792219969496340770e-01
2.819997117530151920e-01 9.840410512667583376e-01 4.810053839759627081e-01
2.829997107308627746e-01 9.878507051415051921e-01 4.827896230112626030e-01
2.839997097087104128e-01 9.916638882520217857e-01 4.845747174562776705e-01
2.849997086865578844e-01 9.954806154052115996e-01 4.863606707159268128e-01
2.859997076644055225e-01 9.993009014339133689e-01 4.881474861993173042e-01
2.869997066422531051e-01 1.003124761197018655e+00 4.899351673197641643e-01
2.879997056201005767e-01 1.006952209579579760e+00 4.917237174948019263e-01
2.889997045979482149e-01 1.010783261492925966e+00 4.935131401462060086e-01
2.899997035757957975e-01 1.014617931874773893e+00 4.953034387000037064e-01
2.909997025536433801e-01 1.018456235689346956e+00 4.970946165864917332e-01
2.919997015314910183e-01 1.022298187927481061e+00 4.988866772402488214e-01
2.929997005093384899e-01 1.026143803606745841e+00 5.006796241001547632e-01
2.939996994871860725e-01 1.029993097771553012e+00 5.024734606094024558e-01
2.949996984650337106e-01 1.033846085493275391e+00 5.042681902155135010e-01
2.959996974428811822e-01 1.037702781870357027e+00 5.060638163703500281e-01
2.969996964207288204e-01 1.041563202028436219e+00 5.078603425305565633e-01
2.979996953985764030e-01 1.045427361120466969e+00 5.096577721574704345e-01
2.989996943764238746e-01 1.049295274326830896e+00 5.114561087163742581e-01
2.999996933542715127e-01 1.053166956855451364e+00 5.132553556769918757e-01
3.009996923321190954e-01 1.057042423941904730e+00 5.150555165135055624e-01
3.019996913099666780e-01 1.060921690849541799e+00 5.168565947045720144e-01
3.029996902878143161e-01 1.064804772869602179e+00 5.186585937333411112e-01
3.039996892656617877e-01 1.068691685321329743e+00 5.204615170874695718e-01
3.049996882435094259e-01 1.072582443552091203e+00 5.222653682591406055e-01
3.059996872213570085e-01 1.076477062937495344e+00 5.240701507450788998e-01
3.069996861992044801e-01 1.080375558881505382e+00 5.258758680465676072e-01
3.079996851770521182e-01 1.084277946816561533e+00 5.276825236694614452e-01
3.089996841548997009e-01 1.088184242203696028e+00 5.294901211242080130e-01
3.099996831327471725e-01 1.092094460532653244e+00 5.312986639258616695e-01
3.109996821105948106e-01 1.096008617322006051e+00 5.331081555940950789e-01
3.119996810884423932e-01 1.099926728119276165e+00 5.349185996532205278e-01
3.129996800662899759e-01 1.103848808501051160e+00 5.367299996322033584e-01
3.139996790441376140e-01 1.107774874073104820e+00 5.385423590647024916e-01
3.149996780219850856e-01 1.111704940470522374e+00 5.403556814896971483e-01
3.159996769998327237e-01 1.115639023357825721e+00 5.421699704506902640e-01
3.169996759776803064e-01 1.119577138429088903e+00 5.439852294957061574e-01
3.179996749555277780e-01 1.123519301408052451e+00 5.458014621775375552e-01
3.189996739333754161e-01 1.127465528048251731e+00 5.476186720537602470e-01
3.199996729112228877e-01 1.131415834133128184e+00 5.494368626867572880e-01
3.209996718890705258e-01 1.135370235476159451e+00 5.512560376437317666e-01
3.219996708669181085e-01 1.139328747920974383e+00 5.530762004967266776e-01
3.229996698447656911e-01 1.143291387341477616e+00 5.548973548226401320e-01
3.239996688226132737e-01 1.147258169641971692e+00 5.567195042032467844e-01
3.249996678004609119e-01 1.151229110757277185e+00 5.585426522252111559e-01
3.259996667783083835e-01 1.155204226652857491e+00 5.603668024801060632e-01
3.269996657561560216e-01 1.159183533324940507e+00 5.621919585644337136e-01
3.279996647340034932e-01 1.163167046800639870e+00 5.640181240796360296e-01
3.289996637118510758e-01 1.167154783138080409e+00 5.658453026321172974e-01
3.299996626896987140e-01 1.171146758426520273e+00 5.676734978332598214e-01
3.309996616675461856e-01 1.175142988786473941e+00 5.695027132994381347e-01
3.319996606453938237e-01 1.179143490369837899e+00 5.713329526521341295e-01
3.329996596232414063e-01 1.183148279360020760e+00 5.731642195182899968e-01
3.339996586010889890e-01 1.187157371972066722e+00 5.749965175295986830e-01
3.349996575789366271e-01 1.191170784452778353e+00 5.768298503227877738e-01
3.359996565567840987e-01 1.195188533080838056e+00 5.786642215396861078e-01
3.369996555346316813e-01 1.199210634166940181e+00 5.804996348272494222e-01
3.379996545124793195e-01 1.203237104053908935e+00 5.823360938375732321e-01
3.389996534903267911e-01 1.207267959116829825e+00 5.841736022279121476e-01
3.399996524681743737e-01 1.211303215763174235e+00 5.860121636607011908e-01
3.409996514460220118e-01 1.215342890432923095e+00 5.878517818035727815e-01
3.419996504238694834e-01 1.219386999598700116e+00 5.896924603293726141e-01
3.429996494017171216e-01 1.223435559765890801e+00 5.915342029161784199e-01
3.439996483795647042e-01 1.227488587472776782e+00 5.933770132473228376e-01
3.449996473574122868e-01 1.231546099290658169e+00 5.952208950114045161e-01
3.459996463352599250e-01 1.235608111823984112e+00 5.970658519023114286e-01
3.469996453131073966e-01 1.239674641710480474e+00 5.989118876192375263e-01
3.479996442909549792e-01 1.243745705621277731e+00 6.007590058666981703e-01
3.489996432688026173e-01 1.247821320261039313e+00 6.026072103545503378e-01
3.499996422466500889e-01 1.251901502368091945e+00 6.044565047982246586e-01
3.509996412244977271e-01 1.255986268714560206e+00 6.063068929187351852e-01
3.519996402023453097e-01 1.260075636106492869e+00 6.081583784422343042e-01
3.529996391801927813e-01 1.264169621383992803e+00 6.100109651003069455e-01
3.539996381580404194e-01 1.268268241421346643e+00 6.118646566299903444e-01
3.549996371358880021e-01 1.272371513127151799e+00 6.137194567737948026e-01
3.559996361137355847e-01 1.276479453444453016e+00 6.155753692797235610e-01
3.569996350915831118e-01 1.280592079350866941e+00 6.174323979012876773e-01
3.579996340694306944e-01 1.284709407858720009e+00 6.192905463975308944e-01
3.589996330472782771e-01 1.288831456015174348e+00 6.211498185330467381e-01
3.599996320251259152e-01 1.292958240902363221e+00 6.230102180779963916e-01
3.609996310029733868e-01 1.297089779637520923e+00 6.248717488081276805e-01
3.619996299808210249e-01 1.301226089373117123e+00 6.267344145047976101e-01
3.629996289586686076e-01 1.305367187296988307e+00 6.285982189549851329e-01
3.639996279365160792e-01 1.309513090632470789e+00 6.304631659513170172e-01
3.649996269143637173e-01 1.313663816638533710e+00 6.323292592920830568e-01
3.659996258922112999e-01 1.317819382609913381e+00 6.341965027812516142e-01
3.669996248700588826e-01 1.321979805877247394e+00 6.360649002285067022e-01
3.679996238479064097e-01 1.326145103807208070e+00 6.379344554495040009e-01
3.689996228257539923e-01 1.330315293802643684e+00 6.398051722655871965e-01
3.699996218036015749e-01 1.334490393302707689e+00 6.416770545037673301e-01
3.709996207814492131e-01 1.338670419782992393e+00 6.435501059968418147e-01
3.719996197592966847e-01 1.342855390755667733e+00 6.454243305834272970e-01
3.729996187371443228e-01 1.347045323769616054e+00 6.472997321079689836e-01
3.739996177149917944e-01 1.351240236410565343e+00 6.491763144207656211e-01
3.749996166928393770e-01 1.355440146301227555e+00 6.510540813779844838e-01
3.759996156706870152e-01 1.359645071101437175e+00 6.529330368416874641e-01
3.769996146485345978e-01 1.363855028508282663e+00 6.548131846798462830e-01
3.779996136263821804e-01 1.368070036256249677e+00 6.566945287663646935e-01
3.789996126042297075e-01 1.372290112117352745e+00 6.585770729810959123e-01
3.799996115820772902e-01 1.376515273901279812e+00 6.604608212098627140e-01
3.809996105599248728e-01 1.380745539455522364e+00 6.623457773444794139e-01
3.819996095377725109e-01 1.384980926665521084e+00 6.642319452827694093e-01
3.829996085156199825e-01 1.389221453454797084e+00 6.661193289285842756e-01
3.839996074934676207e-01 1.393467137785098897e+00 6.680079321918237500e-01
3.849996064713150923e-01 1.397717997656535260e+00 6.698977589885104500e-01
3.859996054491626749e-01 1.401974051107718999e+00 6.717888132410472224e-01
3.869996044270103130e-01 1.406235316215913578e+00 6.736810988777556242e-01
3.879996034048578957e-01 1.410501811097160996e+00 6.755746198330598862e-01
3.889996023827054228e-01 1.414773553906431669e+00 6.774693800475459771e-01
3.899996013605530054e-01 1.419050562837758545e+00 6.793653834679843628e-01
3.909996003384005880e-01 1.423332856124381207e+00 6.812626340473482145e-01
3.919995993162482262e-01 1.427620452038886434e+00 6.831611357448376110e-01
3.929995982940958088e-01 1.431913368893352079e+00 6.850608925258984128e-01
3.939995972719432804e-01 1.436211625039486295e+00 6.869619083622403588e-01
3.949995962497909185e-01 1.440515238868769865e+00 6.888641872318626014e-01
3.959995952276383901e-01 1.444824228812603195e+00 6.907677331190705816e-01
3.969995942054859728e-01 1.449138613342443538e+00 6.926725500144970127e-01
3.979995931833336109e-01 1.453458410969950432e+00 6.945786419151247504e-01
3.989995921611811935e-01 1.457783640247132695e+00 6.964860128243021142e-01
3.999995911390287207e-01 1.462114319766487203e+00 6.983946667517690887e-01
4.009995901168763033e-01 1.466450468161145215e+00 7.003046077136758640e-01
4.019995890947238859e-01 1.470792104105018483e+00 7.022158397326018209e-01
4.029995880725715240e-01 1.475139246312940466e+00 7.041283668377168459e-01
4.039995870504191067e-01 1.479491913540819992e+00 7.060421930648279609e-01
4.049995860282665783e-01 1.483850124585782471e+00 7.079573224560350431e-01
4.059995850061142164e-01 1.488213898286314896e+00 7.098737590599589753e-01
4.069995839839616880e-01 1.492583253522412390e+00 7.117915069317667376e-01
4.079995829618093262e-01 1.496958209215722979e+00 7.137105701331928342e-01
4.089995819396569088e-01 1.501338784329698139e+00 7.156309527325578346e-01
4.099995809175043804e-01 1.505724997869735349e+00 7.175526588047907994e-01
4.109995798953520185e-01 1.510116868883327745e+00 7.194756924314558155e-01
4.119995788731996011e-01 1.514514416460213564e+00 7.214000577007650961e-01
4.129995778510471838e-01 1.518917659732520686e+00 7.233257587076026285e-01
4.139995768288948219e-01 1.523326617874916744e+00 7.252527995535482663e-01
4.149995758067422935e-01 1.527741310104758998e+00 7.271811843468952707e-01
4.159995747845898761e-01 1.532161755682240445e+00 7.291109172026719598e-01
4.169995737624375143e-01 1.536587973910542582e+00 7.310420022426661335e-01
4.179995727402849859e-01 1.541019984135981957e+00 7.329744435954400616e-01
4.189995717181326240e-01 1.545457805748160052e+00 7.349082453963569073e-01
4.199995706959802066e-01 1.549901458180116265e+00 7.368434117875984901e-01
4.209995696738276783e-01 1.554350960908475576e+00 7.387799469181870471e-01
4.219995686516753164e-01 1.558806333453601534e+00 7.407178549440051052e-01
4.229995676295228990e-01 1.563267595379748354e+00 7.426571400281237745e-01
4.239995666073704816e-01 1.567734766295217241e+00 7.445978063406669678e-01
4.249995655852181198e-01 1.572207865852505604e+00 7.465398580584000632e-01
4.259995645630655914e-01 1.576686913748457597e+00 7.484832993650567534e-01
4.269995635409131740e-01 1.581171929724417113e+00 7.504281344513573648e-01
4.279995625187608121e-01 1.585662933566380994e+00 7.523743675150316168e-01
4.289995614966082838e-01 1.590159945105150685e+00 7.543220027608447120e-01
4.299995604744559219e-01 1.594662984216487001e+00 7.562710444006151000e-01
4.309995594523035045e-01 1.599172070821266001e+00 7.582214966532377920e-01
4.319995584301509761e-01 1.603687224885628648e+00 7.601733637447067871e-01
4.329995574079986143e-01 1.608208466421139349e+00 7.621266499081413848e-01
4.339995563858461969e-01 1.612735815484938939e+00 7.640813593838000628e-01
4.349995553636937795e-01 1.617269292179902118e+00 7.660374964191124514e-01
4.359995543415414176e-01 1.621808916654789989e+00 7.679950652686921009e-01
4.369995533193888892e-01 1.626354709104408380e+00 7.699540701943667909e-01
4.379995522972365274e-01 1.630906689769762608e+00 7.719145154651975149e-01
4.389995512750841100e-01 1.635464878938213573e+00 7.738764053574972435e-01
4.399995502529315816e-01 1.640029296943636306e+00 7.758397441548616769e-01
4.409995492307792198e-01 1.644599964166578054e+00 7.778045361481820130e-01
4.419995482086266914e-01 1.649176901034410836e+00 7.797707856356734801e-01
4.429995471864742740e-01 1.653760128021496856e+00 7.817384969231000458e-01
4.439995461643219121e-01 1.658349665649344162e+00 7.837076743235896759e-01
4.449995451421694947e-01 1.662945534486766741e+00 7.856783221575530662e-01
4.459995441200170774e-01 1.667547755150039279e+00 7.876504447528235309e-01
4.469995430978647155e-01 1.672156348303061923e+00 7.896240464446803164e-01
4.479995420757121871e-01 1.676771334657513490e+00 7.915991315758700297e-01
4.489995410535598253e-01 1.681392734973015557e+00 7.935757044966339491e-01
4.499995400314074079e-01 1.686020570057293444e+00 7.955537695647301177e-01
4.509995390092548795e-01 1.690654860766330980e+00 7.975333311454519958e-01
4.519995379871025176e-01 1.695295628004537258e+00 7.995143936116581029e-01
4.529995369649499892e-01 1.699942892724905841e+00 8.014969613437893381e-01
4.539995359427976274e-01 1.704596675929177518e+00 8.034810387298976231e-01
4.549995349206452100e-01 1.709256998668001071e+00 8.054666301656661087e-01
4.559995338984927926e-01 1.713923882041093139e+00 8.074537400544341548e-01
4.569995328763403752e-01 1.718597347197405645e+00 8.094423728072164259e-01
4.579995318541879024e-01 1.723277415335285445e+00 8.114325328427334227e-01
4.589995308320354850e-01 1.727964107702637753e+00 8.134242245874261368e-01
4.599995298098831231e-01 1.732657445597091561e+00 8.154174524754869147e-01
4.609995287877307057e-01 1.737357450366161071e+00 8.174122209488783319e-01
4.619995277655781774e-01 1.742064143407412002e+00 8.194085344573657226e-01
4.629995267434258155e-01 1.746777546168625683e+00 8.214063974587113570e-01
4.639995257212732871e-01 1.751497680147969582e+00 8.234058144184797090e-01
4.649995246991209252e-01 1.756224566894152295e+00 8.254067898100317935e-01
4.659995236769685079e-01 1.760958228006599180e+00 8.274093281146274181e-01
4.669995226548160905e-01 1.765698685135612900e+00 8.294134338214472768e-01
4.679995216326636731e-01 1.770445959982539508e+00 8.314191114276220373e-01
4.689995206105112002e-01 1.775200074299936093e+00 8.334263654382498832e-01
4.699995195883587829e-01 1.779961049891736202e+00 8.354352003664274884e-01
4.709995185662064210e-01 1.784728908613421705e+00 8.374456207332687807e-01
4.719995175440538926e-01 1.789503672372184440e+00 8.394576310679312536e-01
4.729995165219014752e-01 1.794285363127099853e+00 8.414712359076431669e-01
4.739995154997491134e-01 1.799074002889289980e+00 8.434864397977220873e-01
4.749995144775965850e-01 1.803869613722094867e+00 8.455032472916064190e-01
4.759995134554442231e-01 1.808672217741243538e+00 8.475216629508726118e-01
4.769995124332918057e-01 1.813481837115018980e+00 8.495416913452661367e-01
4.779995114111393884e-01 1.818298494064431559e+00 8.515633370527211365e-01
4.789995103889869155e-01 1.823122210863384884e+00 8.535866046593888479e-01
4.799995093668344981e-01 1.827953009838850562e+00 8.556114987596593613e-01
4.809995083446820807e-01 1.832790913371036723e+00 8.576380239561885999e-01
4.819995073225297189e-01 1.837635943893557666e+00 8.596661848599218558e-01
4.829995063003771905e-01 1.842488123893610386e+00 8.616959860901557411e-01
4.839995052782247731e-01 1.847347475912139769e+00 8.637274322745109867e-01
4.849995042560724112e-01 1.852214022544015792e+00 8.657605280489654165e-01
4.859995032339198828e-01 1.857087786438202937e+00 8.677952780578901404e-01
4.869995022117675210e-01 1.861968790297934939e+00 8.698316869540707597e-01
4.879995011896151036e-01 1.866857056880884436e+00 8.718697593987357886e-01
4.889995001674626862e-01 1.871752608999340151e+00 8.739095000615794140e-01
4.899994991453102133e-01 1.876655469520377428e+00 8.759509136207895841e-01
4.909994981231577960e-01 1.881565661366033870e+00 8.779940047630703237e-01
4.919994971010053786e-01 1.886483207513484084e+00 8.800387781836709333e-01
4.929994960788530167e-01 1.891408130995212877e+00 8.820852385864037526e-01
4.939994950567004883e-01 1.896340454899192007e+00 8.841333906836819079e-01
4.949994940345481265e-01 1.901280202369053596e+00 8.861832391965346334e-01
4.959994930123957091e-01 1.906227396604265989e+00 8.882347888546369141e-01
4.969994919902431807e-01 1.911182060860312504e+00 8.902880443963340218e-01
4.979994909680908188e-01 1.916144218448863956e+00 8.923430105686706026e-01
4.989994899459384015e-01 1.921113892737958517e+00 8.943996921274108836e-01
4.999994889237859841e-01 1.926091107152176463e+00 8.964580938370692031e-01
5.009994879016335112e-01 1.931075885172816697e+00 8.985182204709341036e-01
5.019994868794811493e-01 1.936068250338078833e+00 9.005800768110833188e-01
5.029994858573286765e-01 1.941068226243235051e+00 9.026436676483454713e-01
5.039994848351762036e-01 1.946075836540813730e+00 9.047089977824466223e-01
5.049994838130238417e-01 1.951091104940774645e+00 9.067760720220088277e-01
5.059994827908713688e-01 1.956114055210690594e+00 9.088448951845546908e-01
5.069994817687190070e-01 1.961144711175920596e+00 9.109154720965344509e-01
5.079994807465665341e-01 1.966183096719797962e+00 9.129878075933552939e-01
5.089994797244140612e-01 1.971229235783805267e+00 9.150619065194034452e-01
5.099994787022616993e-01 1.976283152367757312e+00 9.171377737280749232e-01
5.109994776801092264e-01 1.981344870529974544e+00 9.192154140818000752e-01
5.119994766579568646e-01 1.986414414387475569e+00 9.212948324520652266e-01
5.129994756358043917e-01 1.991491808116147899e+00 9.233760337194494294e-01
5.139994746136519188e-01 1.996577075950933144e+00 9.254590227736427810e-01
5.149994735914995569e-01 2.001670242186015081e+00 9.275438045134777321e-01
5.159994725693470841e-01 2.006771331174988848e+00 9.296303838469525127e-01
5.169994715471947222e-01 2.011880367331055020e+00 9.317187656912598870e-01
5.179994705250422493e-01 2.016997375127195458e+00 9.338089549728147976e-01
5.189994695028897764e-01 2.022122379096359168e+00 9.359009566272807890e-01
5.199994684807374146e-01 2.027255403831650149e+00 9.379947755995990955e-01
5.209994674585849417e-01 2.032396473986500585e+00 9.400904168440106234e-01
5.219994664364325798e-01 2.037545614274861361e+00 9.421878853240420737e-01
5.229994654142801069e-01 2.042702849471388582e+00 9.442871860123909222e-01
5.239994643921276340e-01 2.047868204411619875e+00 9.463883238912786933e-01
5.249994633699752722e-01 2.053041703992167566e+00 9.484913039523590328e-01
5.259994623478227993e-01 2.058223373170898096e+00 9.505961311967149330e-01
5.269994613256704374e-01 2.063413236967121200e+00 9.527028106348897074e-01
5.279994603035179646e-01 2.068611320461776870e+00 9.548113472869131924e-01
5.289994592813656027e-01 2.073817648797616098e+00 9.569217461823273929e-01
5.299994582592131298e-01 2.079032247179394499e+00 9.590340123602184574e-01
5.309994572370606569e-01 2.084255140874053058e+00 9.611481508692389930e-01
5.319994562149082951e-01 2.089486355210907309e+00 9.632641667676405950e-01
5.329994551927558222e-01 2.094725915581836961e+00 9.653820651232952743e-01
5.339994541706034603e-01 2.099973847441471086e+00 9.675018510137314287e-01
5.349994531484509874e-01 2.105230176307375523e+00 9.696235295261532716e-01
5.359994521262985145e-01 2.110494927760244277e+00 9.717471057574776916e-01
5.369994511041461527e-01 2.115768127444086044e+00 9.738725848143527930e-01
5.379994500819936798e-01 2.121049801066411167e+00 9.759999718131968649e-01
5.389994490598413179e-01 2.126339974398426147e+00 9.781292718802152564e-01
5.399994480376888450e-01 2.131638673275216167e+00 9.802604901514371250e-01
5.409994470155363722e-01 2.136945923595944929e+00 9.823936317727427481e-01
5.419994459933840103e-01 2.142261751324033181e+00 9.845287018997836981e-01
5.429994449712315374e-01 2.147586182487352335e+00 9.866657056978531681e-01
5.439994439490791756e-01 2.152919243178417208e+00 9.888046483424207667e-01
5.449994429269267027e-01 2.158260959554572533e+00 9.909455350189265710e-01
5.459994419047742298e-01 2.163611357838189253e+00 9.930883709227911194e-01
5.469994408826218679e-01 2.168970464316859470e+00 9.952331612594402799e-01
5.479994398604693950e-01 2.174338305343574973e+00 9.973799112443376691e-01
5.489994388383169222e-01 2.179714907336930629e+00 9.995286261030109642e-01
5.499994378161644493e-01 2.185100296781314455e+00 1.001679311071081768e+00
5.509994367940119764e-01 2.190494500227097685e+00 1.003831971394294476e+00
5.519994357718595035e-01 2.195897544290829728e+00 1.005986612328543028e+00
5.529994347497070306e-01 2.201309455655428238e+00 1.008143239139899450e+00
5.539994337275544467e-01 2.206730261070378063e+00 1.010301857104647594e+00
5.549994327054019738e-01 2.212159987351920432e+00 1.012462471509303130e+00
5.559994316832495009e-01 2.217598661383247016e+00 1.014625087650652402e+00
5.569994306610970281e-01 2.223046310114696666e+00 1.016789710835777960e+00
5.579994296389445552e-01 2.228502960563947255e+00 1.018956346382086986e+00
5.589994286167920823e-01 2.233968639816212853e+00 1.021124999617339713e+00
5.599994275946396094e-01 2.239443375024437799e+00 1.023295675879684064e+00
5.609994265724870255e-01 2.244927193409488542e+00 1.025468380517680744e+00
5.619994255503345526e-01 2.250420122260354816e+00 1.027643118890082752e+00
5.629994245281820797e-01 2.255922188934336603e+00 1.029819896365780529e+00
5.639994235060296068e-01 2.261433420857242194e+00 1.031998718324580011e+00
5.649994224838771339e-01 2.266953845523588473e+00 1.034179590156812045e+00
5.659994214617246611e-01 2.272483490496792768e+00 1.036362517263356597e+00
5.669994204395721882e-01 2.278022383409378016e+00 1.038547505055672504e+00
5.679994194174196043e-01 2.283570551963157502e+00 1.040734558955819899e+00
5.689994183952671314e-01 2.289128023929444922e+00 1.042923684396496409e+00
5.699994173731146585e-01 2.294694827149242666e+00 1.045114886821063793e+00
5.709994163509621856e-01 2.300270989533442112e+00 1.047308171683581035e+00
5.719994153288097127e-01 2.305856539063023458e+00 1.049503544448831427e+00
5.729994143066572398e-01 2.311451503789251127e+00 1.051701010592355434e+00
5.739994132845047670e-01 2.317055911833872717e+00 1.053900575600478007e+00
5.749994122623521831e-01 2.322669791389319727e+00 1.056102244970341220e+00
5.759994112401997102e-01 2.328293170718903404e+00 1.058306024209935359e+00
5.769994102180472373e-01 2.333926078157014583e+00 1.060511918838128453e+00
5.779994091958947644e-01 2.339568542109326188e+00 1.062719934384700693e+00
5.789994081737422915e-01 2.345220591052986414e+00 1.064930076390370406e+00
5.799994071515898186e-01 2.350882253536824784e+00 1.067142350406831142e+00
5.809994061294373457e-01 2.356553558181547103e+00 1.069356761996777649e+00
5.819994051072847618e-01 2.362234533679939741e+00 1.071573316733944514e+00
5.829994040851322890e-01 2.367925208797069470e+00 1.073792020203131692e+00
5.839994030629798161e-01 2.373625612370479754e+00 1.076012878000239814e+00
5.849994020408273432e-01 2.379335773310392810e+00 1.078235895731634697e+00
5.859994010186748703e-01 2.385055720599901452e+00 1.080461079014130910e+00
5.869993999965223974e-01 2.390785483295172043e+00 1.082688433476699297e+00
5.879993989743699245e-01 2.396525090525650992e+00 1.084917964759516185e+00
5.889993979522173406e-01 2.402274571494267708e+00 1.087149678513973816e+00
5.899993969300648677e-01 2.408033955477631771e+00 1.089383580402713658e+00
5.909993959079123949e-01 2.413803271826238106e+00 1.091619676099657710e+00
5.919993948857599220e-01 2.419582549964668594e+00 1.093857971290035591e+00
5.929993938636074491e-01 2.425371819391791472e+00 1.096098471670418073e+00
5.939993928414549762e-01 2.431171109680967390e+00 1.098341182948742611e+00
5.949993918193025033e-01 2.436980450480248805e+00 1.100586110844363086e+00
5.959993907971499194e-01 2.442799871512582044e+00 1.102833261088053574e+00
5.969993897749974465e-01 2.448629402576014247e+00 1.105082639422058310e+00
5.979993887528449736e-01 2.454469073543893209e+00 1.107334251600120778e+00
5.989993877306925008e-01 2.460318914365065002e+00 1.109588103387510349e+00
5.999993867085400279e-01 2.466178955064087575e+00 1.111844200561060259e+00
6.009993856863875550e-01 2.472049225741427048e+00 1.114102548909195800e+00
6.019993846642350821e-01 2.477929756573665099e+00 1.116363154231970967e+00
6.029993836420824982e-01 2.483820577813696140e+00 1.118626022341092208e+00
6.039993826199300253e-01 2.489721719790941812e+00 1.120891159059962838e+00
6.049993815977775524e-01 2.495633212911543719e+00 1.123158570223709241e+00
6.059993805756250795e-01 2.501555087658573040e+00 1.125428261679215947e+00
6.069993795534726067e-01 2.507487374592234808e+00 1.127700239285156503e+00
6.079993785313201338e-01 2.513430104350066419e+00 1.129974508911248288e+00
6.089993775091676609e-01 2.519383307647137471e+00 1.132251076438416160e+00
6.099993764870150770e-01 2.525347015276252272e+00 1.134529947760458901e+00
6.109993754648626041e-01 2.531321258108159888e+00 1.136811128783066227e+00
6.119993744427101312e-01 2.537306067091761541e+00 1.139094625423839879e+00
6.129993734205576583e-01 2.543301473254313994e+00 1.141380443612321605e+00
6.139993723984051854e-01 2.549307507701635167e+00 1.143668589290026016e+00
6.149993713762527126e-01 2.555324201618302205e+00 1.145959068410478787e+00
6.159993703541002397e-01 2.561351586267865077e+00 1.148251886939237965e+00
6.169993693319476558e-01 2.567389692993046868e+00 1.150547050853936160e+00
6.179993683097951829e-01 2.573438553215947611e+00 1.152844566144304084e+00
6.189993672876427100e-01 2.579498198438252565e+00 1.155144438812208962e+00
6.199993662654902371e-01 2.585568660241435168e+00 1.157446674871688730e+00
6.209993652433377642e-01 2.591649970286963534e+00 1.159751280348976454e+00
6.219993642211852913e-01 2.597742160316500737e+00 1.162058261282540306e+00
6.229993631990328185e-01 2.603845262152118867e+00 1.164367623723117307e+00
6.239993621768802345e-01 2.609959307696491759e+00 1.166679373733743974e+00
6.249993611547277617e-01 2.616084328933115266e+00 1.168993517389787629e+00
6.259993601325752888e-01 2.622220357926502210e+00 1.171310060778985473e+00
6.269993591104228159e-01 2.628367426822388886e+00 1.173629010001477901e+00
6.279993580882703430e-01 2.634525567847944227e+00 1.175950371169840025e+00
6.289993570661178701e-01 2.640694813311970979e+00 1.178274150409115872e+00
6.299993560439653972e-01 2.646875195605115305e+00 1.180600353856860130e+00
6.309993550218128133e-01 2.653066747200063968e+00 1.182928987662132725e+00
6.319993539996603404e-01 2.659269500651743723e+00 1.185260057985943583e+00
6.329993529775078676e-01 2.665483488597523820e+00 1.187593571003032089e+00
6.339993519553553947e-01 2.671708743757437610e+00 1.189929532900732445e+00
6.349993509332029218e-01 2.677945298934376606e+00 1.192267949879004307e+00
6.359993499110504489e-01 2.684193187014299653e+00 1.194608828150458324e+00
6.369993488888979760e-01 2.690452440966439429e+00 1.196952173940389441e+00
6.379993478667453921e-01 2.696723093843508945e+00 1.199297993486815095e+00
6.389993468445929192e-01 2.703005178781900941e+00 1.201646293040502522e+00
6.399993458224404463e-01 2.709298729001893502e+00 1.203997078865001846e+00
6.409993448002879735e-01 2.715603777807859220e+00 1.206350357236684934e+00
6.419993437781355006e-01 2.721920358588465927e+00 1.208706134444770042e+00
6.429993427559830277e-01 2.728248504816880970e+00 1.211064416791364451e+00
6.439993417338305548e-01 2.734588250050983937e+00 1.213425210591489334e+00
6.449993407116779709e-01 2.740939627933555389e+00 1.215788522173118835e+00
6.459993396895254980e-01 2.747302672192497131e+00 1.218154357877214267e+00
6.469993386673730251e-01 2.753677416641024944e+00 1.220522724057754527e+00
6.479993376452205522e-01 2.760063895177877757e+00 1.222893627081776069e+00
6.489993366230680794e-01 2.766462141787525475e+00 1.225267073329401546e+00
6.499993356009156065e-01 2.772872190540362602e+00 1.227643069193879777e+00
6.509993345787631336e-01 2.779294075592924518e+00 1.230021621081615946e+00
6.519993335566105497e-01 2.785727831188077985e+00 1.232402735412211792e+00
6.529993325344580768e-01 2.792173491655237871e+00 1.234786418618498915e+00
6.539993315123056039e-01 2.798631091410554106e+00 1.237172677145411681e+00
6.549993304901531310e-01 2.805100664957114187e+00 1.239561517450694206e+00
6.559993294680006581e-01 2.811582246885142133e+00 1.241952946006525949e+00
6.569993284458481853e-01 2.818075871872213867e+00 1.244346969298399275e+00
6.579993274236957124e-01 2.824581574683454832e+00 1.246743593825158536e+00
6.589993264015432395e-01 2.831099390171746943e+00 1.249142826099019610e+00
6.599993253793906556e-01 2.837629353277918653e+00 1.251544672645615641e+00
6.609993243572381827e-01 2.844171499030963446e+00 1.253949140004028129e+00
6.619993233350857098e-01 2.850725862548230793e+00 1.256356234726813348e+00
6.629993223129332369e-01 2.857292479035626886e+00 1.258765963380042097e+00
6.639993212907807640e-01 2.863871383787820690e+00 1.261178332543331893e+00
6.649993202686282912e-01 2.870462612188439344e+00 1.263593348809878503e+00
6.659993192464758183e-01 2.877066199710275107e+00 1.266011018786493247e+00
6.669993182243232344e-01 2.883682181915476317e+00 1.268431349093633864e+00
6.679993172021707615e-01 2.890310594455760551e+00 1.270854346365442256e+00
6.689993161800182886e-01 2.896951473072598482e+00 1.273280017249775353e+00
6.699993151578658157e-01 2.903604853597423929e+00 1.275708368408242865e+00
6.709993141357133428e-01 2.910270771951829261e+00 1.278139406516239696e+00
6.719993131135608699e-01 2.916949264147769227e+00 1.280573138262983468e+00
6.729993120914083971e-01 2.923640366287749259e+00 1.283009570351547168e+00
6.739993110692558131e-01 2.930344114565031965e+00 1.285448709498897113e+00
6.749993100471033403e-01 2.937060545263833422e+00 1.287890562435928699e+00
6.759993090249508674e-01 2.943789694759517239e+00 1.290335135907499264e+00
6.769993080027983945e-01 2.950531599518791737e+00 1.292782436671178425e+00
6.779993069806459216e-01 2.957286296099889356e+00 1.295232471498254156e+00
6.789993059584934487e-01 2.964053821152774049e+00 1.297685247175121681e+00
6.799993049363409758e-01 2.970834211419340232e+00 1.300140770502225429e+00
6.809993039141883919e-01 2.977627503733608183e+00 1.302599048294089457e+00
6.819993028920359190e-01 2.984433735021917222e+00 1.305060087379354306e+00
6.829993018698834462e-01 2.991252942303121110e+00 1.307523894600804315e+00
6.839993008477309733e-01 2.998085162688777228e+00 1.309990476815405369e+00
6.849992998255785004e-01 3.004930433383351307e+00 1.312459840894334873e+00
6.859992988034260275e-01 3.011788791684398614e+00 1.314931993723021275e+00
6.869992977812735546e-01 3.018660274982758462e+00 1.317406942201170272e+00
6.879992967591209707e-01 3.025544920762750500e+00 1.319884693242803886e+00
6.889992957369684978e-01 3.032442766602364337e+00 1.322365253776293104e+00
6.899992947148160249e-01 3.039353850173447835e+00 1.324848630744391187e+00
6.909992936926635521e-01 3.046278209241897184e+00 1.327334831104263202e+00
6.919992926705110792e-01 3.053215881667853626e+00 1.329823861827529985e+00
6.929992916483586063e-01 3.060166905405883764e+00 1.332315729900299450e+00
6.939992906262061334e-01 3.067131318505169180e+00 1.334810442323197011e+00
6.949992896040535495e-01 3.074109159109703171e+00 1.337308006111402214e+00
6.959992885819010766e-01 3.081100465458467053e+00 1.339808428294687825e+00
6.969992875597486037e-01 3.088105275885625112e+00 1.342311715917449133e+00
6.979992865375961308e-01 3.095123628820705797e+00 1.344817876038740811e+00
6.989992855154436580e-01 3.102155562788792231e+00 1.347326915732318220e+00
6.999992844932911851e-01 3.109201116410692745e+00 1.349838842085410828e+00
7.009992834711387122e-01 3.116260328403128277e+00 1.352353662199889062e+00
7.019992824489861283e-01 3.123333237578914900e+00 1.354871383193287704e+00
7.029992814268336554e-01 3.130419882847152113e+00 1.357392012197929487e+00
7.039992804046811825e-01 3.137520303213400918e+00 1.359915556360950184e+00
7.049992793825287096e-01 3.144634537779869454e+00 1.362442022844338574e+00
7.059992783603762367e-01 3.151762625745593294e+00 1.364971418824961980e+00
7.069992773382237639e-01 3.158904606406608195e+00 1.367503751494600239e+00
7.079992763160712910e-01 3.166060519156137953e+00 1.370039028059984121e+00
7.089992752939187071e-01 3.173230403484763595e+00 1.372577255742825963e+00
7.099992742717662342e-01 3.180414298980613452e+00 1.375118441779847211e+00
7.109992732496137613e-01 3.187612245329521699e+00 1.377662593422822601e+00
7.119992722274612884e-01 3.194824282315220643e+00 1.380209717938600145e+00
7.129992712053088155e-01 3.202050449819504152e+00 1.382759822609147538e+00
7.139992701831563426e-01 3.209290787822404400e+00 1.385312914731577472e+00
7.149992691610038698e-01 3.216545336402369060e+00 1.387869001618178721e+00
7.159992681388512858e-01 3.223814135736426056e+00 1.390428090596458777e+00
7.169992671166988130e-01 3.231097226100362985e+00 1.392990189009171598e+00
7.179992660945463401e-01 3.238394647868888754e+00 1.395555304214354475e+00
7.189992650723938672e-01 3.245706441515806784e+00 1.398123443585356451e+00
7.199992640502413943e-01 3.253032647614185091e+00 1.400694614510878067e+00
7.209992630280889214e-01 3.260373306836521934e+00 1.403268824395002445e+00
7.219992620059364485e-01 3.267728459954907461e+00 1.405846080657226160e+00
7.229992609837838646e-01 3.275098147841192908e+00 1.408426390731467359e+00
7.239992599616313917e-01 3.282482411467140704e+00 1.411009762067150675e+00
7.249992589394789189e-01 3.289881291904600324e+00 1.413596202129831614e+00
7.259992579173264460e-01 3.297294830325664172e+00 1.416185718400579052e+00
7.269992568951739731e-01 3.304723068002834552e+00 1.418778318376004988e+00
7.279992558730215002e-01 3.312166046309177769e+00 1.421374009568295183e+00
7.289992548508690273e-01 3.319623806718487558e+00 1.423972799505245135e+00
7.299992538287164434e-01 3.327096390805433845e+00 1.426574695730284059e+00
7.309992528065639705e-01 3.334583840245731956e+00 1.429179705802512856e+00
7.319992517844114976e-01 3.342086196816280719e+00 1.431787837296736310e+00
7.329992507622590248e-01 3.349603502395328558e+00 1.434399097803488399e+00
7.339992497401065519e-01 3.357135798962624484e+00 1.437013494929069157e+00
7.349992487179540790e-01 3.364683128599560202e+00 1.439631036295577982e+00
7.359992476958016061e-01 3.372245533489325542e+00 1.442251729540938943e+00
7.369992466736490222e-01 3.379823055917057228e+00 1.444875582318938756e+00
7.379992456514965493e-01 3.387415738269987209e+00 1.447502602299249208e+00
7.389992446293440764e-01 3.395023623037581650e+00 1.450132797167470677e+00
7.399992436071916035e-01 3.402646752811690600e+00 1.452766174625155893e+00
7.409992425850391307e-01 3.410285170286686984e+00 1.455402742389840798e+00
7.419992415628866578e-01 3.417938918259609604e+00 1.458042508195080966e+00
7.429992405407341849e-01 3.425608039630304358e+00 1.460685479790480468e+00
7.439992395185816010e-01 3.433292577401557022e+00 1.463331664941720955e+00
7.449992384964291281e-01 3.440992574679237137e+00 1.465981071430589644e+00
7.459992374742766552e-01 3.448708074672424129e+00 1.468633707054599169e+00
7.469992364521241823e-01 3.456439120693549416e+00 1.471289579627485855e+00
7.479992354299717094e-01 3.464185756158519425e+00 1.473948696979409334e+00
7.489992344078192366e-01 3.471948024586851922e+00 1.476611066956743157e+00
7.499992333856667637e-01 3.479725969601803914e+00 1.479276697422113873e+00
7.509992323635141798e-01 3.487519634930496881e+00 1.481945596254422792e+00
7.519992313413617069e-01 3.495329064404045116e+00 1.484617771348881732e+00
7.529992303192092340e-01 3.503154301957672967e+00 1.487293230617033668e+00
7.539992292970567611e-01 3.510995391630843177e+00 1.489971981986792926e+00
7.549992282749042882e-01 3.518852377567368794e+00 1.492654033402466052e+00
7.559992272527518153e-01 3.526725304015542406e+00 1.495339392824785785e+00
7.569992262305993425e-01 3.534614215328242270e+00 1.498028068230934817e+00
7.579992252084467586e-01 3.542519155963047783e+00 1.500720067614576658e+00
7.589992241862942857e-01 3.550440170482357161e+00 1.503415398985888052e+00
7.599992231641418128e-01 3.558377303553493132e+00 1.506114070371576741e+00
7.609992221419893399e-01 3.566330599948813074e+00 1.508816089814921435e+00
7.619992211198368670e-01 3.574300104545814705e+00 1.511521465375792461e+00
7.629992200976843941e-01 3.582285862327237336e+00 1.514230205130678408e+00
7.639992190755319212e-01 3.590287918381167565e+00 1.516942317172714327e+00
7.649992180533793373e-01 3.598306317901138307e+00 1.519657809611712818e+00
7.659992170312268644e-01 3.606341106186226941e+00 1.522376690574187119e+00
7.669992160090743916e-01 3.614392328641155228e+00 1.525098968203371541e+00
7.679992149869219187e-01 3.622460030776368356e+00 1.527824650659274530e+00
7.689992139647694458e-01 3.630544258208150854e+00 1.530553746119524661e+00
7.699992129426169729e-01 3.638645056658704302e+00 1.533286262778383202e+00
7.709992119204645000e-01 3.646762471956248586e+00 1.536022208846559822e+00
7.719992108983119161e-01 3.654896550035082292e+00 1.538761592551653790e+00
7.729992098761594432e-01 3.663047336935680409e+00 1.541504422138179953e+00
7.739992088540069703e-01 3.671214878804764048e+00 1.544250705867585394e+00
7.749992078318544975e-01 3.679399221895388372e+00 1.547000452018288286e+00
7.759992068097020246e-01 3.687600412567000330e+00 1.549753668885696101e+00
7.769992057875495517e-01 3.695818497285530135e+00 1.552510364782230035e+00
7.779992047653970788e-01 3.704053522623450334e+00 1.555270548037352540e+00
7.789992037432446059e-01 3.712305535259838862e+00 1.558034226997585314e+00
7.799992027210920220e-01 3.720574581980449658e+00 1.560801410026545710e+00
7.809992016989395491e-01 3.728860709677775720e+00 1.563572105504954068e+00
7.819992006767870762e-01 3.737163965351109507e+00 1.566346321830663468e+00
7.829991996546346034e-01 3.745484396106579794e+00 1.569124067418686819e+00
7.839991986324821305e-01 3.753822049157232055e+00 1.571905350701207515e+00
7.849991976103296576e-01 3.762176971823055105e+00 1.574690180127608086e+00
7.859991965881771847e-01 3.770549211531049938e+00 1.577478564164486396e+00
7.869991955660246008e-01 3.778938815815243046e+00 1.580270511295677194e+00
7.879991945438721279e-01 3.787345832316770355e+00 1.583066030022269421e+00
7.889991935217196550e-01 3.795770308783873226e+00 1.585865128862622431e+00
7.899991924995671821e-01 3.804212293071949968e+00 1.588667816352389073e+00
7.909991914774147093e-01 3.812671833143599365e+00 1.591474101044622946e+00
7.919991904552622364e-01 3.821148977068650421e+00 1.594283991513064436e+00
7.929991894331097635e-01 3.829643773024215214e+00 1.597097496347835932e+00
7.939991884109571796e-01 3.838156269294698664e+00 1.599914624155095666e+00
7.949991873888047067e-01 3.846686514271795865e+00 1.602735383558497206e+00
7.959991863666522338e-01 3.855234556454527617e+00 1.605559783199206780e+00
7.969991853444997609e-01 3.863800444449223104e+00 1.608387831735923701e+00
7.979991843223472880e-01 3.872384226969556309e+00 1.611219537844902572e+00
7.989991833001948152e-01 3.880985952836545128e+00 1.614054910219967942e+00
7.999991822780423423e-01 3.889605670978545149e+00 1.616893957572531182e+00
8.009991812558897584e-01 3.898243430431246104e+00 1.619736688631611354e+00
8.019991802337372855e-01 3.906899280337692293e+00 1.622583112143848982e+00
8.029991792115848126e-01 3.915573269948227964e+00 1.625433236873519149e+00
8.039991781894323397e-01 3.924265448620528840e+00 1.628287071602540603e+00
8.049991771672798668e-01 3.932975865819555494e+00 1.631144625130499515e+00
8.059991761451273939e-01 3.941704571117541356e+00 1.634005906274652364e+00
8.069991751229749211e-01 3.950451614193968730e+00 1.636870923869935268e+00
8.079991741008223372e-01 3.959217044835534161e+00 1.639739686768975080e+00
8.089991730786698643e-01 3.968000912936120894e+00 1.642612203842095830e+00
8.099991720565173914e-01 3.976803268496749144e+00 1.645488483977322280e+00
8.109991710343649185e-01 3.985624161625552553e+00 1.648368536080387470e+00
8.119991700122124456e-01 3.994463642537700476e+00 1.651252369074732274e+00
8.129991689900599727e-01 4.003321761555378444e+00 1.654139991901505180e+00
8.139991679679074998e-01 4.012198569107707335e+00 1.657031413519909346e+00
8.149991669457549159e-01 4.021094115730759810e+00 1.659926642915270589e+00
8.159991659236024431e-01 4.030008452067502134e+00 1.662825689087638725e+00
8.169991649014499702e-01 4.038941628867719125e+00 1.665728561051899259e+00
8.179991638792974973e-01 4.047893696987884482e+00 1.668635267840937075e+00
8.189991628571450244e-01 4.056864707391119929e+00 1.671545818505652647e+00
8.199991618349925515e-01 4.065854711147092182e+00 1.674460222114971364e+00
8.209991608128400786e-01 4.074863759431917920e+00 1.677378487755852410e+00
8.219991597906874947e-01 4.083891903528098943e+00 1.680300624533292764e+00
8.229991587685350218e-01 4.092939194824396054e+00 1.683226641570330973e+00
8.239991577463825490e-01 4.102005684815747344e+00 1.686156548008051148e+00
8.249991567242300761e-01 4.111091425103140296e+00 1.689090353005582745e+00
8.259991557020776032e-01 4.120196467393518525e+00 1.692028065740095899e+00
8.269991546799251303e-01 4.129320863499645000e+00 1.694969695406804311e+00
8.279991536577726574e-01 4.138464665339985693e+00 1.697915251218946375e+00
8.289991526356200735e-01 4.147627924938577237e+00 1.700864742407794949e+00
8.299991516134676006e-01 4.156810694424877717e+00 1.703818178222623603e+00
8.309991505913151277e-01 4.166013026033644095e+00 1.706775567930707060e+00
8.319991495691626548e-01 4.175234972104771458e+00 1.709736920817300776e+00
8.329991485470101820e-01 4.184476585083132250e+00 1.712702246185614063e+00
8.339991475248577091e-01 4.193737917518414626e+00 1.715671553356794998e+00
8.349991465027052362e-01 4.203019022064965249e+00 1.718644851669893336e+00
8.359991454805526523e-01 4.212319951481596547e+00 1.721622150481834090e+00
8.369991444584001794e-01 4.221640758631424184e+00 1.724603459168113861e+00
8.379991434362477065e-01 4.230981496481745374e+00 1.727588787135559967e+00
8.389991424140952336e-01 4.240342218103923422e+00 1.730578143804020419e+00
8.399991413919427607e-01 4.249722976673107944e+00 1.733571538607459495e+00
8.409991403697902879e-01 4.259123825468020819e+00 1.736568980998302036e+00
8.419991393476378150e-01 4.268544817870751018e+00 1.739570480447445222e+00
8.429991383254852311e-01 4.277986007366513022e+00 1.742576046444271443e+00
8.439991373033327582e-01 4.287447447543465628e+00 1.745585688496659849e+00
8.449991362811802853e-01 4.296929192092436622e+00 1.748599416130982354e+00
8.459991352590278124e-01 4.306431294806719379e+00 1.751617238892116957e+00
8.469991342368753395e-01 4.315953809581809963e+00 1.754639166343445522e+00
8.479991332147228666e-01 4.325496790415169990e+00 1.757665208066856444e+00
8.489991321925703938e-01 4.335060291405944177e+00 1.760695373662740204e+00
8.499991311704178099e-01 4.344644366754716103e+00 1.763729672749981159e+00
8.509991301482653370e-01 4.354249070763216878e+00 1.766768114965955538e+00
8.519991291261128641e-01 4.363874457834046261e+00 1.769810709966508133e+00
8.529991281039603912e-01 4.373520582470380447e+00 1.772857467425947409e+00
8.539991270818079183e-01 4.383187499275662979e+00 1.775908397037023967e+00
8.549991260596554454e-01 4.392875262953314319e+00 1.778963508510914560e+00
8.559991250375029725e-01 4.402583928306404104e+00 1.782022811580446398e+00
8.569991240153503886e-01 4.412313550237369597e+00 1.785086315997002737e+00
8.579991229931979158e-01 4.422064183747662192e+00 1.788154031528474741e+00
8.589991219710454429e-01 4.431835883937382370e+00 1.791225967961251664e+00
8.599991209488929700e-01 4.441628706004926208e+00 1.794302135100195317e+00
8.609991199267404971e-01 4.451442705246644316e+00 1.797382542768600766e+00
8.619991189045880242e-01 4.461277937056436826e+00 1.800467200808162582e+00
8.629991178824355513e-01 4.471134456925390133e+00 1.803556119078914666e+00
8.639991168602829674e-01 4.481012320441380758e+00 1.806649307459186060e+00
8.649991158381304945e-01 4.490911583288664133e+00 1.809746775845541000e+00
8.659991148159780217e-01 4.500832301247454481e+00 1.812848534152701863e+00
8.669991137938255488e-01 4.510774530193510046e+00 1.815954592313478555e+00
8.679991127716730759e-01 4.520738326097697879e+00 1.819064960278685250e+00
8.689991117495206030e-01 4.530723745025516891e+00 1.822179648017036691e+00
8.699991107273681301e-01 4.540730843136663530e+00 1.825298665515055596e+00
8.709991097052155462e-01 4.550759676684535293e+00 1.828422022776944988e+00
8.719991086830630733e-01 4.560810302015757323e+00 1.831549729824470507e+00
8.729991076609106004e-01 4.570882775569675260e+00 1.834681796696817413e+00
8.739991066387581276e-01 4.580977153877907604e+00 1.837818233463345718e+00
8.749991056166056547e-01 4.591093493564009975e+00 1.840959050224229676e+00
8.759991045944531818e-01 4.601231851342905799e+00 1.844104257082475051e+00
8.769991035723007089e-01 4.611392284020270793e+00 1.847253864159700276e+00
8.779991025501481250e-01 4.621574848491976084e+00 1.850407881596364268e+00
8.789991015279956521e-01 4.631779601743556185e+00 1.853566319551779307e+00
8.799991005058431792e-01 4.642006600849597930e+00 1.856729188204117476e+00
8.809990994836907063e-01 4.652255902973198687e+00 1.859896497750410660e+00
8.819990984615382335e-01 4.662527565365349069e+00 1.863068258406553213e+00
8.829990974393857606e-01 4.672821645364320986e+00 1.866244480407300621e+00
8.839990964172332877e-01 4.683138200395063677e+00 1.869425174006255963e+00
8.849990953950807038e-01 4.693477287968540246e+00 1.872610349475855029e+00
8.859990943729282309e-01 4.703838965681103268e+00 1.875800017107347450e+00
8.869990933507757580e-01 4.714223291213799349e+00 1.878994187210756062e+00
8.879990923286232851e-01 4.724630322331704768e+00 1.882192870114703265e+00
8.889990913064708122e-01 4.735060116883202497e+00 1.885396076163459611e+00
8.899990902843183394e-01 4.745512732799259226e+00 1.888603815720694135e+00
8.909990892621658665e-01 4.755988228092689951e+00 1.891816099169351340e+00
8.919990882400132826e-01 4.766486660857427005e+00 1.895032936910569177e+00
8.929990872178608097e-01 4.777008089267733126e+00 1.898254339363550036e+00
8.939990861957083368e-01 4.787552571577435856e+00 1.901480316965399764e+00
8.949990851735558639e-01 4.798120166119093533e+00 1.904710880170980447e+00
8.959990841514033910e-01 4.808710931303173730e+00 1.907946039452704134e+00
8.969990831292509181e-01 4.819324925617223698e+00 1.911185805300333884e+00
8.979990821070984452e-01 4.829962207624977744e+00 1.914430188220738183e+00
8.989990810849459724e-01 4.840622835965473492e+00 1.917679198737630042e+00
8.999990800627933885e-01 4.851306869352132622e+00 1.920932847391275233e+00
9.009990790406409156e-01 4.862014366571822954e+00 1.924191144738158998e+00
9.019990780184884427e-01 4.872745386483902763e+00 1.927454101350633442e+00
9.029990769963359698e-01 4.883499988019268656e+00 1.930721727827131806e+00
9.039990759741834969e-01 4.894278230179653910e+00 1.933994034815506469e+00
9.049990749520310240e-01 4.905080172036647923e+00 1.937271032958183703e+00
9.059990739298785511e-01 4.915905872730546911e+00 1.940552732913702005e+00
9.069990729077259672e-01 4.926755391469287204e+00 1.943839145359306464e+00
9.079990718855734944e-01 4.937628787527377661e+00 1.947130280990978068e+00
9.089990708634210215e-01 4.948526120244837401e+00 1.950426150523435487e+00
9.099990698412685486e-01 4.959447449026076704e+00 1.953726764690131956e+00
9.109990688191160757e-01 4.970392833338759253e+00 1.957032134243253063e+00
9.119990677969636028e-01 4.981362332712674146e+00 1.960342269953672334e+00
9.129990667748111299e-01 4.992356006738515539e+00 1.963657182610925478e+00
9.139990657526585460e-01 5.003373915066687161e+00 1.966976883023124900e+00
9.149990647305060731e-01 5.014416117406081064e+00 1.970301382014976843e+00
9.159990637083536003e-01 5.025482673522718713e+00 1.973630690423638701e+00
9.169990626862011274e-01 5.036573643238490661e+00 1.976964819107986715e+00
9.179990616640486545e-01 5.047689086429803851e+00 1.980303778944535242e+00
9.189990606418961816e-01 5.058829063026241357e+00 1.983647580826686907e+00
9.199990596197437087e-01 5.069993633009131528e+00 1.986996235664342247e+00
9.209990585975911248e-01 5.081182856410109139e+00 1.990349754383438974e+00
9.219990575754386519e-01 5.092396793309648118e+00 1.993708147925448149e+00
9.229990565532861790e-01 5.103635503835507237e+00 1.997071427246762010e+00
9.239990555311337062e-01 5.114899048161172246e+00 2.000439603318027171e+00
9.249990545089812333e-01 5.126187486504248270e+00 2.003812687123371461e+00
9.259990534868287604e-01 5.137500879124783815e+00 2.007190689659526850e+00
9.269990524646762875e-01 5.148839286323663167e+00 2.010573621951747381e+00
9.279990514425237036e-01 5.160202768441256360e+00 2.013961495089044540e+00
9.289990504203712307e-01 5.171591385855818679e+00 2.017354320144407076e+00
9.299990493982187578e-01 5.183005198981458506e+00 2.020752108205601694e+00
9.309990483760662849e-01 5.194444268266361853e+00 2.024154870378530369e+00
9.319990473539138121e-01 5.205908654190902318e+00 2.027562617787194821e+00
9.329990463317613392e-01 5.217398417265792787e+00 2.030975361573634341e+00
9.339990453096088663e-01 5.228913618030110122e+00 2.034393112897798783e+00
9.349990442874562824e-01 5.240454317049321631e+00 2.037815882937370926e+00
9.359990432653038095e-01 5.252020574913219164e+00 2.041243682887513788e+00
9.369990422431513366e-01 5.263612452233837224e+00 2.044676523959953585e+00
9.379990412209988637e-01 5.275230009643288476e+00 2.048114417381454722e+00
9.389990401988463908e-01 5.286873307791525534e+00 2.051557374395677869e+00
9.399990391766939180e-01 5.298542407344044136e+00 2.055005406261434686e+00
9.409990381545414451e-01 5.310237368979532135e+00 2.058458524251653099e+00
9.419990371323888612e-01 5.321958253387403914e+00 2.061916739652247088e+00
9.429990361102363883e-01 5.333705121265264637e+00 2.065380063760769769e+00
9.439990350880839154e-01 5.345478033316291011e+00 2.068848507884798682e+00
9.449990340659314425e-01 5.357277050246512573e+00 2.072322083340051968e+00
9.459990330437789696e-01 5.369102232761951754e+00 2.075800801448166144e+00
9.469990320216264967e-01 5.380953641565882961e+00 2.079284673564524510e+00
9.479990309994740239e-01 5.392831337356496668e+00 2.082773711133208305e+00
9.489990299773214399e-01 5.404735380824052804e+00 2.086267925564069259e+00
9.499990289551689671e-01 5.416665832647534096e+00 2.089767328280201841e+00
9.509990279330164942e-01 5.428622753491417541e+00 2.093271930721835705e+00
9.519990269108640213e-01 5.440606204002440549e+00 2.096781744345955101e+00
9.529990258887115484e-01 5.452616244806177903e+00 2.100296780625682924e+00
9.539990248665590755e-01 5.464652936503541447e+00 2.103817051049377440e+00
9.549990238444066026e-01 5.476716339667095923e+00 2.107342567120994659e+00
9.559990228222540187e-01 5.488806514837376582e+00 2.110873340372156459e+00
9.569990218001015458e-01 5.500923522519002518e+00 2.114409382342163912e+00
9.579990207779490730e-01 5.513067423176439164e+00 2.117950704578717591e+00
9.589990197557966001e-01 5.525238277229632011e+00 2.121497318637429963e+00
9.599990187336441272e-01 5.537436145049375646e+00 2.125049236078089265e+00
9.609990177114916543e-01 5.549661086952434097e+00 2.128606468459962819e+00
9.619990166893391814e-01 5.561913163196324561e+00 2.132169027335991007e+00
9.629990156671865975e-01 5.574192433973744976e+00 2.135736924247618518e+00
9.639990146450341246e-01 5.586498959407544262e+00 2.139310170865120320e+00
9.649990136228816517e-01 5.598832799545655270e+00 2.142888778895033486e+00
9.659990126007291789e-01 5.611194014354666137e+00 2.146472760004959568e+00
9.669990115785767060e-01 5.623582663712790364e+00 2.150062125879517616e+00
9.679990105564242331e-01 5.635998807402625488e+00 2.153656888218576260e+00
9.689990095342717602e-01 5.648442505103271394e+00 2.157257058734223243e+00
9.699990085121191763e-01 5.660913816381749619e+00 2.160862649151379600e+00
9.709990074899667034e-01 5.673412800683837354e+00 2.164473671247673536e+00
9.719990064678142305e-01 5.685939517323777892e+00 2.168090136792114375e+00
9.729990054456617576e-01 5.698494025472236046e+00 2.171712057542880991e+00
9.739990044235092848e-01 5.711076384142619311e+00 2.175339445241565084e+00
9.749990034013568119e-01 5.723686652175212330e+00 2.178972311595318789e+00
9.759990023792043390e-01 5.736324888218466533e+00 2.182610668253096797e+00
9.769990013570517551e-01 5.748991150707294828e+00 2.186254526900356598e+00
9.779990003348992822e-01 5.761685497839464709e+00 2.189903899537811949e+00
9.789989993127468093e-01 5.774407987545288279e+00 2.193558798031894241e+00
9.799989982905943364e-01 5.787158677447575172e+00 2.197219234259080167e+00
9.809989972684418635e-01 5.799937624811691173e+00 2.200885220110616824e+00
9.819989962462893907e-01 5.812744886480486706e+00 2.204556767492156677e+00
9.829989952241369178e-01 5.825580518788330053e+00 2.208233888415983337e+00
9.839989942019843339e-01 5.838444577443054229e+00 2.211916594830726002e+00
9.849989931798318610e-01 5.851337117358859530e+00 2.215604898584384141e+00
9.859989921576793881e-01 5.864258192415270798e+00 2.219298811344569078e+00
9.869989911355269152e-01 5.877207855098802725e+00 2.222998344485965561e+00
9.879989901133744423e-01 5.890186155961997017e+00 2.226703510262892483e+00
9.889989890912219694e-01 5.903193142764965096e+00 2.230414320825611529e+00
9.899989880690694966e-01 5.916228859046112731e+00 2.234130788142124402e+00
9.909989870469169126e-01 5.929293341646147297e+00 2.237852924120590892e+00
9.919989860247644398e-01 5.942386616175902248e+00 2.241580740714145481e+00
9.929989850026119669e-01 5.955508688144752760e+00 2.245314249872671031e+00
9.939989839804594940e-01 5.968659524095543567e+00 2.249053463498703831e+00
9.949989829583070211e-01 5.981839006985250506e+00 2.252798393488921302e+00
9.954989824472307847e-01 5.988440142009840095e+00 2.254673001093711715e+00
9.959989819361545482e-01 5.995048535415222091e+00 2.256549042459033760e+00
9.964989814250783118e-01 6.001664181438223444e+00 2.258426518772365554e+00
9.969989809140020753e-01 6.008287064634552976e+00 2.260305431919838348e+00
9.974989804029257279e-01 6.014917148717030315e+00 2.262185783196950961e+00
9.977489801473875541e-01 6.018235053665921264e+00 2.263126498031004630e+00
9.979989798918494914e-01 6.021554780304962939e+00 2.264067572805480211e+00
9.982489796363114287e-01 6.024876326270193871e+00 2.265009007362464022e+00
9.984989793807732550e-01 6.028199686726065210e+00 2.265950802420894306e+00
9.987489791252350813e-01 6.031524851512872765e+00 2.266892958511720568e+00
9.988739789974661054e-01 6.033188150976264374e+00 2.267364171791224514e+00
9.989989788696970185e-01 6.034851906276041511e+00 2.267835475218525243e+00
9.990989787674817713e-01 6.036183243711345625e+00 2.268212582630110941e+00
9.991989786652666350e-01 6.037514873318100328e+00 2.268589747566089443e+00
9.992989785630512767e-01 6.038846794657572126e+00 2.268966970298366359e+00
9.993989784608360294e-01 6.040179006910298298e+00 2.269344251056024664e+00
9.994989783586207821e-01 6.041511508435930544e+00 2.269721590015461032e+00
9.995489783075131029e-01 6.042177874168687346e+00 2.269910281343715308e+00
9.995989782564055348e-01 6.042844312998409961e+00 2.270098987256830458e+00
9.996489782052979667e-01 6.043510824809591675e+00 2.270287707754438333e+00
9.996989781541902875e-01 6.044177409391886968e+00 2.270476442828527119e+00
9.997489781030826084e-01 6.044844066330719023e+00 2.270665192461698290e+00
9.997739780775287688e-01 6.045177423553193208e+00 2.270759572726809949e+00
9.997989780519750402e-01 6.045510799055177742e+00 2.270853956619515834e+00
9.998239780264212007e-01 6.045844192806385742e+00 2.270948344133662200e+00
9.998489780008674721e-01 6.046177604752416279e+00 2.271042735261748380e+00
9.998739779753136325e-01 6.046511034787029004e+00 2.271137129994610593e+00
9.998864779625367127e-01 6.046677756989194741e+00 2.271184328708971911e+00
9.998989779497597929e-01 6.046844483757661592e+00 2.271231528320092785e+00
9.999089779395383681e-01 6.046977868509281429e+00 2.271269288653376961e+00
9.999189779293167213e-01 6.047111256186644468e+00 2.271307049558356717e+00
9.999289779190951855e-01 6.047244646785084221e+00 2.271344811033867206e+00
9.999389779088736496e-01 6.047378040296299773e+00 2.271382573078607692e+00
9.999489778986521138e-01 6.047511436704247068e+00 2.271420335691109571e+00
9.999539778935413459e-01 6.047578136058372245e+00 2.271439217209713757e+00
9.999589778884305780e-01 6.047644836144163705e+00 2.271458098869608477e+00
9.999639778833198100e-01 6.047711536960555634e+00 2.271476980670541046e+00
9.999689778782091532e-01 6.047778238505674864e+00 2.271495862612236571e+00
9.999739778730983852e-01 6.047844940775918943e+00 2.271514744694386412e+00
9.999764778705430013e-01 6.047878292198796579e+00 2.271524185788019512e+00
9.999789778679876173e-01 6.047911643805024440e+00 2.271533626916635296e+00
9.999823111979138091e-01 6.047956112890062741e+00 2.271546215142455694e+00
9.999856445278398898e-01 6.048000582295542493e+00 2.271558803430247409e+00
9.999873111928029301e-01 6.048022817126662787e+00 2.271565097597333160e+00
9.999889778577659705e-01 6.048045052038774294e+00 2.271571391779857230e+00
9.999902278564882785e-01 6.048061728277211557e+00 2.271576112426866079e+00
9.999914778552105865e-01 6.048078404561281651e+00 2.271580833082535111e+00
9.999927278539330056e-01 6.048095080890847797e+00 2.271585553746855002e+00
9.999939778526552026e-01 6.048111757265612454e+00 2.271590274419811539e+00
9.999946028520163566e-01 6.048120095470994606e+00 2.271592634759524110e+00
9.999952278513775106e-01 6.048128433687805838e+00 2.271594995101391845e+00
9.999958528507386646e-01 6.048136771916007959e+00 2.271597355445413413e+00
9.999964778500999296e-01 6.048145110155567217e+00 2.271599715791583929e+00
9.999968945163406620e-01 6.048150668988467871e+00 2.271601289356889986e+00
9.999973111825813943e-01 6.048156227826432918e+00 2.271602862923152166e+00
9.999977278488221266e-01 6.048161786669443707e+00 2.271604436490366918e+00
9.999980403485027036e-01 6.048165955805097305e+00 2.271605616666402483e+00
9.999983528481832806e-01 6.048170124943580639e+00 2.271606796842974063e+00
9.999985090980236802e-01 6.048172209513946740e+00 2.271607386931460137e+00
9.999986653478639687e-01 6.048174294085026048e+00 2.271607977020079883e+00
9.999988215977042572e-01 6.048176378656821228e+00 2.271608567108833743e+00
9.999989778475445457e-01 6.048178463229329616e+00 2.271609157197721274e+00
9.999990800627900356e-01 6.048179826911703749e+00 2.271609543221916550e+00
9.999991822780356365e-01 6.048181190594385193e+00 2.271609929247562665e+00
9.999992844932812375e-01 6.048182554277371281e+00 2.271610315274315006e+00
9.999993867085267274e-01 6.048183917960663791e+00 2.271610701301822299e+00
9.999994889237722173e-01 6.048185281644255618e+00 2.271611087329738154e+00
9.999995400313950178e-01 6.048185963486170991e+00 2.271611280343741601e+00
9.999995911390178183e-01 6.048186645328160971e+00 2.271611473357717070e+00
9.999996422466406187e-01 6.048187327170231775e+00 2.271611666371618377e+00
9.999996933542634192e-01 6.048188009012377186e+00 2.271611859385405108e+00
9.999997444618862197e-01 6.048188690854597205e+00 2.271612052399032855e+00
9.999997700156975089e-01 6.048189031775735636e+00 2.271612148905772788e+00
9.999997955695089091e-01 6.048189372696895383e+00 2.271612245412458098e+00
9.999998211233203094e-01 6.048189713618072894e+00 2.271612341919081235e+00
9.999998466771315986e-01 6.048190054539268168e+00 2.271612438425636427e+00
9.999998722309429988e-01 6.048190395460483870e+00 2.271612534932121452e+00
9.999998850078486434e-01 6.048190565921101047e+00 2.271612583185334433e+00
9.999998977847543991e-01 6.048190736381721777e+00 2.271612631438528762e+00
9.999999123869323103e-01 6.048190931193864195e+00 2.271612686585009477e+00
9.999999269891103326e-01 6.048191126006012830e+00 2.271612741731462215e+00
9.999999415912881329e-01 6.048191320818165018e+00 2.271612796877885643e+00
9.999999561934661552e-01 6.048191515630327864e+00 2.271612852024279317e+00
9.999999707956441775e-01 6.048191710442498703e+00 2.271612907170642792e+00
9.999999853978220887e-01 6.048191905254673095e+00 2.271612962316970297e+00
1.000000000000000000e+00 6.048192100066850152e+00 2.271613017463268047e+00
