# -105 2 0.100980101479 6.21048874688e-06
# x xi_r xi_h
1.310287751119751072e-03 -2.013879723779136270e+02 -6.312884008757674792e+01
1.460995662986557019e-03 -1.955305772405322102e+02 -5.069996041945675813e+01
1.650884358646134958e-03 -1.799856209902133344e+02 -3.129285440704222765e+01
1.840773054305712029e-03 -1.569283744863621450e+02 -9.794684490425982659e+00
2.080034956818093209e-03 -1.206652200191572888e+02 1.683628786208743477e+01
2.319296859330475039e-03 -8.066901043236454427e+01 3.873656063876137523e+01
2.520287072229036949e-03 -4.765668756109584336e+01 5.079504866788639816e+01
2.721277285127598859e-03 -1.798253503210754189e+01 5.593629582265485567e+01
2.922267498026161203e-03 6.426702258331793871e+00 5.393719734992978943e+01
3.112225549436466957e-03 2.352550781269854241e+01 4.605768276816548479e+01
3.302183600846774012e-03 3.435413701195216163e+01 3.364317806039558434e+01
3.492141652257081067e-03 3.906116234203055626e+01 1.838591774114852129e+01
3.682099703667386821e-03 3.830601154283040444e+01 2.219849605222173672e+00
3.921500270735109317e-03 3.132670030234551817e+01 -1.644347656562185023e+01
4.160900837802832680e-03 2.002525116484831358e+01 -3.028304987269882531e+01
4.400301404870555176e-03 7.200670427295501774e+00 -3.709547963644448032e+01
4.639701971938277672e-03 -4.601480795765021448e+00 -3.613405553716117424e+01
4.869433365318841418e-03 -1.316512083812785150e+01 -2.857585080351950069e+01
5.099164758699403430e-03 -1.799055737181992143e+01 -1.636122139495674688e+01
5.328896152079966309e-03 -1.884137764249705782e+01 -2.015808787050300310e+00
5.558627545460530055e-03 -1.617143863318831265e+01 1.170758469366371912e+01
5.787748083093968016e-03 -1.097406505260765819e+01 2.231280891940006228e+01
6.016868620727404242e-03 -4.510074444408879835e+00 2.808727740845187526e+01
6.245989158360841335e-03 1.910279253852448456e+00 2.826177455608273803e+01
6.507314466583081353e-03 7.733473453986696278e+00 2.212743577215701762e+01
6.768639774805322237e-03 1.094887491379121514e+01 1.106633336023931591e+01
7.029965083027563122e-03 1.117306003193171726e+01 -1.980688593130851549e+00
7.291290391249803139e-03 8.743911914242939787e+00 -1.377226996535849501e+01
7.588259160035928062e-03 3.944771078212505167e+00 -2.220318123000841126e+01
7.885227928822052118e-03 -1.396862052280070099e+00 -2.330676047065284706e+01
8.182196697608175306e-03 -5.643098440656576287e+00 -1.717265548782476614e+01
8.479165466394300230e-03 -7.679914703898234940e+00 -6.088272344382986034e+00
8.776134235180425153e-03 -7.172263847813529658e+00 6.274422427954377213e+00
9.062891590263655664e-03 -4.676326006210905994e+00 1.579825300267488508e+01
9.349648945346886175e-03 -1.129935951964885943e+00 2.026593962751274347e+01
9.636406300430114952e-03 2.363060534430242221e+00 1.863796452972557560e+01
9.923163655513347198e-03 4.830100245211749410e+00 1.167796100927639458e+01
1.020992101059657944e-02 5.683168051432815560e+00 1.647882104978786399e+00
1.049667836567980995e-02 4.841831280584640851e+00 -8.411112314255648315e+00
1.078343572076304047e-02 2.705489797075780967e+00 -1.558790158386198499e+01
1.107585216327150977e-02 -5.421596829978338888e-02 -1.792802186075639881e+01
1.136826860577998081e-02 -2.547567045014925036e+00 -1.477415892004447073e+01
1.166068504828845012e-02 -4.070282305840667192e+00 -7.304233177980075986e+00
1.195310149079691076e-02 -4.262944723753966159e+00 2.063565793378333790e+00
1.224551793330539047e-02 -3.183879669501856302e+00 1.044392415982505540e+01
1.253793437581384937e-02 -1.255942038730412547e+00 1.536390962374435887e+01
1.283035081832233082e-02 8.867075018557400989e-01 1.548339488884020732e+01
1.312276726083078972e-02 2.599592859733717454e+00 1.094911213804522454e+01
1.341518370333926076e-02 3.415222842513928381e+00 3.292186264205438917e+00
1.372371033175165053e-02 3.124157216296164385e+00 -5.490989716119779374e+00
1.403223696016404030e-02 1.842538459270674389e+00 -1.214725560696809836e+01
1.434076358857643008e-02 6.007820540491830286e-02 -1.455944464865435606e+01
1.464929021698880944e-02 -1.610653377765488337e+00 -1.208318816202948476e+01
1.495781684540119921e-02 -2.639302691540127199e+00 -5.703522956265192789e+00
1.526634347381359072e-02 -2.740899798424994760e+00 2.347490782884794402e+00
1.557487010222598049e-02 -1.948654869831926151e+00 9.367049418620158718e+00
1.588339673063835986e-02 -5.801086289119110617e-01 1.308355990904379240e+01
1.619192335905075136e-02 8.847325133417101028e-01 1.238500694269391822e+01
1.650044998746313940e-02 1.968191438417449923e+00 7.642252341175318264e+00
1.680897661587552050e-02 2.347264868121813564e+00 5.365663447614870130e-01
1.711941423928450140e-02 1.941700071123844573e+00 -6.571126551135391125e+00
1.742985186269348924e-02 9.292578534557781600e-01 -1.129875135627777283e+01
1.774028948610247014e-02 -3.235500682280295637e-01 -1.215912514158563340e+01
1.805072710951145104e-02 -1.396004823629750646e+00 -8.983556438110088749e+00
1.836116473292042847e-02 -1.951984867962822445e+00 -2.935124383596141584e+00
1.867160235632940937e-02 -1.842670564918240883e+00 3.914803579421975321e+00
1.898203997973839027e-02 -1.142664479910538100e+00 9.294040965847038649e+00
1.929247760314737117e-02 -1.122405517686190096e-01 1.148019561830756352e+01
1.960291522655635901e-02 8.975226018684715479e-01 9.847269746359353704e+00
1.991335284996533991e-02 1.562797655788798146e+00 5.036072304412450684e+00
2.022379047337432081e-02 1.689074731687198350e+00 -1.294732389692612173e+00
2.053422809678330171e-02 1.265648792332279449e+00 -7.041364648869682163e+00
2.083870335922823058e-02 4.746696793782396173e-01 -1.032140860444141417e+01
2.114317862167315945e-02 -4.231503837711550475e-01 -1.029060785251592058e+01
2.144765388411808138e-02 -1.145925609245769694e+00 -7.049585547204812563e+00
2.175212914656301025e-02 -1.480866891030981902e+00 -1.694101855967486303e+00
2.205660440900793912e-02 -1.345303950463900833e+00 4.057270939991476588e+00
2.236107967145287145e-02 -8.045012169221847920e-01 8.414779901587303712e+00
2.266555493389780032e-02 -4.353998384700021734e-02 1.007147109283129716e+01
2.297003019634272919e-02 6.954123022357373562e-01 8.589209349088527290e+00
2.327450545878765112e-02 1.189425846145046206e+00 4.504952344058201774e+00
2.357898072123257999e-02 1.300959360879813120e+00 -8.644861381599748817e-01
2.388999902351006052e-02 1.005263817452795916e+00 -5.934913149367758933e+00
2.420101732578754106e-02 4.080323293443059440e-01 -9.012009649619292517e+00
2.451203562806502159e-02 -2.902439202024291176e-01 -9.176250654413156127e+00
2.482305393034249866e-02 -8.677048489854847224e-01 -6.449719506842561678e+00
2.513407223261997919e-02 -1.150863474799723729e+00 -1.759794071176828734e+00
2.544509053489744932e-02 -1.065604384293730833e+00 3.378562064356110284e+00
2.575610883717492985e-02 -6.548687798888015443e-01 7.352641612349970046e+00
2.606712713945241039e-02 -5.951756798782087410e-02 8.955689524661183398e+00
2.637814544172989092e-02 5.297015215684427458e-01 7.748169184516700447e+00
2.668916374400737146e-02 9.328418466141215060e-01 4.170370492440149235e+00
2.700018204628484852e-02 1.034976749619655800e+00 -6.193082822780622276e-01
2.731120034856232906e-02 8.178937325594674013e-01 -5.121039624615611352e+00
2.762221865083979919e-02 3.609249793403125350e-01 -7.962475538848200252e+00
2.793323695311727972e-02 -1.876682754105968853e-01 -8.313760603211699518e+00
2.826513052570591919e-02 -6.823989627225468535e-01 -5.915242736436401749e+00
2.859702409829455866e-02 -9.261317759316926024e-01 -1.540548678469122246e+00
2.892891767088319119e-02 -8.471992871920502877e-01 3.272771552662787187e+00
2.926081124347183066e-02 -4.857093006870287222e-01 6.877634533776170400e+00
2.959270481606045972e-02 2.520943228165532443e-02 8.078425829572749350e+00
2.992459838864909918e-02 5.082774317431842936e-01 6.522267305977576868e+00
3.025649196123773171e-02 8.032230089033893794e-01 2.794563020785781227e+00
3.058838553382637118e-02 8.193014028731389065e-01 -1.803494561351747683e+00
3.092027910641501065e-02 5.622321872721968150e-01 -5.710562782025203177e+00
3.125217267900363971e-02 1.279569872867560021e-01 -7.634170095558479474e+00
3.158406625159228265e-02 -3.330571806451864125e-01 -6.974475151243862747e+00
3.191595982418091171e-02 -6.677671015965431778e-01 -4.005282748040825069e+00
3.224785339676954771e-02 -7.709177202374145610e-01 2.399510021245317981e-01
3.257974696935817677e-02 -6.174275798600790122e-01 4.330034282528121281e+00
3.291164054194681970e-02 -2.671091590945265937e-01 6.918619932934338301e+00
3.324353411453546264e-02 1.584664080673504338e-01 7.184858374625026300e+00
3.357542768712409170e-02 5.181030586032738805e-01 5.088872137502415960e+00
3.390732125971272770e-02 6.975570993501724049e-01 1.364335827922854572e+00
3.423921483230135676e-02 6.453071949122277662e-01 -2.741061796329040678e+00
3.457110840488999970e-02 3.865169028499780834e-01 -5.884797577305493022e+00
3.491112367483018009e-02 2.690600880064863022e-03 -7.067821125930001003e+00
3.525113894477036047e-02 -3.694961939909961468e-01 -5.843121743177157157e+00
3.559115421471054780e-02 -6.061372729936208570e-01 -2.670942257998650593e+00
3.593116948465072819e-02 -6.331740442946333092e-01 1.345663717189132136e+00
3.627118475459092245e-02 -4.489108869805525370e-01 4.845829035369044746e+00
3.661120002453110284e-02 -1.216520695281475550e-01 6.671047553985281375e+00
3.695121529447128322e-02 2.356251195354555628e-01 6.245473340210885738e+00
3.729123056441145667e-02 5.042065853489048344e-01 3.752710328130777206e+00
3.763124583435163706e-02 5.988210163398174357e-01 5.663184391729330497e-02
3.797126110429181745e-02 4.942449172252814660e-01 -3.600159122625833596e+00
3.831127637423199783e-02 2.312115327278613242e-01 -6.014490948303459206e+00
3.865129164417219210e-02 -9.938994377748663900e-02 -6.416686605233351770e+00
3.899130691411237248e-02 -3.879467395883113845e-01 -4.712135039372699730e+00
3.933132218405255287e-02 -5.423281633265920609e-01 -1.495894010235577776e+00
3.967133745399273326e-02 -5.169655775680979115e-01 2.157748129710979956e+00
4.001135272393290671e-02 -3.257526718076794725e-01 5.055661381252919639e+00
4.035136799387308709e-02 -3.532971162295184958e-02 6.274891686771723265e+00
4.069138326381326748e-02 2.582392407974513082e-01 5.453697354691956711e+00
4.103139853375346174e-02 4.612208536905286760e-01 2.893824096853205852e+00
4.137141380369364213e-02 5.119203356380687131e-01 -5.529611817381222538e-01
4.171142907363382252e-02 3.990082669352956746e-01 -3.770929471079458750e+00
4.205144434357400290e-02 1.631787090333016443e-01 -5.742215596838064151e+00
4.239145961351419023e-02 -1.176363318573864364e-01 -5.866881848184713810e+00
4.273147488345437062e-02 -3.541112293439082626e-01 -4.141205866677165837e+00
4.307149015339455100e-02 -4.738426186936535167e-01 -1.142724128567794040e+00
4.325489917444660243e-02 -4.756640464338170449e-01 7.068361058256449336e-01
4.343830819549863304e-02 -4.317760284323019504e-01 2.470706792111061922e+00
4.362171721655067058e-02 -3.471956016538834122e-01 3.980457664424332798e+00
4.380512623760270813e-02 -2.307250645693229296e-01 5.094483314478982727e+00
4.398853525865475261e-02 -9.402658016032676425e-02 5.711094855317716323e+00
4.417194427970679016e-02 4.955180110753708289e-02 5.777536228984107680e+00
4.435535330075882771e-02 1.862802236423649060e-01 5.294156929662173106e+00
4.453876232181087219e-02 3.033540416036373255e-01 4.313454334840544746e+00
4.472217134286290280e-02 3.900802349855084228e-01 2.934193854907437338e+00
4.490558036391494035e-02 4.388348820884283019e-01 1.291276183875385453e+00
4.527239840601902238e-02 4.135078526608885197e-01 -2.076014901601641593e+00
4.563921644812309747e-02 2.455386552228822350e-01 -4.666401015484536785e+00
4.600603449022717950e-02 -2.717256207763264417e-03 -5.598425469449504810e+00
4.637285253233124765e-02 -2.436224332967574790e-01 -4.585513012429813351e+00
4.673967057443533663e-02 -3.951980728771533058e-01 -2.015751841963717705e+00
4.710648861653941866e-02 -4.087200646374294921e-01 1.201594442780861138e+00
4.747330665864348681e-02 -2.838193811432072611e-01 3.960986990443894573e+00
4.784012470074756884e-02 -6.664867598200223398e-02 5.340031129247828190e+00
4.820694274285165087e-02 1.674150134665448597e-01 4.903677963241345417e+00
4.857376078495573291e-02 3.400028342108127877e-01 2.834665698844777815e+00
4.894057882705980800e-02 3.958003473513126425e-01 -1.460223711753162457e-01
4.931285321897629220e-02 3.179427525327367388e-01 -3.068988128786322545e+00
4.968512761089276947e-02 1.349072648928568152e-01 -4.910123875023391982e+00
5.005740200280924673e-02 -8.891686748642439742e-02 -5.070724161844219147e+00
5.042967639472573094e-02 -2.776986195524952517e-01 -3.529188422113488599e+00
5.080195078664220820e-02 -3.697495040523277599e-01 -8.319588129141256561e-01
5.117422517855869241e-02 -3.373681277277982282e-01 2.103526328599282902e+00
5.154649957047517661e-02 -1.946927179978446831e-01 4.302148642630769793e+00
5.191877396239164694e-02 8.463787179959963991e-03 5.053597029147169906e+00
5.229104835430813114e-02 2.041580070006240866e-01 4.138056647187078774e+00
5.266332274622462228e-02 3.290367237477353490e-01 1.884783837092084413e+00
5.303559713814109261e-02 3.446560156791174667e-01 -9.496909541439469971e-01
5.340787153005757681e-02 2.489595557393192160e-01 -3.437988266414588434e+00
5.378014592197404714e-02 7.562502878113258609e-02 -4.785430931121816833e+00
5.415242031389053134e-02 -1.179731565189437309e-01 -4.581424555031739843e+00
5.452469470580702249e-02 -2.698458726395336904e-01 -2.919992023958586813e+00
5.489696909772349281e-02 -3.331530931155158859e-01 -3.557314826960950582e-01
5.526924348963997702e-02 -2.903842364677235444e-01 2.284773844492672623e+00
5.564151788155646122e-02 -1.577580824590925357e-01 4.171055753947073619e+00
5.601379227347293849e-02 2.107998588192197195e-02 4.728957748698086050e+00
5.638606666538942269e-02 1.896020646909686580e-01 3.811745543627682586e+00
5.675834105730589996e-02 2.962927549565113061e-01 1.732375740170962741e+00
5.713557747568415168e-02 3.097769057425314165e-01 -8.797178751771738137e-01
5.751281389406241035e-02 2.266227987466457039e-01 -3.178154402809821200e+00
5.789005031244066207e-02 7.517214036403795097e-02 -4.456943670254628564e+00
5.826728673081892074e-02 -9.622304338709822269e-02 -4.344727223126823468e+00
5.864452314919717246e-02 -2.347810326385788016e-01 -2.906689048919210538e+00
5.902175956757541725e-02 -2.994698233037712543e-01 -6.088573173310672937e-01
5.939899598595368285e-02 -2.728665369659591389e-01 1.837246684312410894e+00
5.977623240433192764e-02 -1.653869791134697231e-01 3.696674521020985260e+00
6.015346882271019324e-02 -1.105598625397464368e-02 4.430220340440264692e+00
6.053070524108843803e-02 1.434646892593472445e-01 3.846201516949375510e+00
6.090794165946669669e-02 2.530141192149049090e-01 2.144003082976775776e+00
6.128517807784496230e-02 2.869681470175956539e-01 -1.576445342927260129e-01
6.149838126173343134e-02 2.681320003854667511e-01 -1.489112899132308154e+00
6.171158444562190731e-02 2.235284604337306191e-01 -2.664268290584758336e+00
6.192478762951038329e-02 1.578655561587097023e-01 -3.571435657409777864e+00
6.213799081339885233e-02 7.778735767551929470e-02 -4.126498874220738244e+00
6.235119399728732831e-02 -8.805663084523502812e-03 -4.280427145447843529e+00
6.256439718117580429e-02 -9.353851587150353863e-02 -4.023291896349213914e+00
6.277760036506427332e-02 -1.683687597356131049e-01 -3.384481983955907936e+00
6.299080354895275624e-02 -2.263417596089263295e-01 -2.429191249476318148e+00
6.320400673284122528e-02 -2.622244175423874002e-01 -1.251600665845431726e+00
6.341720991672969432e-02 -2.729612186763130666e-01 3.452423198736517818e-02
6.384361628450666015e-02 -2.212248469938800366e-01 2.400864561557470633e+00
6.427002265228359823e-02 -9.369035315665358299e-02 3.897416184169238296e+00
6.469642902006055019e-02 6.360009435964951441e-02 4.022715648641693065e+00
6.512283538783750214e-02 1.958610166359367188e-01 2.760382898090574244e+00
6.554924175561444022e-02 2.585933608842367337e-01 5.697912540231340195e-01
6.597564812339139217e-02 2.323049882992301862e-01 -1.785048682110835561e+00
6.640205449116834413e-02 1.281576082017265028e-01 -3.503729381408005494e+00
6.682846085894529609e-02 -1.692135788679188096e-02 -4.020289366350483284e+00
6.725486722672224804e-02 -1.535215175894648620e-01 -3.185581637038072067e+00
6.768127359449918612e-02 -2.366057125348247636e-01 -1.303898079486517592e+00
6.810767996227613807e-02 -2.401929402030572869e-01 9.822002121290763776e-01
6.854182003929965017e-02 -1.633060707902186937e-01 2.940361579203692344e+00
6.897596011632314839e-02 -3.307048303511283399e-02 3.881168450138380077e+00
6.941010019334666048e-02 1.057047079745069978e-01 3.511186324613961851e+00
6.984424027037017257e-02 2.068360143575363741e-01 1.980609899188205292e+00
7.027838034739368467e-02 2.380236128378404870e-01 -1.815076321537295867e-01
7.071252042441718288e-02 1.908697807129066115e-01 -2.253779410232870983e+00
7.114666050144069498e-02 8.267170170217601199e-02 -3.564078125332828417e+00
7.158080057846419320e-02 -5.016052235620807598e-02 -3.705228542556582294e+00
7.201494065548770529e-02 -1.645098758022268126e-01 -2.656582197657967992e+00
7.244908073251121738e-02 -2.245236641913385123e-01 -7.771287475723680505e-01
7.288322080953472948e-02 -2.126471774084073563e-01 1.321455534404223142e+00
7.331736088655822769e-02 -1.344084780098645238e-01 2.975964595419146708e+00
7.375150096358173979e-02 -1.579237575384816877e-02 3.680439448750307818e+00
7.419305697663924892e-02 1.073619442672679170e-01 3.221258146808017919e+00
7.463461298969675806e-02 1.944041420695430400e-01 1.749328831839994214e+00
7.507616900275426719e-02 2.189650427117788845e-01 -2.506080199354580595e-01
7.551772501581177632e-02 1.749900929132804372e-01 -2.143512068368933043e+00
7.595928102886928546e-02 7.778583334468441857e-02 -3.346527785739041416e+00
7.640083704192679459e-02 -4.154197711218397815e-02 -3.506081452021341693e+00
7.684239305498430372e-02 -1.461891328664714218e-01 -2.596843159021888336e+00
7.728394906804181286e-02 -2.049833009825811070e-01 -9.168770377288657514e-01
7.772550508109932199e-02 -2.014808804228065686e-01 1.013872967579275697e+00
7.816706109415683112e-02 -1.382556361479680418e-01 2.616323402732529058e+00
7.860861710721434026e-02 -3.538590406933071059e-02 3.424999606520716888e+00
7.907004175851901906e-02 8.053663959125109684e-02 3.188983268587898934e+00
7.953146640982367011e-02 1.691158592618805800e-01 1.951000670651607649e+00
7.999289106112834891e-02 2.033451966293408630e-01 1.190201502675460876e-01
8.045431571243301383e-02 1.739148746186312267e-01 -1.725757766558297046e+00
8.091574036373769263e-02 9.140956109168582588e-02 -3.013772282525267521e+00
8.137716501504235755e-02 -1.766980040607118649e-02 -3.361146510172707380e+00
8.183858966634702248e-02 -1.195464948831694157e-01 -2.680507167877566044e+00
8.230001431765168740e-02 -1.836343361459340240e-01 -1.197837655945639845e+00
8.276143896895636620e-02 -1.915988643709395089e-01 6.256221060840186921e-01
8.322286362026103113e-02 -1.423761867834216766e-01 2.238913506321877911e+00
8.368428827156570993e-02 -5.185556827639211525e-02 3.168016052217177414e+00
8.414571292287037485e-02 5.242014515751248355e-02 3.153271325300835759e+00
8.460713757417503977e-02 1.397356649231845938e-01 2.218338574894083592e+00
8.507417896077572317e-02 1.854536677027464886e-01 6.334482153730673915e-01
8.554122034737642044e-02 1.760040618475733620e-01 -1.116143335051331453e+00
8.600826173397713159e-02 1.154447679877644017e-01 -2.516618867316458452e+00
8.647530312057782886e-02 2.248433146113677089e-02 -3.169998465925996545e+00
8.694234450717849838e-02 -7.545754194365551781e-02 -2.904585161960797635e+00
8.740938589377920953e-02 -1.504049800087963462e-01 -1.815909025812274979e+00
8.787642728037989293e-02 -1.817625540819859664e-01 -2.298226947877605730e-01
8.834346866698060408e-02 -1.618033297892789713e-01 1.397960672330742060e+00
8.881051005358128747e-02 -9.730011207711304622e-02 2.614331122107052430e+00
8.927249613444182552e-02 -8.037862618537016529e-03 3.093738066822383281e+00
8.973448221530234969e-02 8.203194162403613932e-02 2.741446668177078383e+00
9.019646829616287387e-02 1.491304000299543131e-01 1.672111401968911615e+00
9.065845437702341192e-02 1.763254185310269284e-01 1.838419539592180962e-01
9.112044045788392221e-02 1.575982763682998999e-01 -1.328371213362754766e+00
9.158242653874446026e-02 9.887442876271902714e-02 -2.478167443564676109e+00
9.185990558262246974e-02 4.996034998563576163e-02 -2.873716458171951427e+00
9.213738462650046535e-02 -3.230065866519087666e-03 -2.992952751769461628e+00
9.269234271425648430e-02 -1.004051131819575504e-01 -2.426510304791589689e+00
9.324730080201248938e-02 -1.610391345411028297e-01 -1.023490026644399808e+00
9.380225888976850834e-02 -1.651445131186153881e-01 7.130765300274635177e-01
9.435721697752449955e-02 -1.127163005011722063e-01 2.181736246468053420e+00
9.491217506528051850e-02 -2.291701798083893571e-02 2.889565697771515396e+00
9.546713315303652359e-02 7.312980934456876636e-02 2.614070288514578344e+00
9.602209124079254254e-02 1.432043720781550622e-01 1.468152986729828635e+00
9.657704932854854762e-02 1.647221138427475973e-01 -1.491900444755200894e-01
9.711274250401923103e-02 1.336529901872282877e-01 -1.651061218276921316e+00
9.764843567948991443e-02 6.225296294003393460e-02 -2.628223073945939792e+00
9.818412885496061171e-02 -2.690609278031515228e-02 -2.795546323055567939e+00
9.871982203043128123e-02 -1.066195128327956099e-01 -2.119747356549147810e+00
9.925551520590197851e-02 -1.533438423937341921e-01 -8.202787771953539142e-01
9.979120838137264804e-02 -1.540258526962342001e-01 7.048541509400571003e-01
1.003269015568433037e-01 -1.095315717301516695e-01 2.002823306578912277e+00
1.008625947323140010e-01 -3.384990533211934549e-02 2.700475314133734539e+00
1.013982879077846982e-01 5.047327968705127982e-02 2.609724882957584757e+00
1.019196887189594974e-01 1.177658477019685179e-01 1.803346234986011432e+00
1.024410895301341995e-01 1.524071853039186686e-01 5.231111222559305940e-01
1.029624903413089987e-01 1.459367442546224691e-01 -8.779667810094116120e-01
1.034838911524837979e-01 1.010413794975485585e-01 -2.026944779313912814e+00
1.040052919636584999e-01 3.036894441410657730e-02 -2.629692770167274762e+00
1.045266927748332991e-01 -4.717994232884573091e-02 -2.543434239242011508e+00
1.051400246805940936e-01 -1.198074759392714905e-01 -1.632872877406966738e+00
1.057533565863548047e-01 -1.503089108569854171e-01 -1.770057283035121054e-01
1.063666884921155992e-01 -1.294166809720995737e-01 1.317354246574141685e+00
1.069800203978762965e-01 -6.543486172758643249e-02 2.347591501286477644e+00
1.075933523036371048e-01 1.930155483271004183e-02 2.582737306766441421e+00
1.081580523569587032e-01 9.147783882129764677e-02 2.038416520188481851e+00
1.087227524102803017e-01 1.371003247760481381e-01 9.336754425311806216e-01
1.092874524636019973e-01 1.442268077159302719e-01 -4.116123151338104691e-01
1.098521525169235957e-01 1.118610622355684509e-01 -1.624080892750376481e+00
1.104461325367779023e-01 4.616344168165448236e-02 -2.401593689659039299e+00
1.110401125566321950e-01 -3.215171187423673804e-02 -2.462368335040765466e+00
1.116340925764865016e-01 -9.999364588404241472e-02 -1.805822249130179413e+00
1.122280725963407944e-01 -1.380578938235685615e-01 -6.378802183206031540e-01
1.128220526161951009e-01 -1.361806919291153051e-01 6.958885138370780599e-01
1.134060008840173939e-01 -9.674012285611129081e-02 1.799461496279871398e+00
1.139899491518396035e-01 -3.160940806936958503e-02 2.399494899720836294e+00
1.145738974196618964e-01 4.111736743379440506e-02 2.346938637164530217e+00
1.151578456874842032e-01 1.019287501768476184e-01 1.671542881046772733e+00
1.157417939553063990e-01 1.351020353794499806e-01 5.660918427520196250e-01
1.163163554681377054e-01 1.329533025514620936e-01 -6.527224777296248837e-01
1.168909169809689980e-01 9.756930390581858292e-02 -1.691230394536463510e+00
1.174654784938004015e-01 3.848100702812562446e-02 -2.296450483763370354e+00
1.180400400066316940e-01 -2.927417783791418787e-02 -2.330267266264933301e+00
1.186146015194630005e-01 -8.904267675855319364e-02 -1.797974078136590270e+00
1.189682089753304056e-01 -1.157543836465854403e-01 -1.237291050232412148e+00
1.193218164311977969e-01 -1.313296804300224108e-01 -5.650539436663811754e-01
1.200290313429325934e-01 -1.258064270626310099e-01 8.227134791822235949e-01
1.207362462546674037e-01 -7.698261429634870034e-02 1.905250582745143362e+00
1.214434611664022001e-01 -2.630464396195942699e-03 2.321759593884725525e+00
1.221403590722684035e-01 7.062001316617490254e-02 1.959474107980781810e+00
1.228372569781346069e-01 1.198878964935840008e-01 9.662663050012275656e-01
1.235341548840007964e-01 1.299345524713584887e-01 -3.230784196147862275e-01
1.242310527898669997e-01 9.853497800470044365e-02 -1.490855518819624193e+00
1.249199642383859027e-01 3.736666394889323617e-02 -2.168548346577827246e+00
1.256088756869047918e-01 -3.432860792991955512e-02 -2.176297183143245828e+00
1.262977871354236947e-01 -9.471255467351301360e-02 -1.529698403709948140e+00
1.269801736787574131e-01 -1.260252634892346790e-01 -4.516059318096052322e-01
1.276625602220911870e-01 -1.206641632564290495e-01 7.358016098159175788e-01
1.283383226857451875e-01 -8.164174599326361192e-02 1.687842743129601253e+00
1.290140851493992991e-01 -2.066473401324396206e-02 2.162295241586649208e+00
1.296898476130534106e-01 4.513330628162590119e-02 2.040828626990164540e+00
1.303656100767074111e-01 9.785369664534335210e-02 1.368623705198660723e+00
1.310334062222101026e-01 1.235635283892861924e-01 3.518458143217656486e-01
1.317012023677127108e-01 1.169154482239487675e-01 -7.411325078725533588e-01
1.323689985132154023e-01 8.038953826652721346e-02 -1.628080845244551433e+00
1.330315011698023075e-01 2.442631483691258196e-02 -2.088330215698425363e+00
1.336940038263891017e-01 -3.686727081978350556e-02 -2.026925551740280440e+00
1.343565064829760070e-01 -8.840261365966939344e-02 -1.472165951044567489e+00
1.350127571636738077e-01 -1.178248493202528335e-01 -5.797016962272768525e-01
1.356690078443716085e-01 -1.192756320715622209e-01 4.353202678222746203e-01
1.363252585250694093e-01 -9.307433144895782551e-02 1.334853049148722492e+00
1.369747936614179040e-01 -4.639596408580290432e-02 1.912612563508295338e+00
1.376243287977663987e-01 1.004576926256950907e-02 2.057613580808382192e+00
1.382738639341148101e-01 6.360469773346108524e-02 1.747668136572283037e+00
1.389233990704633048e-01 1.026551449344969558e-01 1.060427634940862118e+00
1.395657048814820111e-01 1.190277413041073151e-01 1.631938981510253905e-01
1.402080106925008007e-01 1.102785240579688686e-01 -7.567238533418303437e-01
1.408503165035195070e-01 7.875734528010149005e-02 -1.507996650878620004e+00
1.414926223145382134e-01 3.142218472933818590e-02 -1.940180390780201769e+00
1.423395568821196888e-01 -3.735594409619294454e-02 -1.902503402265706800e+00
1.431864914497011088e-01 -9.264192845324885350e-02 -1.226823330477101903e+00
1.440334260172826120e-01 -1.164437433157957114e-01 -1.550344377347254998e-01
1.448719479772087870e-01 -1.020864510031276318e-01 9.415765132767320855e-01
1.457104699371351009e-01 -5.548940165073031061e-02 1.722619058877366660e+00
1.465489918970613870e-01 7.902535400113248551e-03 1.951749211610642520e+00
1.473791511845158053e-01 6.751782226764976858e-02 1.579032809782829228e+00
1.482093104719703069e-01 1.060575956672469289e-01 7.373494884757735290e-01
1.490394697594248086e-01 1.125887383167459149e-01 -3.110136398971184990e-01
1.498616400772035950e-01 8.635148575074394484e-02 -1.245749780165912535e+00
1.506838103949824093e-01 3.582815164164999261e-02 -1.812322049170168148e+00
1.515059807127611957e-01 -2.415805717520565221e-02 -1.860509102252104530e+00
1.523205105585085095e-01 -7.627804988067035663e-02 -1.396052033389097335e+00
1.531350404042559066e-01 -1.071030326873532446e-01 -5.601147857277491982e-01
1.539495702500031926e-01 -1.088715863215513613e-01 4.144914138218461774e-01
1.547567892028325898e-01 -8.212064484688438859e-02 1.260349685675872244e+00
1.555640081556619037e-01 -3.452997898579922287e-02 1.770611942270314820e+00
1.563712271084913008e-01 2.129841163005043517e-02 1.823054955977594371e+00
1.571714424761531115e-01 7.073702743633410173e-02 1.419787317081655953e+00
1.579716578438148944e-01 1.021909172840644864e-01 6.713319678209644925e-01
1.587718732114765940e-01 1.083669321005324704e-01 -2.318595807652326646e-01
1.593682299859416895e-01 9.555158065784172261e-02 -8.767422912695025383e-01
1.599645867604068128e-01 6.983208817190739159e-02 -1.393798781968648148e+00
1.607548172773561879e-01 2.282889856433080455e-02 -1.771903083263767220e+00
1.615450477943055907e-01 -2.884891629280069217e-02 -1.741929862779211025e+00
1.623352783112549935e-01 -7.343003909130640938e-02 -1.318431427170760450e+00
1.631192240213278077e-01 -1.009395619494833224e-01 -6.103541786425970006e-01
1.639031697314005942e-01 -1.060795524902962000e-01 2.232088896555879109e-01
1.646871154414734917e-01 -8.818688539756329436e-02 9.990839935192866728e-01
1.654650075841770929e-01 -5.188608126783999380e-02 1.548995859645777795e+00
1.662428997268806941e-01 -5.097984835235178612e-03 1.768351644499782438e+00
1.670207918695844063e-01 4.225722209193711471e-02 1.618222478472383763e+00
1.677928708154781123e-01 8.019979415473778295e-02 1.141012491598738743e+00
1.685649497613717074e-01 1.016079589558555041e-01 4.382165222619230915e-01
1.693370287072654135e-01 1.025095415018941053e-01 -3.449154331167075260e-01
1.699128959626282909e-01 8.967557741456835818e-02 -8.895152923041707016e-01
1.704887632179911960e-01 6.694682518296694862e-02 -1.328963294405262507e+00
1.712525425599212003e-01 2.653847719367159047e-02 -1.672179444239516144e+00
1.720163219018512046e-01 -1.846034291374192698e-02 -1.697559609309184259e+00
1.727801012437812922e-01 -5.956973642851657452e-02 -1.405665726773861035e+00
1.735386115400147089e-01 -8.909745161134306757e-02 -8.603781235861688304e-01
1.742971218362479868e-01 -1.021878473848634172e-01 -1.643711538715145470e-01
1.750556321324814035e-01 -9.678181113987482931e-02 5.544332960429145807e-01
1.758090734592840931e-01 -7.436766730923617674e-02 1.164050221567634047e+00
1.765625147860866995e-01 -3.918321904217812734e-02 1.564644038170784235e+00
1.773159561128893891e-01 2.456791264407875638e-03 1.690624532638517863e+00
1.780645185463007873e-01 4.305320585486659829e-02 1.527174178078027689e+00
1.788130809797122134e-01 7.604446237699714894e-02 1.108535964934941997e+00
1.795616434131235006e-01 9.606131609809656635e-02 5.089657747337102967e-01
1.806774417515888131e-01 9.617281967637368589e-02 -4.805555204460034147e-01
1.817932400900540979e-01 6.309550637624213032e-02 -1.292116748245259794e+00
1.829022533861615063e-01 9.221446173096014415e-03 -1.652553378086610847e+00
1.840112666822688869e-01 -4.710069100878158666e-02 -1.457441771587270951e+00
1.851137424986991076e-01 -8.708567025164673514e-02 -7.885573843439879216e-01
1.862162183151294115e-01 -9.851331974499791255e-02 1.271116532162360202e-01
1.873123941815151017e-01 -7.855432388753176565e-02 9.877879998037573106e-01
1.884085700479007919e-01 -3.427379326650662611e-02 1.530202331407919392e+00
1.894986740814197101e-01 1.983113659382145996e-02 1.594568872808853843e+00
1.905887781149386007e-01 6.734532258369931024e-02 1.175403095648688723e+00
1.916730272722124984e-01 9.410512434423852490e-02 4.129030993194907628e-01
1.927572764294863961e-01 9.295479922313361343e-02 -4.628857897630493379e-01
1.938358801601320902e-01 6.499979307228104242e-02 -1.192232599958274797e+00
1.949144838907778954e-01 1.881518659692867773e-02 -1.574462689237194901e+00
1.959876440525072094e-01 -3.197070443037290655e-02 -1.510043614694844827e+00
1.970608042142364125e-01 -7.339885109615489067e-02 -1.028313806996409285e+00
1.981287147275558047e-01 -9.426445990061153857e-02 -2.732523394428417185e-01
1.991966252408751137e-01 -8.957886562161086752e-02 5.481702107010304470e-01
2.002594720445023124e-01 -6.125561469528915948e-02 1.213517106793532641e+00
2.013223188481295112e-01 -1.718717874113097344e-02 1.555358243047625377e+00
2.023802826740382921e-01 3.071316195394962686e-02 1.492232757735526771e+00
2.034382464999472118e-01 7.035003919536035599e-02 1.049791833851526190e+00
2.044915009253560068e-01 9.183838735244076457e-02 3.496938574603516980e-01
2.055447553507646907e-01 9.037529346791289830e-02 -4.311275508143784241e-01
2.065934679926554884e-01 6.686974235003415035e-02 -1.097196257145633735e+00
2.076421806345462029e-01 2.742946296881215024e-02 -1.492772840145767610e+00
2.086865129960230880e-01 -1.804690374549873869e-02 -1.528344267563695791e+00
2.097308453575000009e-01 -5.887992896437056062e-02 -1.203635019333136658e+00
2.107709537672242117e-01 -8.554842074975267663e-02 -6.028211279109367826e-01
2.118110621769483948e-01 -9.232738676597405936e-02 1.325192819918912801e-01
2.128480599636951021e-01 -7.808260299945647687e-02 8.293190892313440088e-01
2.138821136186860039e-01 -4.653682237937856875e-02 1.333116697233320602e+00
2.149161672736769058e-01 -4.947751283476702414e-03 1.538453055376790779e+00
2.159459665261461991e-01 3.723884626789925739e-02 1.405336085597358453e+00
2.169742753085213971e-01 7.101432554963628407e-02 9.706198417329160444e-01
2.180025840908965951e-01 8.935798059240047941e-02 3.311016333885257179e-01
2.190272457378873994e-01 8.865295309576515237e-02 -3.722298090060740527e-01
2.200519073848782037e-01 6.942891236313644687e-02 -9.931243349148499711e-01
2.210737515503453099e-01 3.605686239097334600e-02 -1.403205407796289883e+00
2.220955957158123883e-01 -4.446413886511102996e-03 -1.523279717879061579e+00
2.231133728053782961e-01 -4.361077752736388508e-02 -1.334327807404580346e+00
2.241311498949442038e-01 -7.376879273087685873e-02 -8.794695042567074461e-01
2.251456680358785989e-01 -8.904507491821841980e-02 -2.546150663412787285e-01
2.261601861768129940e-01 -8.676875208086066993e-02 4.167092754384085218e-01
2.271708474868849026e-01 -6.773939093706797532e-02 1.000408092966184714e+00
2.281814321068081908e-01 -3.588223883130840092e-02 1.388603384620942238e+00
2.291920167267315067e-01 2.569003164295960775e-03 1.510953462665144631e+00
2.301989120822834911e-01 4.015463180733473691e-02 1.348663193284779016e+00
2.312058074378355865e-01 7.002968410447484027e-02 9.364423631028979678e-01
2.322098544924325048e-01 8.676481427364390875e-02 3.553243140641442199e-01
2.332139015470293120e-01 8.758582101611731008e-02 -2.874032047194695627e-01
2.342152100895429911e-01 7.261969139175425414e-02 -8.732738252068634743e-01
2.352165186320565871e-01 4.477563835516700647e-02 -1.299952065405347135e+00
2.362151954922880881e-01 9.258327803652028828e-03 -1.493567587112055506e+00
2.372138723525195059e-01 -2.766549172036512211e-02 -1.424387073931237202e+00
2.382100212913642878e-01 -5.948906634988114506e-02 -1.108708096282861044e+00
2.392061702302090975e-01 -8.090102650549066410e-02 -6.039349709555493773e-01
2.401998924915476896e-01 -8.838145241168189614e-02 1.032699508172327311e-04
2.411936147528863927e-01 -8.090762982858522301e-02 6.013741735583798542e-01
2.421839272173959001e-01 -6.001358077038117245e-02 1.097119588855724581e+00
2.431741826801301909e-01 -2.932937070909173716e-02 1.408947583103224321e+00
2.441644381428645094e-01 5.992187646012250152e-03 1.488356010985088629e+00
2.451525072457547971e-01 4.007814662248700838e-02 1.325547664269578041e+00
2.461405763486450016e-01 6.752833347294330546e-02 9.498809574172828452e-01
2.476169690387302891e-01 8.722226784973988178e-02 1.488184205582221142e-01
2.490986197616346931e-01 7.735303531663399734e-02 -6.997996469218251692e-01
2.500816239077278125e-01 5.548949135084917800e-02 -1.151282477606651256e+00
2.510646280538209041e-01 2.519329305397174923e-02 -1.423640259181817580e+00
2.520461819638492029e-01 -8.757158118596912802e-03 -1.477110250198232277e+00
2.530263942354005202e-01 -4.117981675895109744e-02 -1.307191027119383619e+00
2.540066065069517820e-01 -6.727841166872448875e-02 -9.419809184677121472e-01
2.549850575566918187e-01 -8.322372399253136210e-02 -4.388829032837756605e-01
2.559635086064319109e-01 -8.683327441869305441e-02 1.269655951589538923e-01
2.569380179873769765e-01 -7.778051606004411644e-02 6.697108225934332859e-01
2.579152191512413816e-01 -5.749117141153229499e-02 1.114386697959326433e+00
2.588903710736741859e-01 -2.908644111492610443e-02 1.396474426964285032e+00
2.598655229961069901e-01 3.332728176013212765e-03 1.478762412665621362e+00
2.613230664276363080e-01 4.868605915773587672e-02 1.223573902516347012e+00
2.627870461853180073e-01 7.929256633981517088e-02 6.003228897372989703e-01
2.642403887882019964e-01 8.608509601498333386e-02 -1.934429448905354010e-01
2.657003925946191947e-01 6.759029098683579095e-02 -9.293534959075684387e-01
2.666698680509819730e-01 4.348951035702955381e-02 -1.280174785317601760e+00
2.676393435073449178e-01 1.369065639152968090e-02 -1.459266583023082209e+00
2.686075749083224884e-01 -1.776767955416807057e-02 -1.444818956979060376e+00
2.695758063093001144e-01 -4.678064833213831097e-02 -1.240999254380138694e+00
2.705412474514743981e-01 -6.954541707660244487e-02 -8.775479560474460650e-01
2.715098617210188192e-01 -8.331532249060853712e-02 -4.009469003354831917e-01
2.724758040936595127e-01 -8.633770000625029528e-02 1.241486409003564606e-01
2.734417464663002062e-01 -7.838688528733146754e-02 6.318652634932429013e-01
2.744049664315437731e-01 -6.063583413909908598e-02 1.057195703204059534e+00
2.753714841122708035e-01 -3.529364720590358329e-02 1.350060273373164810e+00
2.768122224042693924e-01 8.811168517219568688e-03 1.468800378922754613e+00
2.782605428606568232e-01 5.057878309155499491e-02 1.196847939700746100e+00
2.792230898017574736e-01 7.161546863678183716e-02 8.278016475205128843e-01
2.801856367428581240e-01 8.396312722721141486e-02 3.601249754393250901e-01
2.811473565508991190e-01 8.623037151377534182e-02 -1.488609731394169855e-01
2.821090763589401140e-01 7.825818223097984194e-02 -6.387157612031809650e-01
2.830682204929131918e-01 6.113881552234347316e-02 -1.050891691212459955e+00
2.840309311037308992e-01 3.684727417537075889e-02 -1.340196528757050753e+00
2.854679267090184935e-01 -5.749999437699227986e-03 -1.475665739411613053e+00
2.869131169026136741e-01 -4.696196897850799662e-02 -1.242083856442205647e+00
2.878724078661420993e-01 -6.853434983141455661e-02 -9.050101440102665817e-01
2.888316988296705801e-01 -8.232435490393062716e-02 -4.668435450390129304e-01
2.897885131602004893e-01 -8.686093285187129753e-02 2.109570993837878855e-02
2.907490868313554744e-01 -8.173508476165991521e-02 5.070835208200736854e-01
2.921808661995458078e-01 -5.812408953303913745e-02 1.104742269064975968e+00
2.936212407457569062e-01 -2.065677570479018677e-02 1.440835221779349640e+00
2.945767800163460737e-01 7.762187990331731804e-03 1.476297968747414924e+00
2.955362094878383750e-01 3.539348404002726212e-02 1.353404431323788293e+00
2.964933245974175069e-01 5.913468048117974385e-02 1.087157378997498869e+00
2.974504397069965833e-01 7.658302288534002411e-02 7.069212085438898452e-01
2.988819926201308208e-01 8.729607082028763287e-02 2.431818509526479169e-02
3.003225649590904878e-01 7.824766272497885033e-02 -6.648643360423529547e-01
3.012768521985618730e-01 6.204968963848703223e-02 -1.049427720770982564e+00
3.022352021590857252e-01 3.949225456197003742e-02 -1.327453091731590762e+00
3.031913095476029274e-01 1.303547973579206182e-02 -1.469918970141024239e+00
3.041474169361201851e-01 -1.467930142818114729e-02 -1.464683123513847551e+00
3.051033301085280258e-01 -4.087818534158214889e-02 -1.313766275828254226e+00
3.060592432809358110e-01 -6.299265875415964444e-02 -1.033538703075486120e+00
3.077228753413188134e-01 -8.555686512283144918e-02 -3.412272316753728330e-01
3.093993823933313125e-01 -8.405151736432583953e-02 4.488244800999495188e-01
3.110674284137491807e-01 -5.917184996409643322e-02 1.107148969699416119e+00
3.127486617597647900e-01 -1.777856268673105866e-02 1.460486768265555346e+00
3.146597057555134969e-01 3.406783654235085584e-02 1.375521243955144746e+00
3.165707857154991811e-01 7.411940641382178119e-02 8.193482089614726460e-01
3.184822492123998150e-01 8.900046037841484459e-02 -1.138426446894556451e-02
3.203937127093003934e-01 7.411817506666636135e-02 -8.345001309837501990e-01
3.223053245029371960e-01 3.482858290551189839e-02 -1.379022472480325501e+00
3.237393876847550755e-01 -3.399353601466397010e-03 -1.495505648341665328e+00
3.251734508665731216e-01 -4.094080782973067573e-02 -1.331311184635534328e+00
3.270859409516935212e-01 -7.779912294254803795e-02 -7.510555270134132710e-01
3.289988837648503139e-01 -9.018560828490339298e-02 6.203608577006720914e-02
3.309123358818485960e-01 -7.461825114088216360e-02 8.522674041837672299e-01
3.318692480034560743e-01 -5.728629415853327134e-02 1.166051914723438276e+00
3.337835702002405203e-01 -1.158427846665529247e-02 1.491562975161347948e+00
3.356990749884776748e-01 3.757965601680370721e-02 1.369845526161908023e+00
3.376145797767149959e-01 7.561652752114197962e-02 8.448621295633309547e-01
3.395310173018977751e-01 9.162335357048015383e-02 7.652037617032589334e-02
3.414482662821387016e-01 8.130271708501669858e-02 -7.103277707538373509e-01
3.428870733729471043e-01 5.769793925316497180e-02 -1.180733193537963022e+00
3.443258804637556181e-01 2.471140114855773992e-02 -1.457525095133146431e+00
3.457657352099121062e-01 -1.226841196691933963e-02 -1.499052161887848733e+00
3.472055899560684833e-01 -4.728521224433732129e-02 -1.301957632050269265e+00
3.491265623556059072e-01 -8.136104816703380871e-02 -7.391789887045155938e-01
3.510485786226508753e-01 -9.363223726140183778e-02 1.904858565622131322e-02
3.524911716782869742e-01 -8.636384874708519233e-02 5.991933258255978112e-01
3.539337647339230730e-01 -6.600194263658863691e-02 1.086527489066622776e+00
3.553776513800582793e-01 -3.571598799547733016e-02 1.409703824918618453e+00
3.568215380261933745e-01 -1.238809218683129280e-04 1.522830895132464057e+00
3.587489468669590731e-01 4.610866803122794927e-02 1.331758324043564867e+00
3.606763557077248272e-01 8.082483239732754510e-02 8.088629423540241170e-01
3.626063224667718243e-01 9.563102609564826107e-02 8.833074767928705828e-02
3.645362892258188769e-01 8.715079596806769857e-02 -6.503793280823708667e-01
3.664689469915051179e-01 5.769663360697125515e-02 -1.230650506976316727e+00
3.684016047571914143e-01 1.453750246611832005e-02 -1.517378738468818433e+00
3.703370865072648788e-01 -3.212624061554768956e-02 -1.449184904488972414e+00
3.722725682573382877e-01 -7.143941064324124679e-02 -1.048082238206448968e+00
3.742110041386200181e-01 -9.460059243339689894e-02 -4.104083012569458844e-01
3.761494400199016930e-01 -9.657760165797553420e-02 3.161865473091691192e-01
3.780909480870727757e-01 -7.718311707801037147e-02 9.707507172273506235e-01
3.800324561542439139e-01 -4.092167858785142331e-02 1.411218435090954237e+00
3.819771417800634228e-01 4.261890757855327921e-03 1.547389415521286837e+00
3.839218274058828761e-01 4.861749674774011598e-02 1.355576591984566592e+00
3.858697944775816846e-01 8.293708978646147090e-02 8.812775588288382922e-01
3.878177615492804930e-01 1.002039046590539051e-01 2.277498707056122007e-01
3.897691117133387229e-01 9.712050230362974379e-02 -4.701525193751235343e-01
3.917204618773967861e-01 7.453726735802401748e-02 -1.070896267525493162e+00
3.941647014547489114e-01 2.674688528057461712e-02 -1.510284808837333514e+00
3.966089410321009256e-01 -2.910297959813664195e-02 -1.502061166672779224e+00
3.985682178739590187e-01 -6.891786153071631504e-02 -1.172704243010311842e+00
4.005274947158171117e-01 -9.583341370992401465e-02 -6.244262608282286076e-01
4.024904064316531249e-01 -1.050289027999436325e-01 3.817835807760407846e-02
4.044533181474890271e-01 -9.499446923494088424e-02 6.909264085516538811e-01
4.064199206371885142e-01 -6.773185020299297976e-02 1.217365651507662294e+00
4.083865231268878904e-01 -2.832631065957878433e-02 1.525256755622598659e+00
4.103568695697539792e-01 1.623501126179697704e-02 1.564932964971482265e+00
4.123272160126201236e-01 5.810349735080986427e-02 1.334131699554867545e+00
4.143013596746851213e-01 9.022417098566175298e-02 8.764952709810199805e-01
4.162755033367501190e-01 1.072332597514033259e-01 2.736262181330452736e-01
4.182534987903078205e-01 1.064898863502507509e-01 -3.730977453617713713e-01
4.202314942438655776e-01 8.829904314372365171e-02 -9.561687203759134945e-01
4.227096292711439163e-01 4.630516905403587319e-02 -1.455373338653857429e+00
4.251877642984221994e-01 -7.098507049933919406e-03 -1.600351560940350026e+00
4.271745802569402173e-01 -4.975502986717988962e-02 -1.438283075891561458e+00
4.291613962154581796e-01 -8.489978510424638081e-02 -1.056554899185857987e+00
4.311521647704175120e-01 -1.073438226367421228e-01 -5.159902222759465973e-01
4.331429333253766778e-01 -1.138206160430249719e-01 9.917208149075516788e-02
4.351376674815624068e-01 -1.035451559009472611e-01 6.983525791023614815e-01
4.371324016377479138e-01 -7.819257834543708041e-02 1.193986232954729498e+00
4.391311183782494187e-01 -4.149507528828313280e-02 1.517960909601938191e+00
4.411298351187508127e-01 1.191576158262316627e-03 1.627050449243873320e+00
4.431325454458727164e-01 4.394506354403733550e-02 1.510008277510990427e+00
4.451352557729946757e-01 8.082279208323336905e-02 1.186952431344616699e+00
4.481444270479484904e-01 1.145550371346227697e-01 4.363402337603455861e-01
4.506573177191960933e-01 1.178324175087014924e-01 -2.983255916212130820e-01
4.531702083904435852e-01 9.758336131606255848e-02 -9.701412925232898443e-01
4.551848815569788931e-01 6.693472103895811709e-02 -1.376691576697465003e+00
4.571995547235140900e-01 2.773097284476896268e-02 -1.608815400143231100e+00
4.592181900033455166e-01 -1.514949182359032198e-02 -1.641177301043766468e+00
4.612368252831767768e-01 -5.634752208395202994e-02 -1.473197662796286389e+00
4.632593922887823235e-01 -9.098070591974792565e-02 -1.128236304859566941e+00
4.652819592943879257e-01 -1.149297687522957551e-01 -6.508585387999068494e-01
4.673084188243976089e-01 -1.255280069513025620e-01 -9.833161211074362140e-02
4.693348783544071812e-01 -1.216557375954762377e-01 4.634017443822790461e-01
4.713651924405172222e-01 -1.038811831805268177e-01 9.713287389580621545e-01
4.733955065266273188e-01 -7.435917885560007490e-02 1.368611191732253207e+00
4.759389023477624270e-01 -2.635149422467518432e-02 1.647487404245107534e+00
4.784822981688974797e-01 2.633827611548286707e-02 1.650458784307502258e+00
4.805211256895989269e-01 6.624860877393831671e-02 1.454977776149366520e+00
4.825599532103003741e-01 9.936310372378297229e-02 1.107676267206239462e+00
4.846024622203434773e-01 1.223660006710276388e-01 6.465366190490865472e-01
4.866449712303865804e-01 1.329616762550488995e-01 1.212988308949573824e-01
4.886910831097662222e-01 1.302147079726152512e-01 -4.150100542477644927e-01
4.907371949891458085e-01 1.145248001827308404e-01 -9.082424532480734003e-01
4.927868267637741106e-01 8.752051740028839177e-02 -1.311823267042014241e+00
4.948364585384024128e-01 5.195066127783232179e-02 -1.587898143248596794e+00
4.989425778493357111e-01 -2.889747340034373724e-02 -1.682567796301114305e+00
5.020264094695874313e-01 -8.571927554095586099e-02 -1.361031934336719651e+00
5.051138832495274400e-01 -1.260804552680294122e-01 -7.734996965673487379e-01
5.092361856145506405e-01 -1.419052283194749964e-01 2.002146591524649188e-01
5.133645520198434342e-01 -1.121135103272992012e-01 1.104233561160576915e+00
5.174987117319133079e-01 -4.679635734778625489e-02 1.659499019426095456e+00
5.216383508218596088e-01 3.356473644534001960e-02 1.709965116849592182e+00
5.257831480915519107e-01 1.049488630724899896e-01 1.258191184967329290e+00
5.299327976174466048e-01 1.470087966170643690e-01 4.505432300569081616e-01
5.340869657500283418e-01 1.485257934988375439e-01 -4.767320991015398524e-01
5.382452599924625325e-01 1.098035397038405053e-01 -1.270005733798554637e+00
5.424072497157466088e-01 4.173340970757903612e-02 -1.727020632478408535e+00
5.465725012540574301e-01 -3.780433639784559763e-02 -1.744209446573022015e+00
5.507405845750824591e-01 -1.089390142142747930e-01 -1.333435004564041737e+00
5.549110536012068495e-01 -1.547800148482018356e-01 -6.083679816200001644e-01
5.590834321773656690e-01 -1.651595770549585118e-01 2.518162577436815486e-01
5.643010869630014081e-01 -1.271470050492437276e-01 1.209411449712188613e+00
5.684758978830769527e-01 -6.434873347907454910e-02 1.699496423855352045e+00
5.726509199913500936e-01 1.268814435499037406e-02 1.832547783881750769e+00
5.768255755389478656e-01 8.804989157196893568e-02 1.595874918762122618e+00
5.809992666418749563e-01 1.469874875450857266e-01 1.050504476262220876e+00
5.851713896051653485e-01 1.786733781398026910e-01 3.120312687345385694e-01
5.882989619740793819e-01 1.811736066191769745e-01 -2.868439003221409656e-01
5.935085681122563850e-01 1.457359793505291490e-01 -1.171458209126163830e+00
5.976721595114997676e-01 8.816268231092137808e-02 -1.664318555798208754e+00
6.018315407075064405e-01 1.535507390487584820e-02 -1.879514351084100809e+00
6.059860031390628121e-01 -6.070507815723655276e-02 -1.795250849693463602e+00
6.101348262532020339e-01 -1.282403639291058162e-01 -1.438086336893540595e+00
6.142772761532119263e-01 -1.774621104757639622e-01 -8.735249905644475454e-01
6.184126036405177551e-01 -2.018313606101518609e-01 -1.918905667631221057e-01
6.225400396928169044e-01 -1.986819342840665248e-01 5.075424883503020235e-01
6.266587955232777452e-01 -1.692100793321891505e-01 1.131475507902744759e+00
6.307680621340325811e-01 -1.179297823062314399e-01 1.604529288890306882e+00
6.348670077734064332e-01 -5.175385339826264058e-02 1.876994882092592354e+00
6.389547727646552877e-01 2.111439194592880028e-02 1.928027219976032436e+00
6.430304670771704867e-01 9.230162956227536131e-02 1.764638804143989548e+00
6.470931794239351831e-01 1.542510656483748188e-01 1.417354225388166800e+00
6.511419830734889169e-01 2.009727711585621857e-01 9.336527236094562809e-01
6.551759295578980513e-01 2.285047128165922647e-01 3.703950195002869705e-01
6.591940368817645890e-01 2.350782409691919983e-01 -2.136471239159901669e-01
6.631952816224888636e-01 2.210198109513186460e-01 -7.642674974087565465e-01
6.671786041264677891e-01 1.884462029972993613e-01 -1.236736277049647281e+00
6.711429148974273895e-01 1.408233447404207972e-01 -1.598882983502982302e+00
6.750870927600961524e-01 8.246080130625650650e-02 -1.832357525632594575e+00
6.790099725167971778e-01 1.800679743549185238e-02 -1.932279127107435546e+00
6.829103352717456055e-01 -4.800495351034501229e-02 -1.905622225111769596e+00
6.867869018151261384e-01 -1.115215130389250325e-01 -1.768758174456658505e+00
6.906383285912754966e-01 -1.692316897064399528e-01 -1.544587336313874015e+00
6.944632064204609989e-01 -2.187187082363086510e-01 -1.259656368302338736e+00
6.982600501045075347e-01 -2.585132285687484766e-01 -9.415411312332041538e-01
7.020272815871985150e-01 -2.880642477142918989e-01 -6.167126378598062342e-01
7.038990663650485091e-01 -2.990494823865138541e-01 -4.591786665825158820e-01
7.057628000939073498e-01 -3.076217865857309719e-01 -3.085976580993287088e-01
7.094655902404470860e-01 -3.181942368924360331e-01 -3.767121097474836200e-02
7.131331888985167344e-01 -3.212805588108257893e-01 1.802003661981685378e-01
7.167633315432266894e-01 -3.188033705278668917e-01 3.326832407102030542e-01
7.203534697890988658e-01 -3.130190247660042391e-01 4.069074969755563931e-01
7.239006927315578821e-01 -3.061138993201670266e-01 4.161058690793838499e-01
7.274037472512754343e-01 -2.992402494290985482e-01 4.126442052180571141e-01
7.308631569784361792e-01 -2.925748068248915645e-01 4.092902213092623476e-01
7.342794427454362172e-01 -2.861088792121433966e-01 4.060395712970987225e-01
7.376531370894844342e-01 -2.798343971445433898e-01 4.028880983976245722e-01
7.409847640846142225e-01 -2.737436921151475411e-01 3.998318546076889413e-01
7.442748211369105693e-01 -2.678295525334107308e-01 3.968671050375736642e-01
7.475237974064263824e-01 -2.620851385809342959e-01 3.939902986151522790e-01
7.507321962838469087e-01 -2.565038795985229436e-01 3.911980380762667409e-01
7.539005302043194634e-01 -2.510794741573084687e-01 3.884870762876388439e-01
7.570292970629285412e-01 -2.458059519270872906e-01 3.858543280490921989e-01
7.601189748256973466e-01 -2.406776756360615999e-01 3.832968650735453231e-01
7.631700307096180858e-01 -2.356892923721392030e-01 3.808118994151434844e-01
7.661829280312825174e-01 -2.308356971624748455e-01 3.783967702201956884e-01
7.691581275626218073e-01 -2.261120163880784295e-01 3.760489358291985162e-01
7.720960887207071188e-01 -2.215135874187695308e-01 3.737659664881218258e-01
7.749972707982543119e-01 -2.170359378089248281e-01 3.715455375036962882e-01
7.778621289318303766e-01 -2.126747903932975914e-01 3.693854267486055831e-01
7.806911033824630586e-01 -2.084260915941988090e-01 3.672835172335573439e-01
7.834846171445913887e-01 -2.042860084804533627e-01 3.652377931633366548e-01
7.862430869060449412e-01 -2.002508786478596758e-01 3.632463266324157947e-01
7.889669369237084506e-01 -1.963171596880420033e-01 3.613072632689643959e-01
7.916565982021911418e-01 -1.924814289613319684e-01 3.594188193416519295e-01
7.943124974778934533e-01 -1.887404114529014354e-01 3.575792859869588725e-01
7.969350495080719243e-01 -1.850909901319985063e-01 3.557870307047957259e-01
7.995246585495641156e-01 -1.815301896611889454e-01 3.540404924462087766e-01
8.020817215573190495e-01 -1.780551581504574987e-01 3.523381759462492768e-01
8.046066294762304061e-01 -1.746631589442861898e-01 3.506786476459396451e-01
8.070997653306969388e-01 -1.713515694979549087e-01 3.490605340290551806e-01
8.095615092888481801e-01 -1.681178682195866025e-01 3.474825154584049169e-01
8.119922431475441460e-01 -1.649596219786439721e-01 3.459433208542601612e-01
8.143923505053758394e-01 -1.618744849083564030e-01 3.444417253075564012e-01
8.167622071215497881e-01 -1.588602130619388431e-01 3.429765539863234847e-01
8.191021778306492029e-01 -1.559146648424351578e-01 3.415466816107984860e-01
8.214126187949533087e-01 -1.530357865862581046e-01 3.401510288113041569e-01
8.236938850346046115e-01 -1.502215903878414971e-01 3.387885555123324455e-01
8.259463322523640239e-01 -1.474701469702266732e-01 3.374582581748163945e-01
8.281703138888254490e-01 -1.447795969104345992e-01 3.361591698825007191e-01
8.303661724506571362e-01 -1.421481735294849169e-01 3.348903637442290360e-01
8.325342380230222883e-01 -1.395742039994527506e-01 3.336509518888997605e-01
8.346748353855768521e-01 -1.370560810052530443e-01 3.324400797177952116e-01
8.367882947421915185e-01 -1.345922297920224830e-01 3.312569184373370668e-01
8.388749484008726220e-01 -1.321811129811018559e-01 3.301006659109283481e-01
8.409351219691613144e-01 -1.298212558210328771e-01 3.289705503729294378e-01
8.429691303017050608e-01 -1.275112561331537830e-01 3.278658313293415505e-01
8.449772835243484215e-01 -1.252497666633584361e-01 3.267857949383365379e-01
8.469598912257328971e-01 -1.230354804675194008e-01 3.257297506866577153e-01
8.489172622932020795e-01 -1.208671320280652328e-01 3.246970305517756228e-01
8.508497044538249066e-01 -1.187435006513083424e-01 3.236869883248535418e-01
8.527575229688695302e-01 -1.166634089813979730e-01 3.226989993857195538e-01
8.546410160783932675e-01 -1.146257238918888671e-01 3.217324621632515758e-01
8.565004710086118189e-01 -1.126293606478237785e-01 3.207867992406241986e-01
8.583361673787008872e-01 -1.106732769850932441e-01 3.198614546827128202e-01
8.601483873498577681e-01 -1.087564544802585714e-01 3.189558881107883992e-01
8.619374190156378068e-01 -1.068778893813939063e-01 3.180695724635267396e-01
8.637035513945729992e-01 -1.050366022547190165e-01 3.172019959524650101e-01
8.654470650665438969e-01 -1.032316565088070154e-01 3.163526660511996047e-01
8.671682312272307458e-01 -1.014621602390305133e-01 3.155211091698665871e-01
8.688673159218502917e-01 -9.972725337923157851e-02 3.147068679080027298e-01
8.705445856873960109e-01 -9.802609409132145846e-02 3.139094977596286751e-01
8.722003068198478370e-01 -9.635786052033414040e-02 3.131285670063696513e-01
8.738347418094588592e-01 -9.472176006091094502e-02 3.123636579114126843e-01
8.754481467852704979e-01 -9.311703279861806293e-02 3.116143673920034884e-01
8.770407741766889087e-01 -9.154294266551023240e-02 3.108803052502043252e-01
8.786128771136945126e-01 -8.999876657275859837e-02 3.101610917033023052e-01
8.801647113007132761e-01 -8.848379218547648695e-02 3.094563561655169770e-01
8.816965317742312402e-01 -8.699732576593233180e-02 3.087657383866765359e-01
8.832085878593547434e-01 -8.553870156945048153e-02 3.080888903252156918e-01
8.847011190561783200e-01 -8.410728617021548392e-02 3.074254775424926089e-01
8.861743569071006688e-01 -8.270247291450123772e-02 3.067751778888356817e-01
8.876285293506940288e-01 -8.132367195709416796e-02 3.061376791926422869e-01
8.890638676536581908e-01 -7.997029884987402748e-02 3.055126758977875223e-01
8.904806072870743439e-01 -7.864177239480867054e-02 3.048998684869806963e-01
8.918789864151801527e-01 -7.733751814667726154e-02 3.042989639147554715e-01
8.932592404372767803e-01 -7.605697746768776135e-02 3.037096777248906032e-01
8.946215989640163846e-01 -7.479961368617928097e-02 3.031317350261960586e-01
8.959662842038009778e-01 -7.356491515027555050e-02 3.025648708484593996e-01
8.972935117732897536e-01 -7.235239360566972366e-02 3.020088294684696861e-01
8.986034927209798351e-01 -7.116157930865099623e-02 3.014633632625449144e-01
8.998964354025826839e-01 -6.999201508449479081e-02 3.009282316793334688e-01
9.011725489915097809e-01 -6.884324894828047769e-02 3.004031995703306257e-01
9.024320447860507688e-01 -6.771483120661829502e-02 2.998880364932766662e-01
9.036751353555274591e-01 -6.660631757376365980e-02 2.993825168993998198e-01
9.049020296532450658e-01 -6.551727855047506655e-02 2.988864219511954690e-01
9.061129304280890473e-01 -6.444730414777866123e-02 2.983995403436228155e-01
9.073080357373773941e-01 -6.339599999069828185e-02 2.979216674632857442e-01
9.084875419218813031e-01 -6.236298065016051412e-02 2.974526040025322615e-01
9.096516449412487271e-01 -6.134786681057917412e-02 2.969921552716826563e-01
9.108005396977110202e-01 -6.035028687246968976e-02 2.965401313244935833e-01
9.119344190251117421e-01 -5.936987925848109110e-02 2.960963472052414724e-01
9.130534727752540602e-01 -5.840629367557242935e-02 2.956606231508989713e-01
9.141578874195450677e-01 -5.745919105706588648e-02 2.952327845872810275e-01
9.152478462184302499e-01 -5.652824329421984872e-02 2.948126619124052383e-01
9.163235307136011754e-01 -5.561312864219133956e-02 2.944000897774343706e-01
9.173851213290326045e-01 -5.471353314002530555e-02 2.939949067364120427e-01
9.184327978233862710e-01 -5.382914743697297943e-02 2.935969549564073633e-01
9.194667382392092136e-01 -5.295966901177903002e-02 2.932060805111262325e-01
9.204871184823875119e-01 -5.210480291431888317e-02 2.928221334234229478e-01
9.214941118815067611e-01 -5.126426259040082339e-02 2.924449677159822181e-01
9.224878885587296518e-01 -5.043777072707832099e-02 2.920744415328130339e-01
9.234686156415649050e-01 -4.962505869660856911e-02 2.917104169444819095e-01
9.244364580894727235e-01 -4.882586431547004946e-02 2.913527595379509227e-01
9.253915805410551920e-01 -4.803992826094968110e-02 2.910013376402568186e-01
9.263341472457474746e-01 -4.726699372636411489e-02 2.906560222678272742e-01
9.272643205556930779e-01 -4.650680962520698652e-02 2.903166875980737749e-01
9.281822593195951931e-01 -4.575913437950072243e-02 2.899832114647720172e-01
9.290881192404382150e-01 -4.502373592984170586e-02 2.896554751301857467e-01
9.299820544127295197e-01 -4.430038827863787276e-02 2.893333626421500382e-01
9.308642183379219892e-01 -4.358886792844734320e-02 2.890167603971818822e-01
9.317347637709364472e-01 -4.288895285567434490e-02 2.887055571326139769e-01
9.325938419655581679e-01 -4.220042391071117394e-02 2.883996441326009408e-01
9.334416025644689530e-01 -4.152306604077826008e-02 2.880989151998801234e-01
9.342781940582032263e-01 -4.085666830782435505e-02 2.878032664284008169e-01
9.351037639763524201e-01 -4.020102340734474367e-02 2.875125960765695932e-01
9.359184581932523672e-01 -3.955592918379802897e-02 2.872268047494454524e-01
9.367224180073485673e-01 -3.892119368481815334e-02 2.869457963591768856e-01
9.375157793601903711e-01 -3.829663758280308500e-02 2.866694783126471635e-01
9.382986736089657942e-01 -3.768209195183321730e-02 2.863977611673809709e-01
9.390712321160756826e-01 -3.707738964750271343e-02 2.861305569735114185e-01
9.398335891165293665e-01 -3.648235909690589196e-02 2.858677782507005327e-01
9.405858812974943195e-01 -3.589682440971630334e-02 2.856093381145101140e-01
9.413282457717848661e-01 -3.532060863687726260e-02 2.853551509442355250e-01
9.420608178502133390e-01 -3.475353674379837859e-02 2.851051331083528373e-01
9.427837310928691705e-01 -3.419543600192471999e-02 2.848592028967749101e-01
9.434971161334501089e-01 -3.364613909617771709e-02 2.846172808716473379e-01
9.442010983676487612e-01 -3.310548916598344410e-02 2.843792905971756491e-01
9.448957981803430828e-01 -3.257334031910981420e-02 2.841451584958927246e-01
9.455813325674083947e-01 -3.204955221283121991e-02 2.839148132482519626e-01
9.462578189837917986e-01 -3.153398030313822598e-02 2.836881844555492749e-01
9.469253759203707377e-01 -3.102647213569647081e-02 2.834652024262445114e-01
9.475841219105402002e-01 -3.052687144314348427e-02 2.832457984892418623e-01
9.482341736882211602e-01 -3.003502761415948255e-02 2.830299055876234204e-01
9.488756453742962504e-01 -2.955080180852107108e-02 2.828174585147965603e-01
9.495086488587556328e-01 -2.907406682055974426e-02 2.826083937481770336e-01
9.501332951313513631e-01 -2.860470557799544428e-02 2.824026489779416504e-01
9.507496960826257171e-01 -2.814261015259287776e-02 2.822001624910241424e-01
9.513579651353069044e-01 -2.768768070712345972e-02 2.820008729466316200e-01
9.519582165945869034e-01 -2.723982001100594408e-02 2.818047195521103943e-01
9.525505625735545268e-01 -2.679892674321332838e-02 2.816116430224315237e-01
9.531351118401709677e-01 -2.636489316754966547e-02 2.814215859136178222e-01
9.537119697698679399e-01 -2.593760701504185459e-02 2.812344926129915490e-01
9.542812403202287630e-01 -2.551695221579917267e-02 2.810503086804334583e-01
9.548430270251752061e-01 -2.510280883526344251e-02 2.808689805127198014e-01
9.553974327455952986e-01 -2.469505469295052436e-02 2.806904554113230366e-01
9.559445589026865919e-01 -2.429357154394092347e-02 2.805146818172703505e-01
9.564845050053580877e-01 -2.389825077584607771e-02 2.803416094478353715e-01
9.570173690229182295e-01 -2.350899338927290791e-02 2.801711891560955126e-01
9.575432481385535155e-01 -2.312570559840372575e-02 2.800033726580022364e-01
9.580622389120657667e-01 -2.274829451930649588e-02 2.798381124533327324e-01
9.585744372418232295e-01 -2.237666691000784330e-02 2.796753618184281698e-01
9.590799381259947909e-01 -2.201073019743203518e-02 2.795150748647874939e-01
9.595788354479902749e-01 -2.165039379543495443e-02 2.793572065914965985e-01
9.600712216912781205e-01 -2.129557008745613586e-02 2.792017129599665970e-01
9.605571877573033657e-01 -2.094617460900308203e-02 2.790485509343919035e-01
9.610368233668841187e-01 -2.060212515677307260e-02 2.788976783342573262e-01
9.615102176430252445e-01 -2.026334066683232668e-02 2.787490536376375228e-01
9.619774592602109431e-01 -1.992974082756212087e-02 2.786026359210455605e-01
9.624386363595022198e-01 -1.960124607687597706e-02 2.784583848721127186e-01
9.628938363592510763e-01 -1.927777767618052765e-02 2.783162608393485171e-01
9.633431459530198415e-01 -1.895925773135977502e-02 2.781762248158478057e-01
9.637866510388649610e-01 -1.864560977520974411e-02 2.780382384493575443e-01
9.642244362725824747e-01 -1.833675987777844824e-02 2.779022641727411091e-01
9.646565852206075986e-01 -1.803263642230544875e-02 2.777682651405544156e-01
9.650831808361504116e-01 -1.773316890934883983e-02 2.776362050667369741e-01
9.655043054562382210e-01 -1.743828759112434415e-02 2.775060482170987886e-01
9.659200402356747928e-01 -1.714792434868656415e-02 2.773777595679732255e-01
9.663304647237355161e-01 -1.686201363680787935e-02 2.772513049241070449e-01
9.667356570265409621e-01 -1.658049212417254253e-02 2.771266508574101173e-01
9.671356950751521797e-01 -1.630329685891856312e-02 2.770037643098534064e-01
9.675306568648514016e-01 -1.603036468923147925e-02 2.768826125188626475e-01
9.679206204413721704e-01 -1.576163227905823250e-02 2.767631630049215974e-01
9.683056632759791116e-01 -1.549703635396009957e-02 2.766453837574190389e-01
9.686858619411236049e-01 -1.523651370971725559e-02 2.765292433122413240e-01
9.690612920205190495e-01 -1.498000142080734010e-02 2.764147107723377017e-01
9.694320280361357067e-01 -1.472743760603467851e-02 2.763017558272559682e-01
9.697981436541373013e-01 -1.447876184438661590e-02 2.761903486831727150e-01
9.701597119736792285e-01 -1.423391466293275932e-02 2.760804599743446608e-01
9.705168057640763957e-01 -1.399283680185411244e-02 2.759720606762247619e-01
9.708694969864466451e-01 -1.375546949703445633e-02 2.758651222370049894e-01
9.712178563702503764e-01 -1.352175529877353011e-02 2.757596166950341821e-01
9.715619532024425409e-01 -1.329163844029645006e-02 2.756555167331450895e-01
9.719018559824413872e-01 -1.306506329452987621e-02 2.755527954748832054e-01
9.722376334334535963e-01 -1.284197232915933705e-02 2.754514261734179459e-01
9.725693544860373185e-01 -1.262230595458084872e-02 2.753513822110317255e-01
9.728970879945362249e-01 -1.240600334446537861e-02 2.752526371808246552e-01
9.732209017546173957e-01 -1.219300364242745932e-02 2.751551651677244248e-01
9.735408623544371531e-01 -1.198324599880657565e-02 2.750589407814381104e-01
9.738570353791702328e-01 -1.177666916629961820e-02 2.749639390825623364e-01
9.741694855365269357e-01 -1.157321183681915729e-02 2.748701355470243302e-01
9.744782765863391205e-01 -1.137281345564013398e-02 2.747775060914418033e-01
9.747834712405878399e-01 -1.117541463138995231e-02 2.746860270833531570e-01
9.750851311684266554e-01 -1.098095673200623519e-02 2.745956753313364973e-01
9.753833174776915804e-01 -1.078938073549192724e-02 2.745064279540113672e-01
9.756780908428658305e-01 -1.060062694298766553e-02 2.744182623084955863e-01
9.759695114299516971e-01 -1.041463524652807421e-02 2.743311560151659445e-01
9.762576389021463408e-01 -1.023134439355036576e-02 2.742450869505560496e-01
9.765425324979953858e-01 -1.005069072598094131e-02 2.741600331925564960e-01
9.768242509432418785e-01 -9.872607774058865873e-03 2.740759730506152625e-01
9.771028522833710150e-01 -9.697027268224104810e-03 2.739928851073085703e-01
9.773783933517848910e-01 -9.523881574625721672e-03 2.739107483708963509e-01
9.776509296593629550e-01 -9.353105109050210281e-03 2.738295423312205323e-01
9.779205156231944862e-01 -9.184634030852090528e-03 2.737492468877850693e-01
9.781872047434609918e-01 -9.018405228960765449e-03 2.736698422422184085e-01
9.784510495060143587e-01 -8.854355505999096307e-03 2.735913089530250253e-01
9.787121011965591588e-01 -8.692421661817750431e-03 2.735136279795549186e-01
9.789704097928612070e-01 -8.532540762224722491e-03 2.734367806724426475e-01
9.792260248675913603e-01 -8.374649155005893172e-03 2.733607485100520984e-01
9.794789964416771300e-01 -8.218681323241744385e-03 2.732855128784133503e-01
9.797293750085785957e-01 -8.064569611968679455e-03 2.732110550358459178e-01
9.799772111141689113e-01 -7.912245473808395338e-03 2.731373562311766312e-01
9.802225538059048393e-01 -7.761642354015866122e-03 2.730643981743453574e-01
9.804654503645000574e-01 -7.612698884053424424e-03 2.729921630891140039e-01
9.807059465012439858e-01 -7.465347122097683308e-03 2.729206336672437838e-01
9.809440869290046994e-01 -7.319537857539272323e-03 2.728497928695803876e-01
9.811799158740861504e-01 -7.175207170008417353e-03 2.727796237681953673e-01
9.814134771051555850e-01 -7.032296864210029440e-03 2.727101095218572024e-01
9.816448139740299172e-01 -6.890749680785130359e-03 2.726412333565940149e-01
9.818739695684386426e-01 -6.750509707710864761e-03 2.725729785490728641e-01
9.821009867550495320e-01 -6.611523377686251424e-03 2.725053284274915888e-01
9.823259081899210488e-01 -6.473739364446853828e-03 2.724382663937078286e-01
9.825487766341645113e-01 -6.337108443918141112e-03 2.723717757599435352e-01
9.827696354372893461e-01 -6.201583225003971279e-03 2.723058396230770839e-01
9.829885289087769706e-01 -6.067117898578934694e-03 2.722404407934231330e-01
9.832055018255810852e-01 -5.933669032584722169e-03 2.721755618986301251e-01
9.834205977716130587e-01 -5.801197453471533018e-03 2.721111858385408255e-01
9.836338588957453943e-01 -5.669668838287864575e-03 2.720472957810879389e-01
9.838453264273652188e-01 -5.539053294527208557e-03 2.719838750701711327e-01
9.840550431756610594e-01 -5.409323364459945466e-03 2.719209065697135164e-01
9.842630544299338924e-01 -5.280452940432242212e-03 2.718583723699198873e-01
9.844694079699815026e-01 -5.152417625430962510e-03 2.717962537356172770e-01
9.846741527711339037e-01 -5.025197142163500934e-03 2.717345315577997522e-01
9.848773386240422534e-01 -4.898777035800046080e-03 2.716731864458855061e-01
9.850790165882933325e-01 -4.773147817659919960e-03 2.716121985255561810e-01
9.852792397559874127e-01 -4.648301799679488075e-03 2.715515471813061965e-01
9.854780637322345660e-01 -4.524230691539424427e-03 2.714912108376018596e-01
9.856755468082143423e-01 -4.400925981515205893e-03 2.714311668628679453e-01
9.858717495053704871e-01 -4.278381430100695881e-03 2.713713917129629283e-01
9.860667343401825491e-01 -4.156590674461431954e-03 2.713118611102753319e-01
9.862605662335471868e-01 -4.035564236383750412e-03 2.712525497712554023e-01
9.864533145194630537e-01 -3.915292339562723330e-03 2.711934307852353898e-01
9.866450541503118954e-01 -3.795772229769845286e-03 2.711344753637108806e-01
9.867880381885917318e-01 -3.706760183486501083e-03 2.710904114076460036e-01
9.869309532600107904e-01 -3.617908453621611602e-03 2.710462794742840020e-01
9.871205341790296739e-01 -3.500260525944790153e-03 2.709875930758854357e-01
9.872620466585018129e-01 -3.412636919560578432e-03 2.709436743704028427e-01
9.874036170961336678e-01 -3.325167010815033297e-03 2.708996371256355284e-01
9.875916216718324536e-01 -3.209336568661924106e-03 2.708409931493337419e-01
9.877556032248382412e-01 -3.108662387796230341e-03 2.707896834075269599e-01
9.878728339090028232e-01 -3.036917292661436407e-03 2.707529067830452552e-01
9.880364164951689343e-01 -2.937146706491509680e-03 2.707014505483520961e-01
9.881766700670048253e-01 -2.851954096202196243e-03 2.706571987207800900e-01
9.882701561032216642e-01 -2.795362315005500004e-03 2.706276313021682700e-01
9.884161744165290697e-01 -2.707296254915331993e-03 2.705813306889615077e-01
9.885274938018725477e-01 -2.640441263933594913e-03 2.705459319908630200e-01
9.886441702430321943e-01 -2.570647381814873244e-03 2.705087328097891541e-01
9.887615048409820195e-01 -2.500760690019236069e-03 2.704712201342638345e-01
9.888671405303265383e-01 -2.438112448375446672e-03 2.704373556167155024e-01
9.889964814527246739e-01 -2.361769500002124447e-03 2.703957685943981781e-01
9.891379956535801821e-01 -2.278724933647832424e-03 2.703501060640553511e-01
9.892563647329785104e-01 -2.209672074742044350e-03 2.703117769330665165e-01
9.893750463211569146e-01 -2.140827530351786020e-03 2.702732183253067078e-01
9.894943121748573933e-01 -2.072052163243498588e-03 2.702343354583598978e-01
9.896140207055634797e-01 -2.003448174749700075e-03 2.701951674703842454e-01
9.897159914823099314e-01 -1.945355784234773866e-03 2.701616875876260426e-01
9.898434705941348000e-01 -1.873191522484349367e-03 2.701196771548568520e-01
9.899375585064562610e-01 -1.820262802983326107e-03 2.700885556181664149e-01
9.900878310668779214e-01 -1.736328629249856955e-03 2.700386384287359887e-01
9.901743200970993808e-01 -1.688362596241131880e-03 2.700097861146457112e-01
9.902609137873940037e-01 -1.640593951701948888e-03 2.699808057711702847e-01
9.903612026626938958e-01 -1.585592613412709117e-03 2.699471214837704247e-01
9.904874739384739168e-01 -1.516845114265356030e-03 2.699045193488406880e-01
9.905894425236058121e-01 -1.461745788794382647e-03 2.698699545935233646e-01
9.907182233334840271e-01 -1.392700704905812511e-03 2.698260850665016863e-01
9.907962672147299088e-01 -1.351153111076759238e-03 2.697993767748432248e-01
9.909212141403226370e-01 -1.285100699688487445e-03 2.697564164560787847e-01
9.910108377596256179e-01 -1.238072754289883375e-03 2.697254426973920149e-01
9.911016878566011323e-01 -1.190699734250195291e-03 2.696939040848489455e-01
9.912137238991562960e-01 -1.132691205696108707e-03 2.696548071283124126e-01
9.913000989104370220e-01 -1.088280211263769996e-03 2.696245050959372724e-01
9.913838631252052114e-01 -1.045471380290374569e-03 2.695949805502694807e-01
9.914506465589315587e-01 -1.011524383470074678e-03 2.695713401873047199e-01
9.915146713824002367e-01 -9.791316864100594892e-04 2.695485893925769205e-01
9.916340109879260289e-01 -9.191510407777820800e-04 2.695059471802483952e-01
9.917072197375820242e-01 -8.826109337976435201e-04 2.694796302687055278e-01
9.918113459853242775e-01 -8.309718133835909595e-04 2.694419829408231659e-01
9.918788921488236321e-01 -7.976780947397318087e-04 2.694174198773237605e-01
9.919787124284612512e-01 -7.487670815499277354e-04 2.693809080702057601e-01
9.920446367295224777e-01 -7.166513292741987342e-04 2.693566501761225362e-01
9.921335618592820316e-01 -6.735611501693689485e-04 2.693237394195461820e-01
9.922483388488775313e-01 -6.183344182419555062e-04 2.692809253911453982e-01
9.923140323712106303e-01 -5.869243001011372526e-04 2.692562425262070014e-01
9.923808176287334248e-01 -5.551396380649541292e-04 2.692310112752974161e-01
9.924653149416101661e-01 -5.151354726787803467e-04 2.691988813179542195e-01
9.925519742114751187e-01 -4.743501207233084761e-04 2.691656790118495679e-01
9.926400143689063649e-01 -4.331631017605805118e-04 2.691316764855264942e-01
9.927300306504682759e-01 -3.913040188451061730e-04 2.690966152038965498e-01
9.928223552515691441e-01 -3.486327109469326510e-04 2.690603299700191076e-01
9.928790071570852138e-01 -3.225766232367602510e-04 2.690378949120377783e-01
9.929749283407137694e-01 -2.786770962176587474e-04 2.689996020762230322e-01
9.930338309415541742e-01 -2.518548360029708747e-04 2.689758888700800599e-01
9.931134822473388635e-01 -2.157482320500788949e-04 2.689435726410348559e-01
9.931957520679123297e-01 -1.786538210183050981e-04 2.689098800385431032e-01
9.932581794112547158e-01 -1.506431159530418197e-04 2.688840921071019574e-01
9.933222453859934520e-01 -1.220177348479078869e-04 2.688574209764211242e-01
9.934096186032961295e-01 -8.317455651469156201e-05 2.688206971835305770e-01
9.934541404540199183e-01 -6.346761652981599048e-05 2.688018232500712923e-01
9.935457954224757859e-01 -2.307621346049452360e-05 2.687626131742082425e-01
9.936160469382104843e-01 7.720320717823533807e-06 2.687322226742897002e-01
9.936880935992783437e-01 3.915343409329550536e-05 2.687007392176127274e-01
9.937495894572796473e-01 6.586093325177155334e-05 2.686736029649736679e-01
9.938121488219817667e-01 9.291390861051764514e-05 2.686457391379752924e-01
9.939160796672812381e-01 1.375902360683771560e-04 2.685988483208328614e-01
9.939694945657114866e-01 1.604182113891636143e-04 2.685744445650328216e-01
9.940375730092885220e-01 1.893831553241030795e-04 2.685430299052594671e-01
9.941079133971814086e-01 2.191586538108482936e-04 2.685101913600176915e-01
9.941512836844985657e-01 2.374409288638695587e-04 2.684897446764442086e-01
9.942245924467123519e-01 2.682128847775933534e-04 2.684548266061121402e-01
9.942849783485653292e-01 2.934363476530519634e-04 2.684257148915648039e-01
9.943630951281491326e-01 3.258962550030681388e-04 2.683875686656151394e-01
9.944439687478419110e-01 3.592912285111557707e-04 2.683474724982175541e-01
9.944937414949477361e-01 3.797330243087366011e-04 2.683224775537332851e-01
9.945448254080581085e-01 4.006264008254696129e-04 2.682965630251359923e-01
9.946141837795062779e-01 4.288543333686097871e-04 2.682609401634026836e-01
9.946679242963347711e-01 4.506149370095285673e-04 2.682329795498462066e-01
9.947232555508067620e-01 4.729193056950956780e-04 2.682038520270635940e-01
9.947802947091887171e-01 4.958053766501485573e-04 2.681734527960611958e-01
9.948193345282794198e-01 5.114065944183501019e-04 2.681524212571831378e-01
9.948788033927520313e-01 5.350721683046368721e-04 2.681200214506229695e-01
9.949193304565996376e-01 5.511295663511079669e-04 2.680976826074305541e-01
9.949819063874423275e-01 5.758073316938529512e-04 2.680627641787167725e-01
9.950248963278948144e-01 5.926787603125680242e-04 2.680384651540543839e-01
9.950914392447394174e-01 6.186591735594099270e-04 2.680003378398655989e-01
9.951257033035670885e-01 6.319740813067972231e-04 2.679804528530845831e-01
9.951843888488717260e-01 6.546825481575200981e-04 2.679459829739015975e-01
9.952322115084688559e-01 6.730992190937464285e-04 2.679174962195797760e-01
9.952814503025246839e-01 6.919782676921482816e-04 2.678877803429652871e-01
9.953322073685838545e-01 7.113510819212590965e-04 2.678567247082153657e-01
9.953845960308196350e-01 7.312512910395660730e-04 2.678242036898486056e-01
9.954519586706931378e-01 7.566920611564987003e-04 2.677816621074545766e-01
9.954937886889216880e-01 7.724039026588148385e-04 2.677548179397617467e-01
9.955367586705249350e-01 7.884753795580472799e-04 2.677268892609250273e-01
9.955809446208156999e-01 8.049314111200148170e-04 2.676977853566558374e-01
9.956414875400296793e-01 8.273659966859136421e-04 2.676572517751437119e-01
9.956882115261579402e-01 8.445923384117245535e-04 2.676254319209830923e-01
9.957364305507077074e-01 8.622905797513768286e-04 2.675920841999830380e-01
9.957694647789196996e-01 8.743693440378138117e-04 2.675689293199134400e-01
9.958204391530577348e-01 8.929329733612177255e-04 2.675326908709693141e-01
9.958554331825923978e-01 9.056230751927115807e-04 2.675074438957982803e-01
9.959095524598978733e-01 9.251606559422424292e-04 2.674677859862779616e-01
9.959562594527735513e-01 9.419363185435844022e-04 2.674329390421231190e-01
9.960045505597787674e-01 9.591969643514482472e-04 2.673962825736472815e-01
9.960343411253066437e-01 9.698040562724614087e-04 2.673733403945229847e-01
9.960854494326569775e-01 9.879326115860077081e-04 2.673333777290661795e-01
9.961277448285118519e-01 1.002871339279469334e-03 2.672997099452650849e-01
9.961713919593757627e-01 1.018227593441334939e-03 2.672643798226657097e-01
9.962161918280310058e-01 1.033925425290011533e-03 2.672274748288167578e-01
9.962505693319740896e-01 1.045925391500703450e-03 2.671986990528233408e-01
9.962858572444537320e-01 1.058200660730707803e-03 2.671687355750370085e-01
9.963221125104277931e-01 1.070767270335245972e-03 2.671374878185376334e-01
9.963593986330890884e-01 1.083643866859122697e-03 2.671048471100880284e-01
9.963977866504906133e-01 1.096852775213859625e-03 2.670706905574820045e-01
9.964373559441993544e-01 1.110418844498766225e-03 2.670348788869684742e-01
9.964644356591672025e-01 1.119675410907847992e-03 2.670100066296160479e-01
9.965061743102501257e-01 1.133900374530378251e-03 2.669710738214330914e-01
9.965347929889251111e-01 1.143624314252513537e-03 2.669439480894533201e-01
9.965789926785999508e-01 1.158593815704989744e-03 2.669013430019501198e-01
9.966093636738425632e-01 1.168844970606168401e-03 2.668715504756678514e-01
9.966559567315705914e-01 1.184514465827868476e-03 2.668249968744179079e-01
9.966880427217708061e-01 1.195264549135878181e-03 2.667923195355990096e-01
9.967378328212044281e-01 1.211881792515826558e-03 2.667405755179805826e-01
9.967809783515868549e-01 1.226221524439909897e-03 2.666946772129226151e-01
9.968257684029371291e-01 1.241051916451210452e-03 2.666459466624063745e-01
9.968534955838771472e-01 1.250206148321120160e-03 2.666152071748316144e-01
9.969012406558794837e-01 1.265923133262930817e-03 2.665612116190232417e-01
9.969308756731882770e-01 1.275647466723272205e-03 2.665269951670125592e-01
9.969613046775022136e-01 1.285606504241244797e-03 2.664912835299583227e-01
9.969925771600518516e-01 1.295814310832063164e-03 2.664539525304646106e-01
9.970247479264872092e-01 1.306286710802103410e-03 2.664148626354317373e-01
9.970691443777704999e-01 1.320692220324742655e-03 2.663597344107037079e-01
9.971036607767090887e-01 1.331855904236463979e-03 2.663158909448928302e-01
9.971393088047536546e-01 1.343354716316329548e-03 2.662696747589938240e-01
9.971637472447061334e-01 1.351221309735902614e-03 2.662374250486548855e-01
9.972014842903836884e-01 1.363343997745664884e-03 2.661866935350721275e-01
9.972274093111264115e-01 1.371654179938833077e-03 2.661511641408742523e-01
9.972575290295068173e-01 1.381289626068573024e-03 2.661091710156294754e-01
9.972922000224022643e-01 1.392354482496323221e-03 2.660598494594521024e-01
9.973280657224116164e-01 1.403769159026126275e-03 2.660076812339905450e-01
9.973558081309227275e-01 1.412576850411383046e-03 2.659665005138049931e-01
9.973843238065247530e-01 1.421612006173524198e-03 2.659233958190995728e-01
9.974136641173761975e-01 1.430891314985313764e-03 2.658781994714356500e-01
9.974438858290636256e-01 1.440432869479850485e-03 2.658307224452270967e-01
9.974750515538618467e-01 1.450256991457212364e-03 2.657807504571353396e-01
9.975181926553605694e-01 1.463829635708625756e-03 2.657098183591752316e-01
9.975404964969021293e-01 1.470833261782296961e-03 2.656723144702705097e-01
9.975740710655780497e-01 1.481358637179914844e-03 2.656147511025998553e-01
9.976084019075507348e-01 1.492098141942537664e-03 2.655544650829103070e-01
9.976319905302465374e-01 1.499463825760139228e-03 2.655121777038674247e-01
9.976685048465973038e-01 1.510847132028303929e-03 2.654452838856689589e-01
9.976936576052695127e-01 1.518677429909411417e-03 2.653981571698996733e-01
9.977327010428558296e-01 1.530817385780159842e-03 2.653232543936102639e-01
9.977596755686080066e-01 1.539194958141330187e-03 2.652702160509393114e-01
9.977874647642224204e-01 1.547817275846855934e-03 2.652144353381765685e-01
9.978161248682079210e-01 1.556700876743523105e-03 2.651556525678724352e-01
9.978457182292497230e-01 1.565862746589392202e-03 2.650935718564733645e-01
9.978685681051390199e-01 1.572928649658080717e-03 2.650446428334742310e-01
9.978920154480180882e-01 1.580172835743085110e-03 2.649935065409145252e-01
9.979242710965282592e-01 1.590129321493319618e-03 2.649215787816979750e-01
9.979408528064854789e-01 1.595244515640363743e-03 2.648838688534120855e-01
9.979749878048177480e-01 1.605770780989336207e-03 2.648046259303999950e-01
9.979925724695731803e-01 1.611192164214180237e-03 2.647629305004893796e-01
9.980288529745338089e-01 1.622375882459683354e-03 2.646749675023364889e-01
9.980475867178884020e-01 1.628149453909903547e-03 2.646284896905605200e-01
9.980764821692650335e-01 1.637053300221447171e-03 2.645553415437540967e-01
9.981063982578021188e-01 1.646268745664674748e-03 2.644776774832722221e-01
9.981269508387591305e-01 1.652597788984198728e-03 2.644231420355319107e-01
9.981587598926524585e-01 1.662392234624312983e-03 2.643367820991177619e-01
9.981806669382242703e-01 1.669138316469809475e-03 2.642758788592132202e-01
9.982031749578805790e-01 1.676072157616520985e-03 2.642120574323216231e-01
9.982381475806171300e-01 1.686855121260393995e-03 2.641103048762662442e-01
9.982623346236442208e-01 1.694319171239120226e-03 2.640380203023821593e-01
9.982872737916601569e-01 1.702021110849460429e-03 2.639617898195426582e-01
9.983130182164108302e-01 1.709978057018893749e-03 2.638812253375568684e-01
9.983396273700049228e-01 1.718208892667505384e-03 2.637958826268432810e-01
9.983671684421697723e-01 1.726735948541987869e-03 2.637052504554217025e-01
9.983957179697369178e-01 1.735586329970169360e-03 2.636087376704698837e-01
9.984253637137215920e-01 1.744791386850053604e-03 2.635056557864607352e-01
9.984406293963175028e-01 1.749538578726180177e-03 2.634513994042022023e-01
9.984641183739834114e-01 1.756854959586074847e-03 2.633663126718755465e-01
9.984883613646687861e-01 1.764422869090036131e-03 2.632763932517841465e-01
9.985219528053926874e-01 1.774935997326463439e-03 2.631481327438247586e-01
9.985393346580382357e-01 1.780387673178174040e-03 2.630800225498171052e-01
9.985661963323834156e-01 1.788830531905548620e-03 2.629723464827050661e-01
9.985940768752048502e-01 1.797618194672871966e-03 2.628573651514796161e-01
9.986132751984105882e-01 1.803685283914162329e-03 2.627762134550712947e-01
9.986430633305444227e-01 1.813129793287404862e-03 2.626470022951785666e-01
9.986636340980088455e-01 1.819675691111387935e-03 2.625553508033362515e-01
9.986848179599125963e-01 1.826439467864624444e-03 2.624588315267168959e-01
9.987178338722532134e-01 1.837029965174584792e-03 2.623039197785271837e-01
9.987349444046859093e-01 1.842541185001388832e-03 2.622213959299593555e-01
9.987524851726983233e-01 1.848208024716481305e-03 2.621351547198982890e-01
9.987765844015680239e-01 1.856024169426413826e-03 2.620138732153212691e-01
9.988015577918140098e-01 1.864163400701476618e-03 2.618846585042099440e-01
9.988274800149772314e-01 1.872658672865953411e-03 2.617465865730103647e-01
9.988544362552871370e-01 1.881548435850147888e-03 2.615985752093062944e-01
9.988753905693313895e-01 1.888500992028251417e-03 2.614802763328968327e-01
9.988970266660069930e-01 1.895721762749818769e-03 2.613550439599554021e-01
9.989270221423027785e-01 1.905806892545386247e-03 2.611760317604644444e-01
9.989504550052760168e-01 1.913746891590977070e-03 2.610316170376595357e-01
9.989747628014434833e-01 1.922044586999077740e-03 2.608773908355634386e-01
9.990051947931041232e-01 1.932529013879311433e-03 2.606776928018764705e-01
9.990263205772492716e-01 1.939874681654103674e-03 2.605345466679369615e-01
9.990481762035228197e-01 1.947538382897244036e-03 2.603824120690718114e-01
9.990785530834477290e-01 1.958307782255581768e-03 2.601638526350266156e-01
9.991023505581886344e-01 1.966844300949152895e-03 2.599865642901569296e-01
9.991271012511192540e-01 1.975821533057869547e-03 2.597962421481300743e-01
9.991528929002418957e-01 1.985291063024830719e-03 2.595911693737002479e-01
9.991798280720175507e-01 1.995314709600533049e-03 2.593692984021259695e-01
9.991984794926396241e-01 2.002341798662081278e-03 2.592108401072813484e-01
9.992177328124328684e-01 2.009676500848385939e-03 2.590429765352043612e-01
9.992478392564185796e-01 2.021323420277122349e-03 2.587713852523070290e-01
9.992688036569071786e-01 2.029567003740173885e-03 2.585753492654767061e-01
9.992905497192673403e-01 2.038242453725021535e-03 2.583657079702773585e-01
9.993131439165223728e-01 2.047398375991377542e-03 2.581407679527531474e-01
9.993247827739355493e-01 2.052174205208370187e-03 2.580219371828637032e-01
9.993487959678186705e-01 2.062166465154792547e-03 2.577701913197655847e-01
9.993674973098491954e-01 2.070084513260230137e-03 2.575677218155148496e-01
9.993868412429605108e-01 2.078408964129751201e-03 2.573521351653653144e-01
9.994068783400280598e-01 2.087185624392100605e-03 2.571219214067356762e-01
9.994276648665150198e-01 2.096466880041817152e-03 2.568752990334402520e-01
9.994492639380627708e-01 2.106313086461805012e-03 2.566101467280775261e-01
9.994641497712507539e-01 2.113226132793462157e-03 2.564218362044438648e-01
9.994872678435071656e-01 2.124184564368578661e-03 2.561199237684977925e-01
9.995032449859110324e-01 2.131924836605204269e-03 2.559041388990905830e-01
9.995197091961360858e-01 2.140054128217946851e-03 2.556753695833182682e-01
9.995366937452522249e-01 2.148614067162146583e-03 2.554322106521113578e-01
9.995542352050760249e-01 2.157651147429910741e-03 2.551730106705760726e-01
9.995632269244164592e-01 2.162364925820654468e-03 2.550367886440690901e-01
9.995816803494208536e-01 2.172224924768506073e-03 2.547497816377107260e-01
9.996007985421709874e-01 2.182717902452387809e-03 2.544411046664777354e-01
9.996106220069089776e-01 2.188225721864259579e-03 2.542776669522232580e-01
9.996308346586166849e-01 2.199827687741275940e-03 2.539304109893644745e-01
9.996412368419599348e-01 2.205946715172226423e-03 2.537454507216360122e-01
9.996572341019539509e-01 2.215568952286177222e-03 2.534521285660956136e-01
9.996654165764250477e-01 2.220594653230046223e-03 2.532976041125271083e-01
9.996737268852544656e-01 2.225775113337152746e-03 2.531373777730012153e-01
9.996907478591154916e-01 2.236641057574263649e-03 2.527982245945943340e-01
9.997083254080765258e-01 2.248246955428106174e-03 2.524305906982129422e-01
9.997203659123680142e-01 2.256440076535749708e-03 2.521671084835526155e-01
9.997295716088870909e-01 2.262847731372129214e-03 2.519585233137485170e-01
9.997389315847620139e-01 2.269498371284510516e-03 2.517394860337442419e-01
9.997484485856261704e-01 2.276408841601794061e-03 2.515088519837130332e-01
9.997581247233376933e-01 2.283597397881548946e-03 2.512652550314361521e-01
9.997679612228204116e-01 2.291083611171419211e-03 2.510070160857687527e-01
9.997739394289327786e-01 2.295726182814445109e-03 2.508442042476324296e-01
9.997820000854189537e-01 2.302103605722969834e-03 2.506170096201156272e-01
9.997929051550846768e-01 2.310959273676732768e-03 2.502939224230802395e-01
9.997984214594728414e-01 2.315543934818180532e-03 2.501226320966968286e-01
9.998039795735214064e-01 2.320238635206161616e-03 2.499442482556504530e-01
9.998095779159665852e-01 2.325046728454665829e-03 2.497583926089682882e-01
9.998208912998742814e-01 2.335019454441247897e-03 2.493630309503230558e-01
9.998265973426959663e-01 2.340184357767007787e-03 2.491538304173764873e-01
9.998323339786087116e-01 2.345472118837515271e-03 2.489382059795562374e-01
9.998380985682069344e-01 2.350883847178781780e-03 2.487183993626136680e-01
9.998467947419584778e-01 2.359235944181150690e-03 2.483955122877485600e-01
9.998526250026127382e-01 2.364961533018014768e-03 2.481927290429932209e-01
9.998555514960351109e-01 2.367873145823632189e-03 2.480993897545236693e-01
9.998614299637414993e-01 2.373796153630386690e-03 2.479313987952385390e-01
9.998643847881024671e-01 2.376810459243681312e-03 2.478577727522233154e-01
9.998673512895481785e-01 2.379861223668388540e-03 2.477911673017029748e-01
9.998733233069112547e-01 2.386076317756896312e-03 2.476781926137239520e-01
9.998793574077052826e-01 2.392455055162917132e-03 2.475906471533994013e-01
9.998824016846992180e-01 2.395710939261054464e-03 2.475556489249499392e-01
9.998854656500272275e-01 2.399013366576087814e-03 2.475260475878579558e-01
9.998916573648619632e-01 2.405765130868967386e-03 2.474818649177517593e-01
9.998979452562853920e-01 2.412730143927004946e-03 2.474558103359299488e-01
9.999043416463473388e-01 2.419929375952782711e-03 2.474456793390952536e-01
9.999125084778498485e-01 2.429292603930924797e-03 2.474520178803696902e-01
9.999175115050784601e-01 2.435126204518690309e-03 2.474641032064998913e-01
9.999243130945403291e-01 2.443179519784205011e-03 2.474880260698278378e-01
9.999312785469907094e-01 2.451577856368110896e-03 2.475189608121501350e-01
9.999348281186141163e-01 2.455918122387341657e-03 2.475364287196018531e-01
9.999420696978659207e-01 2.464903583731976010e-03 2.475742766046870602e-01
9.999476355849528098e-01 2.471932502333694208e-03 2.476042154599702172e-01
9.999533256625676714e-01 2.479232270963860341e-03 2.476345965911404823e-01
9.999611203631671996e-01 2.489425911916081247e-03 2.476743086064264188e-01
9.999671357732496935e-01 2.497451229151353633e-03 2.477022486625632125e-01
9.999724755022235678e-01 2.504695030725390906e-03 2.477243008528557666e-01
9.999792197722634501e-01 2.514011059871301950e-03 2.477475360328689757e-01
9.999826680284464864e-01 2.518848085675881934e-03 2.477570830579637062e-01
9.999897257606218393e-01 2.528909770137406296e-03 2.477709885266096701e-01
9.999933403873831894e-01 2.534148764078203442e-03 2.477748612588683286e-01
9.999970151280588304e-01 2.539536242984591439e-03 2.477763366087837316e-01
9.999985024668397449e-01 2.541734654717269469e-03 2.477761916696671340e-01
