# 9 2 15.3603295605 0.00326012683579
# x xi_r xi_h
1.310287751119751072e-03 -9.656545738978797311e-03 -4.828441810881997989e-03
1.460995662986557019e-03 -1.076717151780458986e-02 -5.383834431313305052e-03
1.650884358646134958e-03 -1.216651825339486528e-02 -6.083628141655898595e-03
1.840773054305712029e-03 -1.356583848930439061e-02 -6.783436632098382643e-03
2.080034956818093209e-03 -1.532895491392179468e-02 -7.665227558773365403e-03
2.319296859330475039e-03 -1.709201416547770705e-02 -8.547049771537638604e-03
2.620782178678318121e-03 -1.931349300318482495e-02 -9.658251668662158271e-03
2.922267498026161203e-03 -2.153485590107466832e-02 -1.076951679735324748e-02
3.302183600846774012e-03 -2.433392327975201705e-02 -1.216997506468950156e-02
3.682099703667386821e-03 -2.713275879338412910e-02 -1.357056157599262521e-02
4.160900837802832680e-03 -3.065971900108642109e-02 -1.533588239684545267e-02
4.639701971938277672e-03 -3.418620629322468435e-02 -1.710145935528730593e-02
5.099164758699403430e-03 -3.756977538232585123e-02 -1.879599735007085604e-02
5.558627545460530055e-03 -4.095282300691561322e-02 -2.049081422515248996e-02
6.245989158360841335e-03 -4.601289373754250539e-02 -2.302688999076427795e-02
6.768639774805322237e-03 -4.985944635078089909e-02 -2.495574958353611109e-02
7.291290391249803139e-03 -5.370510037285664701e-02 -2.688509546100529418e-02
8.033712313215113712e-03 -5.916621162336777040e-02 -2.962659170024626101e-02
8.776134235180425153e-03 -6.462513903141652027e-02 -3.236923077057791975e-02
9.779784977971731075e-03 -7.200116111276685937e-02 -3.607882921423747474e-02
1.078343572076304047e-02 -7.937226412212670945e-02 -3.979093729712086108e-02
1.166068504828845012e-02 -8.581055535648018928e-02 -4.303778670520099631e-02
1.253793437581384937e-02 -9.224437900713074179e-02 -4.628687145124631835e-02
1.341518370333926076e-02 -9.867337912017916379e-02 -4.953834488977722217e-02
1.454644800751801921e-02 -1.069564063868531228e-01 -5.373483735682826890e-02
1.567771231169676899e-02 -1.152298893065004937e-01 -5.793577823192771342e-02
1.680897661587552050e-02 -1.234930844842190428e-01 -6.214167007587958341e-02
1.774028948610247014e-02 -1.302873934831674241e-01 -6.560788713221570034e-02
1.867160235632940937e-02 -1.370737114760337272e-01 -6.907737810431660574e-02
1.960291522655635901e-02 -1.438515254285170908e-01 -7.255045580937262428e-02
2.053422809678330171e-02 -1.506203775938728395e-01 -7.602747063184618626e-02
2.154914563826640025e-02 -1.579862469540101455e-01 -7.982152367482256428e-02
2.256406317974948839e-02 -1.653404373638163172e-01 -8.362035414186777538e-02
2.357898072123257999e-02 -1.726821707942073347e-01 -8.742322184680033359e-02
2.466754477920376012e-02 -1.805417809750703151e-01 -9.150632532175489997e-02
2.575610883717492985e-02 -1.883849261996123070e-01 -9.559456269822121099e-02
2.684467289514610999e-02 -1.962106789312424715e-01 -9.968829358321970591e-02
2.793323695311727972e-02 -2.040181449210634046e-01 -1.037877423785259767e-01
2.903954886174606870e-02 -2.119332404342437193e-01 -1.079596278793589631e-01
3.014586077037486114e-02 -2.198274548004654494e-01 -1.121372547184613100e-01
3.125217267900363971e-02 -2.276997964410595598e-01 -1.163210474620641754e-01
3.235848458763242869e-02 -2.355493124858116238e-01 -1.205112605473212667e-01
3.346479649626121766e-02 -2.433750483455721925e-01 -1.247079843095641738e-01
3.457110840488999970e-02 -2.511760173632868187e-01 -1.289111483691088855e-01
3.578544865467637309e-02 -2.597090040432391000e-01 -1.335303997547617194e-01
3.699978890446273261e-02 -2.682089936673540675e-01 -1.381548525777143710e-01
3.821412915424909212e-02 -2.766742957981226936e-01 -1.427854174940682841e-01
3.942846940403545858e-02 -2.851033898256134513e-01 -1.474229000907104903e-01
4.064280965382181809e-02 -2.934948722245334651e-01 -1.520680092414375406e-01
4.185714990360817761e-02 -3.018474145508838746e-01 -1.567213621648918254e-01
4.307149015339455100e-02 -3.101597292138333350e-01 -1.613834870991207870e-01
4.424530788812759685e-02 -3.181551842912560546e-01 -1.658978914133233673e-01
4.541912562286065658e-02 -3.261104790329231173e-01 -1.704182696180692458e-01
4.659294335759370242e-02 -3.340239960651619766e-01 -1.749431340012904124e-01
4.776676109232676215e-02 -3.418939072774804244e-01 -1.794709713777441207e-01
4.894057882705980800e-02 -3.497181945117925350e-01 -1.840002388295474411e-01
5.005740200280924673e-02 -3.571181785017604193e-01 -1.883092845095985512e-01
5.117422517855869241e-02 -3.644729606322824056e-01 -1.926183523577497114e-01
5.229104835430813114e-02 -3.717808210241150269e-01 -1.969286456347342507e-01
5.340787153005757681e-02 -3.790402021254772880e-01 -2.012410793167661582e-01
5.452469470580702249e-02 -3.862496534636881695e-01 -2.055562869644420032e-01
5.564151788155646122e-02 -3.934077846150471069e-01 -2.098746254249792276e-01
5.675834105730589996e-02 -4.005132248732484745e-01 -2.141961777899238362e-01
5.789005031244066207e-02 -4.076581954041988420e-01 -2.185773122915602162e-01
5.902175956757541725e-02 -4.147459049420021970e-01 -2.229568375568160843e-01
6.015346882271019324e-02 -4.217743152651033389e-01 -2.273319041793941953e-01
6.128517807784496230e-02 -4.287411859831213312e-01 -2.317005739882687654e-01
6.242226172525015132e-02 -4.356768280363452206e-01 -2.360832420567061385e-01
6.355934537265535422e-02 -4.425458412360976923e-01 -2.404610857544111635e-01
6.469642902006055019e-02 -4.493462947656899353e-01 -2.448357239169888788e-01
6.583351266746574615e-02 -4.560763997290046556e-01 -2.492081472420902000e-01
6.697059631487094211e-02 -4.627344350219521618e-01 -2.535787266138498364e-01
6.810767996227613807e-02 -4.693186830366591344e-01 -2.579472191060671604e-01
6.923644416253725564e-02 -4.757800131271952560e-01 -2.622795711431598620e-01
7.036520836279837321e-02 -4.821649372809844736e-01 -2.666054358780521882e-01
7.149397256305950465e-02 -4.884714306022059360e-01 -2.709237865584814831e-01
7.262273676332062222e-02 -4.946974171974301560e-01 -2.752337430394001250e-01
7.375150096358173979e-02 -5.008407817409969986e-01 -2.795345694887183541e-01
7.496577999948988991e-02 -5.073549169196613917e-01 -2.841504194914807879e-01
7.618005903539804002e-02 -5.137682950344345523e-01 -2.887536697693389165e-01
7.739433807130619014e-02 -5.200781731047536827e-01 -2.933429608238412034e-01
7.860861710721434026e-02 -5.262817611324722700e-01 -2.979175111821962818e-01
7.980832120060649126e-02 -5.323037666850167771e-01 -3.024222889875626263e-01
8.100802529399861451e-02 -5.382166812229969288e-01 -3.069133264434770192e-01
8.220772938739076552e-02 -5.440180173357030968e-01 -3.113915925891316827e-01
8.340743348078288877e-02 -5.497053433413139345e-01 -3.158571019439211369e-01
8.460713757417503977e-02 -5.552762099539584328e-01 -3.203089219356108908e-01
8.565798069402660864e-02 -5.600581028319421284e-01 -3.241951071477636726e-01
8.670882381387816362e-02 -5.647469235906786844e-01 -3.280672696029554025e-01
8.775966693372971861e-02 -5.693408279919250914e-01 -3.319240787088827971e-01
8.881051005358128747e-02 -5.738378960351668834e-01 -3.357637061066903184e-01
8.973448221530234969e-02 -5.777103819973057330e-01 -3.391239116077341409e-01
9.065845437702341192e-02 -5.815050179157880139e-01 -3.424668182375656400e-01
9.158242653874446026e-02 -5.852203077136660658e-01 -3.457913804743510400e-01
9.258135109670528884e-02 -5.891460491592919180e-01 -3.493666595884223902e-01
9.358027565466608966e-02 -5.929756291981476135e-01 -3.529252542669563120e-01
9.457920021262691823e-02 -5.967074874831579390e-01 -3.564691580789821068e-01
9.557812477058773293e-02 -6.003401423193838182e-01 -3.599991907827013726e-01
9.657704932854854762e-02 -6.038721318788048409e-01 -3.635150069856846744e-01
9.778235897335758875e-02 -6.079978096880580551e-01 -3.677356901138829071e-01
9.898766861816662987e-02 -6.119720210447970876e-01 -3.719316802471470673e-01
1.001929782629756988e-01 -6.157920200675797151e-01 -3.761021839493141061e-01
1.013982879077846982e-01 -6.194550171838267838e-01 -3.802455652183330814e-01
1.024410895301341995e-01 -6.224951947904215910e-01 -3.838063807602943300e-01
1.034838911524837979e-01 -6.254137716429107874e-01 -3.873424090894775906e-01
1.045266927748332991e-01 -6.282087511658265289e-01 -3.908523608823349926e-01
1.055489126177679010e-01 -6.308266728729158279e-01 -3.942682961798612551e-01
1.065711324607025029e-01 -6.333220889202982873e-01 -3.976608498443468531e-01
1.075933523036371048e-01 -6.356932139227203793e-01 -4.010295311315819067e-01
1.087227524102803017e-01 -6.381662866602024753e-01 -4.047211874677202892e-01
1.098521525169235957e-01 -6.404828950014327393e-01 -4.083780987666834617e-01
1.108421192166808011e-01 -6.423827841239805325e-01 -4.115557703444727156e-01
1.118320859164378955e-01 -6.441588982489838688e-01 -4.147092534766803062e-01
1.128220526161951009e-01 -6.458096315589660907e-01 -4.178386165047480727e-01
1.137952997292322049e-01 -6.473086668761437457e-01 -4.208902738545205469e-01
1.147685468422692950e-01 -6.486833576439972049e-01 -4.239162031531588104e-01
1.157417939553063990e-01 -6.499321097610613052e-01 -4.269157918728866963e-01
1.166993964766919051e-01 -6.510363052546963569e-01 -4.298411125524091991e-01
1.176569989980774944e-01 -6.520154852991452143e-01 -4.327400278983009607e-01
1.186146015194630005e-01 -6.528681346674193309e-01 -4.356121188115278375e-01
1.195575547351094003e-01 -6.535826490222452767e-01 -4.384139916496837541e-01
1.205005079507558002e-01 -6.541716157280433874e-01 -4.411896178416106484e-01
1.214434611664022001e-01 -6.546336234742745619e-01 -4.439387598057006890e-01
1.223726583742238000e-01 -6.549633308030616829e-01 -4.466219067661152953e-01
1.233018555820453999e-01 -6.551670716397928196e-01 -4.492797038949048472e-01
1.242310527898669997e-01 -6.552435275736088194e-01 -4.519115665149458505e-01
1.252644199626453125e-01 -6.551774759573965046e-01 -4.548064522557762057e-01
1.262977871354236947e-01 -6.549505038996915607e-01 -4.576660775035815698e-01
1.269801736787574131e-01 -6.547114053233074049e-01 -4.595329144027897050e-01
1.276625602220911870e-01 -6.544006975449597752e-01 -4.613807665767750699e-01
1.285635768402965950e-01 -6.538798079502002869e-01 -4.637938632224760660e-01
1.294645934585020031e-01 -6.532318338110288947e-01 -4.661818718761950309e-01
1.303656100767074111e-01 -6.524556276162170043e-01 -4.685460610648722879e-01
1.313673042949614067e-01 -6.514407881709953774e-01 -4.711425729495521963e-01
1.323689985132154023e-01 -6.502643843522454281e-01 -4.737024711583586178e-01
1.333627524980957046e-01 -6.489359789234023790e-01 -4.762054866881589854e-01
1.343565064829760070e-01 -6.474452357873794472e-01 -4.786718107089880103e-01
1.353408825040227081e-01 -6.458069051778240199e-01 -4.810779029730842815e-01
1.363252585250694093e-01 -6.440060949431835047e-01 -4.834462711626299480e-01
1.371913053735339949e-01 -6.422861345135171263e-01 -4.854994398764002073e-01
1.380573522219986915e-01 -6.404381599211985687e-01 -4.875251194229299756e-01
1.389233990704633048e-01 -6.384611544431075814e-01 -4.895233351302317182e-01
1.397798068184883113e-01 -6.363782815291050277e-01 -4.914715830183484235e-01
1.406362145665132901e-01 -6.341672746446546105e-01 -4.933916574052320536e-01
1.414926223145382134e-01 -6.318271585647078359e-01 -4.952830633983630881e-01
1.423395568821196888e-01 -6.293850001364598157e-01 -4.971251455094248817e-01
1.431864914497011088e-01 -6.268146893392680941e-01 -4.989387128206308475e-01
1.440334260172826120e-01 -6.241152993769134572e-01 -5.007233811436891946e-01
1.448719479772087870e-01 -6.213146572265866308e-01 -5.024617094209535839e-01
1.457104699371351009e-01 -6.183857012758953164e-01 -5.041713963477123528e-01
1.465489918970613870e-01 -6.153275550983886566e-01 -5.058521253114436345e-01
1.473791511845158053e-01 -6.121717925065897070e-01 -5.074874572598727651e-01
1.482093104719703069e-01 -6.088877191340729134e-01 -5.090941655449745529e-01
1.490394697594248086e-01 -6.054745109887134102e-01 -5.106719486609205827e-01
1.502727252360930021e-01 -6.001639398886245980e-01 -5.129621838214927232e-01
1.515059807127611957e-01 -5.945639549813803715e-01 -5.151877666270100464e-01
1.527277754813821942e-01 -5.887280795364500108e-01 -5.173283917475641758e-01
1.539495702500031926e-01 -5.826031444747129528e-01 -5.194044948757651214e-01
1.551603986792471912e-01 -5.762456187228104376e-01 -5.213980547102565755e-01
1.563712271084913008e-01 -5.695995050274987870e-01 -5.233277400877168750e-01
1.575715501599840029e-01 -5.627240400182099700e-01 -5.251783441415568410e-01
1.587718732114765940e-01 -5.555607183924281545e-01 -5.269679329097199938e-01
1.599645867604068128e-01 -5.481555323330579155e-01 -5.286745811974503662e-01
1.611499325358309032e-01 -5.405102637516906450e-01 -5.302989295475036835e-01
1.623352783112549935e-01 -5.325780642201680681e-01 -5.318626853183864300e-01
1.635111968763642010e-01 -5.244236596122088256e-01 -5.333521454918959126e-01
1.646871154414734917e-01 -5.159833828145310441e-01 -5.347776793204321866e-01
1.658539536555289073e-01 -5.073239939445313151e-01 -5.361284849189003054e-01
1.670207918695844063e-01 -4.983797630519648525e-01 -5.374152708368793441e-01
1.681789102884249099e-01 -4.892192075393639317e-01 -5.386298158199598340e-01
1.693370287072654135e-01 -4.797751102771637410e-01 -5.397829626873612563e-01
1.704887632179911960e-01 -4.701003799055000210e-01 -5.408581946264562346e-01
1.716344322308862025e-01 -4.601954870836120759e-01 -5.418560632739634064e-01
1.727801012437812922e-01 -4.500088820711252158e-01 -5.427926725291045695e-01
1.739178666881313895e-01 -4.396125899252299463e-01 -5.436602743875498245e-01
1.750556321324814035e-01 -4.289362145410697269e-01 -5.444633431311415306e-01
1.761857941226853963e-01 -4.180528332016392734e-01 -5.451964489594941510e-01
1.773159561128893891e-01 -4.068910244350078531e-01 -5.458644761403238510e-01
1.784387997630065004e-01 -3.955248437194284761e-01 -5.464632423306577946e-01
1.795616434131235006e-01 -3.838820576067473178e-01 -5.469967974208479466e-01
1.806774417515888131e-01 -3.720375431080787387e-01 -5.474619600792494101e-01
1.817932400900540979e-01 -3.599184062500875303e-01 -5.478618419884193624e-01
1.829022533861615063e-01 -3.476002043593638402e-01 -5.481941701201816786e-01
1.840112666822688869e-01 -3.350095053051860838e-01 -5.484611467722639855e-01
1.851137424986991076e-01 -3.222224387910068155e-01 -5.486613893041608625e-01
1.862162183151294115e-01 -3.091651581340002508e-01 -5.487962804983240739e-01
1.873123941815151017e-01 -2.959142465689681423e-01 -5.488652380180697454e-01
1.884085700479007919e-01 -2.823955865162601775e-01 -5.488688513422969040e-01
1.894986740814197101e-01 -2.686860770949415222e-01 -5.488072681934523800e-01
1.905887781149386007e-01 -2.547114436835458684e-01 -5.486803251616902966e-01
1.916730272722124984e-01 -2.405488162919987294e-01 -5.484888970478806192e-01
1.927572764294863961e-01 -2.261238594497181342e-01 -5.482321460353861697e-01
1.938358801601320902e-01 -2.115138246896032526e-01 -5.479116048584605769e-01
1.949144838907778954e-01 -1.966444559685130433e-01 -5.475257966629707429e-01
1.959876440525072094e-01 -1.815930063079667089e-01 -5.470768326898918232e-01
1.970608042142364125e-01 -1.662854064267372256e-01 -5.465626079219566558e-01
1.981287147275558047e-01 -1.507988077127931370e-01 -5.459858049241048672e-01
1.991966252408751137e-01 -1.350594206190681157e-01 -5.453437648126736592e-01
2.002594720445023124e-01 -1.191442218102107403e-01 -5.446397281742264562e-01
2.013223188481295112e-01 -1.029798014331938377e-01 -5.438705401599424061e-01
2.023802826740382921e-01 -8.664284518057585593e-02 -5.430399234384074569e-01
2.034382464999472118e-01 -7.006044307579137320e-02 -5.421442426136736659e-01
2.044915009253560068e-01 -5.330890363745391380e-02 -5.411876600165087536e-01
2.055447553507646907e-01 -3.631589043443580328e-02 -5.401660816528686127e-01
2.065934679926554884e-01 -1.915725255903557439e-02 -5.390841101063699181e-01
2.076421806345462029e-01 -1.761322511307737747e-03 -5.379372653836226315e-01
2.086865129960230880e-01 1.579659334345843297e-02 -5.367306435821139754e-01
2.097308453575000009e-01 3.358742341083491290e-02 -5.354594939882693083e-01
2.107709537672242117e-01 5.153643931789629595e-02 -5.341295244742728654e-01
2.118110621769483948e-01 6.971369751255755698e-02 -5.327360586149282318e-01
2.128480599636951021e-01 8.806236831115232810e-02 -5.312800688865665366e-01
2.138821136186860039e-01 1.065818404322057683e-01 -5.297620231190053319e-01
2.149161672736769058e-01 1.253222310369097592e-01 -5.281819402929337492e-01
2.159459665261461991e-01 1.442033498318338880e-01 -5.265427649868580362e-01
2.169742753085213971e-01 1.632722278549010309e-01 -5.248397875403124635e-01
2.180025840908965951e-01 1.825541799652999897e-01 -5.230738240992036658e-01
2.190272457378873994e-01 2.019776789836110753e-01 -5.212508793344857727e-01
2.200519073848782037e-01 2.216086325091332077e-01 -5.193640849811143045e-01
2.210737515503453099e-01 2.413900575226737844e-01 -5.174186748806681724e-01
2.220955957158123883e-01 2.613734113452351182e-01 -5.154093420640495360e-01
2.231133728053782961e-01 2.814756342753842455e-01 -5.133444054795008871e-01
2.241311498949442038e-01 3.017734618805937297e-01 -5.112159443841483020e-01
2.251456680358785989e-01 3.221984421374288199e-01 -5.090312363842246501e-01
2.261601861768129940e-01 3.428126584860224368e-01 -5.067838532428117215e-01
2.271708474868849026e-01 3.635340345408725748e-01 -5.044800356484857584e-01
2.281814321068081908e-01 3.844362392992617949e-01 -5.021114052832305052e-01
2.291920167267315067e-01 4.055180232316331623e-01 -4.996804965230108864e-01
2.301989120822834911e-01 4.266985058068800130e-01 -4.971961049278506017e-01
2.312058074378355865e-01 4.480512864533157669e-01 -4.946489524300622387e-01
2.322098544924325048e-01 4.695121472991357625e-01 -4.920463834019068172e-01
2.332139015470293120e-01 4.911380723620292210e-01 -4.893811672925153511e-01
2.342152100895429911e-01 5.128661316337107534e-01 -4.866607725052244926e-01
2.352165186320565871e-01 5.347517230779816888e-01 -4.838779699860915606e-01
2.362151954922880881e-01 5.567332555702707575e-01 -4.810403011471485746e-01
2.372138723525195059e-01 5.788645026376452174e-01 -4.781405277758918326e-01
2.382100212913642878e-01 6.010852505875021734e-01 -4.751862772994855932e-01
2.392061702302090975e-01 6.234476155454248270e-01 -4.721703500301338563e-01
2.401998924915476896e-01 6.458927686643407551e-01 -4.691004908555173047e-01
2.411936147528863927e-01 6.684710911365164820e-01 -4.659697039532993412e-01
2.421839272173959001e-01 6.911004636786700628e-01 -4.627873302717325776e-01
2.431741826801301909e-01 7.138527463458252953e-01 -4.595429508035240862e-01
2.441644381428645094e-01 7.367250883964725494e-01 -4.562383821608509971e-01
2.451525072457547971e-01 7.596623087240367278e-01 -4.528810105619064941e-01
2.461405763486450016e-01 7.827103870860917523e-01 -4.494634693798780223e-01
2.468787726936876870e-01 7.999995720287098599e-01 -4.468706796804099990e-01
2.476169690387302891e-01 8.173462548467211874e-01 -4.442439290285724596e-01
2.483577944001824911e-01 8.348105886367619410e-01 -4.415737686202043655e-01
2.490986197616346931e-01 8.523289240939448952e-01 -4.388695853835835048e-01
2.500816239077278125e-01 8.756539121450547247e-01 -4.352293414480555289e-01
2.510646280538209041e-01 8.990655846253824413e-01 -4.315303352250470792e-01
2.520461819638492029e-01 9.225243305782662162e-01 -4.277769075074572824e-01
2.530263942354005202e-01 9.460274135704589415e-01 -4.239689294771882833e-01
2.540066065069517820e-01 9.696017951110184052e-01 -4.201028844511994764e-01
2.549850575566918187e-01 9.931997390240128176e-01 -4.161859866433281208e-01
2.559635086064319109e-01 1.016858253780133614e+00 -4.122114674132718593e-01
2.569380179873769765e-01 1.040476344527403008e+00 -4.081949438700738231e-01
2.579152191512413816e-01 1.064209230583983423e+00 -4.041089817650829197e-01
2.588903710736741859e-01 1.087936269754117724e+00 -3.999741866573836013e-01
2.598655229961069901e-01 1.111701525341725061e+00 -3.957831830268762618e-01
2.605942947118716768e-01 1.129483845366755057e+00 -3.926142701515849542e-01
2.613230664276363080e-01 1.147281841847256345e+00 -3.894137802127651815e-01
2.620550563064771854e-01 1.165171721009308881e+00 -3.861675035923339272e-01
2.627870461853180073e-01 1.183072386192321579e+00 -3.828896586210851494e-01
2.635137174867600018e-01 1.200851109029595465e+00 -3.796045382644276378e-01
2.642403887882019964e-01 1.218635359336002644e+00 -3.762885760423908543e-01
2.649703906914105955e-01 1.236504076888965908e+00 -3.729264952098278463e-01
2.657003925946191947e-01 1.254373104392904503e+00 -3.695335471213401224e-01
2.666698680509819730e-01 1.278099787557296363e+00 -3.649802637105337699e-01
2.676393435073449178e-01 1.301815895342352425e+00 -3.603734978330612182e-01
2.686075749083224884e-01 1.325484536346838604e+00 -3.557196309893455588e-01
2.695758063093001144e-01 1.349129579472166274e+00 -3.510131938102103444e-01
2.705412474514743981e-01 1.372676367181123513e+00 -3.462679666420153679e-01
2.715098617210188192e-01 1.396263586338778451e+00 -3.414549061755854931e-01
2.724758040936595127e-01 1.419742049984749066e+00 -3.366037523649424990e-01
2.734417464663002062e-01 1.443169954632948393e+00 -3.317021234247099493e-01
2.744049664315437731e-01 1.466474508197329607e+00 -3.267642094109049489e-01
2.753714841122708035e-01 1.489794211188846473e+00 -3.217594043037922957e-01
2.760918532582701257e-01 1.507128597926826519e+00 -3.179969736731667607e-01
2.768122224042693924e-01 1.524419979005415593e+00 -3.142073304528762434e-01
2.775363826324631078e-01 1.541755926192839077e+00 -3.103705189418375920e-01
2.782605428606568232e-01 1.559042187915349764e+00 -3.065065969004325264e-01
2.792230898017574736e-01 1.581936503894992629e+00 -3.013291887149249781e-01
2.801856367428581240e-01 1.604729917848705334e+00 -2.961048867293945008e-01
2.811473565508991190e-01 1.627395359905391636e+00 -2.908387468308900048e-01
2.821090763589401140e-01 1.649944761783193714e+00 -2.855268425064159676e-01
2.830682204929131918e-01 1.672310470840602248e+00 -2.801840620535079318e-01
2.840309311037308992e-01 1.694627669536561632e+00 -2.747766595092497321e-01
2.847494289063747241e-01 1.711192956252798547e+00 -2.707120871869225232e-01
2.854679267090184935e-01 1.727676984768960144e+00 -2.666231496340702445e-01
2.861905218058161116e-01 1.744169656810916624e+00 -2.624865765756222435e-01
2.869131169026136741e-01 1.760573282385232696e+00 -2.583258606182458617e-01
2.878724078661420993e-01 1.782206525932614749e+00 -2.527654468953891009e-01
2.888316988296705801e-01 1.803668470976589999e+00 -2.471636406758452864e-01
2.897885131602004893e-01 1.824896116744004093e+00 -2.415356397559802748e-01
2.907490868313554744e-01 1.846019074234052981e+00 -2.358452913291005926e-01
2.914649765154507244e-01 1.861633889020369859e+00 -2.315786031311563298e-01
2.921808661995458078e-01 1.877135775536036499e+00 -2.272902350744555322e-01
2.929010534726512738e-01 1.892613173056669984e+00 -2.229545425784352497e-01
2.936212407457569062e-01 1.907969027432106834e+00 -2.185975062548891901e-01
2.945767800163460737e-01 1.928149094033506428e+00 -2.127841909565203471e-01
2.955362094878383750e-01 1.948180830248535944e+00 -2.069105947907186327e-01
2.964933245974175069e-01 1.967925360473451457e+00 -2.010154299181256266e-01
2.974504397069965833e-01 1.987422470891566872e+00 -1.950854745063452245e-01
2.981662161635638131e-01 2.001836382325846930e+00 -1.906284404577096303e-01
2.988819926201308208e-01 2.016103223136611611e+00 -1.861526633837658484e-01
2.996022787896107098e-01 2.030307697520428611e+00 -1.816301229760066971e-01
3.003225649590904878e-01 2.044355612554175305e+00 -1.770893349473410538e-01
3.012768521985618730e-01 2.062719544427183749e+00 -1.710458649703324174e-01
3.022352021590857252e-01 2.080869193758664970e+00 -1.649458125442878342e-01
3.031913095476029274e-01 2.098675187575162582e+00 -1.588301835510000093e-01
3.041474169361201851e-01 2.116171183269436096e+00 -1.526857909166101368e-01
3.051033301085280258e-01 2.133344521045190678e+00 -1.465147893176848293e-01
3.060592432809358110e-01 2.150189540074813443e+00 -1.403168402909006907e-01
3.068910593111273122e-01 2.164573382347364294e+00 -1.349022835156397926e-01
3.077228753413188134e-01 2.178695441969662472e+00 -1.294686475408568516e-01
3.085611288673250074e-01 2.192655709005412845e+00 -1.239743304647386857e-01
3.093993823933313125e-01 2.206337534271692213e+00 -1.184619984807120663e-01
3.102334054035402189e-01 2.219667676210631768e+00 -1.129602939363569952e-01
3.110674284137491807e-01 2.232709610918028886e+00 -1.074421361092779970e-01
3.119080450867570131e-01 2.245556634956604292e+00 -1.018644152866913927e-01
3.127486617597647900e-01 2.258098029808776719e+00 -9.627141774733782853e-02
3.137041837576390879e-01 2.271974335500003050e+00 -8.989632890867212123e-02
3.146597057555134969e-01 2.285437874654298707e+00 -8.350358330896816283e-02
3.156152457355064223e-01 2.298479345616955882e+00 -7.709417269615903567e-02
3.165707857154991811e-01 2.311088936540890870e+00 -7.066933215491690012e-02
3.175265174639494981e-01 2.323259507888191688e+00 -6.422896139522717152e-02
3.184822492123998150e-01 2.334978938978715668e+00 -5.777561196691131246e-02
3.194379809608500764e-01 2.346237692956405052e+00 -5.131049410737236610e-02
3.203937127093003934e-01 2.357026245214968618e+00 -4.483477590119980954e-02
3.213495186061188225e-01 2.367335861272999331e+00 -3.834909639777372287e-02
3.223053245029371960e-01 2.377156169081146686e+00 -3.185513287813817457e-02
3.232613666241492267e-01 2.386479911321208736e+00 -2.535258211322363731e-02
3.242174087453610909e-01 2.395295116146899606e+00 -1.884439047987501725e-02
3.251734508665731216e-01 2.403592332354497429e+00 -1.233185085806594652e-02
3.261296959091333214e-01 2.411363734319670105e+00 -5.814845045122226178e-03
3.270859409516935212e-01 2.418598108056496443e+00 7.039491685263320414e-04
3.280424123582719176e-01 2.425287600307249214e+00 7.224724851225644735e-03
3.289988837648503139e-01 2.431421098917542878e+00 1.374457406842309951e-02
3.299556098233494827e-01 2.436990728444244247e+00 2.026385352947297769e-02
3.309123358818485960e-01 2.441985542414676580e+00 2.677943489720755951e-02
3.318692480034560743e-01 2.446397141202735437e+00 3.329126397008752569e-02
3.328264091018481863e-01 2.450216254423220441e+00 3.979835370218935686e-02
3.337835702002405203e-01 2.453432554540615484e+00 4.629751688230346329e-02
3.347413225943591253e-01 2.456038452981780473e+00 5.279130341372566954e-02
3.356990749884776748e-01 2.458022827469760863e+00 5.927422501884369727e-02
3.366568273825963908e-01 2.459376809339478331e+00 6.574480817557269707e-02
3.376145797767149959e-01 2.460091614879415634e+00 7.220158584490080078e-02
3.385727985393063855e-01 2.460158423212565726e+00 7.864623524436832602e-02
3.395310173018977751e-01 2.459568115954724909e+00 8.507410236737199261e-02
3.404896417920181828e-01 2.458311493749204768e+00 9.148636777820902399e-02
3.414482662821387016e-01 2.456380238601314936e+00 9.787877056822114064e-02
3.424074710093443219e-01 2.453764253298702958e+00 1.042536017422969336e-01
3.433666757365498867e-01 2.450456297002637562e+00 1.106054273186151127e-01
3.443258804637556181e-01 2.446448291963594812e+00 1.169326605740781538e-01
3.452857836278598880e-01 2.441728598255850091e+00 1.232383073096001425e-01
3.462456867919642134e-01 2.436292047380162362e+00 1.295161631671125635e-01
3.472055899560684833e-01 2.430130945078843308e+00 1.357646089073348827e-01
3.481660761558372230e-01 2.423233329970113203e+00 1.419858148567159639e-01
3.491265623556059072e-01 2.415595311047138871e+00 1.481743491225332443e-01
3.500875704891284190e-01 2.407204870113003103e+00 1.543319131485671181e-01
3.510485786226508753e-01 2.398058852347278336e+00 1.604534917519494230e-01
3.520103073264083116e-01 2.388142608908579767e+00 1.665419749109909031e-01
3.529720360301656923e-01 2.377455942747837447e+00 1.725911108558795259e-01
3.539337647339230730e-01 2.365992266312116676e+00 1.785992122363782020e-01
3.548963558313465994e-01 2.353733845481013720e+00 1.845699587020352694e-01
3.558589469287700147e-01 2.340684390244002877e+00 1.904962681221364640e-01
3.568215380261933745e-01 2.326837882046876249e+00 1.963764045311190420e-01
3.577852424465762238e-01 2.312171099388511841e+00 2.022154103683076465e-01
3.587489468669590731e-01 2.296693978598395525e+00 2.080047910275501233e-01
3.597126512873419779e-01 2.280401123856313106e+00 2.137428148498708158e-01
3.606763557077248272e-01 2.263287363287947329e+00 2.194277427278861214e-01
3.616413390872483258e-01 2.245323396649130387e+00 2.250653325048645736e-01
3.626063224667718243e-01 2.226526668917144569e+00 2.306463126807843100e-01
3.635713058462953784e-01 2.206892707807056819e+00 2.361689188556653773e-01
3.645362892258188769e-01 2.186417294500436093e+00 2.416313864625842522e-01
3.655026181086620252e-01 2.165066150795988076e+00 2.470395222144924074e-01
3.664689469915051179e-01 2.142863527784154343e+00 2.523839809830067948e-01
3.674352758743483216e-01 2.119805990855630817e+00 2.576629913988333076e-01
3.684016047571914143e-01 2.095890386738324285e+00 2.628747820393163015e-01
3.693693456322281188e-01 2.071077016982864727e+00 2.680251362967477902e-01
3.703370865072648788e-01 2.045397613843337403e+00 2.731047058200371525e-01
3.713048273823015832e-01 2.018849895611658063e+00 2.781117191994321169e-01
3.722725682573382877e-01 1.991431888734085831e+00 2.830444078178100398e-01
3.732417861979792084e-01 1.963098090057158185e+00 2.879084560832182449e-01
3.742110041386200181e-01 1.933888338118959993e+00 2.926946078916261018e-01
3.751802220792607723e-01 1.903801617931049295e+00 2.974011030050176529e-01
3.761494400199016930e-01 1.872837247462669774e+00 3.020261871119299113e-01
3.771201940534871788e-01 1.840943722766143598e+00 3.065753439205552433e-01
3.780909480870727757e-01 1.808169426017018022e+00 3.110395318811270959e-01
3.790617021206583726e-01 1.774514719665266638e+00 3.154170136342429598e-01
3.800324561542439139e-01 1.739980328449214797e+00 3.197060611332084856e-01
3.810047989671537239e-01 1.704508669674111854e+00 3.239118572330655921e-01
3.819771417800634228e-01 1.668157013704967273e+00 3.280256988455856892e-01
3.829494845929731772e-01 1.630927217832785825e+00 3.320458833667966903e-01
3.839218274058828761e-01 1.592821530544989983e+00 3.359707205414659281e-01
3.848958109417324192e-01 1.553776090155437606e+00 3.398050160641172268e-01
3.858697944775816846e-01 1.513857509741449503e+00 3.435405013500591465e-01
3.868437780134311166e-01 1.473069258962327766e+00 3.471755216487524831e-01
3.878177615492804930e-01 1.431415228783220028e+00 3.507084411654773914e-01
3.887934366313096080e-01 1.388825157541290656e+00 3.541436251290530079e-01
3.897691117133387229e-01 1.345375408200601530e+00 3.574733514695075387e-01
3.907447867953677823e-01 1.301071174750728643e+00 3.606960167344536172e-01
3.917204618773967861e-01 1.255918069977983054e+00 3.638100330387309955e-01
3.929425816660728765e-01 1.198172265373636858e+00 3.675550500994494985e-01
3.941647014547489114e-01 1.139117032724538126e+00 3.711245425202130410e-01
3.953868212434248908e-01 1.078766369460625762e+00 3.745156030464920072e-01
3.966089410321009256e-01 1.017135395377654294e+00 3.777253793870949394e-01
3.975885794530298889e-01 9.668184186520211165e-01 3.801656830576626289e-01
3.985682178739590187e-01 9.156980785836561498e-01 3.824864861904017088e-01
3.995478562948880930e-01 8.637837699014454529e-01 3.846863708690385630e-01
4.005274947158171117e-01 8.110853884694710914e-01 3.867639548000645910e-01
4.015089505737350906e-01 7.575134244063812528e-01 3.887215251687237139e-01
4.024904064316531249e-01 7.031758630516544706e-01 3.905539215234298811e-01
4.034718622895709927e-01 6.480841424596526235e-01 3.922598589871255648e-01
4.044533181474890271e-01 5.922501932670255487e-01 3.938380818716959997e-01
4.054366193923388262e-01 5.355794144406481605e-01 3.952900804229201870e-01
4.064199206371885142e-01 4.781890980076737296e-01 3.966116816597778372e-01
4.074032218820382023e-01 4.200927737607852985e-01 3.978017230965298912e-01
4.083865231268878904e-01 3.613044927285327668e-01 3.988590790653281926e-01
4.093716963483209903e-01 3.017249880448958921e-01 3.997844038949684986e-01
4.103568695697539792e-01 2.414806891308818038e-01 4.005746123037133288e-01
4.113420427911870791e-01 1.805873013546122896e-01 4.012286844924158324e-01
4.123272160126201236e-01 1.190610687688249264e-01 4.017456412189601700e-01
4.133142878436527057e-01 5.679843261720012720e-02 4.021252522223321413e-01
4.143013596746851213e-01 -6.065260471166175789e-03 4.023655951284501597e-01
4.152884315057175924e-01 -6.951206481858249187e-02 4.024658094007540488e-01
4.162755033367501190e-01 -1.335234660217499425e-01 4.024250823838996793e-01
4.172645010635290252e-01 -1.982068531030774794e-01 4.022422720485654968e-01
4.182534987903078205e-01 -2.634181534220758070e-01 4.019167044566010483e-01
4.192424965170867268e-01 -3.291371249804331267e-01 4.014476852400157281e-01
4.202314942438655776e-01 -3.953430179344598616e-01 4.008345643894739019e-01
4.212227482547770130e-01 -4.621671782454019328e-01 4.000749613461764831e-01
4.222140022656882263e-01 -5.294371466562721729e-01 3.991696926908780418e-01
4.232052562765996062e-01 -5.971304176389731211e-01 3.981182838131628876e-01
4.241965102875108751e-01 -6.652239671567841128e-01 3.969203113868531863e-01
4.251877642984221994e-01 -7.336942559261485641e-01 3.955754041766518236e-01
4.261811722776812084e-01 -8.026671400171669912e-01 3.940799425395947742e-01
4.271745802569402173e-01 -8.719695091296052469e-01 3.924364977878212479e-01
4.281679882361992262e-01 -9.415760755573154839e-01 3.906448258135155616e-01
4.291613962154581796e-01 -1.011461003014877846e+00 3.887047462980052770e-01
4.301567804929378180e-01 -1.081737672690232799e+00 3.866119484966454856e-01
4.311521647704175120e-01 -1.152240302970437558e+00 3.843701966293314176e-01
4.321475490478970949e-01 -1.222941348681267915e+00 3.819794924921807167e-01
4.331429333253766778e-01 -1.293812747877511216e+00 3.794398955449452826e-01
4.341403004034695146e-01 -1.364967503009494765e+00 3.767461162203356584e-01
4.351376674815624068e-01 -1.436235389130250173e+00 3.739033383398107091e-01
4.361350345596550770e-01 -1.507586676092457667e+00 3.709118015496965515e-01
4.371324016377479138e-01 -1.578991123647708994e+00 3.677718098128542890e-01
4.381317600079985830e-01 -1.650560588776191384e+00 3.644771112660025736e-01
4.391311183782494187e-01 -1.722121164860406228e+00 3.610343515558395722e-01
4.401304767484999769e-01 -1.793641012581090877e+00 3.574440258419390726e-01
4.411298351187508127e-01 -1.865087860125111519e+00 3.537066932555452126e-01
4.421311902823116813e-01 -1.936571424805201502e+00 3.498151525082047741e-01
4.431325454458727164e-01 -2.007915575138397468e+00 3.457775001589685759e-01
4.441339006094336961e-01 -2.079086520875101929e+00 3.415945069556090008e-01
4.451352557729946757e-01 -2.150049984711469797e+00 3.372670197043463602e-01
4.461383128646460028e-01 -2.220891187205703776e+00 3.327883151063523726e-01
4.471413699562972743e-01 -2.291454048414417688e+00 3.281666605364975675e-01
4.481444270479484904e-01 -2.361702934651555452e+00 3.234030664938846167e-01
4.491495833164476092e-01 -2.431747746558964529e+00 3.184882889991854649e-01
4.501547395849466171e-01 -2.501404544882630532e+00 3.134334307840719314e-01
4.511598958534456250e-01 -2.570636404032224487e+00 3.082397728048071328e-01
4.521650521219445773e-01 -2.639406090050688825e+00 3.029086630280141135e-01
4.531702083904435852e-01 -2.707676074563202473e+00 2.974415168396683518e-01
4.571995547235140900e-01 -2.975396437044682152e+00 2.742008158903142534e-01
4.612368252831767768e-01 -3.232488543708814444e+00 2.488596207961162876e-01
4.652819592943879257e-01 -3.476324381009527897e+00 2.215342868680641730e-01
4.693348783544071812e-01 -3.704208819852929491e+00 1.923612107853280573e-01
4.733955065266273188e-01 -3.913398333945514729e+00 1.614970073696845865e-01
4.784822981688974797e-01 -4.144277450334147517e+00 1.208194913562712219e-01
4.825599532103003741e-01 -4.301313618906750236e+00 8.682707908423013821e-02
4.866449712303865804e-01 -4.430734160669004496e+00 5.178967835690893168e-02
4.907371949891458085e-01 -4.529900997806721286e+00 1.594672244151002644e-02
4.948364585384024128e-01 -4.596286079130353031e+00 -2.044506805143837813e-02
4.989425778493357111e-01 -4.627508101222703729e+00 -5.711290745805199659e-02
5.020264094695874313e-01 -4.626546501422445168e+00 -8.462920117985095469e-02
5.051138832495274400e-01 -4.603709652093849414e+00 -1.120137727520750665e-01
5.092361856145506405e-01 -4.537901237126479081e+00 -1.480881877286611970e-01
5.133645520198434342e-01 -4.430311147323906518e+00 -1.833831385266095904e-01
5.174987117319133079e-01 -4.279706870960771070e+00 -2.175776628651995559e-01
5.216383508218596088e-01 -4.085223720747947596e+00 -2.503470298578717168e-01
5.257831480915519107e-01 -3.846403305574865872e+00 -2.813661825482347001e-01
5.299327976174466048e-01 -3.563229954435801261e+00 -3.103132642782977513e-01
5.340869657500283418e-01 -3.236166256557386323e+00 -3.368728516029914077e-01
5.382452599924625325e-01 -2.866185252311415965e+00 -3.607395532671983651e-01
5.424072497157466088e-01 -2.454797278742534505e+00 -3.816221187558747618e-01
5.465725012540574301e-01 -2.004070903183519992e+00 -3.992476189346464421e-01
5.507405845750824591e-01 -1.516648135782318274e+00 -4.133654147890935548e-01
5.549110536012068495e-01 -9.957534216366159541e-01 -4.237509976264672296e-01
5.590834321773656690e-01 -4.451990217552749818e-01 -4.302100122520116088e-01
5.643010869630014081e-01 2.776757955940377109e-01 -4.325161567779771121e-01
5.684758978830769527e-01 8.780606050182750977e-01 -4.296124768011713724e-01
5.726509199913500936e-01 1.491833566285482249e+00 -4.224020785105891407e-01
5.768255755389478656e-01 2.112882223796725079e+00 -4.108572784638399589e-01
5.809992666418749563e-01 2.734652000463285049e+00 -3.949979390738818097e-01
5.851713896051653485e-01 3.350206902829773625e+00 -3.748917019857810895e-01
5.882989619740793819e-01 3.803616133401725108e+00 -3.570904164407028847e-01
5.935085681122563850e-01 4.533171397539672576e+00 -3.224687109077122305e-01
5.976721595114997676e-01 5.085647101051430141e+00 -2.905364048468241922e-01
6.018315407075064405e-01 5.601788903545878107e+00 -2.551347359310807139e-01
6.059860031390628121e-01 6.073928594807775028e+00 -2.165829514736900552e-01
6.101348262532020339e-01 6.494556341019864121e+00 -1.752468925763048802e-01
6.142772761532119263e-01 6.856429677842127646e+00 -1.315361481659952092e-01
6.184126036405177551e-01 7.152691335610909640e+00 -8.590038680211864452e-02
6.225400396928169044e-01 7.376988245545889278e+00 -3.882500761935273742e-02
6.266587955232777452e-01 7.523589879400475411e+00 9.173961014804027370e-03
6.307680621340325811e-01 7.587503285359311178e+00 5.755562395257924485e-02
6.348670077734064332e-01 7.564583526707658656e+00 1.057605653327379353e-01
6.389547727646552877e-01 7.451637616538449471e+00 1.532176964911458050e-01
6.430304670771704867e-01 7.246519206491540466e+00 1.993515769855743747e-01
6.470931794239351831e-01 6.948211018058059629e+00 2.435902002086484663e-01
6.511419830734889169e-01 6.556893202332375381e+00 2.853729655709265067e-01
6.551759295578980513e-01 6.073996479938426063e+00 3.241586657612367528e-01
6.591940368817645890e-01 5.502238252304776367e+00 3.594334539681326435e-01
6.631952816224888636e-01 4.845639845013868907e+00 3.907187330839169692e-01
6.671786041264677891e-01 4.109522416173680526e+00 4.175788719018987405e-01
6.711429148974273895e-01 3.300481171196676833e+00 4.396284681049995036e-01
6.750870927600961524e-01 2.426337649163717192e+00 4.565389804777287286e-01
6.790099725167971778e-01 1.496070570842034764e+00 4.680446495516342731e-01
6.829103352717456055e-01 5.197243356786752644e-01 4.739476733112122919e-01
6.867869018151261384e-01 -4.917037494427423661e-01 4.741224777047004513e-01
6.906383285912754966e-01 -1.526396113249430364e+00 4.685188539983651257e-01
6.944632064204609989e-01 -2.571866755043264785e+00 4.571638680202539939e-01
6.982600501045075347e-01 -3.615120078568777373e+00 4.401627330658334225e-01
7.020272815871985150e-01 -4.642878535428036635e+00 4.176982962577682756e-01
7.038990663650485091e-01 -5.147137725963480293e+00 4.044904685038844816e-01
7.057628000939073498e-01 -5.642469061749437742e+00 3.900184056560896950e-01
7.094655902404470860e-01 -6.598960825873869673e+00 3.574778826425455414e-01
7.131331888985167344e-01 -7.499962989484783904e+00 3.204742676115961419e-01
7.167633315432266894e-01 -8.332987154487620174e+00 2.794810965254553303e-01
7.203534697890988658e-01 -9.086141895645758026e+00 2.350206136562573433e-01
7.239006927315578821e-01 -9.748486886716619892e+00 1.877768355279054169e-01
7.274037472512754343e-01 -1.031053195980882009e+01 1.385749196509911962e-01
7.308631569784361792e-01 -1.076423023087983566e+01 8.804429449130006524e-02
7.342794427454362172e-01 -1.110272245308866701e+01 3.676730181669561615e-02
7.376531370894844342e-01 -1.132043544093929199e+01 -1.467687754628180588e-02
7.409847640846142225e-01 -1.141312293320997995e+01 -6.571832283198900115e-02
7.442748211369105693e-01 -1.137791458027483138e+01 -1.158021298155259560e-01
7.475237974064263824e-01 -1.121334686680601322e+01 -1.643943800377147824e-01
7.507321962838469087e-01 -1.091937572785812982e+01 -2.109877385389778426e-01
7.539005302043194634e-01 -1.049737328461559649e+01 -2.551061331317458492e-01
7.570292970629285412e-01 -9.950110564165894900e+00 -2.963086812697460770e-01
7.601189748256973466e-01 -9.281724854673218061e+00 -3.341934024938638115e-01
7.631700307096180858e-01 -8.497671504668675269e+00 -3.684005894224879341e-01
7.661829280312825174e-01 -7.604661158269441223e+00 -3.986155567395523458e-01
7.691581275626218073e-01 -6.610583984371701582e+00 -4.245707319903962440e-01
7.720960887207071188e-01 -5.524422924597225837e+00 -4.460471636045108546e-01
7.749972707982543119e-01 -4.356157058530583548e+00 -4.628754572033843551e-01
7.778621289318303766e-01 -3.116654754655521220e+00 -4.749361293038413812e-01
7.806911033824630586e-01 -1.817558625090549107e+00 -4.821594434704009058e-01
7.834846171445913887e-01 -4.711641118079379353e-01 -4.845248374707548100e-01
7.862430869060449412e-01 9.097063465422391415e-01 -4.820598849236258365e-01
7.889669369237084506e-01 2.311834483244152860e+00 -4.748387061230218142e-01
7.916565982021911418e-01 3.721739649403378980e+00 -4.629799038963827718e-01
7.943124974778934533e-01 5.125811642039995952e+00 -4.466441935837034971e-01
7.969350495080719243e-01 6.510441074271680506e+00 -4.260317742473071490e-01
7.995246585495641156e-01 7.862148547313653424e+00 -4.013793906557157620e-01
8.020817215573190495e-01 9.167711581016931177e+00 -3.729571134366689855e-01
8.046066294762304061e-01 1.041428843400560211e+01 -3.410649064084774196e-01
8.070997653306969388e-01 1.158953579138366408e+01 -3.060290605917838636e-01
8.095615092888481801e-01 1.268172247715370560e+01 -2.681984049749877030e-01
8.119922431475441460e-01 1.367983455841405593e+01 -2.279404060791547226e-01
8.143923505053758394e-01 1.457367093146686443e+01 -1.856372794260756076e-01
8.167622071215497881e-01 1.535392686215223179e+01 -1.416822935154225527e-01
8.191021778306492029e-01 1.601227014562228135e+01 -9.647603429606299574e-02
8.214126187949533087e-01 1.654140780275506728e+01 -5.042263929606227713e-02
8.236938850346046115e-01 1.693514347818643273e+01 -3.926010326461818259e-03
8.259463322523640239e-01 1.718842346897644191e+01 4.261374304088138415e-02
8.281703138888254490e-01 1.729737222444996547e+01 8.880359893037277630e-02
8.303661724506571362e-01 1.725931634347276145e+01 1.342606108323454728e-01
8.325342380230222883e-01 1.707279738577771155e+01 1.786148452209506687e-01
8.346748353855768521e-01 1.673757375955037219e+01 2.215122827866558564e-01
8.367882947421915185e-01 1.625461218881464021e+01 2.626175436291771081e-01
8.388749484008726220e-01 1.562606997236583517e+01 3.016160612441655675e-01
8.409351219691613144e-01 1.485526752985365562e+01 3.382159015991635376e-01
8.429691303017050608e-01 1.394665175105619959e+01 3.721494361278538943e-01
8.449772835243484215e-01 1.290575028073682340e+01 4.031749316443936082e-01
8.469598912257328971e-01 1.173911839979875538e+01 4.310778138852477404e-01
8.489172622932020795e-01 1.045427747041189726e+01 4.556715777272657419e-01
8.508497044538249066e-01 9.059645711056411699e+00 4.767984249462525193e-01
8.527575229688695302e-01 7.564466228026638817e+00 4.943296372639542358e-01
8.546410160783932675e-01 5.978734543082446784e+00 5.081656945565216077e-01
8.565004710086118189e-01 4.313121079144242032e+00 5.182362121665217147e-01
8.583361673787008872e-01 2.578885078525285479e+00 5.244997232450309133e-01
8.601483873498577681e-01 7.877818748392063641e-01 5.269432191699681134e-01
8.619374190156378068e-01 -1.048027433519622242e+00 5.255813839400063081e-01
8.637035513945729992e-01 -2.916065552236724034e+00 5.204556301337237567e-01
8.654470650665438969e-01 -4.803627298453807093e+00 5.116330447617200017e-01
8.671682312272307458e-01 -6.697870643610885466e+00 4.992052262661323958e-01
8.688673159218502917e-01 -8.585905177290838353e+00 4.832869492075884676e-01
8.705445856873960109e-01 -1.045488075748526136e+01 4.640146488847480821e-01
8.722003068198478370e-01 -1.229207388863453865e+01 4.415448301351507232e-01
8.738347418094588592e-01 -1.408497209830801289e+01 4.160524426378260365e-01
8.754481467852704979e-01 -1.582135237899897184e+01 3.877292071445272992e-01
8.770407741766889087e-01 -1.748935583174201014e+01 3.567818146172220817e-01
8.786128771136945126e-01 -1.907755952168070479e+01 3.234300270282879919e-01
8.801647113007132761e-01 -2.057504559394091004e+01 2.879047756120782786e-01
8.816965317742312402e-01 -2.197146395543611774e+01 2.504463652487163849e-01
8.832085878593547434e-01 -2.325708824286136078e+01 2.113027636980072121e-01
8.847011190561783200e-01 -2.442286535627839328e+01 1.707279247565544333e-01
8.861743569071006688e-01 -2.546046280178734733e+01 1.289799951267963374e-01
8.876285293506940288e-01 -2.636231103367301998e+01 8.631946977160179224e-02
8.890638676536581908e-01 -2.712164128698609389e+01 4.300729295250368261e-02
8.904806072870743439e-01 -2.773251420061908235e+01 -6.968177701742351172e-04
8.918789864151801527e-01 -2.818984265093307684e+01 -4.453589298950019759e-02
8.932592404372767803e-01 -2.848940846627841950e+01 -8.825701434124988420e-02
8.946215989640163846e-01 -2.862787531510388916e+01 -1.316125971232103842e-01
8.959662842038009778e-01 -2.860279640678441382e+01 -1.743616304554841401e-01
8.972935117732897536e-01 -2.841261678367497723e+01 -2.162709091965013819e-01
8.986034927209798351e-01 -2.805667002091089302e+01 -2.571162146484399780e-01
8.998964354025826839e-01 -2.753517012458403102e+01 -2.966833932451603539e-01
9.011725489915097809e-01 -2.684919825761958379e+01 -3.347693796307961156e-01
9.024320447860507688e-01 -2.600068469620711298e+01 -3.711830376133771203e-01
9.036751353555274591e-01 -2.499238575088677905e+01 -4.057458249981916731e-01
9.049020296532450658e-01 -2.382785814812803693e+01 -4.382922474819032077e-01
9.061129304280890473e-01 -2.251143024535898718e+01 -4.686703004121002269e-01
9.073080357373773941e-01 -2.104816989214864265e+01 -4.967419325860230050e-01
9.084875419218813031e-01 -1.944384884956145854e+01 -5.223834393267371423e-01
9.096516449412487271e-01 -1.770490403409704783e+01 -5.454857052591269850e-01
9.108005396977110202e-01 -1.583839607324972043e+01 -5.659543067231213032e-01
9.119344190251117421e-01 -1.385196564998033963e+01 -5.837095272379451139e-01
9.130534727752540602e-01 -1.175378921727819659e+01 -5.986863026575564017e-01
9.141578874195450677e-01 -9.552533927331451125e+00 -6.108341065309932372e-01
9.152478462184302499e-01 -7.257310067542948495e+00 -6.201167739305333271e-01
9.163235307136011754e-01 -4.877625341789907587e+00 -6.265122653597088309e-01
9.173851213290326045e-01 -2.423331168854212070e+00 -6.300123441228778765e-01
9.184327978233862710e-01 9.542270737884402110e-02 -6.306221862327709982e-01
9.194667382392092136e-01 2.668237483291054701e+00 -6.283599357627837056e-01
9.204871184823875119e-01 5.284514009357061504e+00 -6.232562232311421591e-01
9.214941118815067611e-01 7.933501158343585935e+00 -6.153536474115410826e-01
9.224878885587296518e-01 1.060434273612135669e+01 -6.047062283164147400e-01
9.234686156415649050e-01 1.328612414853620649e+01 -5.913788256433771817e-01
9.244364580894727235e-01 1.596791692472965174e+01 -5.754465168301490241e-01
9.253915805410551920e-01 1.863882351634097390e+01 -5.569939205665829229e-01
9.263341472457474746e-01 2.128801924692430347e+01 -5.361145180813196021e-01
9.272643205556930779e-01 2.390479442906240237e+01 -5.129099976057864829e-01
9.281822593195951931e-01 2.647859595765962482e+01 -4.874896116158971004e-01
9.290881192404382150e-01 2.899906738941371032e+01 -4.599694882100882620e-01
9.299820544127295197e-01 3.145608407826354380e+01 -4.304718953576621154e-01
9.308642183379219892e-01 3.383978334512393360e+01 -3.991245071310303705e-01
9.317347637709364472e-01 3.614059330439500428e+01 -3.660597101612407811e-01
9.325938419655581679e-01 3.834926290255512527e+01 -3.314139463750288561e-01
9.334416025644689530e-01 4.045689241751138354e+01 -2.953270471092547811e-01
9.342781940582032263e-01 4.245496123786537623e+01 -2.579415545214375216e-01
9.351037639763524201e-01 4.433535086072393483e+01 -2.194020663796937554e-01
9.359184581932523672e-01 4.609036626755489863e+01 -1.798546412151058871e-01
9.367224180073485673e-01 4.771275400790705845e+01 -1.394463428712194031e-01
9.375157793601903711e-01 4.919572116891693980e+01 -9.832471851005593344e-02
9.382986736089657942e-01 5.053294877949052477e+01 -5.663721816342517923e-02
9.390712321160756826e-01 5.171860389994719753e+01 -1.453042114765163567e-02
9.398335891165293665e-01 5.274734751782953168e+01 2.785064447396266851e-02
9.405858812974943195e-01 5.361434085503342573e+01 7.036297868656470056e-02
9.413282457717848661e-01 5.431525065052174739e+01 1.128659567245723500e-01
9.420608178502133390e-01 5.484625304715540750e+01 1.552216234769364933e-01
9.427837310928691705e-01 5.520403790107038589e+01 1.972950849293791109e-01
9.434971161334501089e-01 5.538581137265995125e+01 2.389548013130495807e-01
9.442010983676487612e-01 5.538929649807021605e+01 2.800727869651053470e-01
9.448957981803430828e-01 5.521273134682765260e+01 3.205249349842088091e-01
9.455813325674083947e-01 5.485486531185320302e+01 3.601914011173226182e-01
9.462578189837917986e-01 5.431495590832478371e+01 3.989570900504842421e-01
9.469253759203707377e-01 5.359276733162604245e+01 4.367119208477523440e-01
9.475841219105402002e-01 5.268856597267541986e+01 4.733509745877216845e-01
9.482341736882211602e-01 5.160310698342546232e+01 5.087745697522260135e-01
9.488756453742962504e-01 5.033761403515581634e+01 5.428883709147793724e-01
9.495086488587556328e-01 4.889375915858724397e+01 5.756035348987597056e-01
9.501332951313513631e-01 4.727363916225574769e+01 6.068368730710909098e-01
9.507496960826257171e-01 4.547974541320278519e+01 6.365109938146168433e-01
9.513579651353069044e-01 4.351493530216568928e+01 6.645543409238179322e-01
9.519582165945869034e-01 4.138242443871546783e+01 6.909011432878510162e-01
9.525505625735545268e-01 3.908580891577344829e+01 7.154912627023012339e-01
9.531351118401709677e-01 3.662907652385801072e+01 7.382701540266809470e-01
9.537119697698679399e-01 3.401659902562988691e+01 7.591888750468037683e-01
9.542812403202287630e-01 3.125310969402505634e+01 7.782041506268853048e-01
9.548430270251752061e-01 2.834368571136504400e+01 7.952783616620965335e-01
9.553974327455952986e-01 2.529373041399600552e+01 8.103794686125275204e-01
9.559445589026865919e-01 2.210893413694001453e+01 8.234809046441864400e-01
9.564845050053580877e-01 1.879522730154081600e+01 8.345614597385609956e-01
9.570173690229182295e-01 1.535875107068762091e+01 8.436051654013116963e-01
9.575432481385535155e-01 1.180585029807545894e+01 8.506011689088006644e-01
9.580622389120657667e-01 8.143077754023705594e+00 8.555435885698389198e-01
9.585744372418232295e-01 4.377186123651306993e+00 8.584313646735968195e-01
9.590799381259947909e-01 5.151083993264616856e-01 8.592681046482071316e-01
9.595788354479902749e-01 -3.436064826878493683e+00 8.580619237869590021e-01
9.600712216912781205e-01 -7.469105492467944529e+00 8.548252827614225557e-01
9.605571877573033657e-01 -1.157666353918054725e+01 8.495748248675312198e-01
9.610368233668841187e-01 -1.575128154751634213e+01 8.423312054777810642e-01
9.615102176430252445e-01 -1.998540952897054979e+01 8.331189071421720715e-01
9.619774592602109431e-01 -2.427141882551973140e+01 8.219660505412682561e-01
9.624386363595022198e-01 -2.860161505614680877e+01 8.089042077528308949e-01
9.628938363592510763e-01 -3.296824936352582824e+01 7.939682209168986704e-01
9.633431459530198415e-01 -3.736353144280520411e+01 7.771960186890894962e-01
9.637866510388649610e-01 -4.177964621323280170e+01 7.586284353092390687e-01
9.642244362725824747e-01 -4.620876900777751928e+01 7.383090483725055497e-01
9.646565852206075986e-01 -5.064307767585926712e+01 7.162839973230061830e-01
9.650831808361504116e-01 -5.507476004099514455e+01 6.926017836867048860e-01
9.655043054562382210e-01 -5.949602031122758206e+01 6.673130937987923339e-01
9.659200402356747928e-01 -6.389908723425775605e+01 6.404706624012317384e-01
9.663304647237355161e-01 -6.827622489228880909e+01 6.121291426739268182e-01
9.667356570265409621e-01 -7.261974015761634860e+01 5.823449463321266339e-01
9.671356950751521797e-01 -7.692199415559187514e+01 5.511759974476795332e-01
9.675306568648514016e-01 -8.117540752378766911e+01 5.186815472541453920e-01
9.679206204413721704e-01 -8.537246651741827463e+01 4.849220114091936651e-01
9.683056632759791116e-01 -8.950571991409259454e+01 4.499588705803176936e-01
9.686858619411236049e-01 -9.356777843301098585e+01 4.138545642306171723e-01
9.690612920205190495e-01 -9.755132012514816608e+01 3.766723742608553693e-01
9.694320280361357067e-01 -1.014491014268067204e+02 3.384763125289956820e-01
9.697981436541373013e-01 -1.052539689050616261e+02 2.993309825147959513e-01
9.701597119736792285e-01 -1.089588622648992100e+02 2.593014319712682592e-01
9.705168057640763957e-01 -1.125568136569438309e+02 2.184530126701084152e-01
9.708694969864466451e-01 -1.160409447161877665e+02 1.768513279977269592e-01
9.712178563702503764e-01 -1.194044697140646463e+02 1.345621891036501705e-01
9.715619532024425409e-01 -1.226406976557915556e+02 9.165155684822658133e-02
9.719018559824413872e-01 -1.257430301850593679e+02 4.818538190130089438e-02
9.722376334334535963e-01 -1.287049603503582205e+02 4.229393832210816447e-03
9.725693544860373185e-01 -1.315200725956345025e+02 -4.015098105354028557e-02
9.728970879945362249e-01 -1.341820470477488811e+02 -8.489065902303337408e-02
9.732209017546173957e-01 -1.366846574264214382e+02 -1.299248309973037863e-01
9.735408623544371531e-01 -1.390217718007364169e+02 -1.751889943621811330e-01
9.738570353791702328e-01 -1.411873549444401021e+02 -2.206190299834800417e-01
9.741694855365269357e-01 -1.431754747118671105e+02 -2.661512672319202299e-01
9.744782765863391205e-01 -1.449803081304297621e+02 -3.117225190769773446e-01
9.747834712405878399e-01 -1.465961434511975767e+02 -3.572701091935507889e-01
9.750851311684266554e-01 -1.480173784651605615e+02 -4.027319102188183786e-01
9.753833174776915804e-01 -1.492385197843542244e+02 -4.480464504827686434e-01
9.756780908428658305e-01 -1.502541838279551030e+02 -4.931529658677657468e-01
9.759695114299516971e-01 -1.510590986574765111e+02 -5.379914172356680124e-01
9.762576389021463408e-01 -1.516481034729332862e+02 -5.825025160405993274e-01
9.765425324979953858e-01 -1.520161499862746552e+02 -6.266277573520403488e-01
9.768242509432418785e-01 -1.521583086135580061e+02 -6.703094244361941234e-01
9.771028522833710150e-01 -1.520697774590239533e+02 -7.134905793557263509e-01
9.773783933517848910e-01 -1.517458889068729775e+02 -7.561149960270060477e-01
9.776509296593629550e-01 -1.511821111004090312e+02 -7.981271576198797346e-01
9.779205156231944862e-01 -1.503740470024978038e+02 -8.394723047018509687e-01
9.781872047434609918e-01 -1.493174353964332397e+02 -8.800964730033009609e-01
9.784510495060143587e-01 -1.480081561278212803e+02 -9.199464878252081590e-01
9.787121011965591588e-01 -1.464422361973288389e+02 -9.589699455829430175e-01
9.789704097928612070e-01 -1.446158554007124906e+02 -9.971152085431951306e-01
9.792260248675913603e-01 -1.425253477837139826e+02 -1.034331547767547876e+00
9.794789964416771300e-01 -1.401672015792967727e+02 -1.070569267990782780e+00
9.797293750085785957e-01 -1.375380622143281641e+02 -1.105779702302387202e+00
9.799772111141689113e-01 -1.346347285394720927e+02 -1.139915140214721623e+00
9.802225538059048393e-01 -1.314541504519819739e+02 -1.172928604612980985e+00
9.804654503645000574e-01 -1.279933932678457325e+02 -1.204773815335623777e+00
9.807059465012439858e-01 -1.242497872235260701e+02 -1.235405232173853785e+00
9.809440869290046994e-01 -1.202205618397150317e+02 -1.264778115076276688e+00
9.811799158740861504e-01 -1.159033032370949741e+02 -1.292848578311076579e+00
9.814134771051555850e-01 -1.112956573477646032e+02 -1.319573596932682280e+00
9.816448139740299172e-01 -1.063953904888624322e+02 -1.344910983962605444e+00
9.818739695684386426e-01 -1.012003678025117637e+02 -1.368819382163146470e+00
9.821009867550495320e-01 -9.570851713015299822e+01 -1.391258233223086505e+00
9.823259081899210488e-01 -8.991781182666647965e+01 -1.412187735658413601e+00
9.825487766341645113e-01 -8.382624060176117098e+01 -1.431568822764459847e+00
9.827696354372893461e-01 -7.743176842580953689e+01 -1.449363135832857141e+00
9.829885289087769706e-01 -7.073229594301487566e+01 -1.465532963059376081e+00
9.832055018255810852e-01 -6.372562659622435888e+01 -1.480041097366892711e+00
9.834205977716130587e-01 -5.640946194864343965e+01 -1.492850635651945534e+00
9.836338588957453943e-01 -4.878136780190641275e+01 -1.503924909428185686e+00
9.838453264273652188e-01 -4.083872819448694713e+01 -1.513227453929419042e+00
9.840550431756610594e-01 -3.257862639739030897e+01 -1.520722014331838512e+00
9.842630544299338924e-01 -2.399777043507431529e+01 -1.526372384913950109e+00
9.844694079699815026e-01 -1.509241259820838010e+01 -1.530142172464373562e+00
9.846741527711339037e-01 -5.858268691458082600e+00 -1.531994525066709523e+00
9.848773386240422534e-01 3.709604195368865209e+00 -1.531891895558972649e+00
9.850790165882933325e-01 1.361688916578289721e+01 -1.529795793078235766e+00
9.852792397559874127e-01 2.387000682701681242e+01 -1.525666497462212279e+00
9.854780637322345660e-01 3.447611312845721443e+01 -1.519462740957458591e+00
9.856755468082143423e-01 4.544320646196034374e+01 -1.511141361140689865e+00
9.858717495053704871e-01 5.678030559025938828e+01 -1.500656942098597790e+00
9.860667343401825491e-01 6.849738817780588818e+01 -1.487961448448943846e+00
9.862605662335471868e-01 8.060654172471296874e+01 -1.473003708767949727e+00
9.864533145194630537e-01 9.312008911250332233e+01 -1.455728796482380627e+00
9.866450541503118954e-01 1.060524496777002952e+02 -1.436077355342217476e+00
9.867880381885917318e-01 1.160225154824724854e+02 -1.419767781309095867e+00
9.869309532600107904e-01 1.262744201040698897e+02 -1.402005948168194793e+00
9.871205341790296739e-01 1.403297183851757950e+02 -1.376117060104588452e+00
9.872620466585018129e-01 1.511723774871869637e+02 -1.355013438640950696e+00
9.874036170961336678e-01 1.623292880540578551e+02 -1.332329289447368392e+00
9.875916216718324536e-01 1.776398247937142116e+02 -1.299694387770212511e+00
9.877556032248382412e-01 1.914724962656235334e+02 -1.268819206002475664e+00
9.878728339090028232e-01 2.016445936733518636e+02 -1.245327593102432351e+00
9.880364164951689343e-01 2.162448683735168231e+02 -1.210505071704898183e+00
9.881766700670048253e-01 2.291530061207860172e+02 -1.178704502969519785e+00
9.882701561032216642e-01 2.379632514398944920e+02 -1.156484940546212981e+00
9.884161744165290697e-01 2.520628272978630662e+02 -1.120094757800507157e+00
9.885274938018725477e-01 2.630975730065807738e+02 -1.090943179989321443e+00
9.886441702430321943e-01 2.749360977549629297e+02 -1.059045155835762975e+00
9.887615048409820195e-01 2.871305012540036046e+02 -1.025547829934365662e+00
9.888671405303265383e-01 2.983637908995285102e+02 -9.941449446002889045e-01
9.889964814527246739e-01 3.124552853836713666e+02 -9.540470418760507165e-01
9.891379956535801821e-01 3.283117554761007568e+02 -9.080433386899167125e-01
9.892563647329785104e-01 3.419386795661603742e+02 -8.678085123395206102e-01
9.893750463211569146e-01 3.559442447946220796e+02 -8.258184728427599985e-01
9.894943121748573933e-01 3.703742357414466824e+02 -7.819167742318335890e-01
9.896140207055634797e-01 3.852265125201483329e+02 -7.360902268542883764e-01
9.897159914823099314e-01 3.981773887748354923e+02 -6.956292234894686510e-01
9.898434705941348000e-01 4.147653951280611295e+02 -6.431547264306310963e-01
9.899375585064562610e-01 4.272991258603141205e+02 -6.030485831962709709e-01
9.900878310668779214e-01 4.478426903670966226e+02 -5.364963993827832622e-01
9.901743200970993808e-01 4.599681761749159818e+02 -4.967734065037101021e-01
9.902609137873940037e-01 4.723342721108509181e+02 -4.559374061958675894e-01
9.903612026626938958e-01 4.869442103353550806e+02 -4.072847029300741828e-01
9.904874739384739168e-01 5.057898736167480251e+02 -3.439065821551287039e-01
9.905894425236058121e-01 5.213850607059592903e+02 -2.909637313356243649e-01
9.907182233334840271e-01 5.415744020545681678e+02 -2.217870581082653503e-01
9.907962672147299088e-01 5.540842127999055720e+02 -1.785839555265534562e-01
9.909212141403226370e-01 5.745523497347514876e+02 -1.073491979507560506e-01
9.910108377596256179e-01 5.895753518081579614e+02 -5.465721989335541042e-02
9.911016878566011323e-01 6.051006694587392758e+02 1.479614557341304754e-04
9.912137238991562960e-01 6.246655450121289732e+02 6.970531359919295011e-02
9.913000989104370220e-01 6.400722434262261231e+02 1.248459510401248168e-01
9.913838631252052114e-01 6.552870984142111865e+02 1.796061112104735680e-01
9.914506465589315587e-01 6.676141119923501037e+02 2.241874970743258089e-01
9.915146713824002367e-01 6.795978577142692529e+02 2.677077548746595870e-01
9.916340109879260289e-01 7.023752332322301299e+02 3.509073830398547478e-01
9.917072197375820242e-01 7.166374671960936666e+02 4.033054425558825207e-01
9.918113459853242775e-01 7.373085668474773229e+02 4.796554877953455587e-01
9.918788921488236321e-01 7.509639292868408802e+02 5.303455048079095402e-01
9.919787124284612512e-01 7.715035700751245713e+02 6.069662886101045984e-01
9.920446367295224777e-01 7.853075285843455049e+02 6.587035832141843184e-01
9.921335618592820316e-01 8.042325759195352930e+02 7.299503178841643125e-01
9.922483388488775313e-01 8.291864079525436182e+02 8.244330563469817186e-01
9.923140323712106303e-01 8.437422213941159725e+02 8.798114895513561295e-01
9.923808176287334248e-01 8.587466852986955246e+02 9.370993285876889622e-01
9.924653149416101661e-01 8.780328298092795194e+02 1.011032011116256957e+00
9.925519742114751187e-01 8.981689389635520229e+02 1.088567793824828156e+00
9.926400143689063649e-01 9.190015520032465020e+02 1.169145928324777151e+00
9.927300306504682759e-01 9.406990083684195270e+02 1.253450415932907402e+00
9.928223552515691441e-01 9.633769735571983119e+02 1.341968904943412033e+00
9.928790071570852138e-01 9.775083251448961619e+02 1.397329832499153213e+00
9.929749283407137694e-01 1.001813424536752564e+03 1.492911774199160435e+00
9.930338309415541742e-01 1.016978399060346874e+03 1.552770511845958490e+00
9.931134822473388635e-01 1.037779527707445823e+03 1.635149542153890190e+00
9.931957520679123297e-01 1.059625580354431349e+03 1.721993990807161978e+00
9.932581794112547158e-01 1.076451951521069986e+03 1.789101749834069333e+00
9.933222453859934520e-01 1.093946105537704398e+03 1.859072210243673196e+00
9.934096186032961295e-01 1.118178672993292139e+03 1.956323871865444763e+00
9.934541404540199183e-01 1.130695099677355756e+03 2.006698820099872993e+00
9.935457954224757859e-01 1.156823045382137025e+03 2.112177158117890308e+00
9.936160469382104843e-01 1.177184273928474340e+03 2.194659706946207045e+00
9.936880935992783437e-01 1.198372977502495360e+03 2.280749242098259799e+00
9.937495894572796473e-01 1.216708893339576434e+03 2.355448871171023750e+00
9.938121488219817667e-01 1.235601577775296619e+03 2.432606880514541992e+00
9.939160796672812381e-01 1.267531932401294398e+03 2.563436357217510952e+00
9.939694945657114866e-01 1.284212681927355789e+03 2.631976390233083052e+00
9.940375730092885220e-01 1.305741584595139329e+03 2.720635183662360124e+00
9.941079133971814086e-01 1.328306532061325242e+03 2.813793459908797256e+00
9.941512836844985657e-01 1.342384260622688316e+03 2.872028905675730215e+00
9.942245924467123519e-01 1.366467710434598303e+03 2.971865785834104656e+00
9.942849783485653292e-01 1.386581630861942358e+03 3.055440643163997105e+00
9.943630951281491326e-01 1.412977158586584665e+03 3.165375704718680350e+00
9.944439687478419110e-01 1.440760338777155084e+03 3.281386195485985535e+00
9.944937414949477361e-01 1.458094936257277141e+03 3.353908969559815656e+00
9.945448254080581085e-01 1.476074813317733970e+03 3.429246381813594535e+00
9.946141837795062779e-01 1.500795577001338188e+03 3.533019049132526845e+00
9.946679242963347711e-01 1.520198011540329844e+03 3.614613262160121021e+00
9.947232555508067620e-01 1.540403543571588671e+03 3.699721416517283146e+00
9.947802947091887171e-01 1.561478635468933362e+03 3.788637189739433975e+00
9.948193345282794198e-01 1.576048972490438473e+03 3.850192426381581434e+00
9.948788033927520313e-01 1.598473794972316682e+03 3.945062067666806893e+00
9.949193304565996376e-01 1.613917439951313099e+03 4.010483942680948211e+00
9.949819063874423275e-01 1.638023905996858502e+03 4.112740228703815504e+00
9.950248963278948144e-01 1.654771152778977012e+03 4.183871888214705237e+00
9.950914392447394174e-01 1.680996090543770606e+03 4.295409364569184874e+00
9.951257033035670885e-01 1.694644693952527405e+03 4.353527527125946150e+00
9.951843888488717260e-01 1.718251103659705905e+03 4.454166381570495048e+00
9.952322115084688559e-01 1.737704519442287619e+03 4.537210405331246754e+00
9.952814503025246839e-01 1.757939366957449465e+03 4.623694727347322342e+00
9.953322073685838545e-01 1.779018620166301162e+03 4.713898842780501752e+00
9.953845960308196350e-01 1.801013153648425487e+03 4.808136019467877276e+00
9.954519586706931378e-01 1.829654827078295966e+03 4.931022162117348451e+00
9.954937886889216880e-01 1.847648298439894916e+03 5.008310790022808767e+00
9.955367586705249350e-01 1.866299498256087873e+03 5.088497166733220389e+00
9.955809446208156999e-01 1.885656202893892441e+03 5.171796975223125870e+00
9.956414875400296793e-01 1.912472942199165345e+03 5.287338828054591211e+00
9.956882115261579402e-01 1.933403745809570182e+03 5.377630416511611777e+00
9.957364305507077074e-01 1.955220811549837663e+03 5.471848189543624841e+00
9.957694647789196996e-01 1.970295476048115688e+03 5.537008906483187332e+00
9.958204391530577348e-01 1.993763118904557587e+03 5.638545952073199530e+00
9.958554331825923978e-01 2.010020632393387132e+03 5.708951391911311291e+00
9.959095524598978733e-01 2.035401255078774057e+03 5.818970474527028536e+00
9.959562594527735513e-01 2.057540639500329689e+03 5.915039494164614275e+00
9.960045505597787674e-01 2.080662086502641614e+03 6.015468508240673806e+00
9.960343411253066437e-01 2.095043356462659176e+03 6.077986062090386277e+00
9.960854494326569775e-01 2.119924741217915198e+03 6.186252480357057770e+00
9.961277448285118519e-01 2.140716761645436691e+03 6.276824611141486265e+00
9.961713919593757627e-01 2.162365588368788394e+03 6.371226431137478663e+00
9.962161918280310058e-01 2.184791390422713448e+03 6.469118555907638068e+00
9.962505693319740896e-01 2.202143034945348063e+03 6.544927633237423770e+00
9.962858572444537320e-01 2.220084717367395569e+03 6.623373780914785236e+00
9.963221125104277931e-01 2.238657073997023417e+03 6.704639713688645308e+00
9.963593986330890884e-01 2.257905179059049715e+03 6.788929583296827275e+00
9.963977866504906133e-01 2.277878942043347706e+03 6.876472317064741269e+00
9.964373559441993544e-01 2.298634353700425891e+03 6.967524806467017662e+00
9.964644356591672025e-01 2.312936513543253568e+03 7.030318489695371653e+00
9.965061743102501257e-01 2.335136872685481649e+03 7.127875963576357776e+00
9.965347929889251111e-01 2.350469135275372537e+03 7.195312118677103186e+00
9.965789926785999508e-01 2.374326527502149474e+03 7.300341422577591999e+00
9.966093636738425632e-01 2.390846182788128317e+03 7.373132696271060382e+00
9.966559567315705914e-01 2.416391704025440049e+03 7.485799198394152754e+00
9.966880427217708061e-01 2.434127341530393096e+03 7.564091861547529660e+00
9.967378328212044281e-01 2.461882160605020090e+03 7.686735747370574856e+00
9.967809783515868549e-01 2.486163146289143697e+03 7.794155046450007340e+00
9.968257684029371291e-01 2.511596125813678100e+03 7.906802661940261601e+00
9.968534955838771472e-01 2.527456077355382149e+03 7.977120444140733291e+00
9.969012406558794837e-01 2.554973977457851106e+03 8.099261065848653018e+00
9.969308756731882770e-01 2.572188366259582381e+03 8.175749556442585941e+00
9.969613046775022136e-01 2.589971978475588003e+03 8.254831371945076768e+00
9.969925771600518516e-01 2.608363221087506190e+03 8.336683631086678758e+00
9.970247479264872092e-01 2.627404616895273193e+03 8.421503147114663079e+00
9.970691443777704999e-01 2.653885829664094672e+03 8.539591033606312109e+00
9.971036607767090887e-01 2.674637769584584476e+03 8.632235119838615134e+00
9.971393088047536546e-01 2.696220397916245474e+03 8.728690838891308701e+00
9.971637472447061334e-01 2.711104338603397082e+03 8.795273523060068044e+00
9.972014842903836884e-01 2.734227976143944488e+03 8.898825494114193546e+00
9.972274093111264115e-01 2.750213472672216994e+03 8.970486423862066516e+00
9.972575290295068173e-01 2.768888309159497567e+03 9.054279772761351097e+00
9.972922000224022643e-01 2.790523015839050004e+03 9.151455257186134062e+00
9.973280657224116164e-01 2.813060299068647964e+03 9.252796906610100791e+00
9.973558081309227275e-01 2.830603188420374863e+03 9.331760059270061802e+00
9.973843238065247530e-01 2.848734751758084258e+03 9.413450381422972413e+00
9.974136641173761975e-01 2.867495649546784989e+03 9.498063592641843300e+00
9.974438858290636256e-01 2.886931143751892705e+03 9.585817061154157770e+00
9.974750515538618467e-01 2.907091201481695407e+03 9.676952117826248312e+00
9.975181926553605694e-01 2.935195571428471339e+03 9.804187924167058199e+00
9.975404964969021293e-01 2.949817007064473728e+03 9.870464678274045056e+00
9.975740710655780497e-01 2.971944957586827059e+03 9.970876152859236896e+00
9.976084019075507348e-01 2.994719379011160527e+03 1.007435443012504805e+01
9.976319905302465374e-01 3.010454837761007184e+03 1.014592920665031350e+01
9.976685048465973038e-01 3.034951501533438659e+03 1.025749382524011288e+01
9.976936576052695127e-01 3.051923584640437639e+03 1.033489200657160900e+01
9.977327010428558296e-01 3.078424833904368370e+03 1.045592558049442466e+01
9.977596755686080066e-01 3.096845597063457717e+03 1.054018396486144127e+01
9.977874647642224204e-01 3.115918123004972585e+03 1.062753674160143547e+01
9.978161248682079210e-01 3.135690239008966728e+03 1.071821556107710549e+01
9.978457182292497230e-01 3.156215898390252278e+03 1.081247872923874098e+01
9.978685681051390199e-01 3.172141233389946592e+03 1.088570400540264771e+01
9.978920154480180882e-01 3.188552218229372102e+03 1.096124700870786128e+01
9.979242710965282592e-01 3.211242098027820703e+03 1.106584044548392676e+01
9.979408528064854789e-01 3.222957420054040085e+03 1.111991340221787183e+01
9.979749878048177480e-01 3.247181926271257908e+03 1.123188345879684746e+01
9.979925724695731803e-01 3.259717564020163991e+03 1.128991123087415893e+01
9.980288529745338089e-01 3.285701204223807508e+03 1.141038384823981389e+01
9.980475867178884020e-01 3.299182148429083554e+03 1.147298888828297869e+01
9.980764821692650335e-01 3.320060830344109036e+03 1.157008837085759900e+01
9.981063982578021188e-01 3.341786941861167179e+03 1.167130719102026148e+01
9.981269508387591305e-01 3.356778176753456137e+03 1.174125475882212832e+01
9.981587598926524585e-01 3.380083231999502459e+03 1.185017466586914203e+01
9.981806669382242703e-01 3.396206072697379568e+03 1.192565952368055981e+01
9.982031749578805790e-01 3.412831526802458939e+03 1.200361826398167686e+01
9.982381475806171300e-01 3.438782785809187772e+03 1.212556596288618316e+01
9.982623346236442208e-01 3.456815680772097494e+03 1.221049045987888881e+01
9.982872737916601569e-01 3.475481909575591544e+03 1.229856126593415766e+01
9.983130182164108302e-01 3.494828060630346499e+03 1.239001811246761164e+01
9.983396273700049228e-01 3.514906528964187601e+03 1.248513040920641615e+01
9.983671684421697723e-01 3.535775967494126689e+03 1.258420347445805376e+01
9.983957179697369178e-01 3.557502216125508767e+03 1.268758599399069986e+01
9.984253637137215920e-01 3.580160634049487726e+03 1.279567885671113814e+01
9.984406293963175028e-01 3.591866513322372612e+03 1.285163635488698830e+01
9.984641183739834114e-01 3.609927024417802841e+03 1.293813337667528174e+01
9.984883613646687861e-01 3.628628580569091810e+03 1.302791425468880071e+01
9.985219528053926874e-01 3.654644756714574669e+03 1.315317504009117933e+01
9.985393346580382357e-01 3.668154313965058464e+03 1.321838620951034038e+01
9.985661963323834156e-01 3.689093521138068354e+03 1.331969725200405286e+01
9.985940768752048502e-01 3.710905122081468107e+03 1.342554320693311354e+01
9.986132751984105882e-01 3.725969738793426131e+03 1.349884120905534246e+01
9.986430633305444227e-01 3.749413240181849687e+03 1.361324331079713623e+01
9.986636340980088455e-01 3.765650536742716213e+03 1.369272738042256243e+01
9.986848179599125963e-01 3.782410755011229867e+03 1.377499486411597474e+01
9.987178338722532134e-01 3.808608385543253007e+03 1.390405802612541919e+01
9.987349444046859093e-01 3.822222364143719915e+03 1.397135446606124809e+01
9.987524851726983233e-01 3.836203911432740824e+03 1.404063557696975728e+01
9.987765844015680239e-01 3.855452870042936866e+03 1.413630738772540596e+01
9.988015577918140098e-01 3.875446667582409191e+03 1.423604897933722846e+01
9.988274800149772314e-01 3.896246885663460489e+03 1.434023161974435823e+01
9.988544362552871370e-01 3.917923229811805413e+03 1.444928092854637214e+01
9.988753905693313895e-01 3.934803529028799403e+03 1.453455559811705911e+01
9.988970266660069930e-01 3.952258014850875043e+03 1.462307331082501705e+01
9.989270221423027785e-01 3.976494343194329758e+03 1.474658651208966731e+01
9.989504550052760168e-01 3.995457554610162333e+03 1.484372758150912119e+01
9.989747628014434833e-01 4.015152123767490139e+03 1.494510606993052804e+01
9.990051947931041232e-01 4.039834877493094154e+03 1.507291259681278461e+01
9.990263205772492716e-01 4.056983028951674896e+03 1.516222208110821157e+01
9.990481762035228197e-01 4.074730001961352627e+03 1.525512832538685970e+01
9.990785530834477290e-01 4.099398972837450856e+03 1.538513116150702764e+01
9.991023505581886344e-01 4.118723193730113962e+03 1.548769625939346462e+01
9.991271012511192540e-01 4.138814212287607916e+03 1.559505004339553302e+01
9.991528929002418957e-01 4.159735496993422203e+03 1.570766743833954848e+01
9.991798280720175507e-01 4.181559936353386547e+03 1.582610534472449260e+01
9.991984794926396241e-01 4.196652809399638500e+03 1.590862073135057386e+01
9.992177328124328684e-01 4.212210001172508782e+03 1.599423502764939009e+01
9.992478392564185796e-01 4.236478753549277826e+03 1.612900942055741282e+01
9.992688036569071786e-01 4.253331375991649111e+03 1.622351803078856136e+01
9.992905497192673403e-01 4.270763676751705134e+03 1.632213154600166760e+01
9.993131439165223728e-01 4.288816130482283370e+03 1.642522818555134734e+01
9.993247827739355493e-01 4.298089171705192712e+03 1.647859326715102313e+01
9.993487959678186705e-01 4.317154801573364239e+03 1.658925458282923415e+01
9.993674973098491954e-01 4.331935426791643295e+03 1.667596722898126416e+01
9.993868412429605108e-01 4.347153690335071587e+03 1.676615523852335699e+01
9.994068783400280598e-01 4.362833337864101850e+03 1.686011539790778002e+01
9.994276648665150198e-01 4.378999566067851447e+03 1.695818199590595654e+01
9.994492639380627708e-01 4.395679233645249951e+03 1.706073476060246463e+01
9.994641497712507539e-01 4.407098061882320508e+03 1.713180909004836394e+01
9.994872678435071656e-01 4.424693111814028271e+03 1.724284237885987636e+01
9.995032449859110324e-01 4.436747163196921065e+03 1.732005526804290696e+01
9.995197091961360858e-01 4.449068827019400487e+03 1.740003820628146158e+01
9.995366937452522249e-01 4.461664314806976108e+03 1.748300156301332109e+01
9.995542352050760249e-01 4.474539708730954771e+03 1.756918032126656470e+01
9.995632269244164592e-01 4.481083785607735081e+03 1.761355580596587700e+01
9.995816803494208536e-01 4.494383983178988274e+03 1.770505995168126390e+01
9.996007985421709874e-01 4.507966931713447593e+03 1.780049897991688468e+01
9.996106220069089776e-01 4.514863149841306949e+03 1.784980151503734547e+01
9.996308346586166849e-01 4.528857190884939882e+03 1.795182588696068393e+01
9.996412368419599348e-01 4.535950663245811484e+03 1.800465135158546914e+01
9.996572341019539509e-01 4.546702539665435324e+03 1.808633129487783364e+01
9.996654165764250477e-01 4.552124583312926916e+03 1.812832704627661684e+01
9.996737268852544656e-01 4.557574111331932727e+03 1.817113442592294703e+01
9.996907478591154916e-01 4.568542514995097008e+03 1.825931942017490073e+01
9.997083254080765258e-01 4.579576694983122252e+03 1.835116385842457021e+01
9.997203659123680142e-01 4.586948541229700822e+03 1.841457735181984745e+01
9.997295716088870909e-01 4.592473980914474851e+03 1.846335856963386846e+01
9.997389315847620139e-01 4.597986834981416905e+03 1.851324105800492248e+01
9.997484485856261704e-01 4.603476700108702062e+03 1.856427676125254678e+01
9.997581247233376933e-01 4.608931268012194778e+03 1.861652194616878475e+01
9.997679612228204116e-01 4.614336088434331941e+03 1.867003899854423921e+01
9.997739394289327786e-01 4.617547870816840259e+03 1.870278499089084789e+01
9.997820000854189537e-01 4.621785482563826008e+03 1.874722228745808295e+01
9.997929051550846768e-01 4.627337867645923325e+03 1.880791512126078402e+01
9.997984214594728414e-01 4.630063076236007873e+03 1.883889969527351482e+01
9.998039795735214064e-01 4.632748924229988916e+03 1.887032609315496856e+01
9.998095779159665852e-01 4.635390777984705892e+03 1.890219955512759142e+01
9.998208912998742814e-01 4.640524112421130667e+03 1.896730963672714410e+01
9.998265973426959663e-01 4.643004729911453978e+03 1.900049523145321118e+01
9.998323339786087116e-01 4.645421974777170362e+03 1.903404913673887933e+01
9.998380985682069344e-01 4.647771740110266364e+03 1.906788548343773826e+01
9.998467947419584778e-01 4.651164436068829673e+03 1.911867345289964604e+01
9.998526250026127382e-01 4.653337309259664835e+03 1.915229355426015445e+01
9.998555514960351109e-01 4.654397646663071100e+03 1.916889741182286144e+01
9.998614299637414993e-01 4.656467920638363466e+03 1.920162009816695559e+01
9.998643847881024671e-01 4.657478929164637520e+03 1.921771828307641528e+01
9.998673512895481785e-01 4.658474442445727618e+03 1.923364329015529250e+01
9.998733233069112547e-01 4.660420588519774356e+03 1.926501893030741996e+01
9.998793574077052826e-01 4.662309267102706144e+03 1.929585920265672172e+01
9.998824016846992180e-01 4.663232700202084743e+03 1.931112172281298456e+01
9.998854656500272275e-01 4.664142337426352242e+03 1.932630108573801309e+01
9.998916573648619632e-01 4.665920226459103105e+03 1.935647048531010128e+01
9.998979452562853920e-01 4.667642481272428086e+03 1.938650127354389596e+01
9.999043416463473388e-01 4.669307322645677232e+03 1.941652285900473274e+01
9.999125084778498485e-01 4.671302694150464049e+03 1.945423516525048768e+01
9.999175115050784601e-01 4.672451030040323531e+03 1.947707584032285411e+01
9.999243130945403291e-01 4.673919520533725517e+03 1.950788985344476600e+01
9.999312785469907094e-01 4.675309376551166679e+03 1.953924416847042167e+01
9.999348281186141163e-01 4.675971995197689466e+03 1.955516967126380123e+01
9.999420696978659207e-01 4.677225207846065132e+03 1.958759357850204452e+01
9.999476355849528098e-01 4.678095905070977096e+03 1.961249226819412783e+01
9.999533256625676714e-01 4.678900015693374371e+03 1.963795837360502716e+01
9.999611203631671996e-01 4.679855198269539869e+03 1.967291277311258213e+01
9.999671357732496935e-01 4.680472538504747718e+03 1.969998146005551831e+01
9.999724755022235678e-01 4.680929831155045576e+03 1.972410261616363414e+01
9.999792197722634501e-01 4.681381064440309274e+03 1.975472297721722725e+01
9.999826680284464864e-01 4.681555790566519136e+03 1.977045636693978281e+01
9.999897257606218393e-01 4.681790831028844877e+03 1.980284509729017373e+01
9.999933403873831894e-01 4.681845954840541708e+03 1.981954018649936344e+01
9.999970151280588304e-01 4.681855320825014132e+03 1.983659385808060804e+01
9.999985024668397449e-01 4.681845525997338882e+03 1.984352063554744561e+01
