# 3 2 6.63870916759 0.0434270569736
# x xi_r xi_h
1.310287751119751072e-03 -5.769750055143743443e-03 -2.884817576576089847e-03
1.460995662986557019e-03 -6.433354398949720984e-03 -3.216602121415302988e-03
1.650884358646134958e-03 -7.269472511748585261e-03 -3.634631224170646602e-03
1.840773054305712029e-03 -8.105577985644707439e-03 -4.052645223520816124e-03
2.080034956818093209e-03 -9.159059969255757896e-03 -4.579323716243931947e-03
2.319296859330475039e-03 -1.021251536376305454e-02 -5.105972595909205949e-03
2.620782178678318121e-03 -1.153989491088997302e-02 -5.769536357595820598e-03
2.922267498026161203e-03 -1.286722077743709253e-02 -6.433041153327441475e-03
3.302183600846774012e-03 -1.453976404327057131e-02 -7.269060812535131991e-03
3.682099703667386821e-03 -1.621220030355647115e-02 -8.104963784967526494e-03
4.160900837802832680e-03 -1.831977188744227103e-02 -9.158240817610132159e-03
4.639701971938277672e-03 -2.042712462184975014e-02 -1.021128460634902584e-02
5.099164758699403430e-03 -2.244913944637484671e-02 -1.122155472647019293e-02
5.558627545460530055e-03 -2.447091358609870121e-02 -1.223155658733390654e-02
6.245989158360841335e-03 -2.749504020499663262e-02 -1.374200693362233328e-02
6.768639774805322237e-03 -2.979405902224430483e-02 -1.489002016226585040e-02
7.291290391249803139e-03 -3.209266710337657647e-02 -1.603758717774704870e-02
8.033712313215113712e-03 -3.535708329416768769e-02 -1.766685512112262449e-02
8.776134235180425153e-03 -3.862051910091750251e-02 -1.929505742806433832e-02
9.779784977971731075e-03 -4.303057028322069405e-02 -2.149428878618845143e-02
1.078343572076304047e-02 -4.743846304049943036e-02 -2.369119291240208078e-02
1.166068504828845012e-02 -5.128928401649729407e-02 -2.560935265931973265e-02
1.253793437581384937e-02 -5.513819132288946823e-02 -2.752543696223618691e-02
1.341518370333926076e-02 -5.898506026132451646e-02 -2.943931797663642408e-02
1.454644800751801921e-02 -6.394266048347310716e-02 -3.190380073312221176e-02
1.567771231169676899e-02 -6.889633857219347457e-02 -3.436407439312084977e-02
1.680897661587552050e-02 -7.384586851864585744e-02 -3.682003169949964183e-02
1.774028948610247014e-02 -7.791728090511562677e-02 -3.883839395254334165e-02
1.867160235632940937e-02 -8.198558012166209941e-02 -4.085327983500446070e-02
1.960291522655635901e-02 -8.605061056359322724e-02 -4.286469104898724819e-02
2.053422809678330171e-02 -9.011227544331211481e-02 -4.487274654770648241e-02
2.154914563826640025e-02 -9.453471646512190407e-02 -4.705748441744873195e-02
2.256406317974948839e-02 -9.895313171318709244e-02 -4.923821659400495765e-02
2.357898072123257999e-02 -1.033674092989173288e-01 -5.141439320670695284e-02
2.466754477920376012e-02 -1.080971938212217098e-01 -5.374314701479549622e-02
2.575610883717492985e-02 -1.128218174404711088e-01 -5.606665038604057710e-02
2.684467289514610999e-02 -1.175411915295501569e-01 -5.838497221672044046e-02
2.793323695311727972e-02 -1.222552562192260328e-01 -6.069809026301672267e-02
2.903954886174606870e-02 -1.270406735254436537e-01 -6.304325837719818026e-02
3.014586077037486114e-02 -1.318203995364603531e-01 -6.538254503848321686e-02
3.125217267900363971e-02 -1.365943269561326612e-01 -6.771603032690935720e-02
3.235848458763242869e-02 -1.413623824434282472e-01 -7.004376710547928486e-02
3.346479649626121766e-02 -1.461245143719205053e-01 -7.236578198815887819e-02
3.457110840488999970e-02 -1.508806834831276367e-01 -7.468207543128589643e-02
3.578544865467637309e-02 -1.560943544256562232e-01 -7.721699165016017441e-02
3.699978890446273261e-02 -1.613004013000368941e-01 -7.974325004865508160e-02
3.821412915424909212e-02 -1.664985376842202380e-01 -8.226121916816350743e-02
3.942846940403545858e-02 -1.716886034547403239e-01 -8.477145465396555835e-02
4.064280965382181809e-02 -1.768705746576693938e-01 -8.727469369589027637e-02
4.185714990360817761e-02 -1.820445705035103057e-01 -8.977184964258980160e-02
4.307149015339455100e-02 -1.872108581491365720e-01 -9.226400674496823551e-02
4.424530788812759685e-02 -1.921977847470296707e-01 -9.466887950752465863e-02
4.541912562286065658e-02 -1.971781911788532959e-01 -9.706944213219630135e-02
4.659294335759370242e-02 -2.021522995527338107e-01 -9.946537536272768987e-02
4.776676109232676215e-02 -2.071202397419708574e-01 -1.018561721688639177e-01
4.894057882705980800e-02 -2.120820361140528520e-01 -1.042411428095240539e-01
5.005740200280924673e-02 -2.167971030841262248e-01 -1.065039418110729080e-01
5.117422517855869241e-02 -2.215063343934574880e-01 -1.087603823995552665e-01
5.229104835430813114e-02 -2.262096144371255058e-01 -1.110110977038268332e-01
5.340787153005757681e-02 -2.309069242732175731e-01 -1.132569026595646594e-01
5.452469470580702249e-02 -2.355983513687015252e-01 -1.154987854895279942e-01
5.564151788155646122e-02 -2.402840969770256574e-01 -1.177378996293303864e-01
5.675834105730589996e-02 -2.449644815612496696e-01 -1.199755560551066247e-01
5.789005031244066207e-02 -2.497022269829058672e-01 -1.222424475275780964e-01
5.902175956757541725e-02 -2.544353205020232211e-01 -1.245083394660638915e-01
6.015346882271019324e-02 -2.591640540680508753e-01 -1.267724547759526144e-01
6.128517807784496230e-02 -2.638885809059401955e-01 -1.290336870702548100e-01
6.242226172525015132e-02 -2.686313127796257083e-01 -1.313018040230050365e-01
6.355934537265535422e-02 -2.733697687713784186e-01 -1.335664097664636396e-01
6.469642902006055019e-02 -2.781039683347927283e-01 -1.358281264574462133e-01
6.583351266746574615e-02 -2.828339888700374671e-01 -1.380876469369770876e-01
6.697059631487094211e-02 -2.875599672303015275e-01 -1.403457248206420871e-01
6.810767996227613807e-02 -2.922821001317341683e-01 -1.426031647945173730e-01
6.923644416253725564e-02 -2.969661115566396004e-01 -1.448434780692995083e-01
7.036520836279837321e-02 -3.016467134038712250e-01 -1.470826509458081910e-01
7.149397256305950465e-02 -3.063240259968187940e-01 -1.493207957003166997e-01
7.262273676332062222e-02 -3.109981680596737297e-01 -1.515581329418543843e-01
7.375150096358173979e-02 -3.156692656297638289e-01 -1.537949899279270338e-01
7.496577999948988991e-02 -3.206910310655010643e-01 -1.562013934418924888e-01
7.618005903539804002e-02 -3.257096532180225323e-01 -1.586084078995242674e-01
7.739433807130619014e-02 -3.307253354428897896e-01 -1.610160510384748278e-01
7.860861710721434026e-02 -3.357382393779744789e-01 -1.634240079534419743e-01
7.980832120060649126e-02 -3.406883316763773539e-01 -1.658026394426628802e-01
8.100802529399861451e-02 -3.456358216215119072e-01 -1.681807266832823222e-01
8.220772938739076552e-02 -3.505807435595737487e-01 -1.705587634517427287e-01
8.340743348078288877e-02 -3.555231690561533875e-01 -1.729374168679495005e-01
8.460713757417503977e-02 -3.604632176206139516e-01 -1.753175083798684530e-01
8.565798069402660864e-02 -3.647884455957089433e-01 -1.774037334518874520e-01
8.670882381387816362e-02 -3.691120531956169626e-01 -1.794909516504121783e-01
8.775966693372971861e-02 -3.734341040745576268e-01 -1.815793117078938479e-01
8.881051005358128747e-02 -3.777546715650627052e-01 -1.836692627500892405e-01
8.973448221530234969e-02 -3.815524442501226909e-01 -1.855090056375406637e-01
9.065845437702341192e-02 -3.853492571449201876e-01 -1.873511502590166633e-01
9.158242653874446026e-02 -3.891451951462132075e-01 -1.891952159269107703e-01
9.258135109670528884e-02 -3.932481258744430774e-01 -1.911901790592310801e-01
9.358027565466608966e-02 -3.973500783655057877e-01 -1.931863168303090683e-01
9.457920021262691823e-02 -4.014510489436605711e-01 -1.951836853261919580e-01
9.557812477058773293e-02 -4.055510358745212374e-01 -1.971824630680726609e-01
9.657704932854854762e-02 -4.096500465885355990e-01 -1.991829337293070656e-01
9.778235897335758875e-02 -4.145947036809057851e-01 -2.015988481534445875e-01
9.898766861816662987e-02 -4.195379341686785724e-01 -2.040166804915974630e-01
1.001929782629756988e-01 -4.244797077356184389e-01 -2.064367144009441601e-01
1.013982879077846982e-01 -4.294200150499618562e-01 -2.088595562443241460e-01
1.024410895301341995e-01 -4.336930458585291914e-01 -2.109586444703138719e-01
1.034838911524837979e-01 -4.379650311602977242e-01 -2.130605624569615331e-01
1.045266927748332991e-01 -4.422359839960227079e-01 -2.151650463545823622e-01
1.055489126177679010e-01 -4.464216207068597009e-01 -2.172302106851105585e-01
1.065711324607025029e-01 -4.506062259848645501e-01 -2.192976052394672304e-01
1.075933523036371048e-01 -4.547897760207695317e-01 -2.213674486086732451e-01
1.087227524102803017e-01 -4.594107520995915905e-01 -2.236576827315538973e-01
1.098521525169235957e-01 -4.640304171711387426e-01 -2.259514223633867502e-01
1.108421192166808011e-01 -4.680786115647646017e-01 -2.279644741159480847e-01
1.118320859164378955e-01 -4.721257196060043015e-01 -2.299798381825087223e-01
1.128220526161951009e-01 -4.761716941877650044e-01 -2.319975805740783215e-01
1.137952997292322049e-01 -4.801481837674461128e-01 -2.339836523274078095e-01
1.147685468422692950e-01 -4.841234860504619597e-01 -2.359721347685783399e-01
1.157417939553063990e-01 -4.880975515602888892e-01 -2.379630658086106243e-01
1.166993964766919051e-01 -4.920064759814282707e-01 -2.399244373864369007e-01
1.176569989980774944e-01 -4.959141016997251628e-01 -2.418882423059132425e-01
1.186146015194630005e-01 -4.998203712234425278e-01 -2.438544394455078035e-01
1.195575547351094003e-01 -5.036654941787264139e-01 -2.457929128328452950e-01
1.205005079507558002e-01 -5.075091787902781260e-01 -2.477337486134899569e-01
1.214434611664022001e-01 -5.113513578247518288e-01 -2.496768852253853088e-01
1.223726583742238000e-01 -5.151359398515293897e-01 -2.515938738101157202e-01
1.233018555820453999e-01 -5.189189138886182162e-01 -2.535130381725609894e-01
1.242310527898669997e-01 -5.227002036333200374e-01 -2.554344278812916147e-01
1.252644199626453125e-01 -5.269033485820928675e-01 -2.575739311626665251e-01
1.262977871354236947e-01 -5.311042093495257355e-01 -2.597162867213588244e-01
1.269801736787574131e-01 -5.338769242085245059e-01 -2.611327862834296742e-01
1.276625602220911870e-01 -5.366485709488815203e-01 -2.625507460062285747e-01
1.285635768402965950e-01 -5.403065546240040096e-01 -2.644248344997101041e-01
1.294645934585020031e-01 -5.439625233896109302e-01 -2.663008704309178798e-01
1.303656100767074111e-01 -5.476163840815251316e-01 -2.681789833933596601e-01
1.313673042949614067e-01 -5.516759525691388166e-01 -2.702696388611931511e-01
1.323689985132154023e-01 -5.557326869790805146e-01 -2.723629886474622785e-01
1.333627524980957046e-01 -5.597543327600725815e-01 -2.744423609840443978e-01
1.343565064829760070e-01 -5.637729287350662366e-01 -2.765243868874295852e-01
1.353408825040227081e-01 -5.677504608603664016e-01 -2.785894326442038826e-01
1.363252585250694093e-01 -5.717247353088796835e-01 -2.806570840025511826e-01
1.371913053735339949e-01 -5.752184508790034734e-01 -2.824782335287418511e-01
1.380573522219986915e-01 -5.787094328883916061e-01 -2.843013222994447697e-01
1.389233990704633048e-01 -5.821975788381354988e-01 -2.861263468962991219e-01
1.397798068184883113e-01 -5.856440098089302770e-01 -2.879330054785410042e-01
1.406362145665132901e-01 -5.890874647431058042e-01 -2.897415826868413591e-01
1.414926223145382134e-01 -5.925278383695988804e-01 -2.915520044043479753e-01
1.423395568821196888e-01 -5.959270181571596492e-01 -2.933442522051512014e-01
1.431864914497011088e-01 -5.993229735632421562e-01 -2.951383690704703078e-01
1.440334260172826120e-01 -6.027155963956708495e-01 -2.969342794604363789e-01
1.448719479772087870e-01 -6.060711264178122448e-01 -2.987141440544587856e-01
1.457104699371351009e-01 -6.094231721693976755e-01 -3.004958184713258929e-01
1.465489918970613870e-01 -6.127716221785355355e-01 -3.022792291264080888e-01
1.473791511845158053e-01 -6.160830218904753686e-01 -3.040465960563231151e-01
1.482093104719703069e-01 -6.193906739214878332e-01 -3.058157210672139414e-01
1.490394697594248086e-01 -6.226944639624232281e-01 -3.075865243297352669e-01
1.502727252360930021e-01 -6.275951509128400163e-01 -3.102203272201700113e-01
1.515059807127611957e-01 -6.324866676040935554e-01 -3.128578860861863098e-01
1.527277754813821942e-01 -6.373232867663901624e-01 -3.154746308460651405e-01
1.539495702500031926e-01 -6.421501167854983816e-01 -3.180950329607055149e-01
1.551603986792471912e-01 -6.469235604652641136e-01 -3.206955384549739496e-01
1.563712271084913008e-01 -6.516865876571383831e-01 -3.232996708707276401e-01
1.575715501599840029e-01 -6.563975977090640290e-01 -3.258846864007878819e-01
1.587718732114765940e-01 -6.610975561355539876e-01 -3.284733002473762542e-01
1.599645867604068128e-01 -6.657563575228518937e-01 -3.310487527163089028e-01
1.611499325358309032e-01 -6.703747278280087762e-01 -3.336111281359010472e-01
1.623352783112549935e-01 -6.749810513528219369e-01 -3.361771393812335584e-01
1.635111968763642010e-01 -6.795384189070511338e-01 -3.387263224326624855e-01
1.646871154414734917e-01 -6.840830951790700665e-01 -3.412788177862680072e-01
1.658539536555289073e-01 -6.885796998207477371e-01 -3.438149099116066809e-01
1.670207918695844063e-01 -6.930629481496650701e-01 -3.463543160348453442e-01
1.681789102884249099e-01 -6.974990489345515021e-01 -3.488779849833432700e-01
1.693370287072654135e-01 -7.019211254755590712e-01 -3.514050677865590555e-01
1.704887632179911960e-01 -7.063044715170981869e-01 -3.539208999926505284e-01
1.716344322308862025e-01 -7.106500646393963949e-01 -3.564258126704468177e-01
1.727801012437812922e-01 -7.149805686047171482e-01 -3.589341781869200831e-01
1.739178666881313895e-01 -7.192658211953466552e-01 -3.614285859663867173e-01
1.750556321324814035e-01 -7.235353035976974656e-01 -3.639260359574660875e-01
1.761857941226853963e-01 -7.277601805826146020e-01 -3.664097931561297039e-01
1.773159561128893891e-01 -7.319685795139025952e-01 -3.688965189594201610e-01
1.784387997630065004e-01 -7.361329413397108556e-01 -3.713700739169580323e-01
1.795616434131235006e-01 -7.402801070115879734e-01 -3.738465380208080835e-01
1.806774417515888131e-01 -7.443837430727127114e-01 -3.763103394182339967e-01
1.817932400900540979e-01 -7.484694549402302055e-01 -3.787770002271413361e-01
1.829022533861615063e-01 -7.525120813536029241e-01 -3.812314873900925494e-01
1.840112666822688869e-01 -7.565360450068288056e-01 -3.836887842209071309e-01
1.851137424986991076e-01 -7.605173041548815016e-01 -3.861343791702290251e-01
1.862162183151294115e-01 -7.644791517722476781e-01 -3.885827446780094063e-01
1.873123941815151017e-01 -7.683986230413291096e-01 -3.910198657725073579e-01
1.884085700479007919e-01 -7.722979242426268875e-01 -3.934597218332124280e-01
1.894986740814197101e-01 -7.761551263982390259e-01 -3.958887705428434378e-01
1.905887781149386007e-01 -7.799913888847124221e-01 -3.983205154573180584e-01
1.916730272722124984e-01 -7.837857720651814075e-01 -4.007418758321234509e-01
1.927572764294863961e-01 -7.875584351142397299e-01 -4.031659025086479220e-01
1.938358801601320902e-01 -7.912893945923051842e-01 -4.055799562051403684e-01
1.949144838907778954e-01 -7.949978432019502161e-01 -4.079966513449746479e-01
1.959876440525072094e-01 -7.986647195688145739e-01 -4.104037684087240012e-01
1.970608042142364125e-01 -8.023082829837655527e-01 -4.128134933406616414e-01
1.981287147275558047e-01 -8.059103587647470368e-01 -4.152140162179268623e-01
1.991966252408751137e-01 -8.094883070646472500e-01 -4.176171151758741873e-01
2.002594720445023124e-01 -8.130248055292875753e-01 -4.200113816500682384e-01
2.013223188481295112e-01 -8.165363504013938289e-01 -4.224082043672315878e-01
2.023802826740382921e-01 -8.200064462395894038e-01 -4.247965560305631549e-01
2.034382464999472118e-01 -8.234507504555278468e-01 -4.271874444037522811e-01
2.044915009253560068e-01 -8.268535623217559971e-01 -4.295702093415432188e-01
2.055447553507646907e-01 -8.302297315444964187e-01 -4.319554859103130195e-01
2.065934679926554884e-01 -8.335643243605975750e-01 -4.343329758105559657e-01
2.076421806345462029e-01 -8.368714104981656021e-01 -4.367129623317619336e-01
2.086865129960230880e-01 -8.401367951807136025e-01 -4.390855265072163838e-01
2.097308453575000009e-01 -8.433737966311011247e-01 -4.414606405597367722e-01
2.107709537672242117e-01 -8.465689374821553370e-01 -4.438287123324804462e-01
2.118110621769483948e-01 -8.497348135816740200e-01 -4.461995086122452214e-01
2.128480599636951021e-01 -8.528615178766030258e-01 -4.485651733667712082e-01
2.138821136186860039e-01 -8.559492321269304149e-01 -4.509259909603092198e-01
2.149161672736769058e-01 -8.590063034495788452e-01 -4.532898738213295697e-01
2.159459665261461991e-01 -8.620197721177342842e-01 -4.556461576357760390e-01
2.169742753085213971e-01 -8.649973974397984211e-01 -4.580008103124147967e-01
2.180025840908965951e-01 -8.679429740397426318e-01 -4.603582235525351396e-01
2.190272457378873994e-01 -8.708456451076658222e-01 -4.627099267465532018e-01
2.200519073848782037e-01 -8.737153318413185543e-01 -4.650640503585039554e-01
2.210737515503453099e-01 -8.765436842011593566e-01 -4.674140922508316365e-01
2.220955957158123883e-01 -8.793380416981566583e-01 -4.697665010044462242e-01
2.231133728053782961e-01 -8.820868820714233838e-01 -4.721119199000685107e-01
2.241311498949442038e-01 -8.848007925537475504e-01 -4.744597278641149996e-01
2.251456680358785989e-01 -8.874706440246594719e-01 -4.768024196119125535e-01
2.261601861768129940e-01 -8.901045769739317493e-01 -4.791476515713610773e-01
2.271708474868849026e-01 -8.926921629785286028e-01 -4.814857024463770063e-01
2.281814321068081908e-01 -8.952426601976777309e-01 -4.838251904631380995e-01
2.291920167267315067e-01 -8.977556344008265077e-01 -4.861672730729339476e-01
2.301989120822834911e-01 -9.002214933630204863e-01 -4.885032834731213303e-01
2.312058074378355865e-01 -9.026488535425213344e-01 -4.908415452725795602e-01
2.322098544924325048e-01 -9.050303738142653209e-01 -4.931754021142633060e-01
2.332139015470293120e-01 -9.073723358635257252e-01 -4.955114316707253108e-01
2.342152100895429911e-01 -9.096678674986085067e-01 -4.978432305962613436e-01
2.352165186320565871e-01 -9.119227627847289464e-01 -5.001771432486854518e-01
2.362151954922880881e-01 -9.141306006272728046e-01 -5.025070094097278117e-01
2.372138723525195059e-01 -9.162967048033950901e-01 -5.048389420656332893e-01
2.382100212913642878e-01 -9.184150874052386948e-01 -5.071670369561182001e-01
2.392061702302090975e-01 -9.204906198563131969e-01 -5.094971997100359307e-01
2.401998924915476896e-01 -9.225177341073231840e-01 -5.118237420953911654e-01
2.411936147528863927e-01 -9.245008698004690828e-01 -5.141524387649663019e-01
2.421839272173959001e-01 -9.264327663058300466e-01 -5.164745713375404890e-01
2.431741826801301909e-01 -9.283195051044343948e-01 -5.187978915635693689e-01
2.441644381428645094e-01 -9.301605047645730151e-01 -5.211233918582318658e-01
2.451525072457547971e-01 -9.319511650143090797e-01 -5.234458296309825176e-01
2.461405763486450016e-01 -9.336949112468749812e-01 -5.257701811738247910e-01
2.468787726936876870e-01 -9.349666189056576870e-01 -5.275078448035610545e-01
2.476169690387302891e-01 -9.362114501538523204e-01 -5.292463357405473579e-01
2.483577944001824911e-01 -9.374333909538449250e-01 -5.309918583234939371e-01
2.490986197616346931e-01 -9.386276531001391810e-01 -5.327382326814597002e-01
2.500816239077278125e-01 -9.401690988656309367e-01 -5.350569130263749251e-01
2.510646280538209041e-01 -9.416605529516347550e-01 -5.373774478996009574e-01
2.520461819638492029e-01 -9.430991962094685821e-01 -5.396957321699946686e-01
2.530263942354005202e-01 -9.444846636335464396e-01 -5.420118464024513694e-01
2.540066065069517820e-01 -9.458182133912828027e-01 -5.443296828575631130e-01
2.549850575566918187e-01 -9.470968524520468890e-01 -5.466449809839727392e-01
2.559635086064319109e-01 -9.483222840859516500e-01 -5.489618093861919901e-01
2.569380179873769765e-01 -9.494891427433661546e-01 -5.512702927745679604e-01
2.579152191512413816e-01 -9.506047111957590667e-01 -5.535858567467575320e-01
2.588903710736741859e-01 -9.516627549832514799e-01 -5.558975366413776431e-01
2.598655229961069901e-01 -9.526649066740965344e-01 -5.582106642433231070e-01
2.605942947118716768e-01 -9.533768827496196252e-01 -5.599401697395107735e-01
2.613230664276363080e-01 -9.540568904539882267e-01 -5.616701783320691144e-01
2.620550563064771854e-01 -9.547073896036679663e-01 -5.634083157440418210e-01
2.627870461853180073e-01 -9.553249717114369322e-01 -5.651469523309209375e-01
2.635137174867600018e-01 -9.559051758282918199e-01 -5.668734315659842427e-01
2.642403887882019964e-01 -9.564522790590515022e-01 -5.686003642784005496e-01
2.649703906914105955e-01 -9.569682257417401194e-01 -5.703356543219560981e-01
2.657003925946191947e-01 -9.574500927690536844e-01 -5.720713496257825437e-01
2.666698680509819730e-01 -9.580367912052959456e-01 -5.743771056346216319e-01
2.676393435073449178e-01 -9.585619765020739758e-01 -5.766837228280302652e-01
2.686075749083224884e-01 -9.590242863488938063e-01 -5.789881680477251269e-01
2.695758063093001144e-01 -9.594236249171366193e-01 -5.812933704847262906e-01
2.705412474514743981e-01 -9.597582965251312270e-01 -5.835923695483501428e-01
2.715098617210188192e-01 -9.600295016523756608e-01 -5.858992329990174719e-01
2.724758040936595127e-01 -9.602347203051418978e-01 -5.882001829361432899e-01
2.734417464663002062e-01 -9.603739591943496468e-01 -5.905018311102316897e-01
2.744049664315437731e-01 -9.604462723192188633e-01 -5.927974504178319393e-01
2.753714841122708035e-01 -9.604512081293450354e-01 -5.951011797748282373e-01
2.760918532582701257e-01 -9.604103005555267858e-01 -5.968184051476057572e-01
2.768122224042693924e-01 -9.603309342831203299e-01 -5.985358206672274362e-01
2.775363826324631078e-01 -9.602120275458012610e-01 -6.002624488655785573e-01
2.782605428606568232e-01 -9.600535318977437838e-01 -6.019891892088241603e-01
2.792230898017574736e-01 -9.597809729577754245e-01 -6.042845091156873183e-01
2.801856367428581240e-01 -9.594369590177997953e-01 -6.065800008966804047e-01
2.811473565508991190e-01 -9.590210103022259736e-01 -6.088735742770532422e-01
2.821090763589401140e-01 -9.585319916720428379e-01 -6.111671224084676002e-01
2.830682204929131918e-01 -9.579706290113801925e-01 -6.134543678579013060e-01
2.840309311037308992e-01 -9.573323259562033227e-01 -6.157498365634841431e-01
2.847494289063747241e-01 -9.568065205636249182e-01 -6.174627993824426397e-01
2.854679267090184935e-01 -9.562380703091457601e-01 -6.191755505750792254e-01
2.861905218058161116e-01 -9.556229866928456218e-01 -6.208978281272000688e-01
2.869131169026136741e-01 -9.549640028838920491e-01 -6.226197940084551297e-01
2.878724078661420993e-01 -9.540206916441786866e-01 -6.249052277482433082e-01
2.888316988296705801e-01 -9.529984151049912811e-01 -6.271899646042883303e-01
2.897885131602004893e-01 -9.518992042501399631e-01 -6.294679402025188386e-01
2.907490868313554744e-01 -9.507148105234238811e-01 -6.317538055802722763e-01
2.914649765154507244e-01 -9.497788483683434757e-01 -6.334566649530272153e-01
2.921808661995458078e-01 -9.487969763334672679e-01 -6.351588669110048713e-01
2.929010534726512738e-01 -9.477624903959804836e-01 -6.368705626486859117e-01
2.936212407457569062e-01 -9.466807459155213156e-01 -6.385814695020246567e-01
2.945767800163460737e-01 -9.451718798756859607e-01 -6.408501061575341273e-01
2.955362094878383750e-01 -9.435715065315972705e-01 -6.431262332158912409e-01
2.964933245974175069e-01 -9.418888074390973086e-01 -6.453950383562655491e-01
2.974504397069965833e-01 -9.401190652902162714e-01 -6.476620355222492131e-01
2.981662161635638131e-01 -9.387380852776180395e-01 -6.493561139930016379e-01
2.988819926201308208e-01 -9.373074769906990511e-01 -6.510489491629416481e-01
2.996022787896107098e-01 -9.358173418395293597e-01 -6.527511282527137526e-01
3.003225649590904878e-01 -9.342761156937277045e-01 -6.544519546843990954e-01
3.012768521985618730e-01 -9.321548028220993931e-01 -6.567030425587480069e-01
3.022352021590857252e-01 -9.299324684307469502e-01 -6.589608799968476038e-01
3.031913095476029274e-01 -9.276224714955793038e-01 -6.612105434819459671e-01
3.041474169361201851e-01 -9.252187157836275766e-01 -6.634573818579589943e-01
3.051033301085280258e-01 -9.227207094112436225e-01 -6.657007593386365940e-01
3.060592432809358110e-01 -9.201269617143119639e-01 -6.679408987570323308e-01
3.068910593111273122e-01 -9.177912283932475601e-01 -6.698874331319683018e-01
3.077228753413188134e-01 -9.153815514829583000e-01 -6.718312267461170606e-01
3.085611288673250074e-01 -9.128777337680883397e-01 -6.737871886960509205e-01
3.093993823933313125e-01 -9.102974377672301554e-01 -6.757401737570243316e-01
3.102334054035402189e-01 -9.076535718935985209e-01 -6.776802416095515369e-01
3.110674284137491807e-01 -9.049326174324106020e-01 -6.796171469890228689e-01
3.119080450867570131e-01 -9.021114435108943397e-01 -6.815660549608042462e-01
3.127486617597647900e-01 -8.992105416350402169e-01 -6.835115163430015572e-01
3.137041837576390879e-01 -8.958153914110639215e-01 -6.857185848056613908e-01
3.146597057555134969e-01 -8.923152513143869369e-01 -6.879209084754529524e-01
3.156152457355064223e-01 -8.887089996316988039e-01 -6.901184056458123939e-01
3.165707857154991811e-01 -8.849956456697892770e-01 -6.923107686825189511e-01
3.175265174639494981e-01 -8.811733388582108084e-01 -6.944982288156977823e-01
3.184822492123998150e-01 -8.772417405128024592e-01 -6.966804526496451766e-01
3.194379809608500764e-01 -8.731997726304916441e-01 -6.988573257275280115e-01
3.203937127093003934e-01 -8.690463499064683406e-01 -7.010286063888261365e-01
3.213495186061188225e-01 -8.647800458731941253e-01 -7.031942219437159469e-01
3.223053245029371960e-01 -8.604000871727808253e-01 -7.053535133277978320e-01
3.232613666241492267e-01 -8.559042469566636724e-01 -7.075068357431283372e-01
3.242174087453610909e-01 -8.512924901065197503e-01 -7.096537893571994715e-01
3.251734508665731216e-01 -8.465637061636598348e-01 -7.117941737091674215e-01
3.261296959091333214e-01 -8.417157358325744188e-01 -7.139281998303479426e-01
3.270859409516935212e-01 -8.367484513598404394e-01 -7.160550723379546234e-01
3.280424123582719176e-01 -8.316595142477881675e-01 -7.181751229518025248e-01
3.289988837648503139e-01 -8.264489635202388884e-01 -7.202877361081809759e-01
3.299556098233494827e-01 -8.211142306396207458e-01 -7.223932634403533726e-01
3.309123358818485960e-01 -8.156555520243023993e-01 -7.244909895979200209e-01
3.318692480034560743e-01 -8.100707010974588229e-01 -7.265808514396271400e-01
3.328264091018481863e-01 -8.043581005619142577e-01 -7.286627760805088894e-01
3.337835702002405203e-01 -7.985180640513650507e-01 -7.307362829843493390e-01
3.347413225943591253e-01 -7.925457170530670892e-01 -7.328023837836963317e-01
3.356990749884776748e-01 -7.864434784208155227e-01 -7.348597463551865827e-01
3.366568273825963908e-01 -7.802101986684563117e-01 -7.369081767121328230e-01
3.376145797767149959e-01 -7.738447261789156428e-01 -7.389473909311059519e-01
3.385727985393063855e-01 -7.673427100609725438e-01 -7.409781121556329175e-01
3.395310173018977751e-01 -7.607060632337014905e-01 -7.429988943622277686e-01
3.404896417920181828e-01 -7.539307443529085218e-01 -7.450103794989816341e-01
3.414482662821387016e-01 -7.470183883241215961e-01 -7.470115595405993902e-01
3.424074710093443219e-01 -7.399635224428102731e-01 -7.490034478246906380e-01
3.433666757365498867e-01 -7.327691266737569320e-01 -7.509847537342789758e-01
3.443258804637556181e-01 -7.254340301061936724e-01 -7.529551664064683125e-01
3.452857836278598880e-01 -7.179515554560638169e-01 -7.549158883442282919e-01
3.462456867919642134e-01 -7.103258114488812947e-01 -7.568652795444735792e-01
3.472055899560684833e-01 -7.025556220306095057e-01 -7.588029741151857133e-01
3.481660761558372230e-01 -6.946349619632661287e-01 -7.607299155530721224e-01
3.491265623556059072e-01 -6.865673321916833105e-01 -7.626446088756645425e-01
3.500875704891284190e-01 -6.783470633134967009e-01 -7.645478662868467890e-01
3.510485786226508753e-01 -6.699773342805013243e-01 -7.664384246777191656e-01
3.520103073264083116e-01 -6.614505229745362147e-01 -7.683174590877064336e-01
3.529720360301656923e-01 -6.527716720293299524e-01 -7.701834171424055686e-01
3.539337647339230730e-01 -6.439396041487357447e-01 -7.720359677927935982e-01
3.548963558313465994e-01 -6.349450137001304562e-01 -7.738765723155832665e-01
3.558589469287700147e-01 -6.257945757814689092e-01 -7.757033149459706678e-01
3.568215380261933745e-01 -6.164871118326873400e-01 -7.775157439510232971e-01
3.577852424465762238e-01 -6.070104014267949655e-01 -7.793157656015928803e-01
3.587489468669590731e-01 -5.973739425452291307e-01 -7.811011699942416175e-01
3.597126512873419779e-01 -5.875765555796107487e-01 -7.828715996763587759e-01
3.606763557077248272e-01 -5.776170547067280836e-01 -7.846266764472086264e-01
3.616413390872483258e-01 -5.674807066557917556e-01 -7.863685469149779284e-01
3.626063224667718243e-01 -5.571794348254878182e-01 -7.880946937632767879e-01
3.635713058462953784e-01 -5.467120569950398856e-01 -7.898046910888883998e-01
3.645362892258188769e-01 -5.360773934836591259e-01 -7.914981246521960445e-01
3.655026181086620252e-01 -5.252590865533016684e-01 -7.931771903511311006e-01
3.664689469915051179e-01 -5.142706709348845440e-01 -7.948393731772783743e-01
3.674352758743483216e-01 -5.031109740908266126e-01 -7.964842516858150478e-01
3.684016047571914143e-01 -4.917788274217120836e-01 -7.981114044795843965e-01
3.693693456322281188e-01 -4.802561274465785290e-01 -7.997230213939101606e-01
3.703370865072648788e-01 -4.685581437890322110e-01 -8.013165577593145406e-01
3.713048273823015832e-01 -4.566837180490192494e-01 -8.028915835551607705e-01
3.722725682573382877e-01 -4.446316956011807653e-01 -8.044476685951119643e-01
3.732417861979792084e-01 -4.323821219141941175e-01 -8.059869836822763922e-01
3.742110041386200181e-01 -4.199521105544303246e-01 -8.075069739970768268e-01
3.751802220792607723e-01 -4.073405194863907730e-01 -8.090072024128057704e-01
3.761494400199016930e-01 -3.945462091520662296e-01 -8.104872324352094815e-01
3.771201940534871788e-01 -3.815473284715095725e-01 -8.119491908404703473e-01
3.780909480870727757e-01 -3.683628785847148923e-01 -8.133905400817937892e-01
3.790617021206583726e-01 -3.549917350988927578e-01 -8.148108370373259302e-01
3.800324561542439139e-01 -3.414327795082973127e-01 -8.162096397801678060e-01
3.810047989671537239e-01 -3.276622441341726644e-01 -8.175890057583272696e-01
3.819771417800634228e-01 -3.137010578757162826e-01 -8.189464432058720655e-01
3.829494845929731772e-01 -2.995481213845672674e-01 -8.202815019043446787e-01
3.839218274058828761e-01 -2.852023441233367262e-01 -8.215937316786781075e-01
3.848958109417324192e-01 -2.706379459342045379e-01 -8.228850973213116538e-01
3.858697944775816846e-01 -2.558778919199954371e-01 -8.241531647729738452e-01
3.868437780134311166e-01 -2.409211155056457110e-01 -8.253974769677621115e-01
3.878177615492804930e-01 -2.257665630017651748e-01 -8.266175848607471011e-01
3.887934366313096080e-01 -2.103863575946212372e-01 -8.278153758885602453e-01
3.897691117133387229e-01 -1.948056191993877972e-01 -8.289885163062287177e-01
3.907447867953677823e-01 -1.790233199192383384e-01 -8.301365181963467066e-01
3.917204618773967861e-01 -1.630384286093440882e-01 -8.312588857087300775e-01
3.929425816660728765e-01 -1.427285563988823225e-01 -8.326282548207090128e-01
3.941647014547489114e-01 -1.220972242331325452e-01 -8.339566281348668175e-01
3.953868212434248908e-01 -1.011424785116063901e-01 -8.352431800505432102e-01
3.966089410321009256e-01 -7.986238905254139375e-02 -8.364870740592506015e-01
3.975885794530298889e-01 -6.256827373407707060e-02 -8.374530408185485442e-01
3.985682178739590187e-01 -4.506291672615549831e-02 -8.383910395095115486e-01
3.995478562948880930e-01 -2.734537000320864941e-02 -8.393005554375417843e-01
4.005274947158171117e-01 -9.414706574659641170e-03 -8.401810938157302511e-01
4.015089505737350906e-01 8.763840827964636260e-03 -8.410339986779546972e-01
4.024904064316531249e-01 2.715810100706046379e-02 -8.418574110455803172e-01
4.034718622895709927e-01 4.576896096229127187e-02 -8.426508629582544208e-01
4.044533181474890271e-01 6.459729912644848748e-02 -8.434138802871713470e-01
4.054366193923388262e-01 8.368000249591887874e-02 -8.441475721501273677e-01
4.064199206371885142e-01 1.029827275497057909e-01 -8.448502336955894254e-01
4.074032218820382023e-01 1.225063093588980162e-01 -8.455213831842827155e-01
4.083865231268878904e-01 1.422515651391082214e-01 -8.461605412864647846e-01
4.093716963483209903e-01 1.622575207919358942e-01 -8.467685930293332719e-01
4.103568695697539792e-01 1.824875856748186531e-01 -8.473440448862448182e-01
4.113420427911870791e-01 2.029425264532051520e-01 -8.478864113001217673e-01
4.123272160126201236e-01 2.236230870195615450e-01 -8.483952086638922863e-01
4.133142878436527057e-01 2.445705008787273926e-01 -8.488710719816812134e-01
4.143013596746851213e-01 2.657458474470449916e-01 -8.493127307657846181e-01
4.152884315057175924e-01 2.871498115464984902e-01 -8.497196966723559175e-01
4.162755033367501190e-01 3.087830419995321041e-01 -8.500914908145332793e-01
4.172645010635290252e-01 3.306890334702225487e-01 -8.504285114316435523e-01
4.182534987903078205e-01 3.528263936398943756e-01 -8.507297529217583421e-01
4.192424965170867268e-01 3.751957077848193101e-01 -8.509947042922137994e-01
4.202314942438655776e-01 3.977975551303802870e-01 -8.512228473682824648e-01
4.212227482547770130e-01 4.206848659691534986e-01 -8.514143024317514241e-01
4.222140022656882263e-01 4.438068757372423123e-01 -8.515682816648714182e-01
4.232052562765996062e-01 4.671640974522501821e-01 -8.516843316545120723e-01
4.241965102875108751e-01 4.907570290021878723e-01 -8.517619989591500573e-01
4.251877642984221994e-01 5.145861530438445852e-01 -8.518008301234970547e-01
4.261811722776812084e-01 5.387044883307512411e-01 -8.518005470440465077e-01
4.271745802569402173e-01 5.630609546993426973e-01 -8.517607309656046732e-01
4.281679882361992262e-01 5.876559579775871844e-01 -8.516808590805259316e-01
4.291613962154581796e-01 6.124898664948492666e-01 -8.515604270684006272e-01
4.301567804929378180e-01 6.376131321561927523e-01 -8.513988242730470279e-01
4.311521647704175120e-01 6.629769027412613092e-01 -8.511960083884660966e-01
4.321475490478970949e-01 6.885814635584706078e-01 -8.509514993335113298e-01
4.331429333253766778e-01 7.144270678829508503e-01 -8.506648133665238865e-01
4.341403004034695146e-01 7.405661439175115213e-01 -8.503349804604339868e-01
4.351376674815624068e-01 7.669476491512303706e-01 -8.499622549593850440e-01
4.361350345596550770e-01 7.935717458644042654e-01 -8.495461491862738024e-01
4.371324016377479138e-01 8.204385541577117191e-01 -8.490861799785692776e-01
4.381317600079985830e-01 8.476025194210812241e-01 -8.485810300764854430e-01
4.391311183782494187e-01 8.750102876542474872e-01 -8.480313057936101906e-01
4.401304767484999769e-01 9.026618819588843046e-01 -8.474365218767365704e-01
4.411298351187508127e-01 9.305573053396661853e-01 -8.467961897693431217e-01
4.421311902823116813e-01 9.587530110270039430e-01 -8.461085945477649917e-01
4.431325454458727164e-01 9.871934674752276262e-01 -8.453746779346027473e-01
4.441339006094336961e-01 1.015878571362171856e+00 -8.445939765985184255e-01
4.451352557729946757e-01 1.044808148766997569e+00 -8.437660492269983825e-01
4.461383128646460028e-01 1.074031749931788626e+00 -8.428891344417558384e-01
4.471413699562972743e-01 1.103500145178039960e+00 -8.419642808120081368e-01
4.481444270479484904e-01 1.133213052484524530e+00 -8.409909327952684865e-01
4.491495833164476092e-01 1.163233117431871300e+00 -8.399665660182797922e-01
4.501547395849466171e-01 1.193498053074933729e+00 -8.388929377525092823e-01
4.511598958534456250e-01 1.224007467977816344e+00 -8.377696345274335821e-01
4.521650521219445773e-01 1.254760945811674189e+00 -8.365962332889407271e-01
4.531702083904435852e-01 1.285758045094094637e+00 -8.353723015018580389e-01
4.571995547235140900e-01 1.412445054693372448e+00 -8.299514849226442559e-01
4.612368252831767768e-01 1.543259226892027547e+00 -8.236767632468509071e-01
4.652819592943879257e-01 1.678169599691120117e+00 -8.165205068943407474e-01
4.693348783544071812e-01 1.817132292074194355e+00 -8.084550088795239287e-01
4.733955065266273188e-01 1.960087466575440862e+00 -7.994532411971642105e-01
4.784822981688974797e-01 2.144283259458081403e+00 -7.868420794575897714e-01
4.825599532103003741e-01 2.295924178518704561e+00 -7.756356711975009866e-01
4.866449712303865804e-01 2.451254828709081846e+00 -7.634076185560579875e-01
4.907371949891458085e-01 2.610143307693817860e+00 -7.501339685422333536e-01
4.948364585384024128e-01 2.772438615907020232e+00 -7.357915724169510341e-01
4.989425778493357111e-01 2.937970201523457003e+00 -7.203583448775943143e-01
5.020264094695874313e-01 3.064128508831770681e+00 -7.080558503424062566e-01
5.051138832495274400e-01 3.191910098278975649e+00 -6.951205091613916753e-01
5.092361856145506405e-01 3.364640197748983486e+00 -6.768757583139822787e-01
5.133645520198434342e-01 3.539832102030100458e+00 -6.574774652644679307e-01
5.174987117319133079e-01 3.717212492473833230e+00 -6.369120271151741397e-01
5.216383508218596088e-01 3.896482421120952111e+00 -6.151686607253702421e-01
5.257831480915519107e-01 4.077317590738330111e+00 -5.922391316161300656e-01
5.299327976174466048e-01 4.259367527802914388e+00 -5.681177855179239122e-01
5.340869657500283418e-01 4.442255269900669212e+00 -5.428019503291250381e-01
5.382452599924625325e-01 4.625577437309797979e+00 -5.162923447203020544e-01
5.424072497157466088e-01 4.808903845577389369e+00 -4.885931584105421277e-01
5.465725012540574301e-01 4.991777116246828072e+00 -4.597119492011392805e-01
5.507405845750824591e-01 5.173712780380634868e+00 -4.296596903546915924e-01
5.549110536012068495e-01 5.354199859666334049e+00 -3.984510308067260032e-01
5.590834321773656690e-01 5.532699564701489159e+00 -3.661048578144351917e-01
5.643010869630014081e-01 5.752153903012525937e+00 -3.241065640651819568e-01
5.684758978830769527e-01 5.924085398498269761e+00 -2.892905611590733117e-01
5.726509199913500936e-01 6.092109823595976970e+00 -2.534265949297216380e-01
5.768255755389478656e-01 6.255584498564770612e+00 -2.165511004813631679e-01
5.809992666418749563e-01 6.413846323102236013e+00 -1.787066623477922833e-01
5.851713896051653485e-01 6.566213983251060426e+00 -1.399385766059884073e-01
5.882989619740793819e-01 6.676209697885536976e+00 -1.102872099376712434e-01
5.935085681122563850e-01 6.850429402463190875e+00 -5.984070926927307493e-02
5.976721595114997676e-01 6.980841033954549246e+00 -1.862721404102799655e-02
6.018315407075064405e-01 7.102467638639921255e+00 2.327755281487619080e-02
6.059860031390628121e-01 7.214557229686491269e+00 6.580359272472507959e-02
6.101348262532020339e-01 7.316353205748451494e+00 1.088764891301465532e-01
6.142772761532119263e-01 7.407095586055235437e+00 1.524173823980037312e-01
6.184126036405177551e-01 7.486024466869283245e+00 1.963430698282962183e-01
6.225400396928169044e-01 7.552383610923395274e+00 2.405660553193276208e-01
6.266587955232777452e-01 7.605424142602166704e+00 2.849946566269274117e-01
6.307680621340325811e-01 7.644408136631859918e+00 3.295331274511545394e-01
6.348670077734064332e-01 7.668612388412234360e+00 3.740817859845573246e-01
6.389547727646552877e-01 7.677332527579593169e+00 4.185371440092160999e-01
6.430304670771704867e-01 7.669887274707186009e+00 4.627920778520173695e-01
6.470931794239351831e-01 7.645622570179289923e+00 5.067361157957456230e-01
6.511419830734889169e-01 7.603915673196594227e+00 5.502556701263843220e-01
6.551759295578980513e-01 7.544179517306462301e+00 5.932341620438700280e-01
6.591940368817645890e-01 7.465867284476504828e+00 6.355521534184198629e-01
6.631952816224888636e-01 7.368476996877466156e+00 6.770875586716912364e-01
6.671786041264677891e-01 7.251555864999897238e+00 7.177159907311571052e-01
6.711429148974273895e-01 7.114704514754301989e+00 7.573110967813221350e-01
6.750870927600961524e-01 6.957581257883940218e+00 7.957447941488856591e-01
6.790099725167971778e-01 6.779906521994536917e+00 8.328873958582400094e-01
6.829103352717456055e-01 6.581467141180838532e+00 8.686077426684255531e-01
6.867869018151261384e-01 6.362120530471493396e+00 9.027732953764304735e-01
6.906383285912754966e-01 6.121798811850847954e+00 9.352500311984178749e-01
6.944632064204609989e-01 5.860512740831939738e+00 9.659020371141076033e-01
6.982600501045075347e-01 5.578357880148864467e+00 9.945908175275599561e-01
7.020272815871985150e-01 5.275508062132147735e+00 1.021173870751914237e+00
7.038990663650485091e-01 5.116397837624740319e+00 1.033630019330271654e+00
7.057628000939073498e-01 4.952225310655371082e+00 1.045504055210417560e+00
7.094655902404470860e-01 4.608908140269956988e+00 1.067427585668223378e+00
7.131331888985167344e-01 4.246052645604385667e+00 1.086778008604559309e+00
7.167633315432266894e-01 3.864217228899911039e+00 1.103374834578623398e+00
7.203534697890988658e-01 3.464119858271668129e+00 1.116980286340257145e+00
7.239006927315578821e-01 3.046601156523221832e+00 1.127610307722506811e+00
7.274037472512754343e-01 2.612407544196866382e+00 1.135809056999095956e+00
7.308631569784361792e-01 2.162154583081518311e+00 1.141735342919797169e+00
7.342794427454362172e-01 1.696505166687710453e+00 1.145402322579611942e+00
7.376531370894844342e-01 1.216144918276738762e+00 1.146826953271166794e+00
7.409847640846142225e-01 7.217960960683703631e-01 1.146029845569564332e+00
7.442748211369105693e-01 2.142153677651723875e-01 1.143035181984506599e+00
7.475237974064263824e-01 -3.058088236769886947e-01 1.137870630052868925e+00
7.507321962838469087e-01 -8.374584084295927378e-01 1.130567177066293949e+00
7.539005302043194634e-01 -1.379887371166337307e+00 1.121158965161914045e+00
7.570292970629285412e-01 -1.932222996993081976e+00 1.109683209064027398e+00
7.601189748256973466e-01 -2.493567918233619007e+00 1.096180112577795018e+00
7.631700307096180858e-01 -3.063002257705687903e+00 1.080692726620301247e+00
7.661829280312825174e-01 -3.639585923433888759e+00 1.063266785401391523e+00
7.691581275626218073e-01 -4.222360823145598907e+00 1.043950551040146335e+00
7.720960887207071188e-01 -4.810352485469128858e+00 1.022794653155534972e+00
7.749972707982543119e-01 -5.402571435646345677e+00 9.998519246690160678e-01
7.778621289318303766e-01 -5.998015415833250152e+00 9.751772784132778371e-01
7.806911033824630586e-01 -6.595671906237032367e+00 9.488276583418742138e-01
7.834846171445913887e-01 -7.194520277873944103e+00 9.208619428184694478e-01
7.862430869060449412e-01 -7.793533162188527541e+00 8.913407140494528091e-01
7.889669369237084506e-01 -8.391678478031582955e+00 8.603259583110394182e-01
7.916565982021911418e-01 -8.987921800256428284e+00 8.278808973027466100e-01
7.943124974778934533e-01 -9.581228376857559681e+00 7.940699531091395258e-01
7.969350495080719243e-01 -1.017056424316480090e+01 7.589587082827623510e-01
7.995246585495641156e-01 -1.075489738808706086e+01 7.226137658670673813e-01
8.020817215573190495e-01 -1.133319917628946705e+01 6.851025827134403778e-01
8.046066294762304061e-01 -1.190444627319326365e+01 6.464933238927327297e-01
8.070997653306969388e-01 -1.246762218386447252e+01 6.068547662804644194e-01
8.095615092888481801e-01 -1.302171987769941808e+01 5.662560938702804192e-01
8.119922431475441460e-01 -1.356574408003661425e+01 5.247666889312141425e-01
8.143923505053758394e-01 -1.409871329609857860e+01 4.824559886464577785e-01
8.167622071215497881e-01 -1.461966010919927683e+01 4.393935251688894650e-01
8.191021778306492029e-01 -1.512763210455510610e+01 3.956488748419299539e-01
8.214126187949533087e-01 -1.562169264071420294e+01 3.512915174199016111e-01
8.236938850346046115e-01 -1.610092238675854048e+01 3.063905892956045873e-01
8.259463322523640239e-01 -1.656442065213889947e+01 2.610147372799390131e-01
8.281703138888254490e-01 -1.701130756440978331e+01 2.152320695437377751e-01
8.303661724506571362e-01 -1.744072582216572798e+01 1.691102355138897895e-01
8.325342380230222883e-01 -1.785184192634131151e+01 1.227163723007136248e-01
8.346748353855768521e-01 -1.824384605288440397e+01 7.611687100722280830e-02
8.367882947421915185e-01 -1.861595227662651553e+01 2.937705642138108489e-02
8.388749484008726220e-01 -1.896739914448327724e+01 -1.743882970428201062e-02
8.409351219691613144e-01 -1.929745136105692893e+01 -6.426751070392940079e-02
8.429691303017050608e-01 -1.960540094868414585e+01 -1.110466510134440338e-01
8.449772835243484215e-01 -1.989056773130273115e+01 -1.577150580071113306e-01
8.469598912257328971e-01 -2.015229945319250859e+01 -2.042128434586432950e-01
8.489172622932020795e-01 -2.038997249020844649e+01 -2.504814813700756426e-01
8.508497044538249066e-01 -2.060299257887878355e+01 -2.964638540766333930e-01
8.527575229688695302e-01 -2.079079466923299080e+01 -3.421042724998210049e-01
8.546410160783932675e-01 -2.095284246306777831e+01 -3.873484116507373010e-01
8.565004710086118189e-01 -2.108862870514516885e+01 -4.321432533939543186e-01
8.583361673787008872e-01 -2.119767594102541963e+01 -4.764372047369176411e-01
8.601483873498577681e-01 -2.127953688780741004e+01 -5.201803774481554843e-01
8.619374190156378068e-01 -2.133379413170251837e+01 -5.633247002168854101e-01
8.637035513945729992e-01 -2.136006003708841305e+01 -6.058238218762304061e-01
8.654470650665438969e-01 -2.135797694446246098e+01 -6.476329066946489021e-01
8.671682312272307458e-01 -2.132721729111321451e+01 -6.887086318818862463e-01
8.688673159218502917e-01 -2.126748336729299993e+01 -7.290093066964010715e-01
8.705445856873960109e-01 -2.117850696144414968e+01 -7.684950186844879960e-01
8.722003068198478370e-01 -2.106004914612945456e+01 -8.071276223627620316e-01
8.738347418094588592e-01 -2.091190009211248224e+01 -8.448706593998447367e-01
8.754481467852704979e-01 -2.073387888887028652e+01 -8.816893032626721416e-01
8.770407741766889087e-01 -2.052583322373418540e+01 -9.175504226219708404e-01
8.786128771136945126e-01 -2.028763887628358020e+01 -9.524226767557149032e-01
8.801647113007132761e-01 -2.001919896762256812e+01 -9.862765447083184922e-01
8.816965317742312402e-01 -1.972044337292495086e+01 -1.019084237227627421e+00
8.832085878593547434e-01 -1.939132847955843886e+01 -1.050819574196862227e+00
8.847011190561783200e-01 -1.903183751259218326e+01 -1.081457891129793847e+00
8.861743569071006688e-01 -1.864198037090173443e+01 -1.110976075280418751e+00
8.876285293506940288e-01 -1.822179315679616707e+01 -1.139352645647530693e+00
8.890638676536581908e-01 -1.777133656646374860e+01 -1.166567868122161400e+00
8.904806072870743439e-01 -1.729069500396918002e+01 -1.192603736434552975e+00
8.918789864151801527e-01 -1.677997565201805585e+01 -1.217443904039541946e+00
8.932592404372767803e-01 -1.623930852925203183e+01 -1.241073550420504823e+00
8.946215989640163846e-01 -1.566884600309649045e+01 -1.263479303657570441e+00
8.959662842038009778e-01 -1.506876226125763196e+01 -1.284649194943989547e+00
8.972935117732897536e-01 -1.443925247252614597e+01 -1.304572655059298203e+00
8.986034927209798351e-01 -1.378053205490476252e+01 -1.323240525078878571e+00
8.998964354025826839e-01 -1.309283649936191374e+01 -1.340645057542061203e+00
9.011725489915097809e-01 -1.237642042346166171e+01 -1.356779930311386773e+00
9.024320447860507688e-01 -1.163155673614359031e+01 -1.371640218561978486e+00
9.036751353555274591e-01 -1.085853516355738790e+01 -1.385222335217083600e+00
9.049020296532450658e-01 -1.005766186979787591e+01 -1.397523932919100487e+00
9.061129304280890473e-01 -9.229258993667022182e+00 -1.408543848602429538e+00
9.073080357373773941e-01 -8.373664117332445755e+00 -1.418282094035338670e+00
9.084875419218813031e-01 -7.491229579635219515e+00 -1.426739850204227666e+00
9.096516449412487271e-01 -6.582321606116532386e+00 -1.433919436905129352e+00
9.108005396977110202e-01 -5.647319303720388817e+00 -1.439824264561388345e+00
9.119344190251117421e-01 -4.686613596237659607e+00 -1.444458787315611836e+00
9.130534727752540602e-01 -3.700606704253715851e+00 -1.447828461532945532e+00
9.141578874195450677e-01 -2.689711879218963819e+00 -1.449939710767747858e+00
9.152478462184302499e-01 -1.654352486768091879e+00 -1.450799893886294933e+00
9.163235307136011754e-01 -5.949623712561932232e-01 -1.450417272672268609e+00
9.173851213290326045e-01 4.880171276396106927e-01 -1.448800971854663944e+00
9.184327978233862710e-01 1.594136244984862616e+00 -1.445960935787748536e+00
9.194667382392092136e-01 2.722937656364975201e+00 -1.441907889331803139e+00
9.204871184823875119e-01 3.873957186685244913e+00 -1.436653301900761459e+00
9.214941118815067611e-01 5.046724559281421385e+00 -1.430209354588710902e+00
9.224878885587296518e-01 6.240763779392974442e+00 -1.422588912156309116e+00
9.234686156415649050e-01 7.455593759539355325e+00 -1.413805492310605150e+00
9.244364580894727235e-01 8.690728417687086704e+00 -1.403873228384032723e+00
9.253915805410551920e-01 9.945677447912867564e+00 -1.392806815669931142e+00
9.263341472457474746e-01 1.121994644842608935e+01 -1.380621470980770482e+00
9.272643205556930779e-01 1.251303783900011446e+01 -1.367332913646552184e+00
9.281822593195951931e-01 1.382445233598799383e+01 -1.352957358181011038e+00
9.290881192404382150e-01 1.515369064555178014e+01 -1.337511484332265299e+00
9.299820544127295197e-01 1.650025372708114446e+01 -1.321012383540907331e+00
9.308642183379219892e-01 1.786364141373317693e+01 -1.303477506998798718e+00
9.317347637709364472e-01 1.924335110185517550e+01 -1.284924633879795053e+00
9.325938419655581679e-01 2.063887802928735127e+01 -1.265371855834403370e+00
9.334416025644689530e-01 2.204971713934201105e+01 -1.244837551364570638e+00
9.342781940582032263e-01 2.347536496954074536e+01 -1.223340345835786103e+00
9.351037639763524201e-01 2.491532011887450082e+01 -1.200899075560206031e+00
9.359184581932523672e-01 2.636908419668056069e+01 -1.177532776415078031e+00
9.367224180073485673e-01 2.783616168265662694e+01 -1.153260745706257584e+00
9.375157793601903711e-01 2.931606212428156510e+01 -1.128102558640676545e+00
9.382986736089657942e-01 3.080829952937840588e+01 -1.102078040068489084e+00
9.390712321160756826e-01 3.231239297128963273e+01 -1.075207099257657228e+00
9.398335891165293665e-01 3.382786564375132343e+01 -1.047509593547977680e+00
9.405858812974943195e-01 3.535424404066797166e+01 -1.019005296059950716e+00
9.413282457717848661e-01 3.689105729152726809e+01 -9.897139313068290534e-01
9.420608178502133390e-01 3.843783510685965865e+01 -9.596552366771747833e-01
9.427837310928691705e-01 3.999410878681484149e+01 -9.288489455342302525e-01
9.434971161334501089e-01 4.155941325201445125e+01 -8.973148238733357207e-01
9.442010983676487612e-01 4.313328895091375870e+01 -8.650727677624679979e-01
9.448957981803430828e-01 4.471528425530827633e+01 -8.321427983784330795e-01
9.455813325674083947e-01 4.630495067242681273e+01 -7.985449891002951439e-01
9.462578189837917986e-01 4.790183691366888752e+01 -7.642992719809568181e-01
9.469253759203707377e-01 4.950548248512738780e+01 -7.294253892634222636e-01
9.475841219105402002e-01 5.111542215939584111e+01 -6.939429257069347212e-01
9.482341736882211602e-01 5.273120002432383302e+01 -6.578713898315422526e-01
9.488756453742962504e-01 5.435238132173005710e+01 -6.212302432657544893e-01
9.495086488587556328e-01 5.597855528390635982e+01 -5.840388629197829085e-01
9.501332951313513631e-01 5.760933893936899608e+01 -5.463164422948624255e-01
9.507496960826257171e-01 5.924438454329252579e+01 -5.080818509273369310e-01
9.513579651353069044e-01 6.088338186959452258e+01 -4.693535524073497722e-01
9.519582165945869034e-01 6.252604276791061721e+01 -4.301496070131239358e-01
9.525505625735545268e-01 6.417206934013579200e+01 -3.904878582175560497e-01
9.531351118401709677e-01 6.582114065442142703e+01 -3.503860268891856866e-01
9.537119697698679399e-01 6.747291560258919674e+01 -3.098617400555938040e-01
9.542812403202287630e-01 6.912704305789540626e+01 -2.689324103029506197e-01
9.548430270251752061e-01 7.078316572716785515e+01 -2.276151667376447307e-01
9.553974327455952986e-01 7.244092287442781242e+01 -1.859268693972160325e-01
9.559445589026865919e-01 7.409996409127110439e+01 -1.438841608557244744e-01
9.564845050053580877e-01 7.575996426852057652e+01 -1.015034933775234294e-01
9.570173690229182295e-01 7.742062679088027721e+01 -5.880108817604501326e-02
9.575432481385535155e-01 7.908167538787226647e+01 -1.579286318216506502e-02
9.580622389120657667e-01 8.074284228876186376e+01 2.750558947044629693e-02
9.585744372418232295e-01 8.240386404125536046e+01 7.107900516084181275e-02
9.590799381259947909e-01 8.406448327197399806e+01 1.149124297081721424e-01
9.595788354479902749e-01 8.572445167541225430e+01 1.589912033478314279e-01
9.600712216912781205e-01 8.738353169383644570e+01 2.033009373622908511e-01
9.605571877573033657e-01 8.904149621626172006e+01 2.478274976854537293e-01
9.610368233668841187e-01 9.069812803666434320e+01 2.925570407079290947e-01
9.615102176430252445e-01 9.235321954652377485e+01 3.374760688402285713e-01
9.619774592602109431e-01 9.400657233663635282e+01 3.825714483279495925e-01
9.624386363595022198e-01 9.565799669151171258e+01 4.278304046445617903e-01
9.628938363592510763e-01 9.730731067614104290e+01 4.732405060506891803e-01
9.633431459530198415e-01 9.895434014370626130e+01 5.187896640375904145e-01
9.637866510388649610e-01 1.005989203747621019e+02 5.644661267305429719e-01
9.642244362725824747e-01 1.022408973769115477e+02 6.102584327342416293e-01
9.646565852206075986e-01 1.038801281077136309e+02 6.561554250629383356e-01
9.650831808361504116e-01 1.055164791046568524e+02 7.021463004968209187e-01
9.655043054562382210e-01 1.071498250627730613e+02 7.482206093576995176e-01
9.659200402356747928e-01 1.087800484229862121e+02 7.943681920992302636e-01
9.663304647237355161e-01 1.104070401702296920e+02 8.405791273315813550e-01
9.667356570265409621e-01 1.120306994556392226e+02 8.868437432311638835e-01
9.671356950751521797e-01 1.136509348345053354e+02 9.331527581311065411e-01
9.675306568648514016e-01 1.152676635511449632e+02 9.794973102194979298e-01
9.679206204413721704e-01 1.168808114645541281e+02 1.025868958608296522e+00
9.683056632759791116e-01 1.184903096143027028e+02 1.072259609735243258e+00
9.686858619411236049e-01 1.200960917557990513e+02 1.118661474266079203e+00
9.690612920205190495e-01 1.216980943171166558e+02 1.165067049877161587e+00
9.694320280361357067e-01 1.232962588874190430e+02 1.211469105893152598e+00
9.697981436541373013e-01 1.248905353690458497e+02 1.257860703707400551e+00
9.701597119736792285e-01 1.264808818346286756e+02 1.304235229835203569e+00
9.705168057640763957e-01 1.280672630024258467e+02 1.350586424016584797e+00
9.708694969864466451e-01 1.296496478095251348e+02 1.396908314320832067e+00
9.712178563702503764e-01 1.312280097117294702e+02 1.443195155436764576e+00
9.715619532024425409e-01 1.328023265819472840e+02 1.489441392319874158e+00
9.719018559824413872e-01 1.343725784893589434e+02 1.535641739458441846e+00
9.722376334334535963e-01 1.359387458185546791e+02 1.581791313316479375e+00
9.725693544860373185e-01 1.375008081318079576e+02 1.627885629094226738e+00
9.728970879945362249e-01 1.390587454876585696e+02 1.673920559897073224e+00
9.732209017546173957e-01 1.406125361224767687e+02 1.719892194471706270e+00
9.735408623544371531e-01 1.421621551044488569e+02 1.765796806650368200e+00
9.738570353791702328e-01 1.437075736617769905e+02 1.811630874693740623e+00
9.741694855365269357e-01 1.452487614857120377e+02 1.857391090954674251e+00
9.744782765863391205e-01 1.467856898997531800e+02 1.903074344457881706e+00
9.747834712405878399e-01 1.483183329200603282e+02 1.948677699284293352e+00
9.750851311684266554e-01 1.498466651559169236e+02 1.994198387902800462e+00
9.753833174776915804e-01 1.513706598520908528e+02 2.039633876498050391e+00
9.756780908428658305e-01 1.528902882736608433e+02 2.084981879144159223e+00
9.759695114299516971e-01 1.544055202041107862e+02 2.130240341374685542e+00
9.762576389021463408e-01 1.559163199712237997e+02 2.175407435425786407e+00
9.765425324979953858e-01 1.574226402132844669e+02 2.220481565612201003e+00
9.768242509432418785e-01 1.589244184812408491e+02 2.265461346454809011e+00
9.771028522833710150e-01 1.604215805681316454e+02 2.310345567644571663e+00
9.773783933517848910e-01 1.619140483983619561e+02 2.355133100413490777e+00
9.776509296593629550e-01 1.634017464669621802e+02 2.399822871311886541e+00
9.779205156231944862e-01 1.648846022216490610e+02 2.444413892305932645e+00
9.781872047434609918e-01 1.663625421269155993e+02 2.488905283410136171e+00
9.784510495060143587e-01 1.678354862019645850e+02 2.533296249066748551e+00
9.787121011965591588e-01 1.693033465511140889e+02 2.577586038048940598e+00
9.789704097928612070e-01 1.707660276030476894e+02 2.621773915424586487e+00
9.792260248675913603e-01 1.722234286242540122e+02 2.665859308470596822e+00
9.794789964416771300e-01 1.736754449527533382e+02 2.709841950778325792e+00
9.797293750085785957e-01 1.751219665453259893e+02 2.753721887053727446e+00
9.799772111141689113e-01 1.765628810336833112e+02 2.797499399772709783e+00
9.802225538059048393e-01 1.779980757139641696e+02 2.841174732335336017e+00
9.804654503645000574e-01 1.794274535340426269e+02 2.884748033958573821e+00
9.807059465012439858e-01 1.808508666627158732e+02 2.928219380619404788e+00
9.809440869290046994e-01 1.822682694366962153e+02 2.971588876193427708e+00
9.811799158740861504e-01 1.836795279990647316e+02 3.014856741774680771e+00
9.814134771051555850e-01 1.850845400072927873e+02 3.058023310715349830e+00
9.816448139740299172e-01 1.864832071351063405e+02 3.101089037245936986e+00
9.818739695684386426e-01 1.878754391410054438e+02 3.144054523350793939e+00
9.821009867550495320e-01 1.892611605304575448e+02 3.186920527111261059e+00
9.823259081899210488e-01 1.906403103685583460e+02 3.229687965719660880e+00
9.825487766341645113e-01 1.920128448875300933e+02 3.272357977217855041e+00
9.827696354372893461e-01 1.933787410240377085e+02 3.314932016981581686e+00
9.829885289087769706e-01 1.947379990316091494e+02 3.357411936055533896e+00
9.832055018255810852e-01 1.960906429624515397e+02 3.399799893281723939e+00
9.834205977716130587e-01 1.974367161228598775e+02 3.442098033928878031e+00
9.836338588957453943e-01 1.987762826978323574e+02 3.484308438042944989e+00
9.838453264273652188e-01 2.001094307344547758e+02 3.526433218362740263e+00
9.840550431756610594e-01 2.014362855429159254e+02 3.568475020658945507e+00
9.842630544299338924e-01 2.027570127520804419e+02 3.610437218861628494e+00
9.844694079699815026e-01 2.040718215033641627e+02 3.652323935459761195e+00
9.846741527711339037e-01 2.053809673756933591e+02 3.694139795467934473e+00
9.848773386240422534e-01 2.066847603523348482e+02 3.735889861205019091e+00
9.850790165882933325e-01 2.079835649625852341e+02 3.777579737633198320e+00
9.852792397559874127e-01 2.092777884335036731e+02 3.819215743340564906e+00
9.854780637322345660e-01 2.105678705445579055e+02 3.860805024560656662e+00
9.856755468082143423e-01 2.118542884812763702e+02 3.902355606701186641e+00
9.858717495053704871e-01 2.131375692242496029e+02 3.943876315407258026e+00
9.860667343401825491e-01 2.144182716830055995e+02 3.985376741021869673e+00
9.862605662335471868e-01 2.156971068171356478e+02 4.026867350025142400e+00
9.864533145194630537e-01 2.169747091761178410e+02 4.068359932103967402e+00
9.866450541503118954e-01 2.182518353168434260e+02 4.109867882361589508e+00
9.867880381885917318e-01 2.192085387005176926e+02 4.140972761913942257e+00
9.869309532600107904e-01 2.201686154292513891e+02 4.172192623846158632e+00
9.871205341790296739e-01 2.214483762755523912e+02 4.213808128638008021e+00
9.872620466585018129e-01 2.224085425800410007e+02 4.245022359107294641e+00
9.874036170961336678e-01 2.233734708854014457e+02 4.276378659801316928e+00
9.875916216718324536e-01 2.246619354618935631e+02 4.318220571400130048e+00
9.877556032248382412e-01 2.257927453385318586e+02 4.354904146361218586e+00
9.878728339090028232e-01 2.266053581946854081e+02 4.381237361418196308e+00
9.880364164951689343e-01 2.277453226490345060e+02 4.418133984283118210e+00
9.881766700670048253e-01 2.287286151717738960e+02 4.449909922400607343e+00
9.882701561032216642e-01 2.293871817488090983e+02 4.471162987230203001e+00
9.884161744165290697e-01 2.304209976750956912e+02 4.504475937827685073e+00
9.885274938018725477e-01 2.312135487688049977e+02 4.529969046358116813e+00
9.886441702430321943e-01 2.320484629366744400e+02 4.556779055433215930e+00
9.887615048409820195e-01 2.328925731116420081e+02 4.583833769564901850e+00
9.888671405303265383e-01 2.336564852448997840e+02 4.608271580406069212e+00
9.889964814527246739e-01 2.345970775667935300e+02 4.638297991201490333e+00
9.891379956535801821e-01 2.356330544626817129e+02 4.671283173058839999e+00
9.892563647329785104e-01 2.365053036975043597e+02 4.698980732907689806e+00
9.893750463211569146e-01 2.373852319741972963e+02 4.726850138847843219e+00
9.894943121748573933e-01 2.382750577690433147e+02 4.754956961945317140e+00
9.896140207055634797e-01 2.391739503900199111e+02 4.783269791458624631e+00
9.897159914823099314e-01 2.399443064042927745e+02 4.807468225031664488e+00
9.898434705941348000e-01 2.409135195827776954e+02 4.837825322233173075e+00
9.899375585064562610e-01 2.416333217983756469e+02 4.860306346908520148e+00
9.900878310668779214e-01 2.427909519886044620e+02 4.896345998999240834e+00
9.901743200970993808e-01 2.434617829770789399e+02 4.917163704390395296e+00
9.902609137873940037e-01 2.441368168102746381e+02 4.938062005810856192e+00
9.903612026626938958e-01 2.449228933228245637e+02 4.962335142590663217e+00
9.904874739384739168e-01 2.459192887009145636e+02 4.993003898292965204e+00
9.905894425236058121e-01 2.467294372339611357e+02 5.017857645600842353e+00
9.907182233334840271e-01 2.477597829588263210e+02 5.049359361324479600e+00
9.907962672147299088e-01 2.483881286416952321e+02 5.068511672443432481e+00
9.909212141403226370e-01 2.494003105814136916e+02 5.099271775799023132e+00
9.910108377596256179e-01 2.501310829591522520e+02 5.121410178847725092e+00
9.911016878566011323e-01 2.508759125472479070e+02 5.143915389717029996e+00
9.912137238991562960e-01 2.518000719797741738e+02 5.171757822096444634e+00
9.913000989104370220e-01 2.525168478550465068e+02 5.193290689558073936e+00
9.913838631252052114e-01 2.532155510461948609e+02 5.214229211400453146e+00
9.914506465589315587e-01 2.537751630799424163e+02 5.230963114065590780e+00
9.915146713824002367e-01 2.543137858050359910e+02 5.247039321457395822e+00
9.916340109879260289e-01 2.553233352426847773e+02 5.277092824781610680e+00
9.917072197375820242e-01 2.559462567288267394e+02 5.295586130482383247e+00
9.918113459853242775e-01 2.568369905934563349e+02 5.321964740677806560e+00
9.918788921488236321e-01 2.574177680056129702e+02 5.339123857597654954e+00
9.919787124284612512e-01 2.582802988951314660e+02 5.364550537386921114e+00
9.920446367295224777e-01 2.588527133435113115e+02 5.381388261518868177e+00
9.921335618592820316e-01 2.596283124948050727e+02 5.404157899113616992e+00
9.922483388488775313e-01 2.606353048465089728e+02 5.433644794881376860e+00
9.923140323712106303e-01 2.612147010600536419e+02 5.450571679456346352e+00
9.923808176287334248e-01 2.618059886844579864e+02 5.467817257276882614e+00
9.924653149416101661e-01 2.625573488992150715e+02 5.489690792716447554e+00
9.925519742114751187e-01 2.633317233705678859e+02 5.512187261397382798e+00
9.926400143689063649e-01 2.641223635543419732e+02 5.535108167106924881e+00
9.927300306504682759e-01 2.649348131240749353e+02 5.558612661115148512e+00
9.928223552515691441e-01 2.657723560370330915e+02 5.582792878304900341e+00
9.928790071570852138e-01 2.662884095545090872e+02 5.597667017135134593e+00
9.929749283407137694e-01 2.671658334317880872e+02 5.622915524006761423e+00
9.930338309415541742e-01 2.677069295132340017e+02 5.638460029887667702e+00
9.931134822473388635e-01 2.684414139544333580e+02 5.659528916170803114e+00
9.931957520679123297e-01 2.692034354787181201e+02 5.681349545921319688e+00
9.932581794112547158e-01 2.697839956633183078e+02 5.697947563841571750e+00
9.933222453859934520e-01 2.703818721370527669e+02 5.715017535770376078e+00
9.934096186032961295e-01 2.712006545360304699e+02 5.738357080099030227e+00
9.934541404540199183e-01 2.716193829423641546e+02 5.750276465654022395e+00
9.935457954224757859e-01 2.724845734448978760e+02 5.774870950276665305e+00
9.936160469382104843e-01 2.731506392431980998e+02 5.793773872369102129e+00
9.936880935992783437e-01 2.738363967470728539e+02 5.813206739854409832e+00
9.937495894572796473e-01 2.744238969005543254e+02 5.829831519428789299e+00
9.938121488219817667e-01 2.750236196609648118e+02 5.846779624623235527e+00
9.939160796672812381e-01 2.760246261903246818e+02 5.875016054580370017e+00
9.939694945657114866e-01 2.765414131216105602e+02 5.889567219536066212e+00
9.940375730092885220e-01 2.772023485301656365e+02 5.908151735891888912e+00
9.941079133971814086e-01 2.778879317625006706e+02 5.927399527702958082e+00
9.941512836844985657e-01 2.783120134781364072e+02 5.939290562811377683e+00
9.942245924467123519e-01 2.790311921128716222e+02 5.959430541130153358e+00
9.942849783485653292e-01 2.796258360420832219e+02 5.976058677124088447e+00
9.943630951281491326e-01 2.803981288855298999e+02 5.997621032280591180e+00
9.944439687478419110e-01 2.812013929050095271e+02 6.020006174558733214e+00
9.944937414949477361e-01 2.816976816743402310e+02 6.033814266630184164e+00
9.945448254080581085e-01 2.822085694252872941e+02 6.048011110675247437e+00
9.946141837795062779e-01 2.829046891958250853e+02 6.067327366169387837e+00
9.946679242963347711e-01 2.834460304693176340e+02 6.082326431339676098e+00
9.947232555508067620e-01 2.840051913054164743e+02 6.097799138670970009e+00
9.947802947091887171e-01 2.845835278143762821e+02 6.113781075070816584e+00
9.948193345282794198e-01 2.849804940171892440e+02 6.124738313998382644e+00
9.948788033927520313e-01 2.855869674436399350e+02 6.141458480287464106e+00
9.949193304565996376e-01 2.860015196548510517e+02 6.152873227140296386e+00
9.949819063874423275e-01 2.866436377963825635e+02 6.170530548865567511e+00
9.950248963278948144e-01 2.870862181716951795e+02 6.182684042259671386e+00
9.950914392447394174e-01 2.877736163378351648e+02 6.201532951538383465e+00
9.951257033035670885e-01 2.881286777529817300e+02 6.211256097518995212e+00
9.951843888488717260e-01 2.887385352844204931e+02 6.227937168088234721e+00
9.952322115084688559e-01 2.892371127461729543e+02 6.241556583622376309e+00
9.952814503025246839e-01 2.897519667143027959e+02 6.255603864495195232e+00
9.953322073685838545e-01 2.902843103290207978e+02 6.270110487209525019e+00
9.953845960308196350e-01 2.908355024855889610e+02 6.285111439283865842e+00
9.954519586706931378e-01 2.915468853006365180e+02 6.304442063818933129e+00
9.954937886889216880e-01 2.919901618872465860e+02 6.316469660062923097e+00
9.955367586705249350e-01 2.924467419503216661e+02 6.328844198603542637e+00
9.955809446208156999e-01 2.929175191769339222e+02 6.341589246142437020e+00
9.956414875400296793e-01 2.935646569783533550e+02 6.359085949709374574e+00
9.956882115261579402e-01 2.940657255512974189e+02 6.372615729969336229e+00
9.957364305507077074e-01 2.945843233479696437e+02 6.386602937321824491e+00
9.957694647789196996e-01 2.949404851183974188e+02 6.396199819586485091e+00
9.958204391530577348e-01 2.954914837162890535e+02 6.411031674974319472e+00
9.958554331825923978e-01 2.958707552398308280e+02 6.421230083351187723e+00
9.959095524598978733e-01 2.964589456252778064e+02 6.437028484240693516e+00
9.959562594527735513e-01 2.969681821204558219e+02 6.450688869630593736e+00
9.960045505597787674e-01 2.974962608733139859e+02 6.464837790651612792e+00
9.960343411253066437e-01 2.978228149863235785e+02 6.473579043125846866e+00
9.960854494326569775e-01 2.983844068506507483e+02 6.488598366865304001e+00
9.961277448285118519e-01 2.988504477317085843e+02 6.501049832819632002e+00
9.961713919593757627e-01 2.993326026659075865e+02 6.513920246179131901e+00
9.962161918280310058e-01 2.998287905643070417e+02 6.527152868149463494e+00
9.962505693319740896e-01 3.002104575437963376e+02 6.537322402869981453e+00
9.962858572444537320e-01 3.006030687213125816e+02 6.547775213847272013e+00
9.963221125104277931e-01 3.010073307532123295e+02 6.558529360912725537e+00
9.963593986330890884e-01 3.014240247684451788e+02 6.569604989087453717e+00
9.963977866504906133e-01 3.018540111704806463e+02 6.581024642108764588e+00
9.964373559441993544e-01 3.022982528702439708e+02 6.592813530617975815e+00
9.964644356591672025e-01 3.026028637663044947e+02 6.600891872343088274e+00
9.965061743102501257e-01 3.030732929237996700e+02 6.613359974572131428e+00
9.965347929889251111e-01 3.033964989194943769e+02 6.621920688822896750e+00
9.965789926785999508e-01 3.038967200054185014e+02 6.635161095603689496e+00
9.966093636738425632e-01 3.042411871633871669e+02 6.644272383535215987e+00
9.966559567315705914e-01 3.047708503279792467e+02 6.658271604147799394e+00
9.966880427217708061e-01 3.051364560070493326e+02 6.667927157394314186e+00
9.967378328212044281e-01 3.057051658998313428e+02 6.682934875631266536e+00
9.967809783515868549e-01 3.061993055776891310e+02 6.695964046311353890e+00
9.968257684029371291e-01 3.067135568821670972e+02 6.709513818274158048e+00
9.968534955838771472e-01 3.070325383036251878e+02 6.717914089583833182e+00
9.969012406558794837e-01 3.075829377976056662e+02 6.732401221383787160e+00
9.969308756731882770e-01 3.079253035888327759e+02 6.741407491469638913e+00
9.969613046775022136e-01 3.082774400917811590e+02 6.750666455286598477e+00
9.969925771600518516e-01 3.086399705188034090e+02 6.760194168072519716e+00
9.970247479264872092e-01 3.090135829524786573e+02 6.770008422227314249e+00
9.970691443777704999e-01 3.095302828580656751e+02 6.783573894725913433e+00
9.971036607767090887e-01 3.099328721068716845e+02 6.794137876355011763e+00
9.971393088047536546e-01 3.103494456355633702e+02 6.805064277876973655e+00
9.971637472447061334e-01 3.106354727575034076e+02 6.812564345501032292e+00
9.972014842903836884e-01 3.110778440565141523e+02 6.824160966851192889e+00
9.972274093111264115e-01 3.113822484376141233e+02 6.832138542600342923e+00
9.972575290295068173e-01 3.117364255342283172e+02 6.841418013931865438e+00
9.972922000224022643e-01 3.121448220583870352e+02 6.852114557753822943e+00
9.973280657224116164e-01 3.125680977450265914e+02 6.863196576164990681e+00
9.973558081309227275e-01 3.128960663601644683e+02 6.871780472500946146e+00
9.973843238065247530e-01 3.132336714473635197e+02 6.880614488018790276e+00
9.974136641173761975e-01 3.135815453575206675e+02 6.889715534709851319e+00
9.974438858290636256e-01 3.139403907519860581e+02 6.899102324781205553e+00
9.974750515538618467e-01 3.143109798271088948e+02 6.908795532804636430e+00
9.975181926553605694e-01 3.148248680598996998e+02 6.922235658646652467e+00
9.975404964969021293e-01 3.150909731138657435e+02 6.929194420928735276e+00
9.975740710655780497e-01 3.154920963537646799e+02 6.939682920020952217e+00
9.976084019075507348e-01 3.159029515545490199e+02 6.950424326863175573e+00
9.976319905302465374e-01 3.161856579193381549e+02 6.957814559281880307e+00
9.976685048465973038e-01 3.166239033650039119e+02 6.969270309045155543e+00
9.976936576052695127e-01 3.169262120264770601e+02 6.977172923032025409e+00
9.977327010428558296e-01 3.173961250294729552e+02 6.989458303040017029e+00
9.977596755686080066e-01 3.177212409798059412e+02 6.997959375561626061e+00
9.977874647642224204e-01 3.180565683336602660e+02 7.006728656765867314e+00
9.978161248682079210e-01 3.184028238585954682e+02 7.015785066225093125e+00
9.978457182292497230e-01 3.187608161512929996e+02 7.025149616372154071e+00
9.978685681051390199e-01 3.190375595768392714e+02 7.032389542938282112e+00
9.978920154480180882e-01 3.193218258406104724e+02 7.039827265979632820e+00
9.979242710965282592e-01 3.197133384531243792e+02 7.050073247506023932e+00
9.979408528064854789e-01 3.199148019307527875e+02 7.055346862452029022e+00
9.979749878048177480e-01 3.203299255070093636e+02 7.066216999291519585e+00
9.979925724695731803e-01 3.205439761854842118e+02 7.071824131351122311e+00
9.980288529745338089e-01 3.209860190444109662e+02 7.083408721783606588e+00
9.980475867178884020e-01 3.212144961631028650e+02 7.089399059727138130e+00
9.980764821692650335e-01 3.215672020452739730e+02 7.098650253039285651e+00
9.981063982578021188e-01 3.219327557345229707e+02 7.108243126911942156e+00
9.981269508387591305e-01 3.221841273078715062e+02 7.114842403310459140e+00
9.981587598926524585e-01 3.225735226265747428e+02 7.125070501755567776e+00
9.981806669382242703e-01 3.228419361734590893e+02 7.132124972724392720e+00
9.982031749578805790e-01 3.231178901019566752e+02 7.139381839668112129e+00
9.982381475806171300e-01 3.235469783606208694e+02 7.150675498992069556e+00
9.982623346236442208e-01 3.238439612620178423e+02 7.158499217329644893e+00
9.982872737916601569e-01 3.241503694275762086e+02 7.166577538985237084e+00
9.983130182164108302e-01 3.244668714732667922e+02 7.174928917721601351e+00
9.983396273700049228e-01 3.247942187897168651e+02 7.183574044013902871e+00
9.983671684421697723e-01 3.251332502423896358e+02 7.192536324952927274e+00
9.983957179697369178e-01 3.254849044274646417e+02 7.201842453478339401e+00
9.984253637137215920e-01 3.258502547669062324e+02 7.211523072757230146e+00
9.984406293963175028e-01 3.260384511439806374e+02 7.216514898673730194e+00
9.984641183739834114e-01 3.263280827669717610e+02 7.224205011542772503e+00
9.984883613646687861e-01 3.266270700710184087e+02 7.232153963300234523e+00
9.985219528053926874e-01 3.270414562370432350e+02 7.243188616977135119e+00
9.985393346580382357e-01 3.272559343338267013e+02 7.248908000761410619e+00
9.985661963323834156e-01 3.275874319421938594e+02 7.257759632929277060e+00
9.985940768752048502e-01 3.279315451485206836e+02 7.266963966130450814e+00
9.986132751984105882e-01 3.281685080768012881e+02 7.273312217838349802e+00
9.986430633305444227e-01 3.285361384933053159e+02 7.283178940309291249e+00
9.986636340980088455e-01 3.287899629587483901e+02 7.290004713541328840e+00
9.986848179599125963e-01 3.290512821909587728e+02 7.297044444578804523e+00
9.987178338722532134e-01 3.294583822030838860e+02 7.308037847047986091e+00
9.987349444046859093e-01 3.296692851307375349e+02 7.313745824628902881e+00
9.987524851726983233e-01 3.298854242392873743e+02 7.319605001340412365e+00
9.987765844015680239e-01 3.301822399136851800e+02 7.327667797113615933e+00
9.988015577918140098e-01 3.304896272876684975e+02 7.336039101576582233e+00
9.988274800149772314e-01 3.308084358058982843e+02 7.344746102760042916e+00
9.988544362552871370e-01 3.311396251965174429e+02 7.353819903847165662e+00
9.988753905693313895e-01 3.313968031694449792e+02 7.360887417797929544e+00
9.988970266660069930e-01 3.316620617586293633e+02 7.368198041590513725e+00
9.989270221423027785e-01 3.320292750645917863e+02 7.378355863518546442e+00
9.989504550052760168e-01 3.323157019608460701e+02 7.386310124396046284e+00
9.989747628014434833e-01 3.326123585284159958e+02 7.394579310462585653e+00
9.990051947931041232e-01 3.329829913313101883e+02 7.404958295654744838e+00
9.990263205772492716e-01 3.332397315736919268e+02 7.412181123992554355e+00
9.990481762035228197e-01 3.335047945482579053e+02 7.419669186923678161e+00
9.990785530834477290e-01 3.338721699456466467e+02 7.430103993952315022e+00
9.991023505581886344e-01 3.341590861055850041e+02 7.438301573656280752e+00
9.991271012511192540e-01 3.344565939503407890e+02 7.446849533646157759e+00
9.991528929002418957e-01 3.347655461228918625e+02 7.455781681448968357e+00
9.991798280720175507e-01 3.350869212995975772e+02 7.465137649827997102e+00
9.991984794926396241e-01 3.353086284608199321e+02 7.471633424047929850e+00
9.992177328124328684e-01 3.355366963495915229e+02 7.478353954456839148e+00
9.992478392564185796e-01 3.358915536042047165e+02 7.488894587612815457e+00
9.992688036569071786e-01 3.361373134241916887e+02 7.496258258357441306e+00
9.992905497192673403e-01 3.363909647267673790e+02 7.503917863902911378e+00
9.993131439165223728e-01 3.366530417584075963e+02 7.511900109707937645e+00
9.993247827739355493e-01 3.367874271000835051e+02 7.516021800778416306e+00
9.993487959678186705e-01 3.370632287248546959e+02 7.524547304021106164e+00
9.993674973098491954e-01 3.372765807818055350e+02 7.531207845721086258e+00
9.993868412429605108e-01 3.374958292255253127e+02 7.538117171679797224e+00
9.994068783400280598e-01 3.377212784405647312e+02 7.545296201909836853e+00
9.994276648665150198e-01 3.379532495071650260e+02 7.552768484309459573e+00
9.994492639380627708e-01 3.381920826634732293e+02 7.560560761492178372e+00
9.994641497712507539e-01 3.383552889374882966e+02 7.565948423258289424e+00
9.994872678435071656e-01 3.386062957947397649e+02 7.574344735389952454e+00
9.995032449859110324e-01 3.387779191963474545e+02 7.580169269000743171e+00
9.995197091961360858e-01 3.389530672375011022e+02 7.586190750421725859e+00
9.995366937452522249e-01 3.391318048318304363e+02 7.592424035441882602e+00
9.995542352050760249e-01 3.393141931272230067e+02 7.598885733609821891e+00
9.995632269244164592e-01 3.394067671128374286e+02 7.602207911572999244e+00
9.995816803494208536e-01 3.395946461363378717e+02 7.609047771797609272e+00
9.996007985421709874e-01 3.397861374099417731e+02 7.616167016067787898e+00
9.996106220069089776e-01 3.398832070128421492e+02 7.619839027347503624e+00
9.996308346586166849e-01 3.400798570542185075e+02 7.627425928059701654e+00
9.996412368419599348e-01 3.401793626862571500e+02 7.631348187172282138e+00
9.996572341019539509e-01 3.403299530596307818e+02 7.637405166453799410e+00
9.996654165764250477e-01 3.404057817336604330e+02 7.640515853040363403e+00
9.996737268852544656e-01 3.404819155374622710e+02 7.643684303982862360e+00
9.996907478591154916e-01 3.406348978179397591e+02 7.650204302267697543e+00
9.997083254080765258e-01 3.407884273596244498e+02 7.656985328403926871e+00
9.997203659123680142e-01 3.408907717189442224e+02 7.661662069164261624e+00
9.997295716088870909e-01 3.409673510828127405e+02 7.665257056331268970e+00
9.997389315847620139e-01 3.410436343350642687e+02 7.668931043660251134e+00
9.997484485856261704e-01 3.411194680425160755e+02 7.672687922549363826e+00
9.997581247233376933e-01 3.411946713678347010e+02 7.676531943264449431e+00
9.997679612228204116e-01 3.412690327581480574e+02 7.680467864986066040e+00
9.997739394289327786e-01 3.413131401501121331e+02 7.682875486082645367e+00
9.997820000854189537e-01 3.413712319836502047e+02 7.686142031412073194e+00
9.997929051550846768e-01 3.414471471664308524e+02 7.690602647140808656e+00
9.997984214594728414e-01 3.414843136643228263e+02 7.692879665488191243e+00
9.998039795735214064e-01 3.415208749485239537e+02 7.695189124328680741e+00
9.998095779159665852e-01 3.415567642834546973e+02 7.697531474133811003e+00
9.998208912998742814e-01 3.416262615607985254e+02 7.702316692947959176e+00
9.998265973426959663e-01 3.416597154527327689e+02 7.704755800765433094e+00
9.998323339786087116e-01 3.416922200846883015e+02 7.707221908048233594e+00
9.998380985682069344e-01 3.417237171133392053e+02 7.709708372192342729e+00
9.998467947419584778e-01 3.417689966144702680e+02 7.713437497152923150e+00
9.998526250026127382e-01 3.417978588221126302e+02 7.715902793651840952e+00
9.998555514960351109e-01 3.418119005474654273e+02 7.717118627804959274e+00
9.998614299637414993e-01 3.418392304874645902e+02 7.719510925044639649e+00
9.998643847881024671e-01 3.418525330137118203e+02 7.720685695837660845e+00
9.998673512895481785e-01 3.418656019764781036e+02 7.721846360826064348e+00
9.998733233069112547e-01 3.418910609021447726e+02 7.724128810713876803e+00
9.998793574077052826e-01 3.419156443820574509e+02 7.726366752116784475e+00
9.998824016846992180e-01 3.419276153520333992e+02 7.727472300962123342e+00
9.998854656500272275e-01 3.419393738380773584e+02 7.728570576494337985e+00
9.998916573648619632e-01 3.419622512113659809e+02 7.730749886636853141e+00
9.998979452562853920e-01 3.419842637757561192e+02 7.732914798782033472e+00
9.999043416463473388e-01 3.420053796458219040e+02 7.735075087194162258e+00
9.999125084778498485e-01 3.420304323575996932e+02 7.737783918628533542e+00
9.999175115050784601e-01 3.420446959457504477e+02 7.739422348884478886e+00
9.999243130945403291e-01 3.420627312794957788e+02 7.741630609228645987e+00
9.999312785469907094e-01 3.420795333483668514e+02 7.743875619543963751e+00
9.999348281186141163e-01 3.420874280751231709e+02 7.745015322733640240e+00
9.999420696978659207e-01 3.421020926434792386e+02 7.747334837472089397e+00
9.999476355849528098e-01 3.421120114559519152e+02 7.749115484648968710e+00
9.999533256625676714e-01 3.421208946360127356e+02 7.750936477591590545e+00
9.999611203631671996e-01 3.421309253040269027e+02 7.753435953573079686e+00
9.999671357732496935e-01 3.421369162092896090e+02 7.755371855777606349e+00
9.999724755022235678e-01 3.421409093873070901e+02 7.757097381691314020e+00
9.999792197722634501e-01 3.421441078034113730e+02 7.759288648340826988e+00
9.999826680284464864e-01 3.421449255881145746e+02 7.760415004889412494e+00
9.999897257606218393e-01 3.421448094862061566e+02 7.762734839480779137e+00
9.999933403873831894e-01 3.421437972442550972e+02 7.763931280844952099e+00
9.999970151280588304e-01 3.421420866709204915e+02 7.765153932859951702e+00
9.999985024668397449e-01 3.421411959585435056e+02 7.765650699797594925e+00
