# -56 2 0.191097179331 4.04212180101e-05
# x xi_r xi_h
1.310287751119751072e-03 1.261302417221777432e+02 5.710250303372256298e+01
1.460995662986557019e-03 1.358442885408162510e+02 5.987369461957628403e+01
1.650884358646134958e-03 1.460802551561137363e+02 6.185925142826376799e+01
1.840773054305712029e-03 1.539714183116735455e+02 6.213050955814414777e+01
2.080034956818093209e-03 1.604582274027804658e+02 6.005666199065110078e+01
2.319296859330475039e-03 1.630643149693867997e+02 5.542874032560669662e+01
2.520287072229036949e-03 1.623107243685095682e+02 4.976214058630014847e+01
2.721277285127598859e-03 1.589954025102718163e+02 4.269535083005534659e+01
2.922267498026161203e-03 1.532921638248092222e+02 3.448917737228427427e+01
3.112225549436466957e-03 1.459067568653614160e+02 2.595507937405818311e+01
3.302183600846774012e-03 1.368129416153907414e+02 1.693723982804934280e+01
3.492141652257081067e-03 1.262628687167219113e+02 7.715195166125910831e+00
3.682099703667386821e-03 1.145298719363425306e+02 -1.430401282454125012e+00
3.921500270735109317e-03 9.851725057636512872e+01 -1.244948437166926425e+01
4.160900837802832680e-03 8.166260000756039972e+01 -2.241056805338882540e+01
4.400301404870555176e-03 6.455072572318395885e+01 -3.087167947898576870e+01
4.639701971938277672e-03 4.773994384195212604e+01 -3.747744575988048865e+01
4.869433365318841418e-03 3.236498382948332164e+01 -4.183058177763737007e+01
5.099164758699403430e-03 1.813976328591466824e+01 -4.411667416283903975e+01
5.328896152079966309e-03 5.397490028832674369e+00 -4.430998730566507504e+01
5.558627545460530055e-03 -5.601696842445792690e+00 -4.248332759525639801e+01
5.787748083093968016e-03 -1.465458354492161241e+01 -3.881415796875440805e+01
6.016868620727404242e-03 -2.169215730838126532e+01 -3.354654695707896650e+01
6.245989158360841335e-03 -2.669241085189093710e+01 -2.699383912562565513e+01
6.507314466583081353e-03 -2.998379131564476552e+01 -1.843236705841504985e+01
6.768639774805322237e-03 -3.088375592400466729e+01 -9.254798644338723790e+00
7.029965083027563122e-03 -2.967112212313297803e+01 -6.079990173761074673e-02
7.291290391249803139e-03 -2.669996289947176038e+01 8.573874997774431961e+00
7.588259160035928062e-03 -2.171635766305465864e+01 1.705650425931235858e+01
7.885227928822052118e-03 -1.561816415149644222e+01 2.354943840604179428e+01
8.182196697608175306e-03 -9.034937412024454773e+00 2.763091040786686747e+01
8.479165466394300230e-03 -2.552823658726443679e+00 2.909776966630067108e+01
8.776134235180425153e-03 3.321232963353214274e+00 2.797315973968140312e+01
9.062891590263655664e-03 8.040686749213509898e+00 2.464448088122520986e+01
9.349648945346886175e-03 1.156680655564040094e+01 1.949893261058090133e+01
9.636406300430114952e-03 1.376329147148977583e+01 1.304091066886216055e+01
9.923163655513347198e-03 1.460628762604404685e+01 5.854804392503904609e+00
1.020992101059657944e-02 1.417495848636794875e+01 -1.444350684243627336e+00
1.049667836567980995e-02 1.263580117479696696e+01 -8.260803945946300075e+00
1.078343572076304047e-02 1.022224132895199311e+01 -1.406460442533848543e+01
1.107585216327150977e-02 7.148807321896646805e+00 -1.850087193775326355e+01
1.136826860577998081e-02 3.767923282667500207e+00 -2.113867553230765495e+01
1.166068504828845012e-02 3.877875020072948931e-01 -2.183684781420707921e+01
1.195310149079691076e-02 -2.712246736841729788e+00 -2.062340717535323620e+01
1.224551793330539047e-02 -5.300903397712439791e+00 -1.768619916356334798e+01
1.253793437581384937e-02 -7.208933441152549193e+00 -1.335059445855621263e+01
1.283035081832233082e-02 -8.337138693181001869e+00 -8.046568915083136986e+00
1.312276726083078972e-02 -8.658314692225255627e+00 -2.268302379467674879e+00
1.341518370333926076e-02 -8.213426739168403046e+00 3.470046589801513814e+00
1.372371033175165053e-02 -7.026580250279020667e+00 8.938743498045521818e+00
1.403223696016404030e-02 -5.272754816871501937e+00 1.332546640466275534e+01
1.434076358857643008e-02 -3.161891734051016645e+00 1.625735036881811624e+01
1.464929021698880944e-02 -9.193270632891462624e-01 1.751375874401088595e+01
1.495781684540119921e-02 1.235640567049264726e+00 1.704105233862050994e+01
1.526634347381359072e-02 3.108998372583159142e+00 1.495120732688950049e+01
1.557487010222598049e-02 4.547564854332529549e+00 1.150496550467442347e+01
1.588339673063835986e-02 5.449736677854990496e+00 7.081633496946690975e+00
1.619192335905075136e-02 5.770833799897287619e+00 2.138837916369990211e+00
1.650044998746313940e-02 5.522953929949008689e+00 -2.833617022087651094e+00
1.680897661587552050e-02 4.769737066338380238e+00 -7.361225268615060990e+00
1.711941423928450140e-02 3.608890787391725308e+00 -1.104834191745018579e+01
1.742985186269348924e-02 2.181096324438399403e+00 -1.354206047104116806e+01
1.774028948610247014e-02 6.392602798179395363e-01 -1.464426526373053505e+01
1.805072710951145104e-02 -8.635044357522467795e-01 -1.429643692544227562e+01
1.836116473292042847e-02 -2.187985757267532971e+00 -1.258049135078209524e+01
1.867160235632940937e-02 -3.220784651002713161e+00 -9.706286008461203707e+00
1.898203997973839027e-02 -3.883094212005838042e+00 -5.987354932553643039e+00
1.929247760314737117e-02 -4.135743652285492011e+00 -1.807530367055696141e+00
1.960291522655635901e-02 -3.980278757027350789e+00 2.418075792977595118e+00
1.991335284996533991e-02 -3.456225385862237154e+00 6.283802400428721846e+00
2.022379047337432081e-02 -2.635024065340886956e+00 9.431897504961712642e+00
2.053422809678330171e-02 -1.611401318348448353e+00 1.158506272263865533e+01
2.083870335922823058e-02 -5.144819845222105004e-01 1.256245896228454306e+01
2.114317862167315945e-02 5.695125682613402240e-01 1.236106172746665521e+01
2.144765388411808138e-02 1.543901758424296000e+00 1.103598482367297251e+01
2.175212914656301025e-02 2.327429490798585299e+00 8.742501649633920735e+00
2.205660440900793912e-02 2.860517549500861456e+00 5.718341597152858391e+00
2.236107967145287145e-02 3.109221670188768716e+00 2.259251371701090250e+00
2.266555493389780032e-02 3.066694429203252970e+00 -1.309690070197203848e+00
2.297003019634272919e-02 2.752189060863314385e+00 -4.664252625389283757e+00
2.327450545878765112e-02 2.207848876791510317e+00 -7.509978611606591414e+00
2.357898072123257999e-02 1.493701518226276503e+00 -9.607335832192550384e+00
2.388999902351006052e-02 6.637134132923019347e-01 -1.080582397966219155e+01
2.420101732578754106e-02 -1.873187138204751301e-01 -1.096879268847854938e+01
2.451203562806502159e-02 -9.805564833743686259e-01 -1.011124662725168477e+01
2.482305393034249866e-02 -1.646619358057332727e+00 -8.341583591693808586e+00
2.513407223261997919e-02 -2.131299824960337208e+00 -5.848428079217455888e+00
2.544509053489744932e-02 -2.399588831928806787e+00 -2.880649852121892618e+00
2.575610883717492985e-02 -2.437757036963275947e+00 2.773424185874678316e-01
2.606712713945241039e-02 -2.253424988163420295e+00 3.332607757732506837e+00
2.637814544172989092e-02 -1.873736372932095939e+00 6.010454022145366615e+00
2.668916374400737146e-02 -1.341907662611632190e+00 8.078597485389718003e+00
2.700018204628484852e-02 -7.125525206052355509e-01 9.366641944422703148e+00
2.731120034856232906e-02 -4.626174247956721386e-02 9.779322863769982277e+00
2.762221865083979919e-02 5.960449820801920762e-01 9.302580995322049517e+00
2.793323695311727972e-02 1.158490485220258881e+00 8.002203269926265961e+00
2.826513052570591919e-02 1.618463158349570774e+00 5.865104815125141258e+00
2.859702409829455866e-02 1.896106325407592497e+00 3.185086212459204980e+00
2.892891767088319119e-02 1.972128648488286506e+00 2.462687149560989497e-01
2.926081124347183066e-02 1.848135732489385230e+00 -2.649623535915785144e+00
2.959270481606045972e-02 1.545404691649884255e+00 -5.213854391693915957e+00
2.992459838864909918e-02 1.101804742695292161e+00 -7.198946198439093003e+00
3.025649196123773171e-02 5.672643115651172518e-01 -8.421926998473912462e+00
3.058838553382637118e-02 -1.697648172431280361e-03 -8.780444367100319170e+00
3.092027910641501065e-02 -5.477974756289623048e-01 -8.260412609570565223e+00
3.125217267900363971e-02 -1.018588954659223278e+00 -6.934737822335373281e+00
3.158406625159228265e-02 -1.371314439304024191e+00 -4.953554485290396769e+00
3.191595982418091171e-02 -1.576578369853228745e+00 -2.527220564678988257e+00
3.224785339676954771e-02 -1.620552407657638749e+00 9.602084461380368252e-02
3.257974696935817677e-02 -1.505577355378679094e+00 2.655355061145504347e+00
3.291164054194681970e-02 -1.249187137227015354e+00 4.903122462699288420e+00
3.324353411453546264e-02 -8.817289564029761051e-01 6.628448972346954626e+00
3.357542768712409170e-02 -4.428778473903304258e-01 7.676565318065905252e+00
3.390732125971272770e-02 2.256715651715532692e-02 7.962097450809504373e+00
3.423921483230135676e-02 4.691705498040981692e-01 7.475254885331275467e+00
3.457110840488999970e-02 8.551930813571240186e-01 6.280566771571429285e+00
3.491112367483018009e-02 1.152003032157668860e+00 4.460305716563508938e+00
3.525113894477036047e-02 1.323879040112968530e+00 2.230343190628384153e+00
3.559115421471054780e-02 1.358660616118714026e+00 -1.781774321782624848e-01
3.593116948465072819e-02 1.258143487800678750e+00 -2.522386763812728194e+00
3.627118475459092245e-02 1.037290995562020424e+00 -4.571899726156723354e+00
3.661120002453110284e-02 7.222069039035028393e-01 -6.131083273926475563e+00
3.695121529447128322e-02 3.471238099102896268e-01 -7.057273594602866851e+00
3.729123056441145667e-02 -4.925692794716870354e-02 -7.273293875230517180e+00
3.763124583435163706e-02 -4.276920367289337999e-01 -6.773228430325038296e+00
3.797126110429181745e-02 -7.522010400042179468e-01 -5.621096383439954991e+00
3.831127637423199783e-02 -9.933901199464850729e-01 -3.942768847779944963e+00
3.865129164417219210e-02 -1.130999353499905880e+00 -1.912118962378836828e+00
3.899130691411237248e-02 -1.155465648420040292e+00 2.670770754241519884e-01
3.933132218405255287e-02 -1.068397358965281319e+00 2.381605689448630603e+00
3.967133745399273326e-02 -8.819651211688842585e-01 4.229596844955708868e+00
4.001135272393290671e-02 -6.173163115245742238e-01 5.639604706395806133e+00
4.035136799387308709e-02 -3.022081601386564231e-01 6.486203263297024790e+00
4.069138326381326748e-02 3.188066914055041889e-02 6.700708410815359173e+00
4.103139853375346174e-02 3.528633208730620474e-01 6.276155186323645552e+00
4.137141380369364213e-02 6.310791940448929882e-01 5.266242133026039163e+00
4.171142907363382252e-02 8.419681789556100471e-01 3.778544690893237856e+00
4.205144434357400290e-02 9.681509678616052605e-01 1.962838311298664928e+00
4.239145961351419023e-02 1.000749036334896980e+00 -4.190836028108967277e-03
4.273147488345437062e-02 9.398573915369814458e-01 -1.936272598389277011e+00
4.307149015339455100e-02 7.941666780279456050e-01 -3.655208118684554641e+00
4.325489917444660243e-02 6.850821701036137190e-01 -4.441716755095230340e+00
4.343830819549863304e-02 5.590600669274863321e-01 -5.099251842582260608e+00
4.362171721655067058e-02 4.198271928577589351e-01 -5.611510263637696561e+00
4.380512623760270813e-02 2.713905906008546864e-01 -5.966388325222840905e+00
4.398853525865475261e-02 1.179226964727441707e-01 -6.156236483643184876e+00
4.417194427970679016e-02 -3.635497179612968283e-02 -6.177987297265262079e+00
4.435535330075882771e-02 -1.872864240110765355e-01 -6.033156156433935102e+00
4.453876232181087219e-02 -3.308910608180284929e-01 -5.727717841212617067e+00
4.472217134286290280e-02 -4.634659747947323938e-01 -5.271865264740820400e+00
4.490558036391494035e-02 -5.816781669154530432e-01 -4.679659788568146794e+00
4.527239840601902238e-02 -7.632396134540790911e-01 -3.171428131524284932e+00
4.563921644812309747e-02 -8.609794445562147791e-01 -1.363101962480884444e+00
4.600603449022717950e-02 -8.677542336198779127e-01 5.521065536473217517e-01
4.637285253233124765e-02 -7.859542457986596897e-01 2.375702299716604848e+00
4.673967057443533663e-02 -6.268372296081288209e-01 3.924317757024060160e+00
4.710648861653941866e-02 -4.090027482162686412e-01 5.047756259532167000e+00
4.747330665864348681e-02 -1.562077071995487121e-01 5.642958048828232265e+00
4.784012470074756884e-02 1.052229627296504821e-01 5.662680701138973483e+00
4.820694274285165087e-02 3.491120314073828945e-01 5.118277121878682223e+00
4.857376078495573291e-02 5.519982624415594730e-01 4.076571104158748682e+00
4.894057882705980800e-02 6.953144785142122419e-01 2.651409979920091420e+00
4.931285321897629220e-02 7.674741026410640821e-01 9.657435013049959771e-01
4.968512761089276947e-02 7.610507383937238357e-01 -7.879016057561306630e-01
5.005740200280924673e-02 6.791640202382991376e-01 -2.433270647450254121e+00
5.042967639472573094e-02 5.322632097646536886e-01 -3.809510680112364156e+00
5.080195078664220820e-02 3.368053344000993543e-01 -4.786494022684912863e+00
5.117422517855869241e-02 1.134086034398227999e-01 -5.276631299111182116e+00
5.154649957047517661e-02 -1.153158497331093213e-01 -5.242155391702809197e+00
5.191877396239164694e-02 -3.270301379697364008e-01 -4.697331181528767274e+00
5.229104835430813114e-02 -5.018115674677806615e-01 -3.705554806894591824e+00
5.266332274622462228e-02 -6.239709233779849873e-01 -2.371800309355436287e+00
5.303559713814109261e-02 -6.833882250183153095e-01 -8.313038022475682798e-01
5.340787153005757681e-02 -6.762607772259450201e-01 7.642940147028771669e-01
5.378014592197404714e-02 -6.052193952427776802e-01 2.261925605015658203e+00
5.415242031389053134e-02 -4.788308914200710142e-01 3.521717650304968750e+00
5.452469470580702249e-02 -3.105622792541528066e-01 4.429868004012575078e+00
5.489696909772349281e-02 -1.173294338353022687e-01 4.908611631546148324e+00
5.526924348963997702e-02 8.221385647494255933e-02 4.922433458133832040e+00
5.564151788155646122e-02 2.694738437184678870e-01 4.480079296210519146e+00
5.601379227347293849e-02 4.276297498783944717e-01 3.632336400217103467e+00
5.638606666538942269e-02 5.431064703654111536e-01 2.465960408826247452e+00
5.675834105730589996e-02 6.066824254807741124e-01 1.094476506588795139e+00
5.713557747568415168e-02 6.138756966263275716e-01 -3.720553536836537778e-01
5.751281389406241035e-02 5.645374930771742683e-01 -1.779433850819763796e+00
5.789005031244066207e-02 4.648473191936666749e-01 -3.000048144816263918e+00
5.826728673081892074e-02 3.253279494076284362e-01 -3.927403643118660526e+00
5.864452314919717246e-02 1.597013594368568989e-01 -4.484999783802585682e+00
5.902175956757541725e-02 -1.648439702085971112e-02 -4.632019770343820397e+00
5.939899598595368285e-02 -1.873189305950137551e-01 -4.365511871401880128e+00
5.977623240433192764e-02 -3.379475197695069322e-01 -3.719087678348917958e+00
6.015346882271019324e-02 -4.558212866756990445e-01 -2.758474015623382236e+00
6.053070524108843803e-02 -5.316813470679472298e-01 -1.574506905646922084e+00
6.090794165946669669e-02 -5.602091029886994145e-01 -2.743319342266377081e-01
6.128517807784496230e-02 -5.403083440422655759e-01 1.028331451854136880e+00
6.149838126173343134e-02 -5.084094466884606645e-01 1.726568759348904303e+00
6.171158444562190731e-02 -4.629196606567711481e-01 2.370876836202246984e+00
6.192478762951038329e-02 -4.053014596327166874e-01 2.944304279843886540e+00
6.213799081339885233e-02 -3.373192172471948247e-01 3.432100110775185620e+00
6.235119399728732831e-02 -2.609845881563571113e-01 3.822068535766703246e+00
6.256439718117580429e-02 -1.784966797695993479e-01 4.104847943864600168e+00
6.277760036506427332e-02 -9.217874829532451963e-02 4.274108586198889448e+00
6.299080354895275624e-02 -4.413191143457899542e-03 4.326665634936626148e+00
6.320400673284122528e-02 8.242340076951945593e-02 4.262506591014907364e+00
6.341720991672969432e-02 1.660234209520208837e-01 4.084734256681016973e+00
6.384361628450666015e-02 3.141654903110041586e-01 3.422097422402929023e+00
6.427002265228359823e-02 4.264960299121751119e-01 2.415482943456609188e+00
6.469642902006055019e-02 4.925193044675063025e-01 1.176117344254382635e+00
6.512283538783750214e-02 5.068258814238179033e-01 -1.640811615226908660e-01
6.554924175561444022e-02 4.694345731467874927e-01 -1.466603121033090762e+00
6.597564812339139217e-02 3.855718071298177563e-01 -2.600587502661797945e+00
6.640205449116834413e-02 2.649386133156457768e-01 -3.455757499378197206e+00
6.682846085894529609e-02 1.205640052004033763e-01 -3.952802327686900430e+00
6.725486722672224804e-02 -3.262041657600544403e-02 -4.050265811341057010e+00
6.768127359449918612e-02 -1.793292052610522547e-01 -3.747394975063949030e+00
6.810767996227613807e-02 -3.054357676085883710e-01 -3.082832361409786337e+00
6.854182003929965017e-02 -4.006301947862009882e-01 -2.110411563445230065e+00
6.897596011632314839e-02 -4.539032112034606659e-01 -9.429414096466235407e-01
6.941010019334666048e-02 -4.611717725242030497e-01 2.992387784251706040e-01
6.984424027037017257e-02 -4.230170552390100647e-01 1.492061342216998376e+00
7.027838034739368467e-02 -3.444308726790584751e-01 2.520055209923405926e+00
7.071252042441718288e-02 -2.341452790912477433e-01 3.287285028803094367e+00
7.114666050144069498e-02 -1.036336594398470506e-01 3.725906975300872226e+00
7.158080057846419320e-02 3.410211737070537735e-02 3.801633543974485274e+00
7.201494065548770529e-02 1.658305113817274690e-01 3.515739844122978131e+00
7.244908073251121738e-02 2.793469384346958240e-01 2.903597837940730120e+00
7.288322080953472948e-02 3.645721085105750880e-01 2.030057291519207663e+00
7.331736088655822769e-02 4.143981794473051705e-01 9.822725367127772556e-01
7.375150096358173979e-02 4.252183191710046106e-01 -1.392206224463735931e-01
7.419305697663924892e-02 3.963218768096021805e-01 -1.247754938912329470e+00
7.463461298969675806e-02 3.309957784648960843e-01 -2.221673619642797526e+00
7.507616900275426719e-02 2.362966943087881633e-01 -2.973724254880432127e+00
7.551772501581177632e-02 1.217340827922369917e-01 -3.440032669922862052e+00
7.595928102886928546e-02 -1.708786007945858713e-03 -3.585007672062973771e+00
7.640083704192679459e-02 -1.226365019178711074e-01 -3.403391993479928157e+00
7.684239305498430372e-02 -2.302840524510240683e-01 -2.919453532005451990e+00
7.728394906804181286e-02 -3.154477033223935245e-01 -2.183573266304798643e+00
7.772550508109932199e-02 -3.712285957878742049e-01 -1.266700920689289855e+00
7.816706109415683112e-02 -3.935356141673200248e-01 -2.533019142164819604e-01
7.860861710721434026e-02 -3.813190144362250678e-01 7.664976439233072147e-01
7.907004175851901906e-02 -3.338624790851743573e-01 1.743291982192994416e+00
7.953146640982367011e-02 -2.562719432568434375e-01 2.542688508476365961e+00
7.999289106112834891e-02 -1.565049371565828407e-01 3.094980784974564969e+00
8.045431571243301383e-02 -4.427899558799106711e-02 3.355087450943218474e+00
8.091574036373769263e-02 6.987975807987223398e-02 3.305762216981822821e+00
8.137716501504235755e-02 1.756169314512534552e-01 2.958187780745654027e+00
8.183858966634702248e-02 2.636705326717563858e-01 2.350008304286541172e+00
8.230001431765168740e-02 3.266532793955527758e-01 1.541078275185822966e+00
8.276143896895636620e-02 3.596340514559404622e-01 6.073962450232599508e-01
8.322286362026103113e-02 3.604768650206233715e-01 -3.661657003242171360e-01
8.368428827156570993e-02 3.299192288451437971e-01 -1.293643042317881742e+00
8.414571292287037485e-02 2.713956407294161322e-01 -2.095559092179339888e+00
8.460713757417503977e-02 1.906341545911771629e-01 -2.705639941202762078e+00
8.507417896077572317e-02 9.387006138810802258e-02 -3.079000681889396240e+00
8.554122034737642044e-02 -9.299289621092910255e-03 -3.180412335763973530e+00
8.600826173397713159e-02 -1.098678782661850623e-01 -3.007460853692555336e+00
8.647530312057782886e-02 -1.993536017422271878e-01 -2.581234849589238323e+00
8.694234450717849838e-02 -2.704957507532086414e-01 -1.943678375856644713e+00
8.740938589377920953e-02 -3.178166498653761662e-01 -1.153270942654684994e+00
8.787642728037989293e-02 -3.380066963081770348e-01 -2.794731193803950964e-01
8.834346866698060408e-02 -3.301091579495053496e-01 6.035340862379728888e-01
8.881051005358128747e-02 -2.954994062180122394e-01 1.423247460967894007e+00
8.927249613444182552e-02 -2.383942383970349688e-01 2.108264246720537916e+00
8.973448221530234969e-02 -1.636254002550919517e-01 2.617155502031111691e+00
9.019646829616287387e-02 -7.744675461527644744e-02 2.915276826618087735e+00
9.065845437702341192e-02 1.324698003024523708e-02 2.985794201454294416e+00
9.112044045788392221e-02 1.014809238985257267e-01 2.829826003629400510e+00
9.158242653874446026e-02 1.807253099051882583e-01 2.465179328749917520e+00
9.185990558262246974e-02 2.217453079517013870e-01 2.157253799738935385e+00
9.213738462650046535e-02 2.563971593314181008e-01 1.794144348899626706e+00
9.269234271425648430e-02 3.033169612039998131e-01 9.514319409880783729e-01
9.324730080201248938e-02 3.179928953564308824e-01 2.427874737415866568e-02
9.380225888976850834e-02 2.998167769998506538e-01 -8.905045526096415642e-01
9.435721697752449955e-02 2.515277705476057224e-01 -1.700505763106048285e+00
9.491217506528051850e-02 1.787937995974423488e-01 -2.326685336261971049e+00
9.546713315303652359e-02 8.952463359794778086e-02 -2.710739656784126428e+00
9.602209124079254254e-02 -7.004470461445471731e-03 -2.820184356111031132e+00
9.657704932854854762e-02 -1.011244337888316386e-01 -2.650714825109971695e+00
9.711274250401923103e-02 -1.811911648295920496e-01 -2.243889983759243201e+00
9.764843567948991443e-02 -2.435767047532890472e-01 -1.640790513159243957e+00
9.818412885496061171e-02 -2.831573800759020765e-01 -8.998705219702838320e-01
9.871982203043128123e-02 -2.970023117059280571e-01 -9.000776408363113379e-02
9.925551520590197851e-02 -2.845413221127435777e-01 7.159442992768874081e-01
9.979120838137264804e-02 -2.475183728368396119e-01 1.447697641266725954e+00
1.003269015568433037e-01 -1.897453328229259939e-01 2.043586002964726589e+00
1.008625947323140010e-01 -1.166875635875041783e-01 2.455622140924987651e+00
1.013982879077846982e-01 -3.492594831224587332e-02 2.653149604708118670e+00
1.019196887189594974e-01 4.629566448457084898e-02 2.628409996270775650e+00
1.024410895301341995e-01 1.226017960439729076e-01 2.396800502043637149e+00
1.029624903413089987e-01 1.881592041432444684e-01 1.981812476679132518e+00
1.034838911524837979e-01 2.381764230077967892e-01 1.420376356320374178e+00
1.040052919636584999e-01 2.692247230527329283e-01 7.592615741104212779e-01
1.045266927748332991e-01 2.794339175577271739e-01 5.098276420187959623e-02
1.051400246805940936e-01 2.646126520419083694e-01 -7.675613410759273281e-01
1.057533565863548047e-01 2.231539111397657926e-01 -1.494188604757975991e+00
1.063666884921155992e-01 1.599722889074833287e-01 -2.058393989762088427e+00
1.069800203978762965e-01 8.195867054750517744e-02 -2.408319352224290721e+00
1.075933523036371048e-01 -2.793280537523942005e-03 -2.515230848012175002e+00
1.081580523569587032e-01 -7.960135578796266598e-02 -2.394924101233272040e+00
1.087227524102803017e-01 -1.486939931281692495e-01 -2.080491141496654706e+00
1.092874524636019973e-01 -2.046774772344878701e-01 -1.602961896597050018e+00
1.098521525169235957e-01 -2.434150675673581454e-01 -1.005081101639581531e+00
1.104461325367779023e-01 -2.626963786034621218e-01 -3.021082661578022299e-01
1.110401125566321950e-01 -2.589624109900077742e-01 4.157853457379245277e-01
1.116340925764865016e-01 -2.331310241312804510e-01 1.086981780342321180e+00
1.122280725963407944e-01 -1.879576832438322465e-01 1.655806723465080843e+00
1.128220526161951009e-01 -1.277260060988096302e-01 2.076990115995891006e+00
1.134060008840173939e-01 -5.903553275283243001e-02 2.316682365983482761e+00
1.139899491518396035e-01 1.330787235647425300e-02 2.368560633424303674e+00
1.145738974196618964e-01 8.351943279955592603e-02 2.233401939031067318e+00
1.151578456874842032e-01 1.461871205885466041e-01 1.926604543601207142e+00
1.157417939553063990e-01 1.966744160631692939e-01 1.476277048772500988e+00
1.163163554681377054e-01 2.310234597944480217e-01 9.298877795818426550e-01
1.168909169809689980e-01 2.480086576521021158e-01 3.239091644932350911e-01
1.174654784938004015e-01 2.468298318114345302e-01 -2.962827150527291842e-01
1.180400400066316940e-01 2.280172938987999887e-01 -8.859372711493811448e-01
1.186146015194630005e-01 1.933337025088120720e-01 -1.404086461878083503e+00
1.189682089753304056e-01 1.651652418491218743e-01 -1.672959526309075073e+00
1.193218164311977969e-01 1.328308222941217420e-01 -1.894632131009058140e+00
1.200290313429325934e-01 5.992969985710751984e-02 -2.176517871333911280e+00
1.207362462546674037e-01 -1.789392533881256631e-02 -2.230493990646297497e+00
1.214434611664022001e-01 -9.261658733926680931e-02 -2.057785697386768753e+00
1.221403590722684035e-01 -1.560293047749160278e-01 -1.688820298427308630e+00
1.228372569781346069e-01 -2.034265379145906993e-01 -1.163530781699574801e+00
1.235341548840007964e-01 -2.307347894935506682e-01 -5.361018383534928988e-01
1.242310527898669997e-01 -2.359295271521758830e-01 1.314630270522360311e-01
1.249199642383859027e-01 -2.194367799198399249e-01 7.687068856455342436e-01
1.256088756869047918e-01 -1.835062457686239545e-01 1.326388035318683434e+00
1.262977871354236947e-01 -1.318590381153598723e-01 1.756882523962562281e+00
1.269801736787574131e-01 -7.007908743985655220e-02 2.024034693262118267e+00
1.276625602220911870e-01 -3.295022813774856410e-03 2.114950795511698178e+00
1.283383226857451875e-01 6.215990471312744792e-02 2.029906846728067649e+00
1.290140851493992991e-01 1.216362191046751889e-01 1.782244844375616477e+00
1.296898476130534106e-01 1.705203898486288561e-01 1.395266455240812942e+00
1.303656100767074111e-01 2.051873446071675322e-01 9.028746590657334981e-01
1.310334062222101026e-01 2.231536477585958911e-01 3.538161056302027707e-01
1.317012023677127108e-01 2.239587124410541419e-01 -2.132724912005498907e-01
1.323689985132154023e-01 2.079850268707554850e-01 -7.552308360542092647e-01
1.330315011698023075e-01 1.771434490907045356e-01 -1.229319215267729248e+00
1.336940038263891017e-01 1.339730726713347364e-01 -1.607535848350772678e+00
1.343565064829760070e-01 8.185844294965356760e-02 -1.865533859332777489e+00
1.350127571636738077e-01 2.523594044147726284e-02 -1.987895863889110437e+00
1.356690078443716085e-01 -3.235578972596937081e-02 -1.972875172171944858e+00
1.363252585250694093e-01 -8.700822946396906399e-02 -1.825264884815214206e+00
1.369747936614179040e-01 -1.347054545168406559e-01 -1.561575988880389065e+00
1.376243287977663987e-01 -1.730889568608865170e-01 -1.200748284021672774e+00
1.382738639341148101e-01 -1.999167597694022636e-01 -7.680577709695581845e-01
1.389233990704633048e-01 -2.137514934212711715e-01 -2.926023667813645868e-01
1.395657048814820111e-01 -2.140909536305078686e-01 1.893223703101902800e-01
1.402080106925008007e-01 -2.014392360379631819e-01 6.531624647488282198e-01
1.408503165035195070e-01 -1.768496406917661190e-01 1.071441096793097625e+00
1.414926223145382134e-01 -1.420530458374382188e-01 1.420355561821529555e+00
1.423395568821196888e-01 -8.470220165496560039e-02 1.742533259497912823e+00
1.431864914497011088e-01 -1.980561736693729064e-02 1.885573088915543538e+00
1.440334260172826120e-01 4.603675597477788206e-02 1.840886993663918725e+00
1.448719479772087870e-01 1.058624833402150717e-01 1.621467360330118401e+00
1.457104699371351009e-01 1.548510351574839961e-01 1.253603527929624484e+00
1.465489918970613870e-01 1.887611216285546567e-01 7.757872355262847019e-01
1.473791511845158053e-01 2.048365503070335436e-01 2.404027155882693390e-01
1.482093104719703069e-01 2.025369801028710226e-01 -3.075766331323183111e-01
1.490394697594248086e-01 1.825572959802912454e-01 -8.198670411380398759e-01
1.498616400772035950e-01 1.474942505961900352e-01 -1.249604454812873744e+00
1.506838103949824093e-01 1.005745995014888372e-01 -1.568056620932294143e+00
1.515059807127611957e-01 4.598939510866060371e-02 -1.751937362414946131e+00
1.523205105585085095e-01 -1.107317406280726793e-02 -1.790188484267952962e+00
1.531350404042559066e-01 -6.648266825731467822e-02 -1.685918744659003821e+00
1.539495702500031926e-01 -1.159346400917281306e-01 -1.451046495033033734e+00
1.547567892028325898e-01 -1.554408187227949989e-01 -1.110577212643790723e+00
1.555640081556619037e-01 -1.827258279593973189e-01 -6.913038915192614153e-01
1.563712271084913008e-01 -1.960502527810386586e-01 -2.263591740819720088e-01
1.571714424761531115e-01 -1.948325357887914777e-01 2.451038752037218438e-01
1.579716578438148944e-01 -1.796557456020343169e-01 6.934311883135410026e-01
1.587718732114765940e-01 -1.519074025735809297e-01 1.086671257936830948e+00
1.593682299859416895e-01 -1.242850174730022045e-01 1.327664761408638316e+00
1.599645867604068128e-01 -9.208555831677187054e-02 1.513713656095426296e+00
1.607548172773561879e-01 -4.477763637386023010e-02 1.666233901892770985e+00
1.615450477943055907e-01 4.920261072872942482e-03 1.706531421839601048e+00
1.623352783112549935e-01 5.369578712411986199e-02 1.634313001249858788e+00
1.631192240213278077e-01 9.806845944272386817e-02 1.458383536980443429e+00
1.639031697314005942e-01 1.357009713100920945e-01 1.192073717858223469e+00
1.646871154414734917e-01 1.643735102294369144e-01 8.540953509638482544e-01
1.654650075841770929e-01 1.823968593464522781e-01 4.700973743616461697e-01
1.662428997268806941e-01 1.891505803594494828e-01 6.209027795309060571e-02
1.670207918695844063e-01 1.844628604325333210e-01 -3.449171658531505202e-01
1.677928708154781123e-01 1.689989986624891860e-01 -7.242205725672791194e-01
1.685649497613717074e-01 1.438733163290814299e-01 -1.057702889153337988e+00
1.693370287072654135e-01 1.107205651792159823e-01 -1.326475624637194706e+00
1.699128959626282909e-01 8.191970501977592634e-02 -1.475950431381442884e+00
1.704887632179911960e-01 5.075712583696589258e-02 -1.576950621357426918e+00
1.712525425599212003e-01 7.617806436385068242e-03 -1.632825690339458236e+00
1.720163219018512046e-01 -3.547969113444184724e-02 -1.599535115341685465e+00
1.727801012437812922e-01 -7.621698284365374665e-02 -1.480387543846985343e+00
1.735386115400147089e-01 -1.122346944200802860e-01 -1.284937710106564213e+00
1.742971218362479868e-01 -1.420240124501732093e-01 -1.024378817472968883e+00
1.750556321324814035e-01 -1.641599535104609764e-01 -7.134607425728954899e-01
1.758090734592840931e-01 -1.775904767318364219e-01 -3.714652741752943466e-01
1.765625147860866995e-01 -1.819729821741940812e-01 -1.430319482248509910e-02
1.773159561128893891e-01 -1.772567516316432279e-01 3.399481043321604945e-01
1.780645185463007873e-01 -1.639541410413218325e-01 6.718197796320050097e-01
1.788130809797122134e-01 -1.428620616478654126e-01 9.679525105072178670e-01
1.795616434131235006e-01 -1.151309526686785101e-01 1.214816019009194559e+00
1.806774417515888131e-01 -6.489122827187138176e-02 1.468078399963492098e+00
1.817932400900540979e-01 -8.681951248967097190e-03 1.567320765702014285e+00
1.829022533861615063e-01 4.732776409616734625e-02 1.507295837936353244e+00
1.840112666822688869e-01 9.792218703593434659e-02 1.299024824074381135e+00
1.851137424986991076e-01 1.380971322035800808e-01 9.687893926848689663e-01
1.862162183151294115e-01 1.645802850368177916e-01 5.503324639306597099e-01
1.873123941815151017e-01 1.751917102099809775e-01 8.793153316572226152e-02
1.884085700479007919e-01 1.695167454419538033e-01 -3.768159848913657517e-01
1.894986740814197101e-01 1.486099704703670310e-01 -7.993415078536004748e-01
1.905887781149386007e-01 1.147024723523403789e-01 -1.145447539319905506e+00
1.916730272722124984e-01 7.133311760815984337e-02 -1.385396920827033362e+00
1.927572764294863961e-01 2.231549446597030917e-02 -1.502881295117274529e+00
1.938358801601320902e-01 -2.778362684806551242e-02 -1.490976942720878107e+00
1.949144838907778954e-01 -7.498593759210882281e-02 -1.354409317555888226e+00
1.959876440525072094e-01 -1.152692485093641528e-01 -1.108635632432368512e+00
1.970608042142364125e-01 -1.457558383186395023e-01 -7.755366051605829814e-01
1.981287147275558047e-01 -1.641495036572116206e-01 -3.856624297061163054e-01
1.991966252408751137e-01 -1.694256503202027364e-01 3.051896423561676827e-02
2.002594720445023124e-01 -1.615126209185975270e-01 4.381988769770991388e-01
2.013223188481295112e-01 -1.413391460092999763e-01 8.082662352881805345e-01
2.023802826740382921e-01 -1.108385829024735592e-01 1.112254306497890033e+00
2.034382464999472118e-01 -7.241783753578648342e-02 1.330618888534711886e+00
2.044915009253560068e-01 -2.925531268381274114e-02 1.448644432230838497e+00
2.055447553507646907e-01 1.559066368619506718e-02 1.460835616458723729e+00
2.065934679926554884e-01 5.870298467596026665e-02 1.368894831963317849e+00
2.076421806345462029e-01 9.727109050418324132e-02 1.181463586495905771e+00
2.086865129960230880e-01 1.285824658096378359e-01 9.145491606730266065e-01
2.097308453575000009e-01 1.507949173158222023e-01 5.872318626569928979e-01
2.107709537672242117e-01 1.625400517400341638e-01 2.241511321135236934e-01
2.118110621769483948e-01 1.633227499880189060e-01 -1.511624293475541392e-01
2.128480599636951021e-01 1.533356481442365304e-01 -5.118204113262508903e-01
2.138821136186860039e-01 1.335190434379344981e-01 -8.349858908130280977e-01
2.149161672736769058e-01 1.053019272299814402e-01 -1.102374888939277042e+00
2.159459665261461991e-01 7.077336626879025816e-02 -1.296533912952738010e+00
2.169742753085213971e-01 3.216757340937617671e-02 -1.407695034260304512e+00
2.180025840908965951e-01 -8.102120681821528905e-03 -1.430910054768305351e+00
2.190272457378873994e-01 -4.740471225030312014e-02 -1.366401281429746817e+00
2.200519073848782037e-01 -8.351839178958149479e-02 -1.219632751948698690e+00
2.210737515503453099e-01 -1.142548260029722512e-01 -1.001344568301963278e+00
2.220955957158123883e-01 -1.379844429091925950e-01 -7.252592451843660193e-01
2.231133728053782961e-01 -1.533831319731139287e-01 -4.097443329387899791e-01
2.241311498949442038e-01 -1.597988013489957948e-01 -7.263300512400164277e-02
2.251456680358785989e-01 -1.570255186294287342e-01 2.654501163217843351e-01
2.261601861768129940e-01 -1.453922065901922522e-01 5.864711000706768207e-01
2.271708474868849026e-01 -1.257770009930797295e-01 8.711365247770436193e-01
2.281814321068081908e-01 -9.936659882053587578e-02 1.105559445098112548e+00
2.291920167267315067e-01 -6.770876316040616572e-02 1.278066553082746859e+00
2.301989120822834911e-01 -3.272888374628067643e-02 1.379802723654972807e+00
2.312058074378355865e-01 3.757769174193383022e-03 1.406963238988903298e+00
2.322098544924325048e-01 3.969285099907556014e-02 1.359339686048161688e+00
2.332139015470293120e-01 7.330017547219330742e-02 1.240613670473213137e+00
2.342152100895429911e-01 1.027913653193356508e-01 1.058489474662740903e+00
2.352165186320565871e-01 1.268033962255683267e-01 8.229472149996992503e-01
2.362151954922880881e-01 1.441531655943451562e-01 5.474686014165728309e-01
2.372138723525195059e-01 1.541291465145398776e-01 2.459123870182344795e-01
2.382100212913642878e-01 1.563387076030041123e-01 -6.552605620110334150e-02
2.392061702302090975e-01 1.508125018946380180e-01 -3.720634736519595753e-01
2.401998924915476896e-01 1.379646114858867623e-01 -6.581105303116446814e-01
2.411936147528863927e-01 1.185093027705722696e-01 -9.108312254190081836e-01
2.421839272173959001e-01 9.356423140945357986e-02 -1.117579760347970019e+00
2.431741826801301909e-01 6.433448465502636382e-02 -1.270111383036809816e+00
2.441644381428645094e-01 3.224971122398197221e-02 -1.362140580406560053e+00
2.451525072457547971e-01 -1.083258165634955325e-03 -1.390061340243731847e+00
2.461405763486450016e-01 -3.417747670194610371e-02 -1.353591182399762394e+00
2.476169690387302891e-01 -7.972881903445903917e-02 -1.186406440743356994e+00
2.490986197616346931e-01 -1.170794645813204859e-01 -9.008746516638087565e-01
2.500816239077278125e-01 -1.355268001694356905e-01 -6.595848013266136789e-01
2.510646280538209041e-01 -1.479018298218418015e-01 -3.902099621739257840e-01
2.520461819638492029e-01 -1.537352120881008144e-01 -1.055595514558705511e-01
2.530263942354005202e-01 -1.528864145870108271e-01 1.818131995730421502e-01
2.540066065069517820e-01 -1.454862207722060485e-01 4.601780440442143627e-01
2.549850575566918187e-01 -1.319560709181254177e-01 7.173331207362022566e-01
2.559635086064319109e-01 -1.129301505520429599e-01 9.431645414157402429e-01
2.569380179873769765e-01 -8.937222593004924553e-02 1.127780856350659056e+00
2.579152191512413816e-01 -6.216475329450592280e-02 1.265297245467021048e+00
2.588903710736741859e-01 -3.259163097420795380e-02 1.350016038091895521e+00
2.598655229961069901e-01 -1.829194051665614194e-03 1.379468163039023754e+00
2.613230664276363080e-01 4.346795030790067543e-02 1.320362301837585184e+00
2.627870461853180073e-01 8.480973019006415869e-02 1.144245164385427449e+00
2.642403887882019964e-01 1.182288764164711042e-01 8.708019362724590540e-01
2.657003925946191947e-01 1.413813019161653528e-01 5.225573654799108292e-01
2.666698680509819730e-01 1.500847198016843631e-01 2.645256393338614731e-01
2.676393435073449178e-01 1.530516470727431855e-01 -2.605247719831416467e-03
2.686075749083224884e-01 1.502395794179288979e-01 -2.683318058955073693e-01
2.695758063093001144e-01 1.418228431835589776e-01 -5.230744393612046794e-01
2.705412474514743981e-01 1.282200806216464983e-01 -7.567829188989105837e-01
2.715098617210188192e-01 1.099031538946056707e-01 -9.624578642206639278e-01
2.724758040936595127e-01 8.769466591360461361e-02 -1.131712808788997382e+00
2.734417464663002062e-01 6.239432381126106680e-02 -1.259439001454736307e+00
2.744049664315437731e-01 3.502144149708033560e-02 -1.341269182038213215e+00
2.753714841122708035e-01 6.404125864840826653e-03 -1.375207602361923076e+00
2.768122224042693924e-01 -3.603272689411522040e-02 -1.335575674832118365e+00
2.782605428606568232e-01 -7.567021597441594971e-02 -1.191977062177627555e+00
2.792230898017574736e-01 -9.892173739460015380e-02 -1.044248668194951657e+00
2.801856367428581240e-01 -1.187073337686465613e-01 -8.611640212196618460e-01
2.811473565508991190e-01 -1.343767525657932893e-01 -6.494941880638416265e-01
2.821090763589401140e-01 -1.454601612178463843e-01 -4.165251325534187199e-01
2.830682204929131918e-01 -1.516214399889218023e-01 -1.709624397880813440e-01
2.840309311037308992e-01 -1.527348766250549994e-01 8.043827741080572524e-02
2.854679267090184935e-01 -1.450572188289172837e-01 4.456209695141913896e-01
2.869131169026136741e-01 -1.267879052211100810e-01 7.786770927864380409e-01
2.878724078661420993e-01 -1.094520041252925041e-01 9.696529463956502504e-01
2.888316988296705801e-01 -8.865687642518874090e-02 1.128987780553506459e+00
2.897885131602004893e-01 -6.515996031047323334e-02 1.251639683055827623e+00
2.907490868313554744e-01 -3.957380215668530876e-02 1.334796750068523385e+00
2.921808661995458078e-01 3.674588679330634505e-04 1.380044535509420411e+00
2.936212407457569062e-01 4.036742709288677899e-02 1.329975500581965564e+00
2.945767800163460737e-01 6.553645215712924910e-02 1.245611920703469488e+00
2.955362094878383750e-01 8.874925849216906693e-02 1.123212598249517580e+00
2.964933245974175069e-01 1.091719980718926092e-01 9.675394397203848085e-01
2.974504397069965833e-01 1.262775006577817882e-01 7.833290914131767479e-01
2.988819926201308208e-01 1.446181221904362380e-01 4.683244047430442647e-01
3.003225649590904878e-01 1.534941338987833581e-01 1.219789775801157078e-01
3.012768521985618730e-01 1.538366950960249613e-01 -1.131452323234484469e-01
3.022352021590857252e-01 1.497320565291988259e-01 -3.452481143907787375e-01
3.031913095476029274e-01 1.413533619189369650e-01 -5.662127907645146951e-01
3.041474169361201851e-01 1.289735169913826807e-01 -7.704412034825702804e-01
3.051033301085280258e-01 1.129816204366165117e-01 -9.522960501919264242e-01
3.060592432809358110e-01 9.385593379200754538e-02 -1.106947184770032733e+00
3.077228753413188134e-01 5.498539015108896977e-02 -1.299170439565022761e+00
3.093993823933313125e-01 1.138435253550457507e-02 -1.384248974752437800e+00
3.110674284137491807e-01 -3.281277781757464818e-02 -1.355709574575602039e+00
3.127486617597647900e-01 -7.456187523105224646e-02 -1.217084882107557275e+00
3.146597057555134969e-01 -1.143715767500774472e-01 -9.432299568865836203e-01
3.165707857154991811e-01 -1.424262066841783803e-01 -5.749437455914460093e-01
3.184822492123998150e-01 -1.561160980634578865e-01 -1.509692510809804711e-01
3.203937127093003934e-01 -1.543255383522187107e-01 2.856820911185080081e-01
3.223053245029371960e-01 -1.374893885253173353e-01 6.920945892107399633e-01
3.237393876847550755e-01 -1.159791779243323356e-01 9.545315799042056737e-01
3.251734508665731216e-01 -8.823550261589459265e-02 1.164341485061997528e+00
3.270859409516935212e-01 -4.442295689150129595e-02 1.344387352934072188e+00
3.289988837648503139e-01 3.439493457149240402e-03 1.399067312658503592e+00
3.309123358818485960e-01 5.092270909088761344e-02 1.325859423161753536e+00
3.318692480034560743e-01 7.329818263183196514e-02 1.243137577558151463e+00
3.337835702002405203e-01 1.123544719380154544e-01 9.981670837201842561e-01
3.356990749884776748e-01 1.414855835726846478e-01 6.665366968597424835e-01
3.376145797767149959e-01 1.583012595961623414e-01 2.788366971416122442e-01
3.395310173018977751e-01 1.615633532144965245e-01 -1.307973847167837878e-01
3.414482662821387016e-01 1.511996686402598544e-01 -5.273753107141663232e-01
3.428870733729471043e-01 1.350281097857910229e-01 -7.972708294469460499e-01
3.443258804637556181e-01 1.125658330863458789e-01 -1.028942039352158444e+00
3.457657352099121062e-01 8.490228663673450582e-02 -1.212413167268958869e+00
3.472055899560684833e-01 5.337555549552166351e-02 -1.339880343800095908e+00
3.491265623556059072e-01 7.983273634143060044e-03 -1.414676326541306040e+00
3.510485786226508753e-01 -3.804462022524113252e-02 -1.378366359054428614e+00
3.524911716782869742e-01 -7.092966730971457523e-02 -1.280460731877329117e+00
3.539337647339230730e-01 -1.007333340670444333e-01 -1.127472368597584484e+00
3.553776513800582793e-01 -1.262369958403718184e-01 -9.266183493111007641e-01
3.568215380261933745e-01 -1.463832260383859385e-01 -6.872783219368565621e-01
3.587489468669590731e-01 -1.635761621407239574e-01 -3.273986050815290150e-01
3.606763557077248272e-01 -1.688377937576241161e-01 5.451880899637238237e-02
3.626063224667718243e-01 -1.619571928627529245e-01 4.310984743558410881e-01
3.645362892258188769e-01 -1.435927513485109053e-01 7.753044289504300579e-01
3.664689469915051179e-01 -1.151539000840282462e-01 1.064168695305009571e+00
3.684016047571914143e-01 -7.876674140775422051e-02 1.278474166661063949e+00
3.703370865072648788e-01 -3.695145165250002250e-02 1.405367492766882220e+00
3.722725682573382877e-01 7.369894112827689130e-03 1.437815200392080106e+00
3.742110041386200181e-01 5.130988833878014077e-02 1.375470285828079620e+00
3.761494400199016930e-01 9.195754024336313948e-02 1.224220615174341997e+00
3.780909480870727757e-01 1.268142115969636274e-01 9.951547938734180976e-01
3.800324561542439139e-01 1.537018632440126653e-01 7.044949442321633004e-01
3.819771417800634228e-01 1.710894453399678383e-01 3.709908612216044066e-01
3.839218274058828761e-01 1.780018709754955519e-01 1.637831648550364116e-02
3.858697944775816846e-01 1.741605325250961400e-01 -3.381062231954699016e-01
3.878177615492804930e-01 1.599308745731892190e-01 -6.707990296836061628e-01
3.897691117133387229e-01 1.362490388786876949e-01 -9.631267869096332701e-01
3.917204618773967861e-01 1.046365113199393959e-01 -1.198441848781976349e+00
3.941647014547489114e-01 5.693625327537973208e-02 -1.394148187759888913e+00
3.966089410321009256e-01 4.170930299629757414e-03 -1.467938613862539210e+00
3.985682178739590187e-01 -3.880329796229434192e-02 -1.436385180740780809e+00
4.005274947158171117e-01 -7.975925899401849206e-02 -1.327254544838705641e+00
4.024904064316531249e-01 -1.166060803812057206e-01 -1.147587588564881411e+00
4.044533181474890271e-01 -1.473868746850663103e-01 -9.084330111230579652e-01
4.064199206371885142e-01 -1.706295797657579050e-01 -6.228418279197072138e-01
4.083865231268878904e-01 -1.851898527735197642e-01 -3.067622628025118425e-01
4.103568695697539792e-01 -1.904581938124874085e-01 2.390627029357040786e-02
4.123272160126201236e-01 -1.862673209059947099e-01 3.518840258082754358e-01
4.143013596746851213e-01 -1.729193381374405647e-01 6.617747661480547494e-01
4.162755033367501190e-01 -1.511835095606363644e-01 9.383910607267199611e-01
4.182534987903078205e-01 -1.221437778496283905e-01 1.169701920357856251e+00
4.202314942438655776e-01 -8.729390215406289399e-02 1.345257109181513311e+00
4.227096292711439163e-01 -3.813265166515495547e-02 1.476036912552905811e+00
4.251877642984221994e-01 1.389697487260649345e-02 1.502389825511518895e+00
4.271745802569402173e-01 5.531104055863954316e-02 1.448262476258037612e+00
4.291613962154581796e-01 9.441832164276944828e-02 1.330925464987461337e+00
4.311521647704175120e-01 1.296280414561022387e-01 1.156356858195875414e+00
4.331429333253766778e-01 1.594144041529498845e-01 9.333465690553980343e-01
4.351376674815624068e-01 1.826411507712706328e-01 6.716941433829997088e-01
4.371324016377479138e-01 1.983714238722022460e-01 3.834123463017177769e-01
4.391311183782494187e-01 2.060718813475509170e-01 8.017515484525380987e-02
4.411298351187508127e-01 2.055011039137955575e-01 -2.249874098838339498e-01
4.431325454458727164e-01 1.967652375326011394e-01 -5.205431110674650919e-01
4.451352557729946757e-01 1.803051114736224925e-01 -7.945613849063281053e-01
4.481444270479484904e-01 1.428833229278498873e-01 -1.142874636399627164e+00
4.506573177191960933e-01 1.020429796644462539e-01 -1.360372820590182830e+00
4.531702083904435852e-01 5.513921951292184709e-02 -1.498774013671858585e+00
4.551848815569788931e-01 1.492818881896573573e-02 -1.548589616729332485e+00
4.571995547235140900e-01 -2.596910380902366089e-02 -1.542921502937629530e+00
4.592181900033455166e-01 -6.618441678745859424e-02 -1.482938848685407374e+00
4.612368252831767768e-01 -1.042532992725767604e-01 -1.371794951011213737e+00
4.632593922887823235e-01 -1.389677834728122729e-01 -1.213984773253981242e+00
4.652819592943879257e-01 -1.691263042392419924e-01 -1.015945780065824033e+00
4.673084188243976089e-01 -1.938290116452305034e-01 -7.845968703775521025e-01
4.693348783544071812e-01 -2.122753314578152417e-01 -5.285263864040777859e-01
4.713651924405172222e-01 -2.239658559546436889e-01 -2.559571666939708945e-01
4.733955065266273188e-01 -2.285733231126418630e-01 2.365822613232035007e-02
4.759389023477624270e-01 -2.242933231762523905e-01 3.698083615076165898e-01
4.784822981688974797e-01 -2.092356882212106362e-01 6.966124199819389018e-01
4.805211256895989269e-01 -1.899286075367351001e-01 9.348685703368352362e-01
4.825599532103003741e-01 -1.648802317976724718e-01 1.144434562131019240e+00
4.846024622203434773e-01 -1.348344234791660212e-01 1.320048520807272974e+00
4.866449712303865804e-01 -1.007575811940989718e-01 1.456939100891456507e+00
4.886910831097662222e-01 -6.359714376031969096e-02 1.552138601598157752e+00
4.907371949891458085e-01 -2.448542549683235120e-02 1.603561755706770953e+00
4.927868267637741106e-01 1.554722160072865081e-02 1.610660455334334662e+00
4.948364585384024128e-01 5.533898757573854632e-02 1.574025768165711048e+00
4.989425778493357111e-01 1.296646821198012278e-01 1.379372988237163922e+00
5.020264094695874313e-01 1.777675759797408550e-01 1.139269986299400905e+00
5.051138832495274400e-01 2.161594134784241283e-01 8.358647648621472248e-01
5.092361856145506405e-01 2.488041121704077374e-01 3.668665022061169956e-01
5.133645520198434342e-01 2.581748229519177373e-01 -1.337722211075721701e-01
5.174987117319133079e-01 2.438519012228662075e-01 -6.189860534378558432e-01
5.216383508218596088e-01 2.075624862593662134e-01 -1.046163342233810134e+00
5.257831480915519107e-01 1.528615613286999075e-01 -1.380569642090680116e+00
5.299327976174466048e-01 8.468289721116549484e-02 -1.597651694482515650e+00
5.340869657500283418e-01 8.818851627810200475e-03 -1.684164726545465118e+00
5.382452599924625325e-01 -6.861695770386476434e-02 -1.638202032326801172e+00
5.424072497157466088e-01 -1.416977146936495291e-01 -1.468277447885566245e+00
5.465725012540574301e-01 -2.051231964913990402e-01 -1.191668514161059456e+00
5.507405845750824591e-01 -2.545634600875416598e-01 -8.322679375174546479e-01
5.549110536012068495e-01 -2.868922633984698489e-01 -4.181918048478110439e-01
5.590834321773656690e-01 -3.003074599188035321e-01 2.064391038652389071e-02
5.643010869630014081e-01 -2.899272508413106020e-01 5.577328721407976975e-01
5.684758978830769527e-01 -2.610599109151310326e-01 9.483674057231622490e-01
5.726509199913500936e-01 -2.161207367253360767e-01 1.279067674675523181e+00
5.768255755389478656e-01 -1.580786541565198655e-01 1.533004219650420330e+00
5.809992666418749563e-01 -9.048689079023848614e-02 1.699098535969775003e+00
5.851713896051653485e-01 -1.722619384178075350e-02 1.772016106363372145e+00
5.882989619740793819e-01 3.915859350047574267e-02 1.765462008771905511e+00
5.935085681122563850e-01 1.304858056330045757e-01 1.644160641808099843e+00
5.976721595114997676e-01 1.977468047393326211e-01 1.457668114211252863e+00
6.018315407075064405e-01 2.564024620562154744e-01 1.204938077902788507e+00
6.059860031390628121e-01 3.040297855562533180e-01 9.006119469000964939e-01
6.101348262532020339e-01 3.388541327539587589e-01 5.605791279898060253e-01
6.142772761532119263e-01 3.597712608013182711e-01 2.010653897942193680e-01
6.184126036405177551e-01 3.663336130162203608e-01 -1.621722811416848875e-01
6.225400396928169044e-01 3.587066631339976275e-01 -5.145234889179849391e-01
6.266587955232777452e-01 3.376017162214596246e-01 -8.430595280935117009e-01
6.307680621340325811e-01 3.041917232526828441e-01 -1.136919482666524761e+00
6.348670077734064332e-01 2.600166285028476243e-01 -1.387549605202264669e+00
6.389547727646552877e-01 2.068842896313447810e-01 -1.588806412976621507e+00
6.430304670771704867e-01 1.467721006336310530e-01 -1.736941400216064579e+00
6.470931794239351831e-01 8.173336988228874223e-02 -1.830488221861904297e+00
6.511419830734889169e-01 1.381196614213480063e-02 -1.870071869570966827e+00
6.551759295578980513e-01 -5.503204166466790087e-02 -1.858155491879011079e+00
6.591940368817645890e-01 -1.229841074486638375e-01 -1.798742102480697547e+00
6.631952816224888636e-01 -1.884236154695798915e-01 -1.697053878084573419e+00
6.671786041264677891e-01 -2.499590896352336944e-01 -1.559208794487528138e+00
6.711429148974273895e-01 -3.064505554115942165e-01 -1.391908847926125903e+00
6.750870927600961524e-01 -3.570199516053830235e-01 -1.202150201805888718e+00
6.790099725167971778e-01 -4.010510058036502734e-01 -9.969638669606628589e-01
6.829103352717456055e-01 -4.381804047385311485e-01 -7.831937256946222004e-01
6.867869018151261384e-01 -4.682820059440110927e-01 -5.673179801006890122e-01
6.906383285912754966e-01 -4.914460221834534015e-01 -3.553242793805768684e-01
6.944632064204609989e-01 -5.079552057848373270e-01 -1.526383824098551389e-01
6.982600501045075347e-01 -5.182595567323310393e-01 3.590967555471073769e-02
7.020272815871985150e-01 -5.229520245421135360e-01 2.060672461221567664e-01
7.038990663650485091e-01 -5.233985705637332897e-01 2.830800056641711304e-01
7.057628000939073498e-01 -5.227144925283373489e-01 3.541580083101459331e-01
7.094655902404470860e-01 -5.184112459774556925e-01 4.770303222866220105e-01
7.131331888985167344e-01 -5.108987704923499962e-01 5.717549830771653241e-01
7.167633315432266894e-01 -5.011322288502779720e-01 6.356239849772248318e-01
7.203534697890988658e-01 -4.901477088163067042e-01 6.643728846229686180e-01
7.239006927315578821e-01 -4.789212303957141037e-01 6.643741451843951928e-01
7.274037472512754343e-01 -4.679579577545183722e-01 6.588945343441874325e-01
7.308631569784361792e-01 -4.573258028980496936e-01 6.535858214619987283e-01
7.342794427454362172e-01 -4.470109573546773851e-01 6.484410908784654648e-01
7.376531370894844342e-01 -4.370006015732401661e-01 6.434537336097166937e-01
7.409847640846142225e-01 -4.272825530530802163e-01 6.386174746011461512e-01
7.442748211369105693e-01 -4.178453553341668902e-01 6.339263784814030966e-01
7.475237974064263824e-01 -4.086781425372440490e-01 6.293748027869123796e-01
7.507321962838469087e-01 -3.997704761529216055e-01 6.249573501534815279e-01
7.539005302043194634e-01 -3.911123451906133308e-01 6.206688622730150984e-01
7.570292970629285412e-01 -3.826942646579611362e-01 6.165044383957132279e-01
7.601189748256973466e-01 -3.745072787068196574e-01 6.124594272402993367e-01
7.631700307096180858e-01 -3.665428831904070095e-01 6.085294006535474365e-01
7.661829280312825174e-01 -3.587929677426068276e-01 6.047101325461823329e-01
7.691581275626218073e-01 -3.512497894149578248e-01 6.009975863126417739e-01
7.720960887207071188e-01 -3.439059403273441728e-01 5.973879032346446349e-01
7.749972707982543119e-01 -3.367543146262615417e-01 5.938773915983216467e-01
7.778621289318303766e-01 -3.297881166074388970e-01 5.904625226940377614e-01
7.806911033824630586e-01 -3.230009057589531274e-01 5.871399348306821642e-01
7.834846171445913887e-01 -3.163865921069485831e-01 5.839064270482695607e-01
7.862430869060449412e-01 -3.099393565250121441e-01 5.807589380387618849e-01
7.889669369237084506e-01 -3.036535703480610082e-01 5.776945234132147000e-01
7.916565982021911418e-01 -2.975237950087927241e-01 5.747103510947233485e-01
7.943124974778934533e-01 -2.915448263782643434e-01 5.718037079655006183e-01
7.969350495080719243e-01 -2.857117113054100654e-01 5.689720021944721928e-01
7.995246585495641156e-01 -2.800197217431104058e-01 5.662127554387635930e-01
8.020817215573190495e-01 -2.744643257470464892e-01 5.635235938566970360e-01
8.046066294762304061e-01 -2.690411744157374385e-01 5.609022416339997097e-01
8.070997653306969388e-01 -2.637461001275984707e-01 5.583465183281215438e-01
8.095615092888481801e-01 -2.585750955754526070e-01 5.558543291024079513e-01
8.119922431475441460e-01 -2.535242938701046111e-01 5.534236562961866168e-01
8.143923505053758394e-01 -2.485899666251354112e-01 5.510525556321751450e-01
8.167622071215497881e-01 -2.437685473502033962e-01 5.487391623651722838e-01
8.191021778306492029e-01 -2.390566321746109002e-01 5.464816904278261278e-01
8.214126187949533087e-01 -2.344509569445430985e-01 5.442784266561926376e-01
8.236938850346046115e-01 -2.299483619287970293e-01 5.421277203221473995e-01
8.259463322523640239e-01 -2.255457804774389230e-01 5.400279787626447447e-01
8.281703138888254490e-01 -2.212402568550858872e-01 5.379776674985929930e-01
8.303661724506571362e-01 -2.170289826627659902e-01 5.359753155882220899e-01
8.325342380230222883e-01 -2.129092986058494508e-01 5.340195140208817692e-01
8.346748353855768521e-01 -2.088786494462724908e-01 5.321089066276095680e-01
8.367882947421915185e-01 -2.049345315804481371e-01 5.302421782805042394e-01
8.388749484008726220e-01 -2.010745007277255636e-01 5.284180562253830704e-01
8.409351219691613144e-01 -1.972962120964961430e-01 5.266353159287883168e-01
8.429691303017050608e-01 -1.935974362080202793e-01 5.248927824848876877e-01
8.449772835243484215e-01 -1.899760308124200381e-01 5.231893233125927134e-01
8.469598912257328971e-01 -1.864299176488963539e-01 5.215238429000803588e-01
8.489172622932020795e-01 -1.829570842112084039e-01 5.198952814719648430e-01
8.508497044538249066e-01 -1.795555891310998131e-01 5.183026139107747010e-01
8.527575229688695302e-01 -1.762235598429592598e-01 5.167448493932360609e-01
8.546410160783932675e-01 -1.729591940786014137e-01 5.152210336845801653e-01
8.565004710086118189e-01 -1.697607665312003966e-01 5.137302508698485815e-01
8.583361673787008872e-01 -1.666266194046781002e-01 5.122716191259163443e-01
8.601483873498577681e-01 -1.635551327028724466e-01 5.108442813665380333e-01
8.619374190156378068e-01 -1.605447096379821192e-01 5.094474017049245296e-01
8.637035513945729992e-01 -1.575937920034642947e-01 5.080801685308106164e-01
8.654470650665438969e-01 -1.547008896899905728e-01 5.067418007931983048e-01
8.671682312272307458e-01 -1.518645836187172693e-01 5.054315474795351149e-01
8.688673159218502917e-01 -1.490835053058006676e-01 5.041486832784516370e-01
8.705445856873960109e-01 -1.463563151943181040e-01 5.028925033789549692e-01
8.722003068198478370e-01 -1.436817054449489595e-01 5.016623232929688925e-01
8.738347418094588592e-01 -1.410584146760882063e-01 5.004574807256022551e-01
8.754481467852704979e-01 -1.384852334594620926e-01 4.992773366253838163e-01
8.770407741766889087e-01 -1.359609902593272301e-01 4.981212723905559803e-01
8.786128771136945126e-01 -1.334845341354367887e-01 4.969886859760683784e-01
8.801647113007132761e-01 -1.310547311803870740e-01 4.958789899738361151e-01
8.816965317742312402e-01 -1.286704769998030240e-01 4.947916134037927405e-01
8.832085878593547434e-01 -1.263307116858039258e-01 4.937260046583312745e-01
8.847011190561783200e-01 -1.240344267443999893e-01 4.926816336905143756e-01
8.861743569071006688e-01 -1.217806562730201214e-01 4.916579899357635397e-01
8.876285293506940288e-01 -1.195684610968715950e-01 4.906545786658977892e-01
8.890638676536581908e-01 -1.173969105623632603e-01 4.896709156893104820e-01
8.904806072870743439e-01 -1.152650791197673413e-01 4.887065264405039966e-01
8.918789864151801527e-01 -1.131720518973909489e-01 4.877609466586585452e-01
8.932592404372767803e-01 -1.111169391434463222e-01 4.868337257174056298e-01
8.946215989640163846e-01 -1.090988860334000110e-01 4.859244281567478008e-01
8.959662842038009778e-01 -1.071170775332178915e-01 4.850326342401941604e-01
8.972935117732897536e-01 -1.051707358121175412e-01 4.841579388900985603e-01
8.986034927209798351e-01 -1.032591124637672192e-01 4.832999498765127577e-01
8.998964354025826839e-01 -1.013814790622718093e-01 4.824582861951683399e-01
9.011725489915097809e-01 -9.953711541027043808e-02 4.816325754358390943e-01
9.024320447860507688e-01 -9.772530492458285367e-02 4.808224526835128687e-01
9.036751353555274591e-01 -9.594533958443537958e-02 4.800275608113785397e-01
9.049020296532450658e-01 -9.419653487315060580e-02 4.792475533390337938e-01
9.061129304280890473e-01 -9.247823730482035431e-02 4.784820957212574943e-01
9.073080357373773941e-01 -9.078981822530556023e-02 4.777308640215064961e-01
9.084875419218813031e-01 -8.913066319746441868e-02 4.769935427283772400e-01
9.096516449412487271e-01 -8.750016749050820719e-02 4.762698236706724431e-01
9.108005396977110202e-01 -8.589773862896246670e-02 4.755594062119958831e-01
9.119344190251117421e-01 -8.432280006136629036e-02 4.748619976367852713e-01
9.130534727752540602e-01 -8.277479317511919621e-02 4.741773134658193722e-01
9.141578874195450677e-01 -8.125317721181819774e-02 4.735050774480005220e-01
9.152478462184302499e-01 -7.975742883773005720e-02 4.728450212171074196e-01
9.163235307136011754e-01 -7.828703484316641703e-02 4.721968831587429194e-01
9.173851213290326045e-01 -7.684149437550194528e-02 4.715604078576461911e-01
9.184327978233862710e-01 -7.542031390795111978e-02 4.709353456400680593e-01
9.194667382392092136e-01 -7.402301077193952639e-02 4.703214530333634236e-01
9.204871184823875119e-01 -7.264911433839123245e-02 4.697184928307819862e-01
9.214941118815067611e-01 -7.129816733092873837e-02 4.691262341691337934e-01
9.224878885587296518e-01 -6.996972717543098463e-02 4.685444527174776885e-01
9.234686156415649050e-01 -6.866336511501387740e-02 4.679729303693154763e-01
9.244364580894727235e-01 -6.737866264681573181e-02 4.674114545960220690e-01
9.253915805410551920e-01 -6.611520581397151153e-02 4.668598172249281419e-01
9.263341472457474746e-01 -6.487258466133664914e-02 4.663178143584054136e-01
9.272643205556930779e-01 -6.365039833525276691e-02 4.657852471139046213e-01
9.281822593195951931e-01 -6.244826110909044992e-02 4.652619224009987287e-01
9.290881192404382150e-01 -6.126580239058020821e-02 4.647476525617011966e-01
9.299820544127295197e-01 -6.010266122078933987e-02 4.642422543582494510e-01
9.308642183379219892e-01 -5.895848061870586493e-02 4.637455482849472954e-01
9.317347637709364472e-01 -5.783290596105454540e-02 4.632573585544895178e-01
9.325938419655581679e-01 -5.672558721263874781e-02 4.627775134209794472e-01
9.334416025644689530e-01 -5.563618086234219801e-02 4.623058451350993137e-01
9.342781940582032263e-01 -5.456434994119003373e-02 4.618421895855228665e-01
9.351037639763524201e-01 -5.350976325684312501e-02 4.613863860984670495e-01
9.359184581932523672e-01 -5.247209780464213297e-02 4.609382777225002337e-01
9.367224180073485673e-01 -5.145104682263221263e-02 4.604977127340700860e-01
9.375157793601903711e-01 -5.044632363699772665e-02 4.600645449302093737e-01
9.382986736089657942e-01 -4.945765812895097646e-02 4.596386330860231517e-01
9.390712321160756826e-01 -4.848478300372214417e-02 4.592198383516071236e-01
9.398335891165293665e-01 -4.752742390858159111e-02 4.588080226466178524e-01
9.405858812974943195e-01 -4.658529961776961686e-02 4.584030488583180074e-01
9.413282457717848661e-01 -4.565812722929787904e-02 4.580047818903014711e-01
9.420608178502133390e-01 -4.474562691440518714e-02 4.576130898004737713e-01
9.427837310928691705e-01 -4.384752253544773465e-02 4.572278436946711211e-01
9.434971161334501089e-01 -4.296354658461020576e-02 4.568489182767438983e-01
9.442010983676487612e-01 -4.209344820428886913e-02 4.564761929908620619e-01
9.448957981803430828e-01 -4.123699399391601156e-02 4.561095517953892009e-01
9.455813325674083947e-01 -4.039395940612946351e-02 4.557488822209247448e-01
9.462578189837917986e-01 -3.956411324581236844e-02 4.553940732765088817e-01
9.469253759203707377e-01 -3.874721179343720845e-02 4.550450151180043257e-01
9.475841219105402002e-01 -3.794300530526312221e-02 4.547015995363808960e-01
9.482341736882211602e-01 -3.715125302473915730e-02 4.543637208768318003e-01
9.488756453742962504e-01 -3.637173286794741223e-02 4.540312763999392875e-01
9.495086488587556328e-01 -3.560424119863050268e-02 4.537041660167732138e-01
9.501332951313513631e-01 -3.484859042514698579e-02 4.533822915438252554e-01
9.507496960826257171e-01 -3.410460739650085504e-02 4.530655557297301739e-01
9.513579651353069044e-01 -3.337213172318143073e-02 4.527538618985516572e-01
9.519582165945869034e-01 -3.265100712023779467e-02 4.524471142431453763e-01
9.525505625735545268e-01 -3.194107088635752406e-02 4.521452193571280365e-01
9.531351118401709677e-01 -3.124215025404631502e-02 4.518480867718237537e-01
9.537119697698679399e-01 -3.055406536694803971e-02 4.515556289381703059e-01
9.542812403202287630e-01 -2.987663039402170886e-02 4.512677601851407538e-01
9.548430270251752061e-01 -2.920965340723345391e-02 4.509843961884753005e-01
9.553974327455952986e-01 -2.855293894616625985e-02 4.507054540708952395e-01
9.559445589026865919e-01 -2.790629780684648550e-02 4.504308527586913247e-01
9.564845050053580877e-01 -2.726955605780528175e-02 4.501605131826059147e-01
9.570173690229182295e-01 -2.664255500056067483e-02 4.498943580503053652e-01
9.575432481385535155e-01 -2.602514419803227466e-02 4.496323114283061750e-01
9.580622389120657667e-01 -2.541717465482823055e-02 4.493742986279806728e-01
9.585744372418232295e-01 -2.481849682635507010e-02 4.491202461971633420e-01
9.590799381259947909e-01 -2.422896224739722743e-02 4.488700820126451108e-01
9.595788354479902749e-01 -2.364842562025751618e-02 4.486237353598251376e-01
9.600712216912781205e-01 -2.307674637422789041e-02 4.483811370461738832e-01
9.605571877573033657e-01 -2.251378895791206203e-02 4.481422194625280242e-01
9.610368233668841187e-01 -2.195942142206269362e-02 4.479069163559917244e-01
9.615102176430252445e-01 -2.141351363342573755e-02 4.476751625202738949e-01
9.619774592602109431e-01 -2.087593665959386682e-02 4.474468937017167525e-01
9.624386363595022198e-01 -2.034656276642890504e-02 4.472220466201602407e-01
9.628938363592510763e-01 -1.982526553909050651e-02 4.470005590427511555e-01
9.633431459530198415e-01 -1.931191991521428314e-02 4.467823697628566237e-01
9.637866510388649610e-01 -1.880640310705155097e-02 4.465674186144634183e-01
9.642244362725824747e-01 -1.830859636629082396e-02 4.463556466703694769e-01
9.646565852206075986e-01 -1.781838462645799273e-02 4.461469961453944366e-01
9.650831808361504116e-01 -1.733565460213638484e-02 4.459414101457073731e-01
9.655043054562382210e-01 -1.686029421101967879e-02 4.457388326542012225e-01
9.659200402356747928e-01 -1.639219397281881443e-02 4.455392087831449577e-01
9.663304647237355161e-01 -1.593124851200147796e-02 4.453424849575212674e-01
9.667356570265409621e-01 -1.547735598543552651e-02 4.451486088180153788e-01
9.671356950751521797e-01 -1.503041515488783356e-02 4.449575285979259776e-01
9.675306568648514016e-01 -1.459032446595115787e-02 4.447691930001970162e-01
9.679206204413721704e-01 -1.415698207318885106e-02 4.445835511882489932e-01
9.683056632759791116e-01 -1.373028624248419545e-02 4.444005530729085995e-01
9.686858619411236049e-01 -1.331013537176791925e-02 4.442201494471876289e-01
9.690612920205190495e-01 -1.289642832248235303e-02 4.440422920156155695e-01
9.694320280361357067e-01 -1.248906563128601363e-02 4.438669334173726555e-01
9.697981436541373013e-01 -1.208795016276827117e-02 4.436940271152706727e-01
9.701597119736792285e-01 -1.169298629366172237e-02 4.435235272496936831e-01
9.705168057640763957e-01 -1.130407874594877363e-02 4.433553885116928717e-01
9.708694969864466451e-01 -1.092113304403779725e-02 4.431895663545562525e-01
9.712178563702503764e-01 -1.054405681807452089e-02 4.430260171788938939e-01
9.715619532024425409e-01 -1.017276039098979033e-02 4.428646984177545542e-01
9.719018559824413872e-01 -9.807154324904617318e-03 4.427055682177847840e-01
9.722376334334535963e-01 -9.447146166720149854e-03 4.425485849564098628e-01
9.725693544860373185e-01 -9.092640208159922383e-03 4.423937072430609851e-01
9.728970879945362249e-01 -8.743538788936730533e-03 4.422408940448381842e-01
9.732209017546173957e-01 -8.399744225564019506e-03 4.420901051323578024e-01
9.735408623544371531e-01 -8.061158872723390642e-03 4.419413011358678811e-01
9.738570353791702328e-01 -7.727684479580890914e-03 4.417944434370758566e-01
9.741694855365269357e-01 -7.399222719369097714e-03 4.416494941048187961e-01
9.744782765863391205e-01 -7.075676477672322197e-03 4.415064159227561902e-01
9.747834712405878399e-01 -6.756950502584913205e-03 4.413651724198796589e-01
9.750851311684266554e-01 -6.442950765949060493e-03 4.412257278576194874e-01
9.753833174776915804e-01 -6.133582636296333601e-03 4.410880470066503856e-01
9.756780908428658305e-01 -5.828750422484678916e-03 4.409520950681016238e-01
9.759695114299516971e-01 -5.528357798479861460e-03 4.408178377044064677e-01
9.762576389021463408e-01 -5.232306640711129053e-03 4.406852410295336586e-01
9.765425324979953858e-01 -4.940495033353514004e-03 4.405542715548319554e-01
9.768242509432418785e-01 -4.652816628175108875e-03 4.404248962274819323e-01
9.771028522833710150e-01 -4.369162247412145678e-03 4.402970824995096066e-01
9.773783933517848910e-01 -4.089423744751107155e-03 4.401707985642230869e-01
9.776509296593629550e-01 -3.813496242435019529e-03 4.400460134106969345e-01
9.779205156231944862e-01 -3.541277642430224696e-03 4.399226967111100617e-01
9.781872047434609918e-01 -3.272667019792416775e-03 4.398008187101341004e-01
9.784510495060143587e-01 -3.007563335171583620e-03 4.396803502759860094e-01
9.787121011965591588e-01 -2.745865570838590917e-03 4.395612629753825606e-01
9.789704097928612070e-01 -2.487473157660757741e-03 4.394435290995046817e-01
9.792260248675913603e-01 -2.232284399811511767e-03 4.393271212500927669e-01
9.794789964416771300e-01 -1.980194643440082256e-03 4.392120119630593122e-01
9.797293750085785957e-01 -1.731095843976742212e-03 4.390981736837829552e-01
9.799772111141689113e-01 -1.484878544033904537e-03 4.389855789532435271e-01
9.802225538059048393e-01 -1.241436467477880033e-03 4.388742011137570231e-01
9.804654503645000574e-01 -1.000671572988596093e-03 4.387640144126634945e-01
9.807059465012439858e-01 -7.624754626569636099e-04 4.386549939137976417e-01
9.809440869290046994e-01 -5.267693655979497659e-04 4.385471152197343292e-01
9.811799158740861504e-01 -2.934512697494442101e-04 4.384403542334786574e-01
9.814134771051555850e-01 -6.242822043841667198e-05 4.383346871369238618e-01
9.816448139740299172e-01 1.663912503606882626e-04 4.382300903656493052e-01
9.818739695684386426e-01 3.930964771983885028e-04 4.381265405498366849e-01
9.821009867550495320e-01 6.177730855946317063e-04 4.380240144982230355e-01
9.823259081899210488e-01 8.405031560973139342e-04 4.379224892019037974e-01
9.825487766341645113e-01 1.061365450641926647e-03 4.378219416589020363e-01
9.827696354372893461e-01 1.280435848675115550e-03 4.377223486625138604e-01
9.829885289087769706e-01 1.497787751984377101e-03 4.376236866502176692e-01
9.832055018255810852e-01 1.713490816965695419e-03 4.375259319055840312e-01
9.834205977716130587e-01 1.927607944074987692e-03 4.374290612859823013e-01
9.836338588957453943e-01 2.140194336503062171e-03 4.373330522933863707e-01
9.838453264273652188e-01 2.351298175506478638e-03 4.372378828659294614e-01
9.840550431756610594e-01 2.560963829568830598e-03 4.371435302917864307e-01
9.842630544299338924e-01 2.769233588475000351e-03 4.370499707947833046e-01
9.844694079699815026e-01 2.976147093286681498e-03 4.369571795098731171e-01
9.846741527711339037e-01 3.181737499341569849e-03 4.368651310937745058e-01
9.848773386240422534e-01 3.386028775634199357e-03 4.367737998850838022e-01
9.850790165882933325e-01 3.589037067814259199e-03 4.366831596704640051e-01
9.852792397559874127e-01 3.790775718633165696e-03 4.365931833297929665e-01
9.854780637322345660e-01 3.991259076799436208e-03 4.365038425894799956e-01
9.856755468082143423e-01 4.190501898498130186e-03 4.364151079277147627e-01
9.858717495053704871e-01 4.388515394925902695e-03 4.363269487833696947e-01
9.860667343401825491e-01 4.585311013917243994e-03 4.362393337104670810e-01
9.862605662335471868e-01 4.780873558833173900e-03 4.361522301288759951e-01
9.864533145194630537e-01 4.975220017174670356e-03 4.360656034218664545e-01
9.866450541503118954e-01 5.168356393445736746e-03 4.359794164515901072e-01
9.867880381885917318e-01 5.312198177757280863e-03 4.359151340239082462e-01
9.869309532600107904e-01 5.455785269362261117e-03 4.358508712879715086e-01
9.871205341790296739e-01 5.645915909512378220e-03 4.357656045626039920e-01
9.872620466585018129e-01 5.787531426103871210e-03 4.357019398267952259e-01
9.874036170961336678e-01 5.928905481960228610e-03 4.356382320350177806e-01
9.875916216718324536e-01 6.116129548008802062e-03 4.355535989390584284e-01
9.877556032248382412e-01 6.278868536918235516e-03 4.354797491860918912e-01
9.878728339090028232e-01 6.394852152983545451e-03 4.354269342467136927e-01
9.880364164951689343e-01 6.556154431014236256e-03 4.353532067826867968e-01
9.881766700670048253e-01 6.693900747128788548e-03 4.352899635118138155e-01
9.882701561032216642e-01 6.785409967237247819e-03 4.352477919400762896e-01
9.884161744165290697e-01 6.927825182830154964e-03 4.351818942703601922e-01
9.885274938018725477e-01 7.035949469323524164e-03 4.351316309114520164e-01
9.886441702430321943e-01 7.148837003866460871e-03 4.350789237063363846e-01
9.887615048409820195e-01 7.261885687474235566e-03 4.350258917555187566e-01
9.888671405303265383e-01 7.363235390906270987e-03 4.349781224228209675e-01
9.889964814527246739e-01 7.486753224866373423e-03 4.349195992085664875e-01
9.891379956535801821e-01 7.621131685940487309e-03 4.348555220137989563e-01
9.892563647329785104e-01 7.732884637904669824e-03 4.348018856039224667e-01
9.893750463211569146e-01 7.844314970977307039e-03 4.347480694341859797e-01
9.894943121748573933e-01 7.955648543883503399e-03 4.346939475541349851e-01
9.896140207055634797e-01 8.066720643049545350e-03 4.346395812855737284e-01
9.897159914823099314e-01 8.160787113149846339e-03 4.345932343684230093e-01
9.898434705941348000e-01 8.277656886053306670e-03 4.345352439159759217e-01
9.899375585064562610e-01 8.363387355403113094e-03 4.344924058057300642e-01
9.900878310668779214e-01 8.499361245998407824e-03 4.344239171294945745e-01
9.901743200970993808e-01 8.577079541059710530e-03 4.343844576025057691e-01
9.902609137873940037e-01 8.654487786389282455e-03 4.343449187612615781e-01
9.903612026626938958e-01 8.743628849884353682e-03 4.342990853361529680e-01
9.904874739384739168e-01 8.855067799681098570e-03 4.342413113130752511e-01
9.905894425236058121e-01 8.944399309934045889e-03 4.341945998403242690e-01
9.907182233334840271e-01 9.056361879732140185e-03 4.341355289698537456e-01
9.907962672147299088e-01 9.123746389248624938e-03 4.340996867898977984e-01
9.909212141403226370e-01 9.230892547352882727e-03 4.340422311524331223e-01
9.910108377596256179e-01 9.307192154257661054e-03 4.340009604574826541e-01
9.911016878566011323e-01 9.384063378624744184e-03 4.339590728224247407e-01
9.912137238991562960e-01 9.478208887207030184e-03 4.339073411378074341e-01
9.913000989104370220e-01 9.550298459630165993e-03 4.338673980478214842e-01
9.913838631252052114e-01 9.619797661271849154e-03 4.338286098222776110e-01
9.914506465589315587e-01 9.674917178057242453e-03 4.337976462501570984e-01
9.915146713824002367e-01 9.727519056522649851e-03 4.337679283472374303e-01
9.916340109879260289e-01 9.824936394466222966e-03 4.337124444911890087e-01
9.917072197375820242e-01 9.884293063642168517e-03 4.336783466071461590e-01
9.918113459853242775e-01 9.968190298264227589e-03 4.336297640099638917e-01
9.918788921488236321e-01 1.002229025069320718e-02 4.335981931502226328e-01
9.919787124284612512e-01 1.010177889480310537e-02 4.335514535802994507e-01
9.920446367295224777e-01 1.015397989272622155e-02 4.335205280265018168e-01
9.921335618592820316e-01 1.022402801087974114e-02 4.334787370691926545e-01
9.922483388488775313e-01 1.031382119144818969e-02 4.334246622657778047e-01
9.923140323712106303e-01 1.036489891912159046e-02 4.333936404276249044e-01
9.923808176287334248e-01 1.041659163776583602e-02 4.333620471284230224e-01
9.924653149416101661e-01 1.048166050905453492e-02 4.333219908650352004e-01
9.925519742114751187e-01 1.054800973171650912e-02 4.332808076783259965e-01
9.926400143689063649e-01 1.061502230816505424e-02 4.332388572547645200e-01
9.927300306504682759e-01 1.068313840957932706e-02 4.331958437727689293e-01
9.928223552515691441e-01 1.075258659124013819e-02 4.331515932810581226e-01
9.928790071570852138e-01 1.079499829749213692e-02 4.331243701627828790e-01
9.929749283407137694e-01 1.086646250009526936e-02 4.330781496279034748e-01
9.930338309415541742e-01 1.091013184958988282e-02 4.330496841827120025e-01
9.931134822473388635e-01 1.096892346510008019e-02 4.330110873466576082e-01
9.931957520679123297e-01 1.102933127336134383e-02 4.329710902689345997e-01
9.932581794112547158e-01 1.107495170204826455e-02 4.329406470534107876e-01
9.933222453859934520e-01 1.112157790548852672e-02 4.329093180131529661e-01
9.934096186032961295e-01 1.118485483961370250e-02 4.328664441143550978e-01
9.934541404540199183e-01 1.121696143191995391e-02 4.328445293515216785e-01
9.935457954224757859e-01 1.128277397474371745e-02 4.327992642212024621e-01
9.936160469382104843e-01 1.133295903404478271e-02 4.327644267115062227e-01
9.936880935992783437e-01 1.138418709523249771e-02 4.327285646083698922e-01
9.937495894572796473e-01 1.142771818035899847e-02 4.326978422297616533e-01
9.938121488219817667e-01 1.147181670745972548e-02 4.326664784499977823e-01
9.939160796672812381e-01 1.154465270558564620e-02 4.326141170172728700e-01
9.939694945657114866e-01 1.158187418332509537e-02 4.325870758303689834e-01
9.940375730092885220e-01 1.162910690085523779e-02 4.325524777654949360e-01
9.941079133971814086e-01 1.167766691835474616e-02 4.325165670660826023e-01
9.941512836844985657e-01 1.170748572759066838e-02 4.324943397724738126e-01
9.942245924467123519e-01 1.175768016493818242e-02 4.324566154133394624e-01
9.942849783485653292e-01 1.179882842529697898e-02 4.324253908008394154e-01
9.943630951281491326e-01 1.185178784468775975e-02 4.323847880067876459e-01
9.944439687478419110e-01 1.190628027911634634e-02 4.323424915788128264e-01
9.944937414949477361e-01 1.193964019006381327e-02 4.323163231265378381e-01
9.945448254080581085e-01 1.197374008487120216e-02 4.322893522783251008e-01
9.946141837795062779e-01 1.201981545294009135e-02 4.322525433330914324e-01
9.946679242963347711e-01 1.205533821508154683e-02 4.322238671038085567e-01
9.947232555508067620e-01 1.209175199180872670e-02 4.321941947581686150e-01
9.947802947091887171e-01 1.212911896950240667e-02 4.321634445980820360e-01
9.948193345282794198e-01 1.215459373322412898e-02 4.321423000884602739e-01
9.948788033927520313e-01 1.219323978004629126e-02 4.321099330519364567e-01
9.949193304565996376e-01 1.221946388602238552e-02 4.320877626750720957e-01
9.949819063874423275e-01 1.225977007474002289e-02 4.320533447117103076e-01
9.950248963278948144e-01 1.228732880071748031e-02 4.320295642235709721e-01
9.950914392447394174e-01 1.232977092344378009e-02 4.319925299973920718e-01
9.951257033035670885e-01 1.235152436112814563e-02 4.319733500954797689e-01
9.951843888488717260e-01 1.238862758128881324e-02 4.319403197136417183e-01
9.952322115084688559e-01 1.241872102800552040e-02 4.319132295168844338e-01
9.952814503025246839e-01 1.244957237718762044e-02 4.318851683188283386e-01
9.953322073685838545e-01 1.248123308117066524e-02 4.318560563395277274e-01
9.953845960308196350e-01 1.251375831714389951e-02 4.318258037852754638e-01
9.954519586706931378e-01 1.255534318639086114e-02 4.317865861354376888e-01
9.954937886889216880e-01 1.258102771209192693e-02 4.317620456909225246e-01
9.955367586705249350e-01 1.260730195843807674e-02 4.317366814224081750e-01
9.955809446208156999e-01 1.263420665744910062e-02 4.317104302277761652e-01
9.956414875400296793e-01 1.267088867866295390e-02 4.316741728192051153e-01
9.956882115261579402e-01 1.269905683689136373e-02 4.316459544040340823e-01
9.957364305507077074e-01 1.272799832613519255e-02 4.316166086543298808e-01
9.957694647789196996e-01 1.274775135223270642e-02 4.315963682377499389e-01
9.958204391530577348e-01 1.277811090933279707e-02 4.315649115227631061e-01
9.958554331825923978e-01 1.279886576400593619e-02 4.315431536248361399e-01
9.959095524598978733e-01 1.283082148497045362e-02 4.315092341002453868e-01
9.959562594527735513e-01 1.285826137403552234e-02 4.314796863162682627e-01
9.960045505597787674e-01 1.288649600098737587e-02 4.314488592108197129e-01
9.960343411253066437e-01 1.290384748474605360e-02 4.314296967666659821e-01
9.960854494326569775e-01 1.293350371920913913e-02 4.313965552402596049e-01
9.961277448285118519e-01 1.295794239279808233e-02 4.313688649028031286e-01
9.961713919593757627e-01 1.298306460413875540e-02 4.313400302013575272e-01
9.962161918280310058e-01 1.300874609474533122e-02 4.313101499063698996e-01
9.962505693319740896e-01 1.302837826606172492e-02 4.312870189277295263e-01
9.962858572444537320e-01 1.304846116088834336e-02 4.312630868350341706e-01
9.963221125104277931e-01 1.306902100875239822e-02 4.312382935731669531e-01
9.963593986330890884e-01 1.309008826774595187e-02 4.312125717309484019e-01
9.963977866504906133e-01 1.311169933631985141e-02 4.311858453019346005e-01
9.964373559441993544e-01 1.313389472553958687e-02 4.311580284772613125e-01
9.964644356591672025e-01 1.314903923460333281e-02 4.311388301170037129e-01
9.965061743102501257e-01 1.317231215489300666e-02 4.311089743632512405e-01
9.965347929889251111e-01 1.318822085170382082e-02 4.310883119940769337e-01
9.965789926785999508e-01 1.321271103419479828e-02 4.310560843821698018e-01
9.966093636738425632e-01 1.322948163633962983e-02 4.310337099199122446e-01
9.966559567315705914e-01 1.325511597016649189e-02 4.309990075930686948e-01
9.966880427217708061e-01 1.327270201146201097e-02 4.309748349945614065e-01
9.967378328212044281e-01 1.329988529031711150e-02 4.309368636044162426e-01
9.967809783515868549e-01 1.332334177931784359e-02 4.309034879164775900e-01
9.968257684029371291e-01 1.334759951444015012e-02 4.308683579092625893e-01
9.968534955838771472e-01 1.336257202786681614e-02 4.308463555157426295e-01
9.969012406558794837e-01 1.338827682272247278e-02 4.308079943756448760e-01
9.969308756731882770e-01 1.340417968654077606e-02 4.307838710161849827e-01
9.969613046775022136e-01 1.342046552196583462e-02 4.307588433621548640e-01
9.969925771600518516e-01 1.343715721255096286e-02 4.307328411446001426e-01
9.970247479264872092e-01 1.345428049072748544e-02 4.307057856351256819e-01
9.970691443777704999e-01 1.347783282562341027e-02 4.306679201583334393e-01
9.971036607767090887e-01 1.349608321907673839e-02 4.306380420663483144e-01
9.971393088047536546e-01 1.351487974916091780e-02 4.306067665438028103e-01
9.971637472447061334e-01 1.352773773787934938e-02 4.305850725759873265e-01
9.972014842903836884e-01 1.354755041707704152e-02 4.305511565285287667e-01
9.972274093111264115e-01 1.356113074958910196e-02 4.305275536008509318e-01
9.972575290295068173e-01 1.357687537997717166e-02 4.304998118083926961e-01
9.972922000224022643e-01 1.359495378848488839e-02 4.304674381498826974e-01
9.973280657224116164e-01 1.361360155652946609e-02 4.304334354031925658e-01
9.973558081309227275e-01 1.362798877060597373e-02 4.304067631102984626e-01
9.973843238065247530e-01 1.364274597629050630e-02 4.303789996684471708e-01
9.974136641173761975e-01 1.365790018119155021e-02 4.303500546062114518e-01
9.974438858290636256e-01 1.367348066636654182e-02 4.303198262559119747e-01
9.974750515538618467e-01 1.368952030436772389e-02 4.302881998616160386e-01
9.975181926553605694e-01 1.371167623000455610e-02 4.302436321598208657e-01
9.975404964969021293e-01 1.372310713448165499e-02 4.302202172735396513e-01
9.975740710655780497e-01 1.374028372014997681e-02 4.301844728492504877e-01
9.976084019075507348e-01 1.375780683432463285e-02 4.301472827728448078e-01
9.976319905302465374e-01 1.376982328746590920e-02 4.301213408987044073e-01
9.976685048465973038e-01 1.378839116864387718e-02 4.300805390185184485e-01
9.976936576052695127e-01 1.380116132697249004e-02 4.300519619104597457e-01
9.977327010428558296e-01 1.382095622052775981e-02 4.300068156503288330e-01
9.977596755686080066e-01 1.383461356692966722e-02 4.299750445839474189e-01
9.977874647642224204e-01 1.384866751149125760e-02 4.299418004625781831e-01
9.978161248682079210e-01 1.386314475425501520e-02 4.299069497035503118e-01
9.978457182292497230e-01 1.387807272799503576e-02 4.298703405797020816e-01
9.978685681051390199e-01 1.388958368282829266e-02 4.298416252492069378e-01
9.978920154480180882e-01 1.390138327785134069e-02 4.298117406811947649e-01
9.979242710965282592e-01 1.391759772383123830e-02 4.297699162111719429e-01
9.979408528064854789e-01 1.392592654273274062e-02 4.297480842544564861e-01
9.979749878048177480e-01 1.394306283700354546e-02 4.297024127219865597e-01
9.979925724695731803e-01 1.395188690732137443e-02 4.296784905690916312e-01
9.980288529745338089e-01 1.397008636514948318e-02 4.296282592899909880e-01
9.980475867178884020e-01 1.397947982979182505e-02 4.296018440264695593e-01
9.980764821692650335e-01 1.399396357584884766e-02 4.295604404546131128e-01
9.981063982578021188e-01 1.400895084833269320e-02 4.295167003984360354e-01
9.981269508387591305e-01 1.401924190986111700e-02 4.294861167950705383e-01
9.981587598926524585e-01 1.403516452210889880e-02 4.294378972792279314e-01
9.981806669382242703e-01 1.404612913581927691e-02 4.294040420154073834e-01
9.982031749578805790e-01 1.405739690351690344e-02 4.293686927117694174e-01
9.982381475806171300e-01 1.407491556666638256e-02 4.293125942573439713e-01
9.982623346236442208e-01 1.408703916322533514e-02 4.292729290475222337e-01
9.982872737916601569e-01 1.409954665467752326e-02 4.292312597410293806e-01
9.983130182164108302e-01 1.411246560797374365e-02 4.291873947673220391e-01
9.983396273700049228e-01 1.412582643692715002e-02 4.291411151625751375e-01
9.983671684421697723e-01 1.413966511206644384e-02 4.290921692099031182e-01
9.983957179697369178e-01 1.415402530194297299e-02 4.290402660609181074e-01
9.984253637137215920e-01 1.416895752515937371e-02 4.289850672369582840e-01
9.984406293963175028e-01 1.417665691912024968e-02 4.289561081072170712e-01
9.984641183739834114e-01 1.418852145250754093e-02 4.289108189733765175e-01
9.984883613646687861e-01 1.420079161210486933e-02 4.288631185687710179e-01
9.985219528053926874e-01 1.421783333560035570e-02 4.287953525217816919e-01
9.985393346580382357e-01 1.422666880385358053e-02 4.287594924950009490e-01
9.985661963323834156e-01 1.424034995519697644e-02 4.287029707018666369e-01
9.985940768752048502e-01 1.425458721017811708e-02 4.286428342047670648e-01
9.986132751984105882e-01 1.426441522734988449e-02 4.286005216581665334e-01
9.986430633305444227e-01 1.427971203241413904e-02 4.285333626095738646e-01
9.986636340980088455e-01 1.429031251243640874e-02 4.284858766081751646e-01
9.986848179599125963e-01 1.430126458539041773e-02 4.284359975859594050e-01
9.987178338722532134e-01 1.431841074946876673e-02 4.283562062523461056e-01
9.987349444046859093e-01 1.432733243743310354e-02 4.283138275386975113e-01
9.987524851726983233e-01 1.433650541288863239e-02 4.282696302566817437e-01
9.987765844015680239e-01 1.434915659282599149e-02 4.282076257035093425e-01
9.988015577918140098e-01 1.436232977397330218e-02 4.281417500905450035e-01
9.988274800149772314e-01 1.437607842685322511e-02 4.280715584403624874e-01
9.988544362552871370e-01 1.439046498806438416e-02 4.279965299546346080e-01
9.988753905693313895e-01 1.440171632076431632e-02 4.279367153449004646e-01
9.988970266660069930e-01 1.441340177242225740e-02 4.278735349979410074e-01
9.989270221423027785e-01 1.442972322537908712e-02 4.277834597172019970e-01
9.989504550052760168e-01 1.444257377055014301e-02 4.277109865400787192e-01
9.989747628014434833e-01 1.445600431455538668e-02 4.276337692511736344e-01
9.990051947931041232e-01 1.447297650825079586e-02 4.275340442532415408e-01
9.990263205772492716e-01 1.448486943871622745e-02 4.274627292487943042e-01
9.990481762035228197e-01 1.449727925713874266e-02 4.273870814408858854e-01
9.990785530834477290e-01 1.451472228970002686e-02 4.272786504939023455e-01
9.991023505581886344e-01 1.452855259578878476e-02 4.271908957444113253e-01
9.991271012511192540e-01 1.454310122084383379e-02 4.270968770926403257e-01
9.991528929002418957e-01 1.455845308770432195e-02 4.269957759665511943e-01
9.991798280720175507e-01 1.457471010560447769e-02 4.268866159583732944e-01
9.991984794926396241e-01 1.458611165123875793e-02 4.268087874030613293e-01
9.992177328124328684e-01 1.459801675105304453e-02 4.267264522367808510e-01
9.992478392564185796e-01 1.461693143814614404e-02 4.265934700375055844e-01
9.992688036569071786e-01 1.463032707260568041e-02 4.264976491370990885e-01
9.992905497192673403e-01 1.464443233488575344e-02 4.263953219394900351e-01
9.993131439165223728e-01 1.465932810145521153e-02 4.262856828944034948e-01
9.993247827739355493e-01 1.466710182360420056e-02 4.262278246683838812e-01
9.993487959678186705e-01 1.468337597468635097e-02 4.261053823731596468e-01
9.993674973098491954e-01 1.469628125489212331e-02 4.260070296972724435e-01
9.993868412429605108e-01 1.470985835312853610e-02 4.259024174483720393e-01
9.994068783400280598e-01 1.472418394635237847e-02 4.257908275123450381e-01
9.994276648665150198e-01 1.473934589635439614e-02 4.256714131564360848e-01
9.994492639380627708e-01 1.475544564155975569e-02 4.255431666976439153e-01
9.994641497712507539e-01 1.476675869917380528e-02 4.254521696240053941e-01
9.994872678435071656e-01 1.478470868386153395e-02 4.253064117901724228e-01
9.995032449859110324e-01 1.479739978103198142e-02 4.252023312630577312e-01
9.995197091961360858e-01 1.481074026270380595e-02 4.250920701491386344e-01
9.995366937452522249e-01 1.482480052804601919e-02 4.249749613870377196e-01
9.995542352050760249e-01 1.483965938637937451e-02 4.248502214590926807e-01
9.995632269244164592e-01 1.484741591573284294e-02 4.247847020816878927e-01
9.995816803494208536e-01 1.486365458253725153e-02 4.246467391899835242e-01
9.996007985421709874e-01 1.488095664379691062e-02 4.244984775090960838e-01
9.996106220069089776e-01 1.489004723700582816e-02 4.244200240038911165e-01
9.996308346586166849e-01 1.490921638936022059e-02 4.242534392358355277e-01
9.996412368419599348e-01 1.491933734634937753e-02 4.241647681300409478e-01
9.996572341019539509e-01 1.493526834998531484e-02 4.240242269327070823e-01
9.996654165764250477e-01 1.494359667900887860e-02 4.239502274896088663e-01
9.996737268852544656e-01 1.495218698536367012e-02 4.238735251544435978e-01
9.996907478591154916e-01 1.497022355270361677e-02 4.237112595004004501e-01
9.997083254080765258e-01 1.498951601831247787e-02 4.235355093506959490e-01
9.997203659123680142e-01 1.500315263085912065e-02 4.234096421852424630e-01
9.997295716088870909e-01 1.501382755074445914e-02 4.233100550489378167e-01
9.997389315847620139e-01 1.502491668832270193e-02 4.232055308605768840e-01
9.997484485856261704e-01 1.503644928481302247e-02 4.230955326650300830e-01
9.997581247233376933e-01 1.504845710356287995e-02 4.229794201401627651e-01
9.997679612228204116e-01 1.506097430404258752e-02 4.228564070128122965e-01
9.997739394289327786e-01 1.506874308991968704e-02 4.227788935779180912e-01
9.997820000854189537e-01 1.507942288669669381e-02 4.226707829759001611e-01
9.997929051550846768e-01 1.509426824834845214e-02 4.225171536748784651e-01
9.997984214594728414e-01 1.510196085207103633e-02 4.224357585228092349e-01
9.998039795735214064e-01 1.510984316165198127e-02 4.223510314799017173e-01
9.998095779159665852e-01 1.511792121761415877e-02 4.222627958865768916e-01
9.998208912998742814e-01 1.513469400273376002e-02 4.220752232357156686e-01
9.998265973426959663e-01 1.514338990642661101e-02 4.219760288300584139e-01
9.998323339786087116e-01 1.515229923891550125e-02 4.218738156228283298e-01
9.998380985682069344e-01 1.516142424073193412e-02 4.217696302610244308e-01
9.998467947419584778e-01 1.517551994292833800e-02 4.216164978602314761e-01
9.998526250026127382e-01 1.518519111537175621e-02 4.215202065188957681e-01
9.998555514960351109e-01 1.519011142241559302e-02 4.214758110144004033e-01
9.998614299637414993e-01 1.520012451379102424e-02 4.213957266631866982e-01
9.998643847881024671e-01 1.520522205269396465e-02 4.213605160800075744e-01
9.998673512895481785e-01 1.521038219228567495e-02 4.213285768340083171e-01
9.998733233069112547e-01 1.522089678586377795e-02 4.212741269886519091e-01
9.998793574077052826e-01 1.523169039789139256e-02 4.212315224687912529e-01
9.998824016846992180e-01 1.523720027115426506e-02 4.212143060356423052e-01
9.998854656500272275e-01 1.524278906784098074e-02 4.211996018738039527e-01
9.998916573648619632e-01 1.525421524687374866e-02 4.211771828738031243e-01
9.998979452562853920e-01 1.526600159809737497e-02 4.211631938032717737e-01
9.999043416463473388e-01 1.527818274180479767e-02 4.211566022585851998e-01
9.999125084778498485e-01 1.529402194690052119e-02 4.211571778053933568e-01
9.999175115050784601e-01 1.530388797730391701e-02 4.211613565556296401e-01
9.999243130945403291e-01 1.531750474286575417e-02 4.211705323933430667e-01
9.999312785469907094e-01 1.533170051692160120e-02 4.211829304853261235e-01
9.999348281186141163e-01 1.533903510995210384e-02 4.211900428341651681e-01
9.999420696978659207e-01 1.535421563972249118e-02 4.212055835595958642e-01
9.999476355849528098e-01 1.536608699954534162e-02 4.212179234713342990e-01
9.999533256625676714e-01 1.537841244939797472e-02 4.212304329096911437e-01
9.999611203631671996e-01 1.539561859484105469e-02 4.212466795149393262e-01
9.999671357732496935e-01 1.540916044759943829e-02 4.212579546996217950e-01
9.999724755022235678e-01 1.542138050502551636e-02 4.212666810125642591e-01
9.999792197722634501e-01 1.543709235424719009e-02 4.212755493040982180e-01
9.999826680284464864e-01 1.544524852836304425e-02 4.212789957241575012e-01
9.999897257606218393e-01 1.546221120740894593e-02 4.212834222481569024e-01
9.999933403873831894e-01 1.547104182255751303e-02 4.212841744103970054e-01
9.999970151280588304e-01 1.548012165722906230e-02 4.212837912602157009e-01
9.999985024668397449e-01 1.548382647819889803e-02 4.212832901839042576e-01
