# -104 2 0.101986021635 6.42464222522e-06
# x xi_r xi_h
1.310287751119751072e-03 2.002599169062054330e+02 6.361553620245658180e+01
1.460995662986557019e-03 1.950522758443371742e+02 5.167824029819150411e+01
1.650884358646134958e-03 1.804377609347031353e+02 3.285438462178564833e+01
1.840773054305712029e-03 1.583428817262646930e+02 1.180273236473800225e+01
2.080034956818093209e-03 1.231689236316026097e+02 -1.458185573053546236e+01
2.319296859330475039e-03 8.395601541132313628e+01 -3.669344836612861371e+01
2.520287072229036949e-03 5.126074315269774218e+01 -4.929855190666007303e+01
2.721277285127598859e-03 2.154438027744119921e+01 -5.525881265821792709e+01
2.922267498026161203e-03 -3.258926367829252158e+00 -5.424432486111474816e+01
3.112225549436466957e-03 -2.100851037095244678e+01 -4.732173420763248117e+01
3.302183600846774012e-03 -3.268302224565854175e+01 -3.575679865933079782e+01
3.492141652257081067e-03 -3.833661705058847957e+01 -2.112095502847776274e+01
3.682099703667386821e-03 -3.852540214341981795e+01 -5.253601964944254021e+00
3.921500270735109317e-03 -3.257514927956211892e+01 1.356186803833551124e+01
4.160900837802832680e-03 -2.198274742901015699e+01 2.813928736720291468e+01
4.400301404870555176e-03 -9.448203803224602737e+00 3.614728322189808551e+01
4.639701971938277672e-03 2.502903467309282259e+00 3.660772157945974214e+01
4.869433365318841418e-03 1.156854107878253757e+01 3.036019479873660742e+01
5.099164758699403430e-03 1.713635762701267851e+01 1.914406514514811875e+01
5.328896152079966309e-03 1.882521064424777535e+01 5.284651271774767345e+00
5.558627545460530055e-03 1.693611460081924136e+01 -8.570529815501007675e+00
5.787748083093968016e-03 1.232708335312234738e+01 -1.990959649149532495e+01
6.016868620727404242e-03 6.168837961988343110e+00 -2.688873529617926650e+01
6.245989158360841335e-03 -2.656653156854133502e-01 -2.851383369659338385e+01
6.507314466583081353e-03 -6.462754183729660262e+00 -2.397498322814375626e+01
6.768639774805322237e-03 -1.032425967368665987e+01 -1.407507228246339359e+01
7.029965083027563122e-03 -1.129991453332585216e+01 -1.459210569743069286e+00
7.291290391249803139e-03 -9.546029283528488563e+00 1.074915056613417086e+01
7.588259160035928062e-03 -5.228322429056225573e+00 2.054403836357137436e+01
7.885227928822052118e-03 4.747366194233408609e-02 2.355552926561638571e+01
8.182196697608175306e-03 4.638063819328905879e+00 1.927708913551044745e+01
8.479165466394300230e-03 7.302358925321839500e+00 9.407534578858628649e+00
8.776134235180425153e-03 7.500865786155498149e+00 -2.774404030610202021e+00
9.062891590263655664e-03 5.558302166143623602e+00 -1.317687680986342791e+01
9.349648945346886175e-03 2.285668159701284008e+00 -1.930844139040194918e+01
9.636406300430114952e-03 -1.276644450962646893e+00 -1.964438524861602886e+01
9.923163655513347198e-03 -4.119549920472563187e+00 -1.436936478095468495e+01
1.020992101059657944e-02 -5.533582970077488561e+00 -5.243815232222820200e+00
1.049667836567980995e-02 -5.270149659893892391e+00 4.965532244180392851e+00
1.078343572076304047e-02 -3.563403350652986745e+00 1.331168118984371240e+01
1.107585216327150977e-02 -9.694982749187104343e-01 1.754020225326391369e+01
1.136826860577998081e-02 1.668698071271791372e+00 1.640877306104228595e+01
1.166068504828845012e-02 3.590773080979892562e+00 1.047770304608045144e+01
1.195310149079691076e-02 4.308625612257249493e+00 1.691513688663753845e+00
1.224551793330539047e-02 3.720209515737189054e+00 -7.248482982782317841e+00
1.253793437581384937e-02 2.104754620759813566e+00 -1.370596433787627788e+01
1.283035081832233082e-02 1.106692914877110273e-02 -1.587828115638379778e+01
1.312276726083078972e-02 -1.920714532069881075e+00 -1.329031314208844172e+01
1.341518370333926076e-02 -3.148345271167827697e+00 -6.880850326344085666e+00
1.372371033175165053e-02 -3.357503073112400926e+00 1.758450695084760484e+00
1.403223696016404030e-02 -2.481793725952560425e+00 9.519174010202812397e+00
1.434076358857643008e-02 -8.823016830934495847e-01 1.392185562376453056e+01
1.464929021698880944e-02 8.798843476313173984e-01 1.366202044075022926e+01
1.495781684540119921e-02 2.234982350452051847e+00 8.986277475899395739e+00
1.526634347381359072e-02 2.783803243794381821e+00 1.556137625308166905e+00
1.557487010222598049e-02 2.410220762548073825e+00 -6.137553073566618167e+00
1.588339673063835986e-02 1.296875615125159475e+00 -1.160505850759354551e+01
1.619192335905075136e-02 -1.535978390561543450e-01 -1.315773203463844077e+01
1.650044998746313940e-02 -1.460387736632147382e+00 -1.042220349431801552e+01
1.680897661587552050e-02 -2.220649143135707160e+00 -4.414508262842704589e+00
1.711941423928450140e-02 -2.228182291086796774e+00 2.875106372664433252e+00
1.742985186269348924e-02 -1.523053675410386942e+00 9.018049741548439968e+00
1.774028948610247014e-02 -3.747438782188535211e-01 1.206008254055708662e+01
1.805072710951145104e-02 8.240275227850356599e-01 1.110959781993932971e+01
1.836116473292042847e-02 1.689248451899947323e+00 6.590852849149357873e+00
1.867160235632940937e-02 1.966264686944364071e+00 6.575156911416127348e-02
1.898203997973839027e-02 1.602020262237447978e+00 -6.304545025137127112e+00
1.929247760314737117e-02 7.493195611243192999e-01 -1.047342038034757827e+01
1.960291522655635901e-02 -2.939093927931939465e-01 -1.116284355743173151e+01
1.991335284996533991e-02 -1.187188024411762077e+00 -8.249462077070820243e+00
2.022379047337432081e-02 -1.657090876180015826e+00 -2.767737413365284116e+00
2.053422809678330171e-02 -1.579081360301319847e+00 3.457839983786248350e+00
2.083870335922823058e-02 -1.021408923266912794e+00 8.351247741554221449e+00
2.114317862167315945e-02 -1.819823536525853880e-01 1.055689951681216421e+01
2.144765388411808138e-02 6.707646770556731086e-01 9.473668895739033147e+00
2.175212914656301025e-02 1.279131804793604887e+00 5.522525490511569046e+00
2.205660440900793912e-02 1.472775377055452584e+00 -1.518680469625015815e-02
2.236107967145287145e-02 1.214685421963948686e+00 -5.414838533567178480e+00
2.266555493389780032e-02 6.047353520454398224e-01 -9.044873589700067384e+00
2.297003019634272919e-02 -1.576380466053807772e-01 -9.856044105444368597e+00
2.327450545878765112e-02 -8.380852495176975836e-01 -7.678234990302305718e+00
2.357898072123257999e-02 -1.238591959969823186e+00 -3.243284774318516028e+00
2.388999902351006052e-02 -1.250228944484287341e+00 2.168431999488837469e+00
2.420101732578754106e-02 -8.769984190215064368e-01 6.782997062366235674e+00
2.451203562806502159e-02 -2.514098710138080728e-01 9.192027683453218856e+00
2.482305393034249866e-02 4.237184004197738774e-01 8.707816964386136505e+00
2.513407223261997919e-02 9.405424636354468015e-01 5.552257511127278278e+00
2.544509053489744932e-02 1.149394089846898614e+00 7.605095285491109136e-01
2.575610883717492985e-02 1.000980407114898663e+00 -4.160580171090154877e+00
2.606712713945241039e-02 5.561060747786381597e-01 -7.706241774556519708e+00
2.637814544172989092e-02 -3.815214447151758781e-02 -8.831043742800403606e+00
2.668916374400737146e-02 -5.968136888195618717e-01 -7.251835769989471991e+00
2.700018204628484852e-02 -9.541262569012791683e-01 -3.510514732328918086e+00
2.731120034856232906e-02 -1.012001152274492943e+00 1.213671438674421621e+00
2.762221865083979919e-02 -7.658736242007174733e-01 5.477072179434319565e+00
2.793323695311727972e-02 -3.015671698421656943e-01 8.011744040914631881e+00
2.826513052570591919e-02 2.669962396098558566e-01 8.020968735770315661e+00
2.859702409829455866e-02 7.240318519920926343e-01 5.334280051633859543e+00
2.892891767088319119e-02 9.227199530215174361e-01 9.137293182418516624e-01
2.926081124347183066e-02 8.082035599518956337e-01 -3.724801750231612196e+00
2.959270481606045972e-02 4.312579828695327633e-01 -7.031525892634238772e+00
2.992459838864909918e-02 -7.334730719816850986e-02 -7.937796492237374935e+00
3.025649196123773171e-02 -5.348792243878597308e-01 -6.196293411943884166e+00
3.058838553382637118e-02 -8.040495159395462110e-01 -2.440017993065008106e+00
3.092027910641501065e-02 -8.006619858282151281e-01 2.050082839151714964e+00
3.125217267900363971e-02 -5.365454925923446305e-01 5.783171092892675169e+00
3.158406625159228265e-02 -1.075998961501145879e-01 7.552280236191803553e+00
3.191595982418091171e-02 3.409342828570743333e-01 6.820844161507791270e+00
3.224785339676954771e-02 6.634735871309207500e-01 3.879590023120345954e+00
3.257974696935817677e-02 7.609192667868784898e-01 -2.698218367579321431e-01
3.291164054194681970e-02 6.104214293581715634e-01 -4.258019216052139733e+00
3.324353411453546264e-02 2.694013456337388535e-01 -6.799911094547882229e+00
3.357542768712409170e-02 -1.462018234519970317e-01 -7.106376208936708849e+00
3.390732125971272770e-02 -5.013015790713269970e-01 -5.124660917616152389e+00
3.423921483230135676e-02 -6.853247416930539071e-01 -1.535924460298783378e+00
3.457110840488999970e-02 -6.461543264748933479e-01 2.481528524755625131e+00
3.491112367483018009e-02 -3.967093972194205009e-01 5.694909691446210509e+00
3.525113894477036047e-02 -2.484740737904999816e-02 6.964316056625724727e+00
3.559115421471054780e-02 3.431086328122200935e-01 5.909022410960709237e+00
3.593116948465072819e-02 5.869543250901139153e-01 2.922676124619286053e+00
3.627118475459092245e-02 6.314841246699012256e-01 -9.755913667599648287e-01
3.661120002453110284e-02 4.690879931599234998e-01 -4.490482680040394747e+00
3.695121529447128322e-02 1.595083164678638143e-01 -6.480361631169375691e+00
3.729123056441145667e-02 -1.921304346521851281e-01 -6.325356799531324903e+00
3.763124583435163706e-02 -4.709773043269310788e-01 -4.116063226827534116e+00
3.797126110429181745e-02 -5.897430004970340978e-01 -6.069785282202824206e-01
3.831127637423199783e-02 -5.156084309907144059e-01 3.043400078917513962e+00
3.865129164417219210e-02 -2.786143457326089590e-01 5.655780730807141943e+00
3.899130691411237248e-02 4.032969696237765495e-02 6.409707655697745032e+00
3.933132218405255287e-02 3.371141148430870094e-01 5.097905950626844707e+00
3.967133745399273326e-02 5.183185456865131435e-01 2.177636278116845681e+00
4.001135272393290671e-02 5.303339279934108363e-01 -1.391290563173715134e+00
4.035136799387308709e-02 3.747429932235964434e-01 -4.463865957913673022e+00
4.069138326381326748e-02 1.057256664799300083e-01 -6.077156477228665921e+00
4.103139853375346174e-02 -1.889066882830080230e-01 -5.749742979550980237e+00
4.137141380369364213e-02 -4.163981186304694937e-01 -3.620985760043432311e+00
4.171142907363382252e-02 -5.080883411741179412e-01 -3.914015358513231457e-01
4.205144434357400290e-02 -4.397744773995636014e-01 2.910763883589747802e+00
4.239145961351419023e-02 -2.374843456572096612e-01 5.258191534143008106e+00
4.273147488345437062e-02 3.245839764224622143e-02 5.942956036293890243e+00
4.307149015339455100e-02 2.853097174665134572e-01 4.786451353850496027e+00
4.325489917444660243e-02 3.881107886239245630e-01 3.485643667602833951e+00
4.343830819549863304e-02 4.527762314574890201e-01 1.868015383994474199e+00
4.362171721655067058e-02 4.739119985374239397e-01 8.981742318494542743e-02
4.380512623760270813e-02 4.503119508032549789e-01 -1.679883113873762879e+00
4.398853525865475261e-02 3.849749797519683714e-01 -3.275295655878188494e+00
4.417194427970679016e-02 2.847293105139027114e-01 -4.549371220721208253e+00
4.435535330075882771e-02 1.595100041616054898e-01 -5.387206155188112966e+00
4.453876232181087219e-02 2.136652652075060957e-02 -5.716180311835765693e+00
4.472217134286290280e-02 -1.167000791776072743e-01 -5.511960821358881546e+00
4.490558036391494035e-02 -2.419581932138446523e-01 -4.799909327125728709e+00
4.527239840601902238e-02 -4.093697947039652840e-01 -2.252539966610475286e+00
4.563921644812309747e-02 -4.330470297734281826e-01 1.024557327087030956e+00
4.600603449022717950e-02 -3.094708647457489747e-01 3.900662815903210845e+00
4.637285253233124765e-02 -8.484074463237319119e-02 5.410432052359803734e+00
4.673967057443533663e-02 1.624504040003435790e-01 5.074017801846677500e+00
4.710648861653941866e-02 3.492657873073333197e-01 3.042725109461301258e+00
4.747330665864348681e-02 4.154864659347916045e-01 2.888745861371824764e-02
4.784012470074756884e-02 3.429101326677314043e-01 -2.947779108140246684e+00
4.820694274285165087e-02 1.595347679903779681e-01 -4.906037012511916373e+00
4.857376078495573291e-02 -7.143364479108121889e-02 -5.223912332724396812e+00
4.894057882705980800e-02 -2.735141966747896558e-01 -3.830759577144323913e+00
4.931285321897629220e-02 -3.828632592973617577e-01 -1.171998843311173433e+00
4.968512761089276947e-02 -3.629255953022111347e-01 1.836592204929395233e+00
5.005740200280924673e-02 -2.240205636800088329e-01 4.193657772087572511e+00
5.042967639472573094e-02 -1.506919429902627353e-02 5.136132571719075557e+00
5.080195078664220820e-02 1.938019602948968245e-01 4.382113212456417273e+00
5.117422517855869241e-02 3.347962871541773633e-01 2.209321405660956028e+00
5.154649957047517661e-02 3.642533363040070249e-01 -6.503665018977725643e-01
5.191877396239164694e-02 2.758009386327747725e-01 -3.259780425004699556e+00
5.229104835430813114e-02 1.010340917870251320e-01 -4.783635076455015955e+00
5.266332274622462228e-02 -1.019386254668985525e-01 -4.753526205702272911e+00
5.303559713814109261e-02 -2.679042977702730810e-01 -3.207563743670760914e+00
5.340787153005757681e-02 -3.454177399048949382e-01 -6.645651932765652692e-01
5.378014592197404714e-02 -3.124952150746255208e-01 2.053220401615746038e+00
5.415242031389053134e-02 -1.824358052349415449e-01 4.087522935919695399e+00
5.452469470580702249e-02 1.607083831359743236e-03 4.814258149373551454e+00
5.489696909772349281e-02 1.811087073437002704e-01 4.031779837056888915e+00
5.526924348963997702e-02 3.008134938306491479e-01 2.011469016970502288e+00
5.564151788155646122e-02 3.255953945974262576e-01 -5.998943407496899471e-01
5.601379227347293849e-02 2.504472263121701459e-01 -2.990137849858956365e+00
5.638606666538942269e-02 1.008718128307555112e-01 -4.435099419248062169e+00
5.675834105730589996e-02 -7.598678094528095450e-02 -4.516149582750093039e+00
5.713557747568415168e-02 -2.278712455604761933e-01 -3.213734790920016238e+00
5.751281389406241035e-02 -3.069736249311639797e-01 -9.465469193326231379e-01
5.789005031244066207e-02 -2.912970523671712386e-01 1.574117849188246154e+00
5.826728673081892074e-02 -1.881719875593889646e-01 3.580590136269157675e+00
5.864452314919717246e-02 -3.085977636844172700e-02 4.482056595608308491e+00
5.902175956757541725e-02 1.324122671450460864e-01 4.034626989742129410e+00
5.939899598595368285e-02 2.533127775365891510e-01 2.400868458314550313e+00
5.977623240433192764e-02 2.975785235349382440e-01 8.703950982407013259e-02
6.015346882271019324e-02 2.544047191579841272e-01 -2.217188790945133992e+00
6.053070524108843803e-02 1.386067952658365798e-01 -3.844979422414866566e+00
6.090794165946669669e-02 -1.466434839917499233e-02 -4.342959604537527163e+00
6.128517807784496230e-02 -1.607417105198766238e-01 -3.592833679200277075e+00
6.149838126173343134e-02 -2.248829145682843533e-01 -2.675613844676434816e+00
6.171158444562190731e-02 -2.668759664485993444e-01 -1.511707044549541301e+00
6.192478762951038329e-02 -2.830867319064697685e-01 -2.145372593499999259e-01
6.213799081339885233e-02 -2.723826555424687101e-01 1.091692844030659248e+00
6.235119399728732831e-02 -2.361829445200600563e-01 2.283872417126123100e+00
6.256439718117580429e-02 -1.782689954772486707e-01 3.251486416685320346e+00
6.277760036506427332e-02 -1.043795932288644895e-01 3.906693650542471641e+00
6.299080354895275624e-02 -2.163453237399833376e-02 4.192080593903846797e+00
6.320400673284122528e-02 6.215523230873618021e-02 4.085431455329825212e+00
6.341720991672969432e-02 1.392241643799417561e-01 3.601147094022021378e+00
6.384361628450666015e-02 2.452215018344544861e-01 1.778603744846070311e+00
6.427002265228359823e-02 2.653656808880807683e-01 -6.274228383311811763e-01
6.469642902006055019e-02 1.950887452663808141e-01 -2.786685296078770246e+00
6.512283538783750214e-02 6.045546689417594793e-02 -3.973507561533068611e+00
6.554924175561444022e-02 -9.172671466755552561e-02 -3.807666043658669786e+00
6.597564812339139217e-02 -2.102869812117084125e-01 -2.370975138689762840e+00
6.640205449116834413e-02 -2.568146638210859756e-01 -1.658463456167136030e-01
6.682846085894529609e-02 -2.178412620489554030e-01 2.063954493124779521e+00
6.725486722672224804e-02 -1.083205203479143536e-01 3.585545092740408446e+00
6.768127359449918612e-02 3.430881730060815482e-02 3.916343053512925998e+00
6.810767996227613807e-02 1.630916029140767887e-01 2.973036349858617644e+00
6.854182003929965017e-02 2.376526085550210166e-01 1.048464064938627205e+00
6.897596011632314839e-02 2.324251053353884322e-01 -1.195426068141672182e+00
6.941010019334666048e-02 1.511887423270699971e-01 -3.015150106253059459e+00
6.984424027037017257e-02 2.232712997877816033e-02 -3.826130436887349884e+00
7.027838034739368467e-02 -1.113109726477728434e-01 -3.386837222294259764e+00
7.071252042441718288e-02 -2.067348787410868416e-01 -1.864782411441864962e+00
7.114666050144069498e-02 -2.345247474332852466e-01 2.311759336208374649e-01
7.158080057846419320e-02 -1.876150459236530510e-01 2.224275369155631843e+00
7.201494065548770529e-02 -8.263992573873772673e-02 3.489116211842457016e+00
7.244908073251121738e-02 4.618916259451227163e-02 3.645694723346349253e+00
7.288322080953472948e-02 1.583777969484021775e-01 2.668930054304051058e+00
7.331736088655822769e-02 2.198574889265154930e-01 8.838963762282093795e-01
7.375150096358173979e-02 2.131418430985613510e-01 -1.146178329435676435e+00
7.419305697663924892e-02 1.404044496882454474e-01 -2.820386820405884176e+00
7.463461298969675806e-02 2.542127103303529895e-02 -3.594159147663586573e+00
7.507616900275426719e-02 -9.534226503096149274e-02 -3.248678700894225280e+00
7.551772501581177632e-02 -1.848580683145724379e-01 -1.914561087399435424e+00
7.595928102886928546e-02 -2.167955739488429123e-01 -1.887206276058572135e-02
7.640083704192679459e-02 -1.830107648262082332e-01 1.855007945187312934e+00
7.684239305498430372e-02 -9.523561356195738015e-02 3.147835330632995365e+00
7.728394906804181286e-02 1.920417568405607261e-02 3.489409694115294336e+00
7.772550508109932199e-02 1.260454046615412937e-01 2.800233708828945733e+00
7.816706109415683112e-02 1.943477533825147818e-01 1.303739594597852935e+00
7.860861710721434026e-02 2.053039792237282835e-01 -5.495891904115103310e-01
7.907004175851901906e-02 1.539693663657976663e-01 -2.279358170091193792e+00
7.953146640982367011e-02 5.596001202632357868e-02 -3.279971102398574700e+00
7.999289106112834891e-02 -5.752237464471836315e-02 -3.259217245535261043e+00
8.045431571243301383e-02 -1.515403200221139279e-01 -2.244176493686673268e+00
8.091574036373769263e-02 -1.981205136899549246e-01 -5.622854331192413957e-01
8.137716501504235755e-02 -1.843937636165416671e-01 1.267043485501324396e+00
8.183858966634702248e-02 -1.158769033671132598e-01 2.693944201990340126e+00
8.230001431765168740e-02 -1.416251544323904668e-02 3.302472904532209874e+00
8.276143896895636620e-02 9.003014991049150539e-02 2.929136456736432859e+00
8.322286362026103113e-02 1.661807020327873419e-01 1.702703058323888019e+00
8.368428827156570993e-02 1.928354766111883833e-01 -2.925904377198221447e-03
8.414571292287037485e-02 1.634696184221920978e-01 -1.685235920043153701e+00
8.460713757417503977e-02 8.780228518497407153e-02 -2.862164768298498085e+00
8.507417896077572317e-02 -1.276386251734616326e-02 -3.207949277112732922e+00
8.554122034737642044e-02 -1.080327768016970807e-01 -2.623428762162142824e+00
8.600826173397713159e-02 -1.708869443128728793e-01 -1.295752642914582475e+00
8.647530312057782886e-02 -1.842592086266678086e-01 3.819642303779821058e-01
8.694234450717849838e-02 -1.455555291125835704e-01 1.929127434025547316e+00
8.740938589377920953e-02 -6.681779730689853258e-02 2.915747046169164580e+00
8.787642728037989293e-02 2.919554367944440787e-02 3.080458314692287924e+00
8.834346866698060408e-02 1.157078147170950283e-01 2.396542186579819322e+00
8.881051005358128747e-02 1.694061148661005212e-01 1.070236813943728382e+00
8.927249613444182552e-02 1.767934201365233271e-01 -5.082441488796991536e-01
8.973448221530234969e-02 1.378221504738927905e-01 -1.929193681596787391e+00
9.019646829616287387e-02 6.375056922819216654e-02 -2.828236547455104333e+00
9.065845437702341192e-02 -2.555374186553206403e-02 -2.988839320840671387e+00
9.112044045788392221e-02 -1.070662925959324219e-01 -2.389823782639238114e+00
9.158242653874446026e-02 -1.605262114804654194e-01 -1.200668356852702789e+00
9.185990558262246974e-02 -1.735194964120128913e-01 -3.155813792469677193e-01
9.213738462650046535e-02 -1.702424801568787061e-01 5.908202735334485700e-01
9.269234271425648430e-02 -1.202534644307655110e-01 2.112493777213838797e+00
9.324730080201248938e-02 -3.002020685041956183e-02 2.889365766321548179e+00
9.380225888976850834e-02 6.887764864196133097e-02 2.675696679563041691e+00
9.435721697752449955e-02 1.430124088248874992e-01 1.565245531225030184e+00
9.491217506528051850e-02 1.682933346609930825e-01 -5.243218608944458931e-02
9.546713315303652359e-02 1.375469075433611299e-01 -1.631201641318449580e+00
9.602209124079254254e-02 6.220340360958896697e-02 -2.653269959494302999e+00
9.657704932854854762e-02 -3.215693429796334657e-02 -2.797407300006134800e+00
9.711274250401923103e-02 -1.124082516700352780e-01 -2.073522159290234868e+00
9.764843567948991443e-02 -1.577167787951843925e-01 -7.369701041304580480e-01
9.818412885496061171e-02 -1.554258368652807476e-01 8.013407141133711553e-01
9.871982203043128123e-02 -1.073192359355521763e-01 2.082782779118302674e+00
9.925551520590197851e-02 -2.853831587459169233e-02 2.737226210070828003e+00
9.979120838137264804e-02 5.733663455929279007e-02 2.587678550524241228e+00
1.003269015568433037e-01 1.254170205383726699e-01 1.694503213270231567e+00
1.008625947323140010e-01 1.566822985633899989e-01 3.293704076087685673e-01
1.013982879077846982e-01 1.431492744046102272e-01 -1.110129359257318260e+00
1.019196887189594974e-01 9.141972865976584484e-02 -2.196467479177429016e+00
1.024410895301341995e-01 1.627499688099430172e-02 -2.686955039812235047e+00
1.029624903413089987e-01 -6.206453234592837487e-02 -2.467365671489925916e+00
1.034838911524837979e-01 -1.232230210102132767e-01 -1.611893676825468136e+00
1.040052919636584999e-01 -1.519177450072329294e-01 -3.554687913639941188e-01
1.045266927748332991e-01 -1.416244206126789917e-01 9.732855009626845133e-01
1.051400246805940936e-01 -8.551480337039733814e-02 2.171269533710933786e+00
1.057533565863548047e-01 -1.538102950971703903e-03 2.621285678640557837e+00
1.063666884921155992e-01 8.165235244686010196e-02 2.192220739572449340e+00
1.069800203978762965e-01 1.366714920065261463e-01 1.047228215495154879e+00
1.075933523036371048e-01 1.462943810133051914e-01 -4.218825343933927385e-01
1.081580523569587032e-01 1.128537739502093878e-01 -1.648616353664201784e+00
1.087227524102803017e-01 4.895515226777193141e-02 -2.404906976320409395e+00
1.092874524636019973e-01 -2.731885151994429412e-02 -2.497976054387929690e+00
1.098521525169235957e-01 -9.520385423417544735e-02 -1.920229890461438993e+00
1.104461325367779023e-01 -1.380468938631132514e-01 -7.802984747563335155e-01
1.110401125566321950e-01 -1.404594920054107465e-01 5.682165408657279260e-01
1.116340925764865016e-01 -1.027233162977717607e-01 1.735494110415861657e+00
1.122280725963407944e-01 -3.646684931948532271e-02 2.395507431994393865e+00
1.128220526161951009e-01 3.906894124554236708e-02 2.374967333575947581e+00
1.134060008840173939e-01 1.018694001571338326e-01 1.711010229105942804e+00
1.139899491518396035e-01 1.366874244850879438e-01 6.011016528947643600e-01
1.145738974196618964e-01 1.350065272537368521e-01 -6.513399160639756769e-01
1.151578456874842032e-01 9.812694897964854834e-02 -1.716003831523216228e+00
1.157417939553063990e-01 3.640423108113035461e-02 -2.322439710429548221e+00
1.163163554681377054e-01 -3.274109127245264372e-02 -2.331273934974297912e+00
1.168909169809689980e-01 -9.293223461066787983e-02 -1.767659487996528389e+00
1.174654784938004015e-01 -1.297379444239640800e-01 -7.823122827330012408e-01
1.180400400066316940e-01 -1.348334754164241533e-01 3.775493756672035350e-01
1.186146015194630005e-01 -1.077281376704052884e-01 1.431427278347229715e+00
1.189682089753304056e-01 -7.742494957414550183e-02 1.922168965698692888e+00
1.193218164311977969e-01 -4.022378220283272243e-02 2.230855433487896722e+00
1.200290313429325934e-01 3.886296265396556315e-02 2.229899227164356290e+00
1.207362462546674037e-01 1.036184749310195691e-01 1.474091235780173204e+00
1.214434611664022001e-01 1.327310453106292643e-01 2.365879913364141440e-01
1.221403590722684035e-01 1.179770693703095646e-01 -1.044168273787886125e+00
1.228372569781346069e-01 6.582590400156447530e-02 -1.973374098338958493e+00
1.235341548840007964e-01 -6.341680494500333623e-03 -2.266622013645732459e+00
1.242310527898669997e-01 -7.550273677724102239e-02 -1.848197575723380393e+00
1.249199642383859027e-01 -1.200786697139886033e-01 -8.784693963614094159e-01
1.256088756869047918e-01 -1.281492052340909016e-01 3.390692208075478664e-01
1.262977871354236947e-01 -9.825239011702047165e-02 1.437336617317159781e+00
1.269801736787574131e-01 -4.070645931065978301e-02 2.094651336839300271e+00
1.276625602220911870e-01 2.757524324837914986e-02 2.149479979142754793e+00
1.283383226857451875e-01 8.680923485499697501e-02 1.613249374106578760e+00
1.290140851493992991e-01 1.217903474815759807e-01 6.483616943334848948e-01
1.296898476130534106e-01 1.236932509191354945e-01 -4.786181812470349239e-01
1.303656100767074111e-01 9.273468740373581876e-02 -1.464648109383681840e+00
1.310334062222101026e-01 3.849777566350191804e-02 -2.048171016686525903e+00
1.317012023677127108e-01 -2.483933055057322911e-02 -2.102398904474883423e+00
1.323689985132154023e-01 -8.112215321952634395e-02 -1.627471361763738633e+00
1.330315011698023075e-01 -1.163530213498134708e-01 -7.627695107502285854e-01
1.336940038263891017e-01 -1.229550212031116363e-01 2.740100341355357072e-01
1.343565064829760070e-01 -1.000204872891740232e-01 1.230154645358324750e+00
1.350127571636738077e-01 -5.417277092576995579e-02 1.877191392941465642e+00
1.356690078443716085e-01 3.577913383119642621e-03 2.083375589359675484e+00
1.363252585250694093e-01 5.981549481110050998e-02 1.813328705606170432e+00
1.369747936614179040e-01 1.016092338993393879e-01 1.147687403194936007e+00
1.376243287977663987e-01 1.207220802586013719e-01 2.402724998397741396e-01
1.382738639341148101e-01 1.135102481632896398e-01 -7.076140011292191279e-01
1.389233990704633048e-01 8.207953809231517683e-02 -1.492099242334064435e+00
1.395657048814820111e-01 3.418878028766757921e-02 -1.947450545315341452e+00
1.402080106925008007e-01 -2.017716152751429862e-02 -1.996832616959444362e+00
1.408503165035195070e-01 -6.981262328150053542e-02 -1.639378874727370761e+00
1.414926223145382134e-01 -1.048137817744472372e-01 -9.563285108045020966e-01
1.423395568821196888e-01 -1.180044487091393840e-01 1.800619839917098619e-01
1.431864914497011088e-01 -9.208622065574871562e-02 1.239275472523479360e+00
1.440334260172826120e-01 -3.652628141375412196e-02 1.878619496577852876e+00
1.448719479772087870e-01 2.941903765404544485e-02 1.907014100036464432e+00
1.457104699371351009e-01 8.530505157418456774e-02 1.340601895821440959e+00
1.465489918970613870e-01 1.141652939536675904e-01 3.700386735835408114e-01
1.473791511845158053e-01 1.081207637047151005e-01 -6.889850081608611676e-01
1.482093104719703069e-01 7.023690496029064145e-02 -1.529158179953833629e+00
1.490394697594248086e-01 1.235479797144879363e-02 -1.911319514396833563e+00
1.498616400772035950e-01 -4.783037113492290965e-02 -1.741372914424375917e+00
1.506838103949824093e-01 -9.386618363668350340e-02 -1.086774937189207701e+00
1.515059807127611957e-01 -1.133531741837992268e-01 -1.408802405581397466e-01
1.523205105585085095e-01 -1.018282953205683766e-01 8.224528380103249825e-01
1.531350404042559066e-01 -6.337916137769167291e-02 1.554121783179847949e+00
1.539495702500031926e-01 -8.741137476838646211e-03 1.867598610921905378e+00
1.547567892028325898e-01 4.705708051271782766e-02 1.695059417534687141e+00
1.555640081556619037e-01 9.028312845927398411e-02 1.096177355695185263e+00
1.563712271084913008e-01 1.103979721825784632e-01 2.306515354611879676e-01
1.571714424761531115e-01 1.030979907015990155e-01 -6.743554852052965343e-01
1.579716578438148944e-01 7.098718416331611936e-02 -1.406653903820194396e+00
1.587718732114765940e-01 2.226280292899415064e-02 -1.793614716920166829e+00
1.593682299859416895e-01 -1.818322035240347440e-02 -1.802020916451093413e+00
1.599645867604068128e-01 -5.584057865280654676e-02 -1.569967903846180235e+00
1.607548172773561879e-01 -9.296466416180104719e-02 -9.634369862118853378e-01
1.615450477943055907e-01 -1.088804637992340091e-01 -1.482936878999225605e-01
1.623352783112549935e-01 -1.004772187357566432e-01 6.916798571566604714e-01
1.631192240213278077e-01 -7.037861320050234348e-02 1.366155088833138631e+00
1.639031697314005942e-01 -2.550628633582940549e-02 1.739889560461524765e+00
1.646871154414734917e-01 2.430242539270643237e-02 1.739593858762838119e+00
1.654650075841770929e-01 6.817392202579691807e-02 1.376886235096814959e+00
1.662428997268806941e-01 9.756302590165558120e-02 7.350653325217231249e-01
1.670207918695844063e-01 1.067661818903145737e-01 -4.956148872788303239e-02
1.677928708154781123e-01 9.447670382458693561e-02 -8.110313725929839679e-01
1.685649497613717074e-01 6.365558996775991241e-02 -1.405390397335117614e+00
1.693370287072654135e-01 2.067734424086600103e-02 -1.718261596050280726e+00
1.699128959626282909e-01 -1.446912683597828542e-02 -1.731904253059764809e+00
1.704887632179911960e-01 -4.776096851142248856e-02 -1.556355686530122240e+00
1.712525425599212003e-01 -8.284460907804362673e-02 -1.077214278548577875e+00
1.720163219018512046e-01 -1.022951734633122667e-01 -4.039479382240270811e-01
1.727801012437812922e-01 -1.028225331634089468e-01 3.377758784811867865e-01
1.735386115400147089e-01 -8.483425534770076826e-02 1.007119327832021405e+00
1.742971218362479868e-01 -5.192671830474198530e-02 1.490772808677597983e+00
1.750556321324814035e-01 -1.017279687028154779e-02 1.706723060778580381e+00
1.758090734592840931e-01 3.269739909824780771e-02 1.623523573678255616e+00
1.765625147860866995e-01 6.956790173107489650e-02 1.263099219194188105e+00
1.773159561128893891e-01 9.428359834221190783e-02 6.916450503645830139e-01
1.780645185463007873e-01 1.028960600280256349e-01 1.355111991851304896e-02
1.788130809797122134e-01 9.445983852919720425e-02 -6.604326865442626815e-01
1.795616434131235006e-01 7.064893021721488364e-02 -1.220133856736506539e+00
1.806774417515888131e-01 1.698162023575187224e-02 -1.657536995466571295e+00
1.817932400900540979e-01 -4.179753032808285890e-02 -1.527864392350331446e+00
1.829022533861615063e-01 -8.569740851764694189e-02 -8.926750658678783701e-01
1.840112666822688869e-01 -1.010141083905966020e-01 2.733440053371971254e-02
1.851137424986991076e-01 -8.361873578445772059e-02 9.232585941602207136e-01
1.862162183151294115e-01 -3.992696643236431919e-02 1.516261142779130378e+00
1.873123941815151017e-01 1.548096525246694596e-02 1.628064875366585840e+00
1.884085700479007919e-01 6.552207057988201910e-02 1.239103489498289745e+00
1.894986740814197101e-01 9.504139628137853180e-02 4.828899643274208731e-01
1.905887781149386007e-01 9.598982795655641720e-02 -4.086921414414835807e-01
1.916730272722124984e-01 6.889400389228428345e-02 -1.167369470500173589e+00
1.927572764294863961e-01 2.222932930412737859e-02 -1.581566321457669178e+00
1.938358801601320902e-01 -3.003667628117284022e-02 -1.541524979184708766e+00
1.949144838907778954e-01 -7.336008181254659311e-02 -1.070607760111953688e+00
1.959876440525072094e-01 -9.587859353478984936e-02 -3.118738203871108672e-01
1.970608042142364125e-01 -9.212751202059972500e-02 5.241694842855858516e-01
1.981287147275558047e-01 -6.381547955406467743e-02 1.208556723158255908e+00
1.991966252408751137e-01 -1.893883701056154820e-02 1.567347708108909110e+00
2.002594720445023124e-01 3.023647096384030064e-02 1.514076849066104735e+00
2.013223188481295112e-01 7.117788834960009359e-02 1.072518509902217643e+00
2.023802826740382921e-01 9.358276435719153907e-02 3.655655830286932417e-01
2.034382464999472118e-01 9.240370387211371828e-02 -4.264919910004774106e-01
2.044915009253560068e-01 6.851142632102689978e-02 -1.103654847192999666e+00
2.055447553507646907e-01 2.817559779057853334e-02 -1.506498344165086101e+00
2.065934679926554884e-01 -1.839495750701213364e-02 -1.543317524358932102e+00
2.076421806345462029e-01 -6.019123787474418147e-02 -1.213942694134731770e+00
2.086865129960230880e-01 -8.740953672795959140e-02 -6.047504553010509820e-01
2.097308453575000009e-01 -9.419501174851027669e-02 1.394908926932297566e-01
2.107709537672242117e-01 -7.943588820148098084e-02 8.437892286017634191e-01
2.118110621769483948e-01 -4.688319754399346978e-02 1.352676020128121825e+00
2.128480599636951021e-01 -4.245390875750973403e-03 1.554482847269222701e+00
2.138821136186860039e-01 3.886717425185980124e-02 1.413048285820560412e+00
2.149161672736769058e-01 7.317930907939237950e-02 9.649952109557740076e-01
2.159459665261461991e-01 9.140679994906220074e-02 3.153381910431073964e-01
2.169742753085213971e-01 9.013445615379360454e-02 -3.948080546154605908e-01
2.180025840908965951e-01 6.998146808070788982e-02 -1.017723717287887686e+00
2.190272457378873994e-01 3.556215930367791211e-02 -1.423843122773624792e+00
2.200519073848782037e-01 -5.886155284060118863e-03 -1.535122283189899184e+00
2.210737515503453099e-01 -4.572694986093959330e-02 -1.334040778885795975e+00
2.220955957158123883e-01 -7.608731813368051211e-02 -8.661562115434396913e-01
2.231133728053782961e-01 -9.103750899506113381e-02 -2.311204056223549741e-01
2.241311498949442038e-01 -8.801064598531629923e-02 4.453857836087387057e-01
2.251456680358785989e-01 -6.794513068099938824e-02 1.029533096030720518e+00
2.261601861768129940e-01 -3.495980944012504199e-02 1.412338492690428549e+00
2.271708474868849026e-01 4.317868263524433925e-03 1.523131696982460648e+00
2.281814321068081908e-01 4.251458595380640249e-02 1.347196904978383847e+00
2.291920167267315067e-01 7.253240602197062736e-02 9.210229803867194809e-01
2.301989120822834911e-01 8.890314614449193464e-02 3.289236529337892234e-01
2.312058074378355865e-01 8.895292899060196212e-02 -3.199337739590613072e-01
2.322098544924325048e-01 7.296198669755674104e-02 -9.058393756952591858e-01
2.332139015470293120e-01 4.403098751679370565e-02 -1.326516241674333241e+00
2.342152100895429911e-01 7.570776995039399382e-03 -1.509233389254923230e+00
2.352165186320565871e-01 -2.998866044425462993e-02 -1.426303255053519958e+00
2.362151954922880881e-01 -6.202861816283020135e-02 -1.096599399610402870e+00
2.372138723525195059e-01 -8.321241935236650678e-02 -5.800021676688494887e-01
2.382100212913642878e-01 -9.007073817260985438e-02 3.147023791271474913e-02
2.392061702302090975e-01 -8.170020916060675986e-02 6.345880598995436994e-01
2.401998924915476896e-01 -5.976344352383328173e-02 1.127519781748848260e+00
2.411936147528863927e-01 -2.805995498442204542e-02 1.431416951541236049e+00
2.421839272173959001e-01 7.954699757218047784e-03 1.498514519285426339e+00
2.431741826801301909e-01 4.247926238873234867e-02 1.322485103981472232e+00
2.441644381428645094e-01 6.998272155469228983e-02 9.344083258777743373e-01
2.451525072457547971e-01 8.613787553664706276e-02 3.999224216796153364e-01
2.461405763486450016e-01 8.859825561615654321e-02 -1.954289517151308331e-01
2.476169690387302891e-01 6.741026091056111225e-02 -9.848587538969679755e-01
2.490986197616346931e-01 2.393126828146827784e-02 -1.444489738251180100e+00
2.500816239077278125e-01 -1.069556484883176471e-02 -1.486539969653284388e+00
2.510646280538209041e-01 -4.353448137695027642e-02 -1.303779871045809502e+00
2.520461819638492029e-01 -6.965366480492836410e-02 -9.270127350133211541e-01
2.530263942354005202e-01 -8.529644636158258131e-02 -4.152074982008751025e-01
2.540066065069517820e-01 -8.832718472453586489e-02 1.556491134395748821e-01
2.549850575566918187e-01 -7.847454370600571993e-02 7.006469461968070078e-01
2.559635086064319109e-01 -5.732412825230943920e-02 1.142199772839264327e+00
2.569380179873769765e-01 -2.816676848102567590e-02 1.417081793089043140e+00
2.579152191512413816e-01 4.933300191978750443e-03 1.490217325921386671e+00
2.588903710736741859e-01 3.712924748684916926e-02 1.353208793953813549e+00
2.598655229961069901e-01 6.400261797380950302e-02 1.027730858393972602e+00
2.613230664276363080e-01 8.647759848519834258e-02 3.092131115074099323e-01
2.627870461853180073e-01 8.334570084540433854e-02 -4.995120366390291000e-01
2.642403887882019964e-01 5.604538068633153902e-02 -1.153842892388043051e+00
2.657003925946191947e-01 1.263071560643812957e-02 -1.474606570406804540e+00
2.666698680509819730e-01 -1.934472276951647307e-02 -1.452046180687379673e+00
2.676393435073449178e-01 -4.867079725464321799e-02 -1.239847369530111321e+00
2.686075749083224884e-01 -7.154787203676732377e-02 -8.680103301772102986e-01
2.695758063093001144e-01 -8.514115183846129864e-02 -3.857919381922333413e-01
2.705412474514743981e-01 -8.782048886988805259e-02 1.424579805435947644e-01
2.715098617210188192e-01 -7.937060594792619272e-02 6.523414459783248853e-01
2.724758040936595127e-01 -6.100715964386774909e-02 1.077264337776797642e+00
2.734417464663002062e-01 -3.510884511810349884e-02 1.366654084215632725e+00
2.744049664315437731e-01 -5.040324784102029505e-03 1.485868535837472137e+00
2.753714841122708035e-01 2.564269131752455744e-02 1.422496682342200724e+00
2.768122224042693924e-01 6.395427244766348218e-02 1.021258646075436927e+00
2.782605428606568232e-01 8.557440036871960531e-02 3.531718143338091753e-01
2.792230898017574736e-01 8.768271810533588562e-02 -1.586005119544565412e-01
2.801856367428581240e-01 7.942674950870962092e-02 -6.501352706919674151e-01
2.811473565508991190e-01 6.189240578451823960e-02 -1.063625273936254390e+00
2.821090763589401140e-01 3.720570698499771345e-02 -1.352092797084616160e+00
2.830682204929131918e-01 8.367100016900320264e-03 -1.483214473978454295e+00
2.840309311037308992e-01 -2.145115291716083103e-02 -1.443977504476769091e+00
2.854679267090184935e-01 -5.990034213011264513e-02 -1.091470442406673902e+00
2.869131169026136741e-01 -8.368810709880342147e-02 -4.705512643980787058e-01
2.878724078661420993e-01 -8.830661893570891652e-02 2.051290496063388688e-02
2.888316988296705801e-01 -8.314794708595342476e-02 5.079368240297612580e-01
2.897885131602004893e-01 -6.891557945001468288e-02 9.371977261716615271e-01
2.907490868313554744e-01 -4.714213149928306312e-02 1.264493830954543707e+00
2.921808661995458078e-01 -6.627441182520179067e-03 1.488789596137259030e+00
2.936212407457569062e-01 3.551568097828165793e-02 1.366335327837812530e+00
2.945767800163460737e-01 5.963970728857134751e-02 1.101898178414644880e+00
2.955362094878383750e-01 7.752473758224616429e-02 7.212617902017876004e-01
2.964933245974175069e-01 8.723802757901366611e-02 2.673252157204102364e-01
2.974504397069965833e-01 8.789872926169135792e-02 -2.130200177231437453e-01
2.988819926201308208e-01 7.251875075443921237e-02 -8.674103507214746545e-01
3.003225649590904878e-01 4.095909764982728907e-02 -1.329914351584517540e+00
3.012768521985618730e-01 1.428747804431417662e-02 -1.477764481489166393e+00
3.022352021590857252e-01 -1.386893417358136919e-02 -1.478069347512659171e+00
3.031913095476029274e-01 -4.053471233034679211e-02 -1.331886813609566733e+00
3.041474169361201851e-01 -6.316576689216124585e-02 -1.055198747192915398e+00
3.051033301085280258e-01 -7.958666243736957358e-02 -6.763915748034129427e-01
3.060592432809358110e-01 -8.826695510310801629e-02 -2.331454368588132819e-01
3.077228753413188134e-01 -8.335264831325070456e-02 5.504407732352663007e-01
3.093993823933313125e-01 -5.530403457941449746e-02 1.183184066973844706e+00
3.110674284137491807e-01 -1.233579770403138258e-02 1.487481997962307512e+00
3.127486617597647900e-01 3.418949951346903632e-02 1.388253195296506703e+00
3.146597057555134969e-01 7.496414917446371506e-02 8.330564917288045823e-01
3.165707857154991811e-01 9.038658744319877369e-02 1.056830332563019932e-04
3.184822492123998150e-01 7.571995413026461064e-02 -8.289834531599006295e-01
3.203937127093003934e-01 3.623378897118258862e-02 -1.382606298852783855e+00
3.223053245029371960e-01 -1.492111386739154374e-02 -1.486769133592985570e+00
3.237393876847550755e-01 -5.138931134258433592e-02 -1.244518747391520908e+00
3.251734508665731216e-01 -7.835121678746544138e-02 -7.743658454417928771e-01
3.270859409516935212e-01 -9.160639106598246484e-02 3.973837643741506831e-02
3.289988837648503139e-01 -7.659513870101203326e-02 8.378153874667576551e-01
3.309123358818485960e-01 -3.829293736168584705e-02 1.377826208911270278e+00
3.318692480034560743e-01 -1.344263134356789291e-02 1.498275340786598964e+00
3.337835702002405203e-01 3.645749780032614407e-02 1.391605282752109263e+00
3.356990749884776748e-01 7.562945188082227654e-02 8.769599364521755147e-01
3.376145797767149959e-01 9.284942104418229814e-02 1.108637891051791891e-01
3.395310173018977751e-01 8.351328585685650896e-02 -6.835424063408410689e-01
3.414482662821387016e-01 5.061799773646750294e-02 -1.281961749278536900e+00
3.428870733729471043e-01 1.562863653591874818e-02 -1.501720685203457695e+00
3.443258804637556181e-01 -2.184370753562900336e-02 -1.481242078277891228e+00
3.457657352099121062e-01 -5.587792094621443773e-02 -1.227088273846024258e+00
3.472055899560684833e-01 -8.116939605311770944e-02 -7.823636004033793778e-01
3.491265623556059072e-01 -9.496974608559455300e-02 -2.671868518905465284e-02
3.510485786226508753e-01 -8.376900575719310738e-02 7.327149195828409622e-01
3.524911716782869742e-01 -6.041067271742262684e-02 1.188355793488408807e+00
3.539337647339230730e-01 -2.806604645087151448e-02 1.465874565033451704e+00
3.553776513800582793e-01 8.441005164249242368e-03 1.527158179943130856e+00
3.568215380261933745e-01 4.372498381635919751e-02 1.366238415412234009e+00
3.587489468669590731e-01 8.001775249236728338e-02 8.611628287100153711e-01
3.606763557077248272e-01 9.666509167356078513e-02 1.472348838861134712e-01
3.626063224667718243e-01 8.989379900059658868e-02 -5.998850605446821582e-01
3.645362892258188769e-01 6.162047013557864217e-02 -1.200501809091536476e+00
3.664689469915051179e-01 1.874340999468022267e-02 -1.516525848733791149e+00
3.684016047571914143e-01 -2.853752563178824780e-02 -1.479263421927716537e+00
3.703370865072648788e-01 -6.938050751789405501e-02 -1.103416419567758044e+00
3.722725682573382877e-01 -9.457310388546312507e-02 -4.802630477598546777e-01
3.742110041386200181e-01 -9.871168784353001602e-02 2.478796027038993599e-01
3.761494400199016930e-01 -8.112932977897852060e-02 9.183333185068465188e-01
3.780909480870727757e-01 -4.587292213276665531e-02 1.387783636737309756e+00
3.800324561542439139e-01 -7.420441628685699479e-04 1.558862158958777444e+00
3.819771417800634228e-01 4.468407783468962557e-02 1.400988490359097449e+00
3.839218274058828761e-01 8.088205157763998787e-02 9.529396077479090899e-01
3.858697944775816846e-01 1.005761081917666416e-01 3.109433020675076986e-01
3.878177615492804930e-01 9.993746597062654058e-02 -3.909862430049023119e-01
3.897691117133387229e-01 7.932074144726271314e-02 -1.012981972010600584e+00
3.917204618773967861e-01 4.303967735651217236e-02 -1.433314738169995106e+00
3.941647014547489114e-01 -1.275152048784196877e-02 -1.563438021733869698e+00
3.966089410321009256e-01 -6.500178183347329885e-02 -1.240293071138051317e+00
3.985682178739590187e-01 -9.435715874865845121e-02 -7.143740824555072644e-01
4.005274947158171117e-01 -1.063267536145851289e-01 -5.904259401787499695e-02
4.024904064316531249e-01 -9.893431684638005763e-02 6.052674472395204175e-01
4.044533181474890271e-01 -7.372909722535440913e-02 1.158169263027369222e+00
4.064199206371885142e-01 -3.532941220098208268e-02 1.504691974065212268e+00
4.083865231268878904e-01 9.347866100071164711e-03 1.587423091030204736e+00
4.103568695697539792e-01 5.260755990281194838e-02 1.396856910274519414e+00
4.123272160126201236e-01 8.703873595088362780e-02 9.703779230328274386e-01
4.143013596746851213e-01 1.070196498618807834e-01 3.826825915977185577e-01
4.162755033367501190e-01 1.093643730477482784e-01 -2.655494419244557869e-01
4.182534987903078205e-01 9.387648203931694968e-02 -8.689969937297036262e-01
4.202314942438655776e-01 6.325420546024053403e-02 -1.330689431517210863e+00
4.227096292711439163e-01 1.179513089666964221e-02 -1.604715612170772410e+00
4.251877642984221994e-01 -4.268250195516572199e-02 -1.496736929541161443e+00
4.271745802569402173e-01 -8.009454564958277956e-02 -1.151566891310647822e+00
4.291613962154581796e-01 -1.055464267447391163e-01 -6.347684742302261984e-01
4.311521647704175120e-01 -1.154186604642278985e-01 -2.503234129344781775e-02
4.331429333253766778e-01 -1.084018040553560575e-01 5.858305035369872904e-01
4.351376674815624068e-01 -8.566429428451143024e-02 1.110836489183330666e+00
4.371324016377479138e-01 -5.064053208377630733e-02 1.475941455779025580e+00
4.391311183782494187e-01 -8.307719529735631964e-03 1.633405836982134929e+00
4.411298351187508127e-01 3.532550122076749677e-02 1.564783081002275145e+00
4.431325454458727164e-01 7.436779499465211163e-02 1.283192148107371366e+00
4.451352557729946757e-01 1.035391553546181204e-01 8.306054017524224786e-01
4.481444270479484904e-01 1.210705116341037890e-01 -1.642931657533805087e-02
4.506573177191960933e-01 1.094859901772504696e-01 -7.317076954471846140e-01
4.531702083904435852e-01 7.637871357162417940e-02 -1.300762156710861817e+00
4.551848815569788931e-01 3.846384453373893897e-02 -1.579777160960380566e+00
4.571995547235140900e-01 -4.354569772649865070e-03 -1.663152638791637106e+00
4.592181900033455166e-01 -4.689164522462318380e-02 -1.544273313365445155e+00
4.612368252831767768e-01 -8.396723203382912282e-02 -1.241058331840953377e+00
4.632593922887823235e-01 -1.113099896384333598e-01 -7.919339154442424089e-01
4.652819592943879257e-01 -1.257723097102109444e-01 -2.524579301154637467e-01
4.673084188243976089e-01 -1.258361757615602539e-01 3.148773122829248705e-01
4.693348783544071812e-01 -1.116277839787570419e-01 8.444559626438520317e-01
4.713651924405172222e-01 -8.484220121423825811e-02 1.278823013405555153e+00
4.733955065266273188e-01 -4.859210201929030359e-02 1.571147219282530205e+00
4.759389023477624270e-01 3.670609592788452464e-03 1.694811966025180805e+00
4.784822981688974797e-01 5.562155595388589696e-02 1.540732782058941597e+00
4.805211256895989269e-01 9.152021707896267066e-02 1.234758593102998514e+00
4.825599532103003741e-01 1.181292937972035911e-01 8.029576896448473722e-01
4.846024622203434773e-01 1.328727777422112899e-01 2.906040113740948616e-01
4.866449712303865804e-01 1.343577716295030200e-01 -2.488357214753739444e-01
4.886910831097662222e-01 1.225622497303405223e-01 -7.626169784491181325e-01
4.907371949891458085e-01 9.877553164679878095e-02 -1.200474606280450329e+00
4.927868267637741106e-01 6.535153795909923180e-02 -1.522544930823097609e+00
4.948364585384024128e-01 2.559052244774597668e-02 -1.699990485502435034e+00
4.989425778493357111e-01 -5.610773791100454044e-02 -1.590109344090265164e+00
5.020264094695874313e-01 -1.073769872004082387e-01 -1.138705104529490253e+00
5.051138832495274400e-01 -1.382531176573473519e-01 -4.697566694359611716e-01
5.092361856145506405e-01 -1.389835927965134554e-01 5.188567666408410162e-01
5.133645520198434342e-01 -9.567522771651593150e-02 1.338709233694480361e+00
5.174987117319133079e-01 -2.238353451429193203e-02 1.744933124074104835e+00
5.216383508218596088e-01 5.848065749612092051e-02 1.631032941623424382e+00
5.257831480915519107e-01 1.233115256688564199e-01 1.047804836135899809e+00
5.299327976174466048e-01 1.541073909099873185e-01 1.749609157645696522e-01
5.340869657500283418e-01 1.430320286792066686e-01 -7.399302976043240498e-01
5.382452599924625325e-01 9.376809153909176908e-02 -1.453835038770071142e+00
5.424072497157466088e-01 1.970256887149506725e-02 -1.791048992513786908e+00
5.465725012540574301e-01 -6.018677281362966314e-02 -1.681398547650625019e+00
5.507405845750824591e-01 -1.264120791851266745e-01 -1.167683540996409475e+00
5.549110536012068495e-01 -1.636532713063456046e-01 -3.849651125072007241e-01
5.590834321773656690e-01 -1.639730632870773641e-01 4.793022699139265486e-01
5.643010869630014081e-01 -1.148792768969601474e-01 1.375901347932026564e+00
5.684758978830769527e-01 -4.636655119609531250e-02 1.781643399545770334e+00
5.726509199913500936e-01 3.249697209672850612e-02 1.820843717501786196e+00
5.768255755389478656e-01 1.058070515930104316e-01 1.500282580248695430e+00
5.809992666418749563e-01 1.595695221812603593e-01 8.957947264786948471e-01
5.851713896051653485e-01 1.841989261629590202e-01 1.310035703130981166e-01
5.882989619740793819e-01 1.809932362009239737e-01 -4.652002702868233142e-01
5.935085681122563850e-01 1.371145305955476235e-01 -1.309812059789180694e+00
5.976721595114997676e-01 7.472183280685015805e-02 -1.748180994694794377e+00
6.018315407075064405e-01 -4.990734434766197361e-04 -1.901084512755803591e+00
6.059860031390628121e-01 -7.646744806694484586e-02 -1.757442271960360625e+00
6.101348262532020339e-01 -1.417048241430546585e-01 -1.352378777268564258e+00
6.142772761532119263e-01 -1.870044488879517297e-01 -7.568243587772923719e-01
6.184126036405177551e-01 -2.065543853908092531e-01 -6.311753030351241467e-02
6.225400396928169044e-01 -1.984273571947322012e-01 6.305305916134746891e-01
6.266587955232777452e-01 -1.644621884540819479e-01 1.234214915255907208e+00
6.307680621340325811e-01 -1.096473832316389035e-01 1.677331574673022407e+00
6.348670077734064332e-01 -4.116983720991986007e-02 1.915375025772776629e+00
6.389547727646552877e-01 3.269053021321621094e-02 1.932321565301663213e+00
6.430304670771704867e-01 1.036515283329227377e-01 1.739045691052130138e+00
6.470931794239351831e-01 1.643691898990152500e-01 1.368660815012621601e+00
6.511419830734889169e-01 2.091360932511604487e-01 8.698948823404738517e-01
6.551759295578980513e-01 2.342930933714059971e-01 2.996486515670052642e-01
6.591940368817645890e-01 2.383543595703619955e-01 -2.842104292943302135e-01
6.631952816224888636e-01 2.218808127627659443e-01 -8.289971696113817012e-01
6.671786041264677891e-01 1.871599684056954593e-01 -1.291789606414779357e+00
6.711429148974273895e-01 1.377610588020806714e-01 -1.642225207265748388e+00
6.750870927600961524e-01 7.803499425431134617e-02 -1.863545678598414357e+00
6.790099725167971778e-01 1.262093684827088336e-02 -1.952110835504771380e+00
6.829103352717456055e-01 -5.399232336697480650e-02 -1.915727529842160548e+00
6.867869018151261384e-01 -1.178177331901056890e-01 -1.771199740458847760e+00
6.906383285912754966e-01 -1.756176721302572796e-01 -1.541516416943779166e+00
6.944632064204609989e-01 -2.250461844713388948e-01 -1.253051928582987529e+00
6.982600501045075347e-01 -2.646948998572936640e-01 -9.330413501362354589e-01
7.020272815871985150e-01 -2.940601193686780412e-01 -6.075344406878525616e-01
7.038990663650485091e-01 -3.049475687006023006e-01 -4.499864417661408877e-01
7.057628000939073498e-01 -3.134234457154122522e-01 -2.995377672650737511e-01
7.094655902404470860e-01 -3.238146347792495439e-01 -2.913158659985874005e-02
7.131331888985167344e-01 -3.267393724365600383e-01 1.881091711959779200e-01
7.167633315432266894e-01 -3.241203210033476445e-01 3.400556323973160100e-01
7.203534697890988658e-01 -3.182087935293066994e-01 4.139671546308085204e-01
7.239006927315578821e-01 -3.111845497331361954e-01 4.230641318198374856e-01
7.274037472512754343e-01 -3.041960171887388986e-01 4.195448151577809148e-01
7.308631569784361792e-01 -2.974191671632645528e-01 4.161349747524351605e-01
7.342794427454362172e-01 -2.908451623344607828e-01 4.128301918105665713e-01
7.376531370894844342e-01 -2.844657986219358836e-01 4.096262400734756448e-01
7.409847640846142225e-01 -2.782732795767728917e-01 4.065191055864977865e-01
7.442748211369105693e-01 -2.722602732919995883e-01 4.035049910855085797e-01
7.475237974064263824e-01 -2.664198258364449123e-01 4.005802862069415826e-01
7.507321962838469087e-01 -2.607452569285961252e-01 3.977415369735790018e-01
7.539005302043194634e-01 -2.552301600088293099e-01 3.949854420529192445e-01
7.570292970629285412e-01 -2.498684651406537782e-01 3.923088647535942219e-01
7.601189748256973466e-01 -2.446544410031648298e-01 3.897088279200170424e-01
7.631700307096180858e-01 -2.395826453794051847e-01 3.871824970830953228e-01
7.661829280312825174e-01 -2.346478881279122908e-01 3.847271669893566615e-01
7.691581275626218073e-01 -2.298452143204917364e-01 3.823402535705319183e-01
7.720960887207071188e-01 -2.251698835373793228e-01 3.800192865328301250e-01
7.749972707982543119e-01 -2.206173487159025781e-01 3.777619023977428769e-01
7.778621289318303766e-01 -2.161832613314123575e-01 3.755658419652804780e-01
7.806911033824630586e-01 -2.118635001770507453e-01 3.734289529284450793e-01
7.834846171445913887e-01 -2.076541683737068988e-01 3.713491858632699261e-01
7.862430869060449412e-01 -2.035515424139607288e-01 3.693245807026255267e-01
7.889669369237084506e-01 -1.995520207873543728e-01 3.673532521410490803e-01
7.916565982021911418e-01 -1.956521237494550092e-01 3.654333866931482322e-01
7.943124974778934533e-01 -1.918485216431343732e-01 3.635632469909783060e-01
7.969350495080719243e-01 -1.881380454310200845e-01 3.617411733043468525e-01
7.995246585495641156e-01 -1.845176701329732105e-01 3.599655785465358249e-01
8.020817215573190495e-01 -1.809844962757049258e-01 3.582349425126735154e-01
8.046066294762304061e-01 -1.775357415427696872e-01 3.565478077336657337e-01
8.070997653306969388e-01 -1.741687396322215697e-01 3.549027777850917165e-01
8.095615092888481801e-01 -1.708809268788376579e-01 3.532985110207785828e-01
8.119922431475441460e-01 -1.676698295539606198e-01 3.517337151625147817e-01
8.143923505053758394e-01 -1.645330626478850866e-01 3.502071448734335735e-01
8.167622071215497881e-01 -1.614683447711211528e-01 3.487176057292664111e-01
8.191021778306492029e-01 -1.584734985916061989e-01 3.472639536846031105e-01
8.214126187949533087e-01 -1.555464361777243176e-01 3.458450913700363838e-01
8.236938850346046115e-01 -1.526851364526761734e-01 3.444599613660512816e-01
8.259463322523640239e-01 -1.498876379460478137e-01 3.431075433993566182e-01
8.281703138888254490e-01 -1.471520502064687375e-01 3.417868544305859846e-01
8.303661724506571362e-01 -1.444765770738054012e-01 3.404969521130513654e-01
8.325342380230222883e-01 -1.418595178047373784e-01 3.392369337709110200e-01
8.346748353855768521e-01 -1.392992382616158598e-01 3.380059305557905347e-01
8.367882947421915185e-01 -1.367941374097206564e-01 3.368030998552495325e-01
8.388749484008726220e-01 -1.343426522137726453e-01 3.356276261587521903e-01
8.409351219691613144e-01 -1.319432833104675351e-01 3.344787248332968255e-01
8.429691303017050608e-01 -1.295946051201221361e-01 3.333556430389990610e-01
8.449772835243484215e-01 -1.272952479037681162e-01 3.322576550327518419e-01
8.469598912257328971e-01 -1.250438829046385536e-01 3.311840587892994070e-01
8.489172622932020795e-01 -1.228392234833373953e-01 3.301341751494057397e-01
8.508497044538249066e-01 -1.206800285717868765e-01 3.291073471314528431e-01
8.527575229688695302e-01 -1.185651011625111634e-01 3.281029397027126482e-01
8.546410160783932675e-01 -1.164932892154559863e-01 3.271203412639480113e-01
8.565004710086118189e-01 -1.144634898897624736e-01 3.261589647729865593e-01
8.583361673787008872e-01 -1.124746435241347903e-01 3.252182450275699077e-01
8.601483873498577681e-01 -1.105257146952905029e-01 3.242976326415052957e-01
8.619374190156378068e-01 -1.086156828957033776e-01 3.233965917683681579e-01
8.637035513945729992e-01 -1.067435523414140691e-01 3.225146020894502641e-01
8.654470650665438969e-01 -1.049083708057227393e-01 3.216511628692722558e-01
8.671682312272307458e-01 -1.031092314944273003e-01 3.208057926246404845e-01
8.688673159218502917e-01 -1.013452599830139828e-01 3.199780263317960061e-01
8.705445856873960109e-01 -9.961560037895716979e-02 3.191674120767394318e-01
8.722003068198478370e-01 -9.791941710606796856e-02 3.183735109464693180e-01
8.738347418094588592e-01 -9.625590432567895927e-02 3.175958982426659860e-01
8.754481467852704979e-01 -9.462428943551845495e-02 3.168341641652930307e-01
8.770407741766889087e-01 -9.302382407766293659e-02 3.160879120139232779e-01
8.786128771136945126e-01 -9.145377308969347696e-02 3.153567556771635916e-01
8.801647113007132761e-01 -8.991341224226490070e-02 3.146403183941408610e-01
8.816965317742312402e-01 -8.840203621327641370e-02 3.139382339121453147e-01
8.832085878593547434e-01 -8.691896814076478794e-02 3.132501483906987572e-01
8.847011190561783200e-01 -8.546356402114828332e-02 3.125757218189630371e-01
8.861743569071006688e-01 -8.403520706986120081e-02 3.119146266799042166e-01
8.876285293506940288e-01 -8.263329759137195973e-02 3.112665456009506282e-01
8.890638676536581908e-01 -8.125724137699683047e-02 3.106311679355011623e-01
8.904806072870743439e-01 -7.990644752204176249e-02 3.100081891767081932e-01
8.918789864151801527e-01 -7.858033198701444566e-02 3.093973113976423717e-01
8.932592404372767803e-01 -7.727832680359057738e-02 3.087982454038630253e-01
8.946215989640163846e-01 -7.599988633618755263e-02 3.082107117253700124e-01
8.959662842038009778e-01 -7.474449038662758782e-02 3.076344409785030654e-01
8.972935117732897536e-01 -7.351164254481037941e-02 3.070691731807429492e-01
8.986034927209798351e-01 -7.230086522013001726e-02 3.065146565841682103e-01
8.998964354025826839e-01 -7.111169360070683509e-02 3.059706466311182815e-01
9.011725489915097809e-01 -6.994366815094574252e-02 3.054369042569898274e-01
9.024320447860507688e-01 -6.879633166485762952e-02 3.049131951820367448e-01
9.036751353555274591e-01 -6.766923243415673417e-02 3.043992901017019692e-01
9.049020296532450658e-01 -6.656193378380768910e-02 3.038949665346123985e-01
9.061129304280890473e-01 -6.547401887471514248e-02 3.034000096573885030e-01
9.073080357373773941e-01 -6.440508674240125186e-02 3.029142114498390437e-01
9.084875419218813031e-01 -6.335474551755018724e-02 3.024373692860308771e-01
9.096516449412487271e-01 -6.232260954628170146e-02 3.019692852350930878e-01
9.108005396977110202e-01 -6.130830101952063765e-02 3.015097661887198854e-01
9.119344190251117421e-01 -6.031145231753183567e-02 3.010586241123550666e-01
9.130534727752540602e-01 -5.933170729320410425e-02 3.006156762507162239e-01
9.141578874195450677e-01 -5.836872121317245032e-02 3.001807451238605040e-01
9.152478462184302499e-01 -5.742216048489905827e-02 2.997536583069490002e-01
9.163235307136011754e-01 -5.649169798597116626e-02 2.993342476992290613e-01
9.173851213290326045e-01 -5.557701450767661006e-02 2.989223491679579015e-01
9.184327978233862710e-01 -5.467779552841792179e-02 2.985178022537165465e-01
9.194667382392092136e-01 -5.379373347006242284e-02 2.981204504688947377e-01
9.204871184823875119e-01 -5.292452845196949501e-02 2.977301413408810493e-01
9.214941118815067611e-01 -5.206988912957030008e-02 2.973467264635902829e-01
9.224878885587296518e-01 -5.122953355381682644e-02 2.969700616209578481e-01
9.234686156415649050e-01 -5.040318860585578375e-02 2.966000065889243253e-01
9.244364580894727235e-01 -4.959058771863977810e-02 2.962364247184680610e-01
9.253915805410551920e-01 -4.879146723364958388e-02 2.958791821463858662e-01
9.263341472457474746e-01 -4.800556605037951952e-02 2.955281477437565751e-01
9.272643205556930779e-01 -4.723262888399438336e-02 2.951831935953755370e-01
9.281822593195951931e-01 -4.647241011692904850e-02 2.948441955033297979e-01
9.290881192404382150e-01 -4.572467380906203305e-02 2.945110327553524532e-01
9.299820544127295197e-01 -4.498919018322906915e-02 2.941835874712181442e-01
9.308642183379219892e-01 -4.426573200414461728e-02 2.938617441585807399e-01
9.317347637709364472e-01 -4.355407353502122741e-02 2.935453897049787875e-01
9.325938419655581679e-01 -4.285399196110289965e-02 2.932344135872586577e-01
9.334416025644689530e-01 -4.216526863287907434e-02 2.929287078428712832e-01
9.342781940582032263e-01 -4.148768908423500906e-02 2.926281668387274992e-01
9.351037639763524201e-01 -4.082104254323630499e-02 2.923326871423255202e-01
9.359184581932523672e-01 -4.016512347284990903e-02 2.920421677069596766e-01
9.367224180073485673e-01 -3.951973670961587970e-02 2.917565108480566494e-01
9.375157793601903711e-01 -3.888469992563838018e-02 2.914756224339176693e-01
9.382986736089657942e-01 -3.825984136840333144e-02 2.911994115358956248e-01
9.390712321160756826e-01 -3.764499109659625448e-02 2.909277887428880494e-01
9.398335891165293665e-01 -3.703997466638569991e-02 2.906606651213135550e-01
9.405858812974943195e-01 -3.644461324439497718e-02 2.903979523435743504e-01
9.413282457717848661e-01 -3.585872692086274766e-02 2.901395633669743845e-01
9.420608178502133390e-01 -3.528213773257545677e-02 2.898854131711977589e-01
9.427837310928691705e-01 -3.471467006095097646e-02 2.896354186894475879e-01
9.434971161334501089e-01 -3.415615379134361029e-02 2.893894991650652893e-01
9.442010983676487612e-01 -3.360642943824967283e-02 2.891475768934096413e-01
9.448957981803430828e-01 -3.306534866767649183e-02 2.889095770757559301e-01
9.455813325674083947e-01 -3.253276878790528626e-02 2.886754272089481765e-01
9.462578189837917986e-01 -3.200854283593769500e-02 2.884450557262457360e-01
9.469253759203707377e-01 -3.149251580663189193e-02 2.882183917801748319e-01
9.475841219105402002e-01 -3.098452881832848907e-02 2.879953655609446272e-01
9.482341736882211602e-01 -3.048442873978758974e-02 2.877759088998137482e-01
9.488756453742962504e-01 -2.999207440715304443e-02 2.875599555089968229e-01
9.495086488587556328e-01 -2.950733648509810264e-02 2.873474408125326063e-01
9.501332951313513631e-01 -2.903009594052662762e-02 2.871383014671305411e-01
9.507496960826257171e-01 -2.856024303657257041e-02 2.869324747358431571e-01
9.513579651353069044e-01 -2.809767626196424395e-02 2.867298982597863977e-01
9.519582165945869034e-01 -2.764229675540629330e-02 2.865305102372328050e-01
9.525505625735545268e-01 -2.719400149727877955e-02 2.863342503994809052e-01
9.531351118401709677e-01 -2.675268094631797627e-02 2.861410603500616490e-01
9.537119697698679399e-01 -2.631822095335624792e-02 2.859508835547851513e-01
9.542812403202287630e-01 -2.589050350516565804e-02 2.857636646719368678e-01
9.548430270251752061e-01 -2.546940665954397845e-02 2.855793492109792719e-01
9.553974327455952986e-01 -2.505480619103552312e-02 2.853978836013685294e-01
9.559445589026865919e-01 -2.464658187543374360e-02 2.852192154311044558e-01
9.564845050053580877e-01 -2.424462328166211364e-02 2.850432935854603778e-01
9.570173690229182295e-01 -2.384882975187691337e-02 2.848700681040847171e-01
9.575432481385535155e-01 -2.345910592871207692e-02 2.846994899037340598e-01
9.580622389120657667e-01 -2.307535737177450474e-02 2.845315106980940145e-01
9.585744372418232295e-01 -2.269748927674015981e-02 2.843660829904539056e-01
9.590799381259947909e-01 -2.232540751941768098e-02 2.842031601332883350e-01
9.595788354479902749e-01 -2.195901999575213329e-02 2.840426963815138039e-01
9.600712216912781205e-01 -2.159823762086923726e-02 2.838846469684052076e-01
9.605571877573033657e-01 -2.124297451461733613e-02 2.837289681466921842e-01
9.610368233668841187e-01 -2.089314709581329560e-02 2.835756170386992681e-01
9.615102176430252445e-01 -2.054867294168155958e-02 2.834245514363671337e-01
9.619774592602109431e-01 -2.020947039433972428e-02 2.832757297401147789e-01
9.624386363595022198e-01 -1.987545855797792291e-02 2.831291109717510857e-01
9.628938363592510763e-01 -1.954655737407054450e-02 2.829846548249864147e-01
9.633431459530198415e-01 -1.922268764271017893e-02 2.828423216489543979e-01
9.637866510388649610e-01 -1.890377161474835616e-02 2.827020724584224376e-01
9.642244362725824747e-01 -1.858973412067126477e-02 2.825638690663140329e-01
9.646565852206075986e-01 -1.828050234279305838e-02 2.824276740192792068e-01
9.650831808361504116e-01 -1.797600459942024637e-02 2.822934504327688221e-01
9.655043054562382210e-01 -1.767616997310175395e-02 2.821611619833490070e-01
9.659200402356747928e-01 -1.738092920247536616e-02 2.820307730700550852e-01
9.663304647237355161e-01 -1.709021564292458398e-02 2.819022489342157822e-01
9.667356570265409621e-01 -1.680396490076465840e-02 2.817755555971721004e-01
9.671356950751521797e-01 -1.652211296810693689e-02 2.816506594565859056e-01
9.675306568648514016e-01 -1.624459563377963003e-02 2.815275272104930671e-01
9.679206204413721704e-01 -1.597134849930487502e-02 2.814061258448843916e-01
9.683056632759791116e-01 -1.570230722890898420e-02 2.812864228225576135e-01
9.686858619411236049e-01 -1.543740755830269595e-02 2.811683861622317759e-01
9.690612920205190495e-01 -1.517658550664003660e-02 2.810519844594034922e-01
9.694320280361357067e-01 -1.491977815490519617e-02 2.809371869060782734e-01
9.697981436541373013e-01 -1.466692406867377632e-02 2.808239632196191105e-01
9.701597119736792285e-01 -1.441796277745498352e-02 2.807122835526040805e-01
9.705168057640763957e-01 -1.417283402745698334e-02 2.806021184046680883e-01
9.708694969864466451e-01 -1.393147806893255992e-02 2.804934387563239317e-01
9.712178563702503764e-01 -1.369383648856973765e-02 2.803862161883464710e-01
9.715619532024425409e-01 -1.345985258415964211e-02 2.802804229370042810e-01
9.719018559824413872e-01 -1.322946979560510501e-02 2.801760316869183476e-01
9.722376334334535963e-01 -1.300262962581808131e-02 2.800730152549064655e-01
9.725693544860373185e-01 -1.277927148613936491e-02 2.799713465894980713e-01
9.728970879945362249e-01 -1.255933353059673907e-02 2.798709988539526683e-01
9.732209017546173957e-01 -1.234275388276802506e-02 2.797719457120268483e-01
9.735408623544371531e-01 -1.212947067318891070e-02 2.796741613615523758e-01
9.738570353791702328e-01 -1.191942162822874629e-02 2.795776204594589975e-01
9.741694855365269357e-01 -1.171254441254547182e-02 2.794822980854753114e-01
9.744782765863391205e-01 -1.150877745679882228e-02 2.793881697676988130e-01
9.747834712405878399e-01 -1.130806037447882467e-02 2.792952114932520935e-01
9.750851311684266554e-01 -1.111033355113288240e-02 2.792033996982863919e-01
9.753833174776915804e-01 -1.091553697593056725e-02 2.791127111344973155e-01
9.756780908428658305e-01 -1.072360994994307239e-02 2.790231227969838246e-01
9.759695114299516971e-01 -1.053449135836532699e-02 2.789346119492820963e-01
9.762576389021463408e-01 -1.034811892277181893e-02 2.788471561161697809e-01
9.765425324979953858e-01 -1.016442791919007667e-02 2.787607330285191698e-01
9.768242509432418785e-01 -9.983350765163582011e-03 2.786753206538426508e-01
9.771028522833710150e-01 -9.804818048508051609e-03 2.785908972386225146e-01
9.773783933517848910e-01 -9.628761003438445279e-03 2.785074414633502138e-01
9.776509296593629550e-01 -9.455112948059927330e-03 2.784249324987690954e-01
9.779205156231944862e-01 -9.283808973177874388e-03 2.783433499327640503e-01
9.781872047434609918e-01 -9.114784911395617736e-03 2.782626736620641972e-01
9.784510495060143587e-01 -8.947976507649725922e-03 2.781828839472899606e-01
9.787121011965591588e-01 -8.783319504152361720e-03 2.781039614577611174e-01
9.789704097928612070e-01 -8.620749913605446971e-03 2.780258872624998823e-01
9.792260248675913603e-01 -8.460203018738059189e-03 2.779486425622914036e-01
9.794789964416771300e-01 -8.301612206434499583e-03 2.778722084654148272e-01
9.797293750085785957e-01 -8.144908689836652393e-03 2.777965659522214081e-01
9.799772111141689113e-01 -7.990022774762605903e-03 2.777216959953314745e-01
9.802225538059048393e-01 -7.836886792967873161e-03 2.776475800374824665e-01
9.804654503645000574e-01 -7.685438348951106891e-03 2.775742000454882730e-01
9.807059465012439858e-01 -7.535608364523261465e-03 2.775015384633612858e-01
9.809440869290046994e-01 -7.387346804839755102e-03 2.774295780106998399e-01
9.811799158740861504e-01 -7.240588680226268600e-03 2.773583015223720638e-01
9.814134771051555850e-01 -7.095274821467744027e-03 2.772876919238785320e-01
9.816448139740299172e-01 -6.951347010873873931e-03 2.772177322116867182e-01
9.818739695684386426e-01 -6.808748400518206158e-03 2.771484054357510884e-01
9.821009867550495320e-01 -6.667424526238986335e-03 2.770796947001119559e-01
9.823259081899210488e-01 -6.527323202227519258e-03 2.770115831848474208e-01
9.825487766341645113e-01 -6.388394379839822286e-03 2.769440539814897462e-01
9.827696354372893461e-01 -6.250589873854777573e-03 2.768770899649733441e-01
9.829885289087769706e-01 -6.113863107251280536e-03 2.768106737205369705e-01
9.832055018255810852e-01 -5.978169919603747509e-03 2.767447876500330195e-01
9.834205977716130587e-01 -5.843470480036386423e-03 2.766794144345993689e-01
9.836338588957453943e-01 -5.709729889205913955e-03 2.766145370318512930e-01
9.838453264273652188e-01 -5.576917752102031507e-03 2.765501385810986701e-01
9.840550431756610594e-01 -5.445006148892606208e-03 2.764862017354917101e-01
9.842630544299338924e-01 -5.313968532067845155e-03 2.764227083642168403e-01
9.844694079699815026e-01 -5.183780093019409695e-03 2.763596395009755846e-01
9.846741527711339037e-01 -5.054420211399777464e-03 2.762969758013070209e-01
9.848773386240422534e-01 -4.925874186291216185e-03 2.762346976366501505e-01
9.850790165882933325e-01 -4.798132365591049713e-03 2.761727848902945093e-01
9.852792397559874127e-01 -4.671186927657877512e-03 2.761112166965142833e-01
9.854780637322345660e-01 -4.545029438349257843e-03 2.760499712197955757e-01
9.856755468082143423e-01 -4.419651238207682013e-03 2.759890255582120311e-01
9.858717495053704871e-01 -4.295045977698083890e-03 2.759283558889975008e-01
9.860667343401825491e-01 -4.171207181759408432e-03 2.758679376483837431e-01
9.862605662335471868e-01 -4.048145541259116909e-03 2.758077452577474276e-01
9.864533145194630537e-01 -3.925851110257880250e-03 2.757477514933738272e-01
9.866450541503118954e-01 -3.804321081515486900e-03 2.756879272299567196e-01
9.867880381885917318e-01 -3.713812134441652184e-03 2.756432162591958002e-01
9.869309532600107904e-01 -3.623466177239742514e-03 2.755984384024787737e-01
9.871205341790296739e-01 -3.503839713628517302e-03 2.755388963904895627e-01
9.872620466585018129e-01 -3.414742468627998510e-03 2.754943399375049395e-01
9.874036170961336678e-01 -3.325801472873787627e-03 2.754496654884556750e-01
9.875916216718324536e-01 -3.208022913401440898e-03 2.753901765753890007e-01
9.877556032248382412e-01 -3.105655463994321398e-03 2.753381310644505420e-01
9.878728339090028232e-01 -3.032703629535726374e-03 2.753008291371537020e-01
9.880364164951689343e-01 -2.931254863963467065e-03 2.752486408924957884e-01
9.881766700670048253e-01 -2.844629224759362158e-03 2.752037623864758142e-01
9.882701561032216642e-01 -2.787085479539897284e-03 2.751737777439803301e-01
9.884161744165290697e-01 -2.697537955469764791e-03 2.751268262527007957e-01
9.885274938018725477e-01 -2.629558272257190906e-03 2.750909320095372146e-01
9.886441702430321943e-01 -2.558590213437288586e-03 2.750532140614594945e-01
9.887615048409820195e-01 -2.487527736395670364e-03 2.750151803487576041e-01
9.888671405303265383e-01 -2.423825448298014273e-03 2.749808473165998302e-01
9.889964814527246739e-01 -2.346197985779599829e-03 2.749386873937843534e-01
9.891379956535801821e-01 -2.261756072221139408e-03 2.748923990089189306e-01
9.892563647329785104e-01 -2.191541234749076056e-03 2.748535471752646675e-01
9.893750463211569146e-01 -2.121538157844652349e-03 2.748144652232825114e-01
9.894943121748573933e-01 -2.051605360717630427e-03 2.747750571957081611e-01
9.896140207055634797e-01 -1.981846762305028778e-03 2.747353628798400726e-01
9.897159914823099314e-01 -1.922776621173037876e-03 2.747014352885440713e-01
9.898434705941348000e-01 -1.849397697293566224e-03 2.746588659855218606e-01
9.899375585064562610e-01 -1.795578037474271230e-03 2.746273325736268145e-01
9.900878310668779214e-01 -1.710230925316457871e-03 2.745767586537626315e-01
9.901743200970993808e-01 -1.661457387993545793e-03 2.745475289856222911e-01
9.902609137873940037e-01 -1.612884525210075276e-03 2.745181712996239698e-01
9.903612026626938958e-01 -1.556957154912933048e-03 2.744840505893144655e-01
9.904874739384739168e-01 -1.487052114093948474e-03 2.744408998991623716e-01
9.905894425236058121e-01 -1.431024990414958087e-03 2.744058929458999541e-01
9.907182233334840271e-01 -1.360817204462650646e-03 2.743614659709771031e-01
9.907962672147299088e-01 -1.318569918752714653e-03 2.743344204260358965e-01
9.909212141403226370e-01 -1.251405072443442009e-03 2.742909210948142884e-01
9.910108377596256179e-01 -1.203585049128467858e-03 2.742595614264418113e-01
9.911016878566011323e-01 -1.155414099268444166e-03 2.742276322551296941e-01
9.912137238991562960e-01 -1.096428446785819699e-03 2.741880545642449429e-01
9.913000989104370220e-01 -1.051269331641103326e-03 2.741573826056731278e-01
9.913838631252052114e-01 -1.007739335784306510e-03 2.741274999137565671e-01
9.914506465589315587e-01 -9.732204389189996795e-04 2.741035744411303710e-01
9.915146713824002367e-01 -9.402820079435555024e-04 2.740805506827308502e-01
9.916340109879260289e-01 -8.792907930416104818e-04 2.740374006680825203e-01
9.917072197375820242e-01 -8.421350186206883652e-04 2.740107729034580997e-01
9.918113459853242775e-01 -7.896257870049468511e-04 2.739726843330921868e-01
9.918788921488236321e-01 -7.557710512139234268e-04 2.739478356143243976e-01
9.919787124284612512e-01 -7.060358286373768534e-04 2.739109025205809789e-01
9.920446367295224777e-01 -6.733788674507436983e-04 2.738863669741173901e-01
9.921335618592820316e-01 -6.295625163601093616e-04 2.738530824441732237e-01
9.922483388488775313e-01 -5.734050434467245468e-04 2.738097873006064553e-01
9.923140323712106303e-01 -5.414655488362740427e-04 2.737848297589049462e-01
9.923808176287334248e-01 -5.091451842253030000e-04 2.737593198008058670e-01
9.924653149416101661e-01 -4.684667650358072298e-04 2.737268380160146064e-01
9.925519742114751187e-01 -4.269939722060078877e-04 2.736932758344702288e-01
9.926400143689063649e-01 -3.851127225075472345e-04 2.736589087237154549e-01
9.927300306504682759e-01 -3.425480623637693414e-04 2.736234757835140918e-01
9.928223552515691441e-01 -2.991574688570507678e-04 2.735868105706192877e-01
9.928790071570852138e-01 -2.726621611987096669e-04 2.735641429796734081e-01
9.929749283407137694e-01 -2.280226205085355922e-04 2.735254575537490740e-01
9.930338309415541742e-01 -2.007482115001769875e-04 2.735015039948447968e-01
9.931134822473388635e-01 -1.640329432837758143e-04 2.734688636563773478e-01
9.931957520679123297e-01 -1.263132084217453521e-04 2.734348374246309832e-01
9.932581794112547158e-01 -9.783030470900293328e-05 2.734087971279696161e-01
9.933222453859934520e-01 -6.872235964740596955e-05 2.733818677460224111e-01
9.934096186032961295e-01 -2.922436247393594749e-05 2.733447929951232647e-01
9.934541404540199183e-01 -9.185201674325816826e-06 2.733257407983064602e-01
9.935457954224757859e-01 3.188712323507898299e-05 2.732861649937569637e-01
9.936160469382104843e-01 6.320282738766877680e-05 2.732554953538495202e-01
9.936880935992783437e-01 9.516584111087939273e-05 2.732237267301523276e-01
9.937495894572796473e-01 1.223235744874679061e-04 2.731963479881041601e-01
9.938121488219817667e-01 1.498326059512851589e-04 2.731682383734353459e-01
9.939160796672812381e-01 1.952620767374084758e-04 2.731209412969115014e-01
9.939694945657114866e-01 2.184748768612223267e-04 2.730963297913319154e-01
9.940375730092885220e-01 2.479280954095303352e-04 2.730646514161115812e-01
9.941079133971814086e-01 2.782055253572239886e-04 2.730315416895038316e-01
9.941512836844985657e-01 2.967959839742056430e-04 2.730109284785933177e-01
9.942245924467123519e-01 3.280866530656295177e-04 2.729757301368979094e-01
9.942849783485653292e-01 3.537352906162833039e-04 2.729463887357129193e-01
9.943630951281491326e-01 3.867423390057094955e-04 2.729079470182354528e-01
9.944439687478419110e-01 4.207001973968919981e-04 2.728675469545878141e-01
9.944937414949477361e-01 4.414865374911854513e-04 2.728423660433710873e-01
9.945448254080581085e-01 4.627320610685416494e-04 2.728162615186486839e-01
9.946141837795062779e-01 4.914357456246788887e-04 2.727803821464655498e-01
9.946679242963347711e-01 5.135630878188348616e-04 2.727522239716244634e-01
9.947232555508067620e-01 5.362433459525885659e-04 2.727228941596868683e-01
9.947802947091887171e-01 5.595150943050116203e-04 2.726922876223512038e-01
9.948193345282794198e-01 5.753792150131806487e-04 2.726711149343053475e-01
9.948788033927520313e-01 5.994435721024633443e-04 2.726385013054204998e-01
9.949193304565996376e-01 6.157715380101667826e-04 2.726160175920628870e-01
9.949819063874423275e-01 6.408651055804907588e-04 2.725808768653951164e-01
9.950248963278948144e-01 6.580207907411403639e-04 2.725564261290890911e-01
9.950914392447394174e-01 6.844389077953089715e-04 2.725180656572450122e-01
9.951257033035670885e-01 6.979781250587407384e-04 2.724980614312074167e-01
9.951843888488717260e-01 7.210691288511202751e-04 2.724633886560427487e-01
9.952322115084688559e-01 7.397960177102947408e-04 2.724347378425479582e-01
9.952814503025246839e-01 7.589930516499294663e-04 2.724048542877499091e-01
9.953322073685838545e-01 7.786921442645067986e-04 2.723736271623189431e-01
9.953845960308196350e-01 7.989274877323134698e-04 2.723409306348237857e-01
9.954519586706931378e-01 8.247966579486837443e-04 2.722981656923234572e-01
9.954937886889216880e-01 8.407730478356608425e-04 2.722711841847018643e-01
9.955367586705249350e-01 8.571151075185138224e-04 2.722431155436385586e-01
9.955809446208156999e-01 8.738481730233170139e-04 2.722138689359828723e-01
9.956414875400296793e-01 8.966604001239148738e-04 2.721731418977327843e-01
9.956882115261579402e-01 9.141766791378478979e-04 2.721411744401399102e-01
9.957364305507077074e-01 9.321727679676998415e-04 2.721076759962955394e-01
9.957694647789196996e-01 9.444547884507358600e-04 2.720844188273526254e-01
9.958204391530577348e-01 9.633307657792433828e-04 2.720480241324398363e-01
9.958554331825923978e-01 9.762343646793079964e-04 2.720226710484371924e-01
9.959095524598978733e-01 9.961006039878057133e-04 2.719828509503231517e-01
9.959562594527735513e-01 1.013158423553490138e-03 2.719478659633775552e-01
9.960045505597787674e-01 1.030709341780282123e-03 2.719110687194308262e-01
9.960343411253066437e-01 1.041494791118754504e-03 2.718880407160107482e-01
9.960854494326569775e-01 1.059928136346853858e-03 2.718479326774607130e-01
9.961277448285118519e-01 1.075117984016304420e-03 2.718141464277015751e-01
9.961713919593757627e-01 1.090732337066660246e-03 2.717786958582709689e-01
9.962161918280310058e-01 1.106693965281994050e-03 2.717416692080894536e-01
9.962505693319740896e-01 1.118895555399664803e-03 2.717128014774565781e-01
9.962858572444537320e-01 1.131377045166100277e-03 2.716827449120460258e-01
9.963221125104277931e-01 1.144154738152770986e-03 2.716514029296379085e-01
9.963593986330890884e-01 1.157247590541274872e-03 2.716186668536860194e-01
9.963977866504906133e-01 1.170678298222064314e-03 2.715844137918878576e-01
9.964373559441993544e-01 1.184472123084706272e-03 2.715485044757812161e-01
9.964644356591672025e-01 1.193884069689644771e-03 2.715235664964333884e-01
9.965061743102501257e-01 1.208347772588781819e-03 2.714845341927445421e-01
9.965347929889251111e-01 1.218234881214900860e-03 2.714573415404941126e-01
9.965789926785999508e-01 1.233455525078991843e-03 2.714146352401872742e-01
9.966093636738425632e-01 1.243878628108879489e-03 2.713847747215012984e-01
9.966559567315705914e-01 1.259810899570504338e-03 2.713381193531308466e-01
9.966880427217708061e-01 1.270741219460521732e-03 2.713053737830666279e-01
9.967378328212044281e-01 1.287637000142287337e-03 2.712535269778622027e-01
9.967809783515868549e-01 1.302217024110564067e-03 2.712075427550508233e-01
9.968257684029371291e-01 1.317295859764912921e-03 2.711587262239918972e-01
9.968534955838771472e-01 1.326603409351588200e-03 2.711279352055011582e-01
9.969012406558794837e-01 1.342583559585489549e-03 2.710738540537959151e-01
9.969308756731882770e-01 1.352470672565160180e-03 2.710395865390024528e-01
9.969613046775022136e-01 1.362596381804866141e-03 2.710038241698530248e-01
9.969925771600518516e-01 1.372974983919073282e-03 2.709664428766664912e-01
9.970247479264872092e-01 1.383622563804573708e-03 2.709273032509278978e-01
9.970691443777704999e-01 1.398268972810568465e-03 2.708721098474636824e-01
9.971036607767090887e-01 1.409619284071625791e-03 2.708282185681810117e-01
9.971393088047536546e-01 1.421310270021348444e-03 2.707819557131260213e-01
9.971637472447061334e-01 1.429308300486821634e-03 2.707496756465658239e-01
9.972014842903836884e-01 1.441633483736373331e-03 2.706988999480680058e-01
9.972274093111264115e-01 1.450082438689985487e-03 2.706633421482358970e-01
9.972575290295068173e-01 1.459878747546353986e-03 2.706213180739006074e-01
9.972922000224022643e-01 1.471128274981235197e-03 2.705719637069974315e-01
9.973280657224116164e-01 1.482733396500741929e-03 2.705197648157631196e-01
9.973558081309227275e-01 1.491687991288780882e-03 2.704785627332504383e-01
9.973843238065247530e-01 1.500873802172426798e-03 2.704354382844076365e-01
9.974136641173761975e-01 1.510307792302044948e-03 2.703902240043677407e-01
9.974438858290636256e-01 1.520008351604301223e-03 2.703427311130726651e-01
9.974750515538618467e-01 1.529996135857796414e-03 2.702927456132054318e-01
9.975181926553605694e-01 1.543794802284801770e-03 2.702217997454415821e-01
9.975404964969021293e-01 1.550915016470345853e-03 2.701842910647891949e-01
9.975740710655780497e-01 1.561615551958291494e-03 2.701267235723091020e-01
9.976084019075507348e-01 1.572533711286802551e-03 2.700664372982061745e-01
9.976319905302465374e-01 1.580021883881401476e-03 2.700241521404919132e-01
9.976685048465973038e-01 1.591594424804886575e-03 2.699572657209236004e-01
9.976936576052695127e-01 1.599554845573733855e-03 2.699101469824580768e-01
9.977327010428558296e-01 1.611896466598619366e-03 2.698352613853532422e-01
9.977596755686080066e-01 1.620413149975148421e-03 2.697822384310088473e-01
9.977874647642224204e-01 1.629178595685140543e-03 2.697264766736306441e-01
9.978161248682079210e-01 1.638209611081093992e-03 2.696677168521592893e-01
9.978457182292497230e-01 1.647523457609497517e-03 2.696056635754060515e-01
9.978685681051390199e-01 1.654706530135896915e-03 2.695567584136830397e-01
9.978920154480180882e-01 1.662070806527660930e-03 2.695056490963821383e-01
9.979242710965282592e-01 1.672192287343029441e-03 2.694337626748093406e-01
9.979408528064854789e-01 1.677392222060200295e-03 2.693960759523760240e-01
9.979749878048177480e-01 1.688092815662981363e-03 2.693168850831078598e-01
9.979925724695731803e-01 1.693603954754514720e-03 2.692752187783947759e-01
9.980288529745338089e-01 1.704972768496805383e-03 2.691873209736110328e-01
9.980475867178884020e-01 1.710841861715308321e-03 2.691408795992091818e-01
9.980764821692650335e-01 1.719892975210407212e-03 2.690677914685165040e-01
9.981063982578021188e-01 1.729260784251532030e-03 2.689901945735789224e-01
9.981269508387591305e-01 1.735694434399862734e-03 2.689357083266612491e-01
9.981587598926524585e-01 1.745650710017068209e-03 2.688494295852973393e-01
9.981806669382242703e-01 1.752508217264765267e-03 2.687885859299341540e-01
9.982031749578805790e-01 1.759556554697914131e-03 2.687248289120409139e-01
9.982381475806171300e-01 1.770517516144594176e-03 2.686231830196983972e-01
9.982623346236442208e-01 1.778104735584239539e-03 2.685509770567556243e-01
9.982872737916601569e-01 1.785933735038400553e-03 2.684748319074614642e-01
9.983130182164108302e-01 1.794021910820965335e-03 2.683943602107092818e-01
9.983396273700049228e-01 1.802388453881851411e-03 2.683091185735679285e-01
9.983671684421697723e-01 1.811056060183954299e-03 2.682185967274591243e-01
9.983957179697369178e-01 1.820052279885845574e-03 2.681222046321509733e-01
9.984253637137215920e-01 1.829408977800728005e-03 2.680192550959878961e-01
9.984406293963175028e-01 1.834234357657088098e-03 2.679650697319964636e-01
9.984641183739834114e-01 1.841671224383951110e-03 2.678800961655123936e-01
9.984883613646687861e-01 1.849363741043327314e-03 2.677902986190136558e-01
9.985219528053926874e-01 1.860049936849124006e-03 2.676622157847727279e-01
9.985393346580382357e-01 1.865591342595565626e-03 2.675942016851387550e-01
9.985661963323834156e-01 1.874173146857646731e-03 2.674866798622997366e-01
9.985940768752048502e-01 1.883105410670479329e-03 2.673718662230792353e-01
9.986132751984105882e-01 1.889272324522317005e-03 2.672908346287630743e-01
9.986430633305444227e-01 1.898872221532591767e-03 2.671618174900679543e-01
9.986636340980088455e-01 1.905525813911224803e-03 2.670703055814532267e-01
9.986848179599125963e-01 1.912400871241930677e-03 2.669739349526127903e-01
9.987178338722532134e-01 1.923165618146689335e-03 2.668192651009969607e-01
9.987349444046859093e-01 1.928767520622412003e-03 2.667368716898975700e-01
9.987524851726983233e-01 1.934527609454309623e-03 2.666507678940326920e-01
9.987765844015680239e-01 1.942472384777671956e-03 2.665296814388298796e-01
9.988015577918140098e-01 1.950745585610205116e-03 2.664006767072005233e-01
9.988274800149772314e-01 1.959380718907114110e-03 2.662628314363308379e-01
9.988544362552871370e-01 1.968416880768063693e-03 2.661150654576149854e-01
9.988753905693313895e-01 1.975483969220977448e-03 2.659969643537805073e-01
9.988970266660069930e-01 1.982823730246472977e-03 2.658719428164449394e-01
9.989270221423027785e-01 1.993075129317903576e-03 2.656932344132018620e-01
9.989504550052760168e-01 2.001146099038075138e-03 2.655490666731845639e-01
9.989747628014434833e-01 2.009580738258443921e-03 2.653951059297753878e-01
9.990051947931041232e-01 2.020238320899237026e-03 2.651957539517568740e-01
9.990263205772492716e-01 2.027705394590043671e-03 2.650528573107570618e-01
9.990481762035228197e-01 2.035495846582009803e-03 2.649009890324102168e-01
9.990785530834477290e-01 2.046443532117068077e-03 2.646828140448541644e-01
9.991023505581886344e-01 2.055121520035005107e-03 2.645058389415007039e-01
9.991271012511192540e-01 2.064247679040327830e-03 2.643158542596662497e-01
9.991528929002418957e-01 2.073874487477489655e-03 2.641111462721242309e-01
9.991798280720175507e-01 2.084064838363023590e-03 2.638896710869117479e-01
9.991984794926396241e-01 2.091208940120166393e-03 2.637314960223308691e-01
9.992177328124328684e-01 2.098665914852412568e-03 2.635639328911906776e-01
9.992478392564185796e-01 2.110507303177625547e-03 2.632928283460139740e-01
9.992688036569071786e-01 2.118888764657603056e-03 2.630971440060570488e-01
9.992905497192673403e-01 2.127709539770047432e-03 2.628878789126797288e-01
9.993131439165223728e-01 2.137019095363534762e-03 2.626633425811294997e-01
9.993247827739355493e-01 2.141875169738782173e-03 2.625447250272532895e-01
9.993487959678186705e-01 2.152035580656785300e-03 2.622934306720411946e-01
9.993674973098491954e-01 2.160087125674863516e-03 2.620913239867340705e-01
9.993868412429605108e-01 2.168552174794234882e-03 2.618761232491074731e-01
9.994068783400280598e-01 2.177477357042536740e-03 2.616463210125569705e-01
9.994276648665150198e-01 2.186916002223524003e-03 2.614001387285953548e-01
9.994492639380627708e-01 2.196929557076824149e-03 2.611354585872335266e-01
9.994641497712507539e-01 2.203960335802849970e-03 2.609474827014757192e-01
9.994872678435071656e-01 2.215105810750938372e-03 2.606461055103940772e-01
9.995032449859110324e-01 2.222978506023562915e-03 2.604307021506499509e-01
9.995197091961360858e-01 2.231247158610348818e-03 2.602023363042642035e-01
9.995366937452522249e-01 2.239954159170295597e-03 2.599596050473545472e-01
9.995542352050760249e-01 2.249146856716902326e-03 2.597008595794203512e-01
9.995632269244164592e-01 2.253941951936075730e-03 2.595648758319241134e-01
9.995816803494208536e-01 2.263972378543373676e-03 2.592783695429065061e-01
9.996007985421709874e-01 2.274647220108633443e-03 2.589702290793746697e-01
9.996106220069089776e-01 2.280250704569298462e-03 2.588070745732875544e-01
9.996308346586166849e-01 2.292054656370608873e-03 2.584604184463704102e-01
9.996412368419599348e-01 2.298280467708603819e-03 2.582757765949368345e-01
9.996572341019539509e-01 2.308070985722390171e-03 2.579829579447227572e-01
9.996654165764250477e-01 2.313184753996807078e-03 2.578286980185441890e-01
9.996737268852544656e-01 2.318456119838086492e-03 2.576687454597174076e-01
9.996907478591154916e-01 2.329513159947744355e-03 2.573301701783090034e-01
9.997083254080765258e-01 2.341323794441321077e-03 2.569631603611284287e-01
9.997203659123680142e-01 2.349661836662829580e-03 2.567001240354019886e-01
9.997295716088870909e-01 2.356183056364720592e-03 2.564918911137203938e-01
9.997389315847620139e-01 2.362951778108743090e-03 2.562732231027635699e-01
9.997484485856261704e-01 2.369985171208718877e-03 2.560429772528399761e-01
9.997581247233376933e-01 2.377301843791652068e-03 2.557997897279636335e-01
9.997679612228204116e-01 2.384921746939055662e-03 2.555419842856307411e-01
9.997739394289327786e-01 2.389647363753504700e-03 2.553794455292809351e-01
9.997820000854189537e-01 2.396139038178193067e-03 2.551526317570096403e-01
9.997929051550846768e-01 2.405153691016038379e-03 2.548300859089708825e-01
9.997984214594728414e-01 2.409820812332873294e-03 2.546590825230744537e-01
9.998039795735214064e-01 2.414600061191736827e-03 2.544809975056762097e-01
9.998095779159665852e-01 2.419494859914782942e-03 2.542954532132973844e-01
9.998208912998742814e-01 2.429647801452497306e-03 2.539007540357390291e-01
9.998265973426959663e-01 2.434906234212178000e-03 2.536919039816656896e-01
9.998323339786087116e-01 2.440289887552027533e-03 2.534766406119907667e-01
9.998380985682069344e-01 2.445799898313381383e-03 2.532572016564045292e-01
9.998467947419584778e-01 2.454303944993983799e-03 2.529348522747872918e-01
9.998526250026127382e-01 2.460133871264563732e-03 2.527324042254098790e-01
9.998555514960351109e-01 2.463098590429619195e-03 2.526392178835926150e-01
9.998614299637414993e-01 2.469129715410947959e-03 2.524714990027136507e-01
9.998643847881024671e-01 2.472199082224328485e-03 2.523979902777016004e-01
9.998673512895481785e-01 2.475305596090882944e-03 2.523314894908705308e-01
9.998733233069112547e-01 2.481634320852706740e-03 2.522186876804181077e-01
9.998793574077052826e-01 2.488129742868902192e-03 2.521312692830559032e-01
9.998824016846992180e-01 2.491445204335606279e-03 2.520963187619919554e-01
9.998854656500272275e-01 2.494808069847121845e-03 2.520667553896142610e-01
9.998916573648619632e-01 2.501683418429255859e-03 2.520226214949636279e-01
9.998979452562853920e-01 2.508775934430032030e-03 2.519965828160329324e-01
9.999043416463473388e-01 2.516106959374832339e-03 2.519864387140817730e-01
9.999125084778498485e-01 2.525641580209144095e-03 2.519927260174932848e-01
9.999175115050784601e-01 2.531581949053196903e-03 2.520047652482574341e-01
9.999243130945403291e-01 2.539782631781049762e-03 2.520286119856503526e-01
9.999312785469907094e-01 2.548334611855765028e-03 2.520594571794770866e-01
9.999348281186141163e-01 2.552754264915469730e-03 2.520768763746921159e-01
9.999420696978659207e-01 2.561904041377582181e-03 2.521146208664623023e-01
9.999476355849528098e-01 2.569061462223126615e-03 2.521444786872463206e-01
9.999533256625676714e-01 2.576494653748725213e-03 2.521747773481340937e-01
9.999611203631671996e-01 2.586874560548282128e-03 2.522143797728955694e-01
9.999671357732496935e-01 2.595046483950114082e-03 2.522422400972335610e-01
9.999724755022235678e-01 2.602422588601114532e-03 2.522642264484700747e-01
9.999792197722634501e-01 2.611908736099728071e-03 2.522873867803954173e-01
9.999826680284464864e-01 2.616834077056288173e-03 2.522968997389661294e-01
9.999897257606218393e-01 2.627079446114788819e-03 2.523107456441835983e-01
9.999933403873831894e-01 2.632414071597392966e-03 2.523145937326120025e-01
9.999970151280588304e-01 2.637899886453033346e-03 2.523160484720890495e-01
9.999985024668397449e-01 2.640138423595150483e-03 2.523158965304629908e-01
