# -58 2 0.184514855078 3.64150731202e-05
# x xi_r xi_h
1.310287751119751072e-03 1.320050248451239270e+02 5.929244097660625101e+01
1.460995662986557019e-03 1.417995601464935760e+02 6.186025617194068360e+01
1.650884358646134958e-03 1.519084567570260731e+02 6.343170465776329792e+01
1.840773054305712029e-03 1.594177996766819660e+02 6.312461491412879866e+01
2.080034956818093209e-03 1.650755439780517690e+02 6.012088242547529404e+01
2.319296859330475039e-03 1.664990826758179310e+02 5.439667846506799975e+01
2.520287072229036949e-03 1.645191727151159000e+02 4.773776935184977788e+01
2.721277285127598859e-03 1.598122282375578607e+02 3.966748688580096172e+01
2.922267498026161203e-03 1.526023824456382556e+02 3.050143893611650725e+01
3.112225549436466957e-03 1.437367507088559080e+02 2.115029408541978384e+01
3.302183600846774012e-03 1.331582831597145571e+02 1.144741947155915973e+01
3.492141652257081067e-03 1.211682897666396315e+02 1.711908268507768449e+00
3.682099703667386821e-03 1.080879036170088767e+02 -7.742377650118596577e+00
3.921500270735109317e-03 9.057934710933945155e+01 -1.882542433119420622e+01
4.160900837802832680e-03 7.252311266468150563e+01 -2.845721691293819688e+01
4.400301404870555176e-03 5.456730794552657926e+01 -3.619290394018621981e+01
4.639701971938277672e-03 3.731439500728706804e+01 -4.170173817174756437e+01
4.869433365318841418e-03 2.191432078890323254e+01 -4.469943833650823706e+01
5.099164758699403430e-03 8.055900284848847903e+00 -4.540139619078940569e+01
5.328896152079966309e-03 -3.946208501737225038e+00 -4.386504868514817446e+01
5.558627545460530055e-03 -1.386835916715676120e+01 -4.025857349404054730e+01
5.787748083093968016e-03 -2.156368844347062108e+01 -3.486571718763167382e+01
6.016868620727404242e-03 -2.702579411839810319e+01 -2.802707791640169432e+01
6.245989158360841335e-03 -3.030725466551422187e+01 -2.015130858309324680e+01
6.507314466583081353e-03 -3.156810879629455968e+01 -1.048783253884954547e+01
6.768639774805322237e-03 -3.047607179031117752e+01 -7.327323703418634482e-01
7.029965083027563122e-03 -2.742561565686007796e+01 8.456072299029706585e+00
7.291290391249803139e-03 -2.287397129913932403e+01 1.648735653660968836e+01
7.588259160035928062e-03 -1.651354670177223483e+01 2.360310520994083916e+01
7.885227928822052118e-03 -9.562494627554221083e+00 2.810751407702868576e+01
8.182196697608175306e-03 -2.690633451978055923e+00 2.975153281313225051e+01
8.479165466394300230e-03 3.523084940196073322e+00 2.855197438241327745e+01
8.776134235180425153e-03 8.624301216854616925e+00 2.477850732859596050e+01
9.062891590263655664e-03 1.220417723757048378e+01 1.914219117312779872e+01
9.349648945346886175e-03 1.431592233156106531e+01 1.214446500428217668e+01
9.636406300430114952e-03 1.495023467452639032e+01 4.457907516417765947e+00
9.923163655513347198e-03 1.421644570432067844e+01 -3.218336180592941353e+00
1.020992101059657944e-02 1.232226856463277365e+01 -1.021895949750483545e+01
1.049667836567980995e-02 9.548006186693646313e+00 -1.596769945450306949e+01
1.078343572076304047e-02 6.217555612980539159e+00 -2.002279657765938126e+01
1.107585216327150977e-02 2.599626854559232925e+00 -2.213075319843986222e+01
1.136826860577998081e-02 -9.035896110889635180e-01 -2.209772100811709095e+01
1.166068504828845012e-02 -3.992538254607842063e+00 -2.002529901998810757e+01
1.195310149079691076e-02 -6.431454232288121631e+00 -1.619492646537388936e+01
1.224551793330539047e-02 -8.062518719712848281e+00 -1.103504788514151080e+01
1.253793437581384937e-02 -8.812375050058102843e+00 -5.076412909565797271e+00
1.283035081832233082e-02 -8.691074297416367500e+00 1.100046596167313817e+00
1.312276726083078972e-02 -7.784126648773736612e+00 6.917805789060759381e+00
1.341518370333926076e-02 -6.238848255625245365e+00 1.185679839194560259e+01
1.372371033175165053e-02 -4.130187522798846267e+00 1.565496377202887501e+01
1.403223696016404030e-02 -1.776754385412709025e+00 1.768624965344521272e+01
1.434076358857643008e-02 5.663720223372415985e-01 1.781550568506711585e+01
1.464929021698880944e-02 2.665991588924803590e+00 1.610573553726873541e+01
1.495781684540119921e-02 4.331535559914555300e+00 1.280399553477125174e+01
1.526634347381359072e-02 5.430156242208937556e+00 8.309342162037381740e+00
1.557487010222598049e-02 5.895152522418112717e+00 3.126675727766056845e+00
1.588339673063835986e-02 5.727421241243805028e+00 -2.188374810470716358e+00
1.619192335905075136e-02 4.990301079195914369e+00 -7.087645654708325971e+00
1.650044998746313940e-02 3.798774455219680490e+00 -1.108571771450451671e+01
1.680897661587552050e-02 2.304461993813667675e+00 -1.380679199425372161e+01
1.711941423928450140e-02 6.681921194535089814e-01 -1.502151500954402330e+01
1.742985186269348924e-02 -9.267617282629163622e-01 -1.463762827857075877e+01
1.774028948610247014e-02 -2.321701691921918442e+00 -1.274992235132462781e+01
1.805072710951145104e-02 -3.388748233784474984e+00 -9.603795668552885800e+00
1.836116473292042847e-02 -4.041401188684393908e+00 -5.565147453698647162e+00
1.867160235632940937e-02 -4.240352202570963236e+00 -1.078980377115956291e+00
1.898203997973839027e-02 -3.994283926773140259e+00 3.378739253124188657e+00
1.929247760314737117e-02 -3.355892534449864684e+00 7.350832784574072853e+00
1.960291522655635901e-02 -2.413821985615699273e+00 1.044510782681143191e+01
1.991335284996533991e-02 -1.281558561263731022e+00 1.237235176846307283e+01
2.022379047337432081e-02 -8.457103952600615593e-02 1.297245888930673097e+01
2.053422809678330171e-02 1.052922080597713528e+00 1.222638229053232450e+01
2.083870335922823058e-02 2.004056881746980157e+00 1.030010063962512668e+01
2.114317862167315945e-02 2.708785121416650732e+00 7.417970542212812823e+00
2.144765388411808138e-02 3.113112211941024832e+00 3.891328948332012594e+00
2.175212914656301025e-02 3.194907809205004945e+00 8.377549783076317091e-02
2.205660440900793912e-02 2.964078418657173142e+00 -3.626002766311485992e+00
2.236107967145287145e-02 2.459707736178535331e+00 -6.881394184553691673e+00
2.266555493389780032e-02 1.744630582591146783e+00 -9.381432001176850832e+00
2.297003019634272919e-02 8.981139382466998278e-01 -1.090770406619422062e+01
2.327450545878765112e-02 7.448935875997574237e-03 -1.134231638171101331e+01
2.357898072123257999e-02 -8.406954579590406595e-01 -1.067558128311719123e+01
2.388999902351006052e-02 -1.581968243801060714e+00 -8.958481052142655443e+00
2.420101732578754106e-02 -2.131364202790653195e+00 -6.394223083180231804e+00
2.451203562806502159e-02 -2.444837372667781228e+00 -3.261378140541344450e+00
2.482305393034249866e-02 -2.503628796009763402e+00 1.142755223556875255e-01
2.513407223261997919e-02 -2.314663924784990279e+00 3.393361371696844930e+00
2.544509053489744932e-02 -1.908464403822855981e+00 6.256578376613682657e+00
2.575610883717492985e-02 -1.334924376430806525e+00 8.435161788705828556e+00
2.606712713945241039e-02 -6.574813424823758856e-01 9.735308126530297201e+00
2.637814544172989092e-02 5.367023761606082299e-02 1.005444672304660791e+01
2.668916374400737146e-02 7.286247477367359116e-01 9.388115490871339119e+00
2.700018204628484852e-02 1.304391587653502604e+00 7.827151951054045931e+00
2.731120034856232906e-02 1.730503546638511247e+00 5.545847549976135937e+00
2.762221865083979919e-02 1.973140512648311251e+00 2.782545934668178234e+00
2.793323695311727972e-02 2.017467900379065426e+00 -1.851792975311693235e-01
2.826513052570591919e-02 1.851957259928261879e+00 -3.248860341380650052e+00
2.859702409829455866e-02 1.494501494360244820e+00 -5.888285124067080822e+00
2.892891767088319119e-02 9.920885214611682157e-01 -7.830049172966955240e+00
2.926081124347183066e-02 4.048033950504882905e-01 -8.883543908056029892e+00
2.959270481606045972e-02 -2.011701231094808751e-01 -8.958674041918349928e+00
2.992459838864909918e-02 -7.608135809724294596e-01 -8.072307628750479580e+00
3.025649196123773171e-02 -1.217033945927289196e+00 -6.343179214786495379e+00
3.058838553382637118e-02 -1.526245928804855101e+00 -3.976191754821782443e+00
3.092027910641501065e-02 -1.662261916658103411e+00 -1.238142157529527942e+00
3.125217267900363971e-02 -1.618177844765231743e+00 1.572278788768895375e+00
3.158406625159228265e-02 -1.406166677033102941e+00 4.156865350647579227e+00
3.191595982418091171e-02 -1.055310926412998951e+00 6.249180791652069189e+00
3.224785339676954771e-02 -6.077996151078370879e-01 7.641513179847877701e+00
3.257974696935817677e-02 -1.139649476873176998e-01 8.204838904887264306e+00
3.291164054194681970e-02 3.732730021859335112e-01 7.899954757601469701e+00
3.324353411453546264e-02 8.039553381900127471e-01 6.778924385453157342e+00
3.357542768712409170e-02 1.136061446949315545e+00 4.977020998492668546e+00
3.390732125971272770e-02 1.339436737212509110e+00 2.696325652095683534e+00
3.423921483230135676e-02 1.398325392165644221e+00 1.829602041280102565e-01
3.457110840488999970e-02 1.312322054159309248e+00 -2.299482409281111916e+00
3.491112367483018009e-02 1.089128149089154451e+00 -4.545049655170125824e+00
3.525113894477036047e-02 7.580326236561345521e-01 -6.259554170030120268e+00
3.559115421471054780e-02 3.582003655667244657e-01 -7.272463218062248380e+00
3.593116948465072819e-02 -6.559329113420669932e-02 -7.491948082441587609e+00
3.627118475459092245e-02 -4.678867114405219629e-01 -6.912358698359155618e+00
3.661120002453110284e-02 -8.073002599915720667e-01 -5.612440813041592591e+00
3.695121529447128322e-02 -1.050664362254990492e+00 -3.744769505529351949e+00
3.729123056441145667e-02 -1.176112279928726689e+00 -1.517771656195982199e+00
3.763124583435163706e-02 -1.174867831574173183e+00 8.275620461884787282e-01
3.797126110429181745e-02 -1.051604995564419109e+00 3.043688248119033268e+00
3.831127637423199783e-02 -8.234084747702236085e-01 4.902455776785116903e+00
3.865129164417219210e-02 -5.175060940311900781e-01 6.218289455360492823e+00
3.899130691411237248e-02 -1.680613654589100947e-01 6.866290501008795566e+00
3.933132218405255287e-02 1.876031248303487164e-01 6.793533294384393351e+00
3.967133745399273326e-02 5.129403771738570983e-01 6.022599854035214584e+00
4.001135272393290671e-02 7.758639971085710130e-01 4.647229303739282891e+00
4.035136799387308709e-02 9.518207180454910654e-01 2.820780016743073215e+00
4.069138326381326748e-02 1.025967150762111313e+00 7.389217110805605948e-01
4.103139853375346174e-02 9.942719238681944072e-01 -1.381478063303557269e+00
4.137141380369364213e-02 8.634817608270038969e-01 -3.324984714250726281e+00
4.171142907363382252e-02 6.500077291964261317e-01 -4.899381168723901503e+00
4.205144434357400290e-02 3.778938994587461853e-01 -5.954414537966071563e+00
4.239145961351419023e-02 7.611480648036691998e-02 -6.395704470544057330e+00
4.273147488345437062e-02 -2.244969541753049080e-01 -6.192573947958107894e+00
4.307149015339455100e-02 -4.943699186956275748e-01 -5.379229151686212518e+00
4.325489917444660243e-02 -6.186064555411918686e-01 -4.712791423987919615e+00
4.343830819549863304e-02 -7.228318966107130095e-01 -3.915044013716481697e+00
4.362171721655067058e-02 -8.043790337640028820e-01 -3.010915628400863131e+00
4.380512623760270813e-02 -8.612939606277937310e-01 -2.028064174539170317e+00
4.398853525865475261e-02 -8.923760952180924688e-01 -9.960208481114033452e-01
4.417194427970679016e-02 -8.971953337697613495e-01 5.470275945197951989e-02
4.435535330075882771e-02 -8.760864974216440171e-01 1.093517505927149136e+00
4.453876232181087219e-02 -8.301218881098052504e-01 2.090642908899702945e+00
4.472217134286290280e-02 -7.610633778273008243e-01 3.017951356089102255e+00
4.490558036391494035e-02 -6.712960003716541557e-01 3.849746873610732756e+00
4.527239840601902238e-02 -4.436624195315483354e-01 5.135127700719293919e+00
4.563921644812309747e-02 -1.736673620973127607e-01 5.827962511921551680e+00
4.600603449022717950e-02 1.076671841824697745e-01 5.866007482826183228e+00
4.637285253233124765e-02 3.692989040134774248e-01 5.260622896851497643e+00
4.673967057443533663e-02 5.835298943647270198e-01 4.092973104542428686e+00
4.710648861653941866e-02 7.288432247884155668e-01 2.502800187321426950e+00
4.747330665864348681e-02 7.919363010829351124e-01 6.713324053061167085e-01
4.784012470074756884e-02 7.687786500924812527e-01 -1.199564176391921144e+00
4.820694274285165087e-02 6.646357279863673861e-01 -2.909593784554138640e+00
4.857376078495573291e-02 4.931127993796169950e-01 -4.281184664655425465e+00
4.894057882705980800e-02 2.743721695237698044e-01 -5.177412439196428906e+00
4.931285321897629220e-02 2.918286320915853757e-02 -5.515648108882280631e+00
4.968512761089276947e-02 -2.126006893625619065e-01 -5.255540090434460687e+00
5.005740200280924673e-02 -4.253726665213085623e-01 -4.438011911566383638e+00
5.042967639472573094e-02 -5.875208300631595826e-01 -3.161974027194318193e+00
5.080195078664220820e-02 -6.835308357737642782e-01 -1.572148116098118331e+00
5.117422517855869241e-02 -7.053618969858633792e-01 1.574836970386017665e-01
5.154649957047517661e-02 -6.529863899322438936e-01 1.842729499668033677e+00
5.191877396239164694e-02 -5.340771642281547660e-01 3.308674188217185730e+00
5.229104835430813114e-02 -3.629145106931482290e-01 4.407568705548865928e+00
5.266332274622462228e-02 -1.586611313561866188e-01 5.033327813323912991e+00
5.303559713814109261e-02 5.678913051540748075e-02 5.131257996839474700e+00
5.340787153005757681e-02 2.611495090725572954e-01 4.702179995184993189e+00
5.378014592197404714e-02 4.340187587159590188e-01 3.800719601134775250e+00
5.415242031389053134e-02 5.588712020158024263e-01 2.528149999390803426e+00
5.452469470580702249e-02 6.245702536291374285e-01 1.020715492676494085e+00
5.489696909772349281e-02 6.262748705713834241e-01 -5.652045700447271281e-01
5.526924348963997702e-02 5.656762667031451919e-01 -2.069461620104341648e+00
5.564151788155646122e-02 4.505729371076129808e-01 -3.344311815663000953e+00
5.601379227347293849e-02 2.938581882866032058e-01 -4.268766548134870220e+00
5.638606666538942269e-02 1.120494582110446030e-01 -4.759742421385719346e+00
5.675834105730589996e-02 -7.647226395970697921e-02 -4.779018586328502849e+00
5.713557747568415168e-02 -2.554902559988722066e-01 -4.326825880900086574e+00
5.751281389406241035e-02 -4.052911997624901730e-01 -3.455591864406127200e+00
5.789005031244066207e-02 -5.121151734226606633e-01 -2.260870905221397109e+00
5.826728673081892074e-02 -5.668821836660393743e-01 -8.668803845383485918e-01
5.864452314919717246e-02 -5.658661440515541097e-01 5.867918998426565613e-01
5.902175956757541725e-02 -5.108156571182558281e-01 1.959315320985592024e+00
5.939899598595368285e-02 -4.085442840259963515e-01 3.122148069448122509e+00
5.977623240433192764e-02 -2.700625959882968496e-01 3.970708172645288414e+00
6.015346882271019324e-02 -1.093626062755618800e-01 4.433194255970472675e+00
6.053070524108843803e-02 5.801038956123625440e-02 4.475911240153191528e+00
6.090794165946669669e-02 2.164538850033310702e-01 4.104829747212988877e+00
6.128517807784496230e-02 3.517319616779199798e-01 3.363471835875097238e+00
6.149838126173343134e-02 4.136623452523086608e-01 2.804763948532933426e+00
6.171158444562190731e-02 4.626352900875394525e-01 2.168332795567439852e+00
6.192478762951038329e-02 4.974180374271182647e-01 1.473857094640199872e+00
6.213799081339885233e-02 5.172164171018012180e-01 7.423888250204646599e-01
6.235119399728732831e-02 5.216878506003734817e-01 -4.281454421847087286e-03
6.256439718117580429e-02 5.109410318336121692e-01 -7.442665332095244057e-01
6.277760036506427332e-02 4.855226747958968359e-01 -1.456213410722587032e+00
6.299080354895275624e-02 4.463920690482253706e-01 -2.119905542739948245e+00
6.320400673284122528e-02 3.948845040078314272e-01 -2.716820152187377602e+00
6.341720991672969432e-02 3.326649036990205199e-01 -3.230625929974668686e+00
6.384361628450666015e-02 1.852181749487006035e-01 -3.954615376035602647e+00
6.427002265228359823e-02 2.062249705872523653e-02 -4.228282252220004089e+00
6.469642902006055019e-02 -1.425432883116864169e-01 -4.031414528323092661e+00
6.512283538783750214e-02 -2.865019450636131504e-01 -3.395893522148860644e+00
6.554924175561444022e-02 -3.961741807860605924e-01 -2.400496427484442474e+00
6.597564812339139217e-02 -4.606973971360259767e-01 -1.160810261540229815e+00
6.640205449116834413e-02 -4.744225571072905878e-01 1.844525884228560841e-01
6.682846085894529609e-02 -4.373084567414202706e-01 1.489114213837688272e+00
6.725486722672224804e-02 -3.547013778296028708e-01 2.615400647788663324e+00
6.768127359449918612e-02 -2.365542544477346465e-01 3.448309717571578670e+00
6.810767996227613807e-02 -9.619616718825743651e-02 3.907003328916090812e+00
6.854182003929965017e-02 5.379030724576258637e-02 3.949203195701489477e+00
6.897596011632314839e-02 1.948640702758250298e-01 3.568497861251236358e+00
6.941010019334666048e-02 3.123389163847540839e-01 2.815111537643947059e+00
6.984424027037017257e-02 3.945280537907397411e-01 1.777120350414418626e+00
7.027838034739368467e-02 4.338408252172288870e-01 5.697841233690452700e-01
7.071252042441718288e-02 4.273989895223878066e-01 -6.774992467224084658e-01
7.114666050144069498e-02 3.771353619105511368e-01 -1.835132988501745110e+00
7.158080057846419320e-02 2.893935313855909297e-01 -2.786662587384558964e+00
7.201494065548770529e-02 1.740975068872457621e-01 -3.440175315963072578e+00
7.244908073251121738e-02 4.359974528818862105e-02 -3.736692237676118911e+00
7.288322080953472948e-02 -8.865818347801800170e-02 -3.654855980401897408e+00
7.331736088655822769e-02 -2.095276217470255498e-01 -3.211633949582157754e+00
7.375150096358173979e-02 -3.074377221670522298e-01 -2.459174293988761750e+00
7.419305697663924892e-02 -3.742642730092693992e-01 -1.460494500244320593e+00
7.463461298969675806e-02 -4.023623860760595083e-01 -3.316440755577624855e-01
7.507616900275426719e-02 -3.900124070457321457e-01 8.118791209437544731e-01
7.551772501581177632e-02 -3.395429373260306360e-01 1.856892922787764855e+00
7.595928102886928546e-02 -2.569251002717976573e-01 2.703595172656928725e+00
7.640083704192679459e-02 -1.510324047838629558e-01 3.274739621166607773e+00
7.684239305498430372e-02 -3.265919956005863822e-02 3.522143808643129148e+00
7.728394906804181286e-02 8.659270431179702521e-02 3.430069467764513380e+00
7.772550508109932199e-02 1.954451372279937538e-01 3.015352129749311327e+00
7.816706109415683112e-02 2.839850555909231855e-01 2.324474057557067930e+00
7.860861710721434026e-02 3.445253253009091243e-01 1.428044812273326913e+00
7.907004175851901906e-02 3.726503312540718205e-01 3.672187440546036408e-01
7.953146640982367011e-02 3.631404673255025362e-01 -7.139545581245297923e-01
7.999289106112834891e-02 3.179295536122698773e-01 -1.708167993160276676e+00
8.045431571243301383e-02 2.423839436916829237e-01 -2.519786517394277503e+00
8.091574036373769263e-02 1.446433947519316088e-01 -3.073699883130989186e+00
8.137716501504235755e-02 3.472554952202806106e-02 -3.321858513274003943e+00
8.183858966634702248e-02 -7.650883439417120735e-02 -3.246967490557135960e+00
8.230001431765168740e-02 -1.784247091218859882e-01 -2.863103612921124252e+00
8.276143896895636620e-02 -2.616126356195939695e-01 -2.213321391316218190e+00
8.322286362026103113e-02 -3.187285634528859712e-01 -1.364597065949937349e+00
8.368428827156570993e-02 -3.451020723832671222e-01 -4.006988449767577287e-01
8.414571292287037485e-02 -3.390671605849439607e-01 5.862548437608275931e-01
8.460713757417503977e-02 -3.019981918102085383e-01 1.504693781381970963e+00
8.507417896077572317e-02 -2.371577690899450974e-01 2.280130408062849945e+00
8.554122034737642044e-02 -1.515135473216943363e-01 2.832664254599720266e+00
8.600826173397713159e-02 -5.345892622900581814e-02 3.116632527990214729e+00
8.647530312057782886e-02 4.776254138561840390e-02 3.112320007440894987e+00
8.694234450717849838e-02 1.429306542080929776e-01 2.826814298856132446e+00
8.740938589377920953e-02 2.236791525419243865e-01 2.292381181935505996e+00
8.787642728037989293e-02 2.832102634856004109e-01 1.562612298941490563e+00
8.834346866698060408e-02 3.168344513221326708e-01 7.067931963665355921e-01
8.881051005358128747e-02 3.222956687934453446e-01 -1.969135194909492625e-01
8.927249613444182552e-02 3.002430969257831594e-01 -1.059875089311592467e+00
8.973448221530234969e-02 2.534561927134895143e-01 -1.819623680120345366e+00
9.019646829616287387e-02 1.864747183523464136e-01 -2.415800552415581670e+00
9.065845437702341192e-02 1.053294031835696337e-01 -2.804165827830023439e+00
9.112044045788392221e-02 1.697109591042473761e-02 -2.959219080801485102e+00
9.158242653874446026e-02 -7.133326659203881315e-02 -2.875023224576856773e+00
9.185990558262246974e-02 -1.216013763823421412e-01 -2.713023934620908406e+00
9.213738462650046535e-02 -1.678699180341296227e-01 -2.474231659800862904e+00
9.269234271425648430e-02 -2.431098675168320844e-01 -1.805805668373682060e+00
9.324730080201248938e-02 -2.900308428588693199e-01 -9.482986126374149949e-01
9.380225888976850834e-02 -3.042675653097858812e-01 -3.101674347591366508e-04
9.435721697752449955e-02 -2.851570664845804459e-01 9.330343979405527621e-01
9.491217506528051850e-02 -2.356489103727533729e-01 1.751464034218513266e+00
9.546713315303652359e-02 -1.618387686798498371e-01 2.370031880045445405e+00
9.602209124079254254e-02 -7.219143190545133926e-02 2.727616049283593913e+00
9.657704932854854762e-02 2.345121100051674942e-02 2.792609319051629235e+00
9.711274250401923103e-02 1.120099046259086378e-01 2.577526368323838302e+00
9.764843567948991443e-02 1.882610355226657650e-01 2.116714115954938968e+00
9.818412885496061171e-02 2.452214603874684207e-01 1.459974165361675569e+00
9.871982203043128123e-02 2.779729220502515918e-01 6.741831493444292445e-01
9.925551520590197851e-02 2.840408053547457401e-01 -1.636417687719232406e-01
9.979120838137264804e-02 2.635261088859974232e-01 -9.739524279273787943e-01
1.003269015568433037e-01 2.189907631115986242e-01 -1.682211424879403117e+00
1.008625947323140010e-01 1.551194701966687184e-01 -2.225657955673074895e+00
1.013982879077846982e-01 7.820098778391366967e-02 -2.558690814993289653e+00
1.019196887189594974e-01 -2.327896722588870555e-03 -2.656902449446098657e+00
1.024410895301341995e-01 -8.140857151672203917e-02 -2.529156586441006382e+00
1.029624903413089987e-01 -1.524627207688475650e-01 -2.191987164662663634e+00
1.034838911524837979e-01 -2.098126376155513839e-01 -1.678820674954449643e+00
1.040052919636584999e-01 -2.491084585006709540e-01 -1.036292106272860059e+00
1.045266927748332991e-01 -2.676193843378790738e-01 -3.197366477902682802e-01
1.051400246805940936e-01 -2.616481824659063760e-01 5.356197971364839994e-01
1.057533565863548047e-01 -2.273034199686072010e-01 1.318214472428268724e+00
1.063666884921155992e-01 -1.690747927351828606e-01 1.945812393127116957e+00
1.069800203978762965e-01 -9.382864471845293874e-02 2.355596214103389929e+00
1.075933523036371048e-01 -9.970359301137030061e-03 2.510133653099346329e+00
1.081580523569587032e-01 6.721394296817335967e-02 2.418141840164511613e+00
1.087227524102803017e-01 1.373030905536115620e-01 2.115546978413350931e+00
1.092874524636019973e-01 1.944013134640966423e-01 1.634612492075343759e+00
1.098521525169235957e-01 2.339529649223151819e-01 1.021513763866980007e+00
1.104461325367779023e-01 2.534599933916026337e-01 2.953090534887277685e-01
1.110401125566321950e-01 2.491894086763234428e-01 -4.467064060184489649e-01
1.116340925764865016e-01 2.221493831694049959e-01 -1.136318647001409055e+00
1.122280725963407944e-01 1.753766448135121447e-01 -1.712278088522410036e+00
1.128220526161951009e-01 1.135769161721125464e-01 -2.125555384632295652e+00
1.134060008840173939e-01 4.385254355115658642e-02 -2.341434586128315232e+00
1.139899491518396035e-01 -2.855388279133900739e-02 -2.354660614420740483e+00
1.145738974196618964e-01 -9.747179473253483883e-02 -2.169356913253822849e+00
1.151578456874842032e-01 -1.572419913213524978e-01 -1.806145839696068345e+00
1.157417939553063990e-01 -2.031632561166948348e-01 -1.299630239686284883e+00
1.163163554681377054e-01 -2.315250597820211198e-01 -7.049748468819853064e-01
1.168909169809689980e-01 -2.413670862450606747e-01 -6.419222910457118847e-02
1.174654784938004015e-01 -2.323825507502018939e-01 5.718639668387065500e-01
1.180400400066316940e-01 -2.057216129058666299e-01 1.154542577328191877e+00
1.186146015194630005e-01 -1.638377506361564928e-01 1.640999627754975876e+00
1.189682089753304056e-01 -1.318434203902671964e-01 1.878061788126357712e+00
1.193218164311977969e-01 -9.635243605772794706e-02 2.059111815449794047e+00
1.200290313429325934e-01 -1.973795732255662419e-02 2.237877315207149387e+00
1.207362462546674037e-01 5.776683490751520489e-02 2.168037505422565125e+00
1.214434611664022001e-01 1.277304265788450632e-01 1.864434586375143255e+00
1.221403590722684035e-01 1.822086086349657963e-01 1.374527003811186976e+00
1.228372569781346069e-01 2.170605407303661250e-01 7.510768786953810894e-01
1.235341548840007964e-01 2.292668662025689197e-01 6.117618478801956777e-02
1.242310527898669997e-01 2.182089072762584681e-01 -6.236536754586149423e-01
1.249199642383859027e-01 1.860946197816982506e-01 -1.228751298382523505e+00
1.256088756869047918e-01 1.365879219473644102e-01 -1.705741990863744562e+00
1.262977871354236947e-01 7.486869903856541164e-02 -2.012623597606962633e+00
1.269801736787574131e-01 7.710455281041679251e-03 -2.125282057198717212e+00
1.276625602220911870e-01 -5.914837360427244867e-02 -2.043586551467146073e+00
1.283383226857451875e-01 -1.192076178317553192e-01 -1.784601326382610820e+00
1.290140851493992991e-01 -1.680797146143764853e-01 -1.375131429228870550e+00
1.296898476130534106e-01 -2.018465912844970567e-01 -8.532137259971409593e-01
1.303656100767074111e-01 -2.179954568399173065e-01 -2.658367586209314237e-01
1.310334062222101026e-01 -2.157300623205472279e-01 3.281020774264981066e-01
1.317012023677127108e-01 -1.959846428565564791e-01 8.859620828363037326e-01
1.323689985132154023e-01 -1.607943333841987399e-01 1.363803335816134110e+00
1.330315011698023075e-01 -1.137560005216988329e-01 1.723711245205115095e+00
1.336940038263891017e-01 -5.858674845654250618e-02 1.945133148645585397e+00
1.343565064829760070e-01 3.004270083141414509e-04 2.014925908201956162e+00
1.350127571636738077e-01 5.784870935956156618e-02 1.933405442144654041e+00
1.356690078443716085e-01 1.104085600914912341e-01 1.712034803917682257e+00
1.363252585250694093e-01 1.543066238972572168e-01 1.370616409969741101e+00
1.369747936614179040e-01 1.863575195066957679e-01 9.412526590813989902e-01
1.376243287977663987e-01 2.051012076095746761e-01 4.527577692228337281e-01
1.382738639341148101e-01 2.095571306422864821e-01 -6.014073517928389401e-02
1.389233990704633048e-01 1.997456129975490879e-01 -5.620493968799726847e-01
1.395657048814820111e-01 1.769690011298837296e-01 -1.014660701160683187e+00
1.402080106925008007e-01 1.429706149358372091e-01 -1.395137614090386169e+00
1.408503165035195070e-01 1.001921670392358493e-01 -1.680670708794395285e+00
1.414926223145382134e-01 5.155685759823621511e-02 -1.855316657001984337e+00
1.423395568821196888e-01 -1.584686947915360869e-02 -1.903381556444891487e+00
1.431864914497011088e-01 -8.051545900980454362e-02 -1.747661736326151738e+00
1.440334260172826120e-01 -1.357154429709539756e-01 -1.410777745507260095e+00
1.448719479772087870e-01 -1.756705830750163733e-01 -9.383878191735902652e-01
1.457104699371351009e-01 -1.973651024127807685e-01 -3.796545198167383672e-01
1.465489918970613870e-01 -1.991509842871093394e-01 2.074138147937498455e-01
1.473791511845158053e-01 -1.816635808654719353e-01 7.593372785246144119e-01
1.482093104719703069e-01 -1.471963276955231548e-01 1.230323036962356564e+00
1.490394697594248086e-01 -9.943516704355087610e-02 1.578555998686959061e+00
1.498616400772035950e-01 -4.371161095668345958e-02 1.774176836234086840e+00
1.506838103949824093e-01 1.515205133218203853e-02 1.807688744413814552e+00
1.515059807127611957e-01 7.185578965607340718e-02 1.680557915494207855e+00
1.523205105585085095e-01 1.210783136025011808e-01 1.411333464292393147e+00
1.531350404042559066e-01 1.593474724157487310e-01 1.026231959801127580e+00
1.539495702500031926e-01 1.837215722744962865e-01 5.606153333852865739e-01
1.547567892028325898e-01 1.925116234436772267e-01 5.969903177366444463e-02
1.555640081556619037e-01 1.856593785797605867e-01 -4.389805430585630441e-01
1.563712271084913008e-01 1.640861508111869926e-01 -8.957528415594901983e-01
1.571714424761531115e-01 1.301798092173339361e-01 -1.272939305238604435e+00
1.579716578438148944e-01 8.670040235389631089e-02 -1.547794126567843431e+00
1.587718732114765940e-01 3.716883618737467504e-02 -1.701248060034751930e+00
1.593682299859416895e-01 -1.488502507205610899e-03 -1.730832536894387097e+00
1.599645867604068128e-01 -3.972161456051315903e-02 -1.687904818723878986e+00
1.607548172773561879e-01 -8.695298740798761139e-02 -1.526247492236824987e+00
1.615450477943055907e-01 -1.274438803124522956e-01 -1.258247845148803723e+00
1.623352783112549935e-01 -1.584875113028856863e-01 -9.045651862339977312e-01
1.631192240213278077e-01 -1.780102120345478656e-01 -4.953852724284263376e-01
1.639031697314005942e-01 -1.852077024915878278e-01 -5.747709366407826453e-02
1.646871154414734917e-01 -1.798584273479829354e-01 3.790290583662627166e-01
1.654650075841770929e-01 -1.627588685611432162e-01 7.821563121285844966e-01
1.662428997268806941e-01 -1.352728896404013503e-01 1.129689688839062622e+00
1.670207918695844063e-01 -9.938621624289048495e-02 1.400434513450127705e+00
1.677928708154781123e-01 -5.788436710423965764e-02 1.577852253477491029e+00
1.685649497613717074e-01 -1.323112567268212858e-02 1.655078842118772986e+00
1.693370287072654135e-01 3.175272461347794506e-02 1.629062814140539217e+00
1.699128959626282909e-01 6.393822212422327345e-02 1.544320240707462322e+00
1.704887632179911960e-01 9.369014341291760639e-02 1.408151836511579047e+00
1.712525425599212003e-01 1.277135254683838816e-01 1.158576269050097363e+00
1.720163219018512046e-01 1.539568552476845154e-01 8.442239628456139622e-01
1.727801012437812922e-01 1.710487475083198594e-01 4.839177670888081262e-01
1.735386115400147089e-01 1.781627527127162824e-01 1.021641997295328480e-01
1.742971218362479868e-01 1.752330784541044351e-01 -2.813772864706326482e-01
1.750556321324814035e-01 1.626109374714384270e-01 -6.453501128712767487e-01
1.758090734592840931e-01 1.413403550186019542e-01 -9.680980300804010730e-01
1.765625147860866995e-01 1.126750135100890865e-01 -1.235449544752817985e+00
1.773159561128893891e-01 7.828077519831025399e-02 -1.434169777958288705e+00
1.780645185463007873e-01 4.033484119692572201e-02 -1.554514137524735107e+00
1.788130809797122134e-01 6.653186969039214275e-04 -1.593173000815524931e+00
1.795616434131235006e-01 -3.866054442031983951e-02 -1.549653559605789210e+00
1.806774417515888131e-01 -9.212751213748346379e-02 -1.342947097806582502e+00
1.817932400900540979e-01 -1.347628866656077340e-01 -9.916648355270446524e-01
1.829022533861615063e-01 -1.621069238005635738e-01 -5.405361363510683415e-01
1.840112666822688869e-01 -1.719328670458152020e-01 -3.819483955136127040e-02
1.851137424986991076e-01 -1.637459840258813359e-01 4.587473657430266583e-01
1.862162183151294115e-01 -1.389291041285192208e-01 9.023802477047074833e-01
1.873123941815151017e-01 -1.006385029333053543e-01 1.247568226667400859e+00
1.884085700479007919e-01 -5.288356795413392403e-02 1.465189376081583283e+00
1.894986740814197101e-01 -8.384258811386791207e-04 1.537007568970395255e+00
1.905887781149386007e-01 5.065916198379973034e-02 1.461057073928753836e+00
1.916730272722124984e-01 9.653493368140018960e-02 1.249339876185372900e+00
1.927572764294863961e-01 1.329455093342933325e-01 9.244684175990754982e-01
1.938358801601320902e-01 1.566851989284921420e-01 5.208898715204201002e-01
1.949144838907778954e-01 1.661149484560446032e-01 7.510638285823148519e-02
1.959876440525072094e-01 1.607728583123990973e-01 -3.702813304890755775e-01
1.970608042142364125e-01 1.415211897642801586e-01 -7.786777833738882659e-01
1.981287147275558047e-01 1.104852838835667095e-01 -1.114322948012835379e+00
1.991966252408751137e-01 7.046863573676119541e-02 -1.352454595831852791e+00
2.002594720445023124e-01 2.521605890625132698e-02 -1.474885592836147952e+00
2.013223188481295112e-01 -2.162643008110062479e-02 -1.475231737959135980e+00
2.023802826740382921e-01 -6.603799967171571084e-02 -1.356662529977179288e+00
2.034382464999472118e-01 -1.047410671998466603e-01 -1.131189430728174017e+00
2.044915009253560068e-01 -1.346886036926216168e-01 -8.201542940889479105e-01
2.055447553507646907e-01 -1.539145885277083126e-01 -4.484884295820024680e-01
2.065934679926554884e-01 -1.611465880238678039e-01 -4.754717481766700116e-02
2.076421806345462029e-01 -1.561706959739127265e-01 3.533831380765954377e-01
2.086865129960230880e-01 -1.396768446488997895e-01 7.229728783786210089e-01
2.097308453575000009e-01 -1.130905086285707017e-01 1.036324410148271591e+00
2.107709537672242117e-01 -7.867682496985708984e-02 1.270933130626167751e+00
2.118110621769483948e-01 -3.894803384696771120e-02 1.412702139506752275e+00
2.128480599636951021e-01 3.059630885397120886e-03 1.452934099642407162e+00
2.138821136186860039e-01 4.436787413188905682e-02 1.391655794028852089e+00
2.149161672736769058e-01 8.225907083634192984e-02 1.234832199104201944e+00
2.159459665261461991e-01 1.140927766157212031e-01 9.961701992621503354e-01
2.169742753085213971e-01 1.379766610979224206e-01 6.932719060395853283e-01
2.180025840908965951e-01 1.525123552511752079e-01 3.463951901097884756e-01
2.190272457378873994e-01 1.568971860710840494e-01 -1.959633256644749758e-02
2.200519073848782037e-01 1.510779591463189686e-01 -3.817211722533845331e-01
2.210737515503453099e-01 1.356479018354805888e-01 -7.158776545268000779e-01
2.220955957158123883e-01 1.117371690935447387e-01 -1.002255522262940346e+00
2.231133728053782961e-01 8.111620561991565725e-02 -1.222827829645421138e+00
2.241311498949442038e-01 4.570829452961956696e-02 -1.366116879938151785e+00
2.251456680358785989e-01 7.883807489425487605e-03 -1.424398181670274210e+00
2.261601861768129940e-01 -3.013377285377879383e-02 -1.395880270275577040e+00
2.271708474868849026e-01 -6.592924567327175522e-02 -1.284180275076722832e+00
2.281814321068081908e-01 -9.756195404643788760e-02 -1.097336942922926717e+00
2.291920167267315067e-01 -1.232424939988906315e-01 -8.470907715606129651e-01
2.301989120822834911e-01 -1.415101440130372423e-01 -5.500440325123864271e-01
2.312058074378355865e-01 -1.515271123412052501e-01 -2.231533672112340216e-01
2.322098544924325048e-01 -1.528509369194680501e-01 1.135918786091216631e-01
2.332139015470293120e-01 -1.455713040290032290e-01 4.419732639917447470e-01
2.342152100895429911e-01 -1.302685375094476961e-01 7.430013674582187644e-01
2.352165186320565871e-01 -1.078903854893150244e-01 1.001338878246006203e+00
2.362151954922880881e-01 -7.983834910961308540e-02 1.202970246610054028e+00
2.372138723525195059e-01 -4.765596784379919765e-02 1.338465819321396744e+00
2.382100212913642878e-01 -1.321188811804559042e-02 1.401349632441157178e+00
2.392061702302090975e-01 2.171605477212782201e-02 1.389634319576406707e+00
2.401998924915476896e-01 5.520868036634687254e-02 1.305148991378721979e+00
2.411936147528863927e-01 8.562968075772395271e-02 1.153207563522818946e+00
2.421839272173959001e-01 1.113752549494177041e-01 9.434953745390313173e-01
2.431741826801301909e-01 1.313108215452524208e-01 6.870837603691719586e-01
2.441644381428645094e-01 1.445103625439652373e-01 3.971798631884266850e-01
2.451525072457547971e-01 1.503938585322498189e-01 8.940528618456439203e-02
2.461405763486450016e-01 1.487985657051794919e-01 -2.213531807828804654e-01
2.476169690387302891e-01 1.330626413878742142e-01 -6.560263843421887398e-01
2.490986197616346931e-01 1.031144949873594313e-01 -1.018475816190484107e+00
2.500816239077278125e-01 7.692163036744519011e-02 -1.200242881794082672e+00
2.510646280538209041e-01 4.723060009414047078e-02 -1.324454240906243863e+00
2.520461819638492029e-01 1.552393005541354530e-02 -1.385797420062169216e+00
2.530263942354005202e-01 -1.669870765836798873e-02 -1.382497511009949109e+00
2.540066065069517820e-01 -4.799192145435112605e-02 -1.315601924810649859e+00
2.549850575566918187e-01 -7.689033220612115360e-02 -1.189140122246760578e+00
2.559635086064319109e-01 -1.021735955108888649e-01 -1.009419832770357628e+00
2.569380179873769765e-01 -1.226799774620490197e-01 -7.862073134647924455e-01
2.579152191512413816e-01 -1.377037387193762452e-01 -5.286180703406739845e-01
2.588903710736741859e-01 -1.465757398954013191e-01 -2.494691072512991159e-01
2.598655229961069901e-01 -1.490176498433281038e-01 3.948868660636380840e-02
2.613230664276363080e-01 -1.407458776781873866e-01 4.603862602209327082e-01
2.627870461853180073e-01 -1.191276736962837562e-01 8.367057482898326848e-01
2.642403887882019964e-01 -8.669399321660148372e-02 1.130164239703684181e+00
2.657003925946191947e-01 -4.630058261084820520e-02 1.318586849510277048e+00
2.666698680509819730e-01 -1.688660589529861200e-02 1.376801456428573323e+00
2.676393435073449178e-01 1.309627142620923591e-02 1.378690090445636951e+00
2.686075749083224884e-01 4.239365364503705491e-02 1.324869576147234662e+00
2.695758063093001144e-01 6.987751697008591500e-02 1.218111469286147441e+00
2.705412474514743981e-01 9.440924135455763810e-02 1.063761442273016611e+00
2.715098617210188192e-01 1.151992557625492880e-01 8.674889129616329964e-01
2.724758040936595127e-01 1.313500577701952887e-01 6.384949532751970080e-01
2.734417464663002062e-01 1.423457457374801283e-01 3.854552772933581006e-01
2.744049664315437731e-01 1.478087239749164006e-01 1.191760239606271254e-01
2.753714841122708035e-01 1.476161626858108755e-01 -1.516303214582180314e-01
2.768122224042693924e-01 1.370347915480443768e-01 -5.384654645298961873e-01
2.782605428606568232e-01 1.150320507366451306e-01 -8.805292861536020421e-01
2.792230898017574736e-01 9.496696572807988845e-02 -1.068739679068680504e+00
2.801856367428581240e-01 7.147669638722087271e-02 -1.217071574075188511e+00
2.811473565508991190e-01 4.547478379892555544e-02 -1.320426966121614809e+00
2.821090763589401140e-01 1.790774163096302274e-02 -1.375641732317554933e+00
2.830682204929131918e-01 -1.014401650814002534e-02 -1.381245531319681641e+00
2.840309311037308992e-01 -3.785108750946209605e-02 -1.337485238552869937e+00
2.854679267090184935e-01 -7.613879215694725755e-02 -1.185780930730053084e+00
2.869131169026136741e-01 -1.085234692777959087e-01 -9.411915405816854152e-01
2.878724078661420993e-01 -1.254755864953599198e-01 -7.367672710217313403e-01
2.888316988296705801e-01 -1.380704143436042863e-01 -5.076197112996262417e-01
2.897885131602004893e-01 -1.459062749376274781e-01 -2.624754549902703071e-01
2.907490868313554744e-01 -1.488037903056357858e-01 -8.225447282113986999e-03
2.921808661995458078e-01 -1.438483879353219808e-01 3.660034814477697851e-01
2.936212407457569062e-01 -1.282308199825849537e-01 7.136629078602875209e-01
2.945767800163460737e-01 -1.125344139376950048e-01 9.165229465657195318e-01
2.955362094878383750e-01 -9.313619673028529500e-02 1.089624006522037059e+00
2.964933245974175069e-01 -7.081271756918842974e-02 1.226496978513390568e+00
2.974504397069965833e-01 -4.626566108112183801e-02 1.323567380647730385e+00
2.988819926201308208e-01 -7.284375590415847340e-03 1.388952396122812738e+00
3.003225649590904878e-01 3.232377672634036136e-02 1.356501262319657508e+00
3.012768521985618730e-01 5.749455903538841506e-02 1.281959213197116476e+00
3.022352021590857252e-01 8.093631888496700955e-02 1.167592651867362274e+00
3.031913095476029274e-01 1.017893266933562746e-01 1.017950365230645415e+00
3.041474169361201851e-01 1.194989247963718915e-01 8.377162974020669894e-01
3.051033301085280258e-01 1.335560330604242674e-01 6.327048861397223112e-01
3.060592432809358110e-01 1.435762095416784068e-01 4.093001664196290745e-01
3.077228753413188134e-01 1.506711561707045899e-01 -7.325732210299584768e-04
3.093993823933313125e-01 1.444231520853643813e-01 -4.116370695009334280e-01
3.110674284137491807e-01 1.256093588219579782e-01 -7.825656458594808518e-01
3.127486617597647900e-01 9.577566569661767615e-02 -1.086378855788943776e+00
3.146597057555134969e-01 5.220426076811942456e-02 -1.314887458691827993e+00
3.165707857154991811e-01 3.052880483002064129e-03 -1.398816970912051039e+00
3.184822492123998150e-01 -4.631314963619265201e-02 -1.332040658546255862e+00
3.203937127093003934e-01 -9.065453687561560170e-02 -1.124584030339567331e+00
3.223053245029371960e-01 -1.254329194647582080e-01 -8.009460902407822269e-01
3.237393876847550755e-01 -1.431953869421920822e-01 -5.018355394516257340e-01
3.251734508665731216e-01 -1.526354085427852614e-01 -1.749069678853761300e-01
3.270859409516935212e-01 -1.516205581984426676e-01 2.695682659918886559e-01
3.289988837648503139e-01 -1.355576871795728944e-01 6.849896607265247850e-01
3.309123358818485960e-01 -1.062549747899341618e-01 1.031371696165105378e+00
3.318692480034560743e-01 -8.743111304510883808e-02 1.168972896222031821e+00
3.337835702002405203e-01 -4.422025908172663028e-02 1.354616102304384118e+00
3.356990749884776748e-01 3.134158234396833709e-03 1.411747090832706997e+00
3.376145797767149959e-01 5.014291686624734734e-02 1.337502462912861789e+00
3.395310173018977751e-01 9.252986587927049256e-02 1.141226363919869868e+00
3.414482662821387016e-01 1.265371449362903411e-01 8.430072956981000676e-01
3.428870733729471043e-01 1.448179819141752755e-01 5.682976809022584064e-01
3.443258804637556181e-01 1.558442047688059218e-01 2.662793947263328853e-01
3.457657352099121062e-01 1.591588858465679546e-01 -4.792550883251019828e-02
3.472055899560684833e-01 1.546828020901847012e-01 -3.585505289330257472e-01
3.491265623556059072e-01 1.372346122306801475e-01 -7.405446287577687192e-01
3.510485786226508753e-01 1.082491225544687935e-01 -1.058627555771848971e+00
3.524911716782869742e-01 8.035711304261773658e-02 -1.240366449908038016e+00
3.539337647339230730e-01 4.873275774073408673e-02 -1.363805101895290584e+00
3.553776513800582793e-01 1.484101344793774778e-02 -1.424205053383368780e+00
3.568215380261933745e-01 -1.972505219093317538e-02 -1.419668481147990491e+00
3.587489468669590731e-01 -6.409915290855119907e-02 -1.315423721895591314e+00
3.606763557077248272e-01 -1.034720745125098373e-01 -1.109067483250518737e+00
3.626063224667718243e-01 -1.349289175490990811e-01 -8.181309026100245241e-01
3.645362892258188769e-01 -1.561496198665680568e-01 -4.666269407463221608e-01
3.664689469915051179e-01 -1.657099500969239636e-01 -8.150776204469524500e-02
3.684016047571914143e-01 -1.630458895193341307e-01 3.077143058534306252e-01
3.703370865072648788e-01 -1.485059720580054476e-01 6.732184526473912189e-01
3.722725682573382877e-01 -1.233049200066130002e-01 9.887700024247341180e-01
3.742110041386200181e-01 -8.932164627464549145e-02 1.233468083738025411e+00
3.761494400199016930e-01 -4.908117485014258652e-02 1.391244480600634548e+00
3.780909480870727757e-01 -5.361954738442867990e-03 1.453111639396250210e+00
3.800324561542439139e-01 3.877168617727405620e-02 1.416558548683915619e+00
3.819771417800634228e-01 8.044195217698923983e-02 1.285767432447443293e+00
3.839218274058828761e-01 1.168779884824991400e-01 1.071255060257022551e+00
3.858697944775816846e-01 1.458428657518772431e-01 7.880941385630502172e-01
3.878177615492804930e-01 1.655328183023462851e-01 4.560538509847448241e-01
3.897691117133387229e-01 1.748530711370933910e-01 9.635849837676720153e-02
3.917204618773967861e-01 1.733343658016404110e-01 -2.676066072290011477e-01
3.941647014547489114e-01 1.566417043550481503e-01 -6.944565880213777742e-01
3.966089410321009256e-01 1.253177869658969878e-01 -1.054396250630830201e+00
3.985682178739590187e-01 9.161402167154844567e-02 -1.273831008780173635e+00
4.005274947158171117e-01 5.251247792825395472e-02 -1.418356102192785961e+00
4.024904064316531249e-01 1.024432825385736615e-02 -1.481312804512675552e+00
4.044533181474890271e-01 -3.269513131389670257e-02 -1.460516600421639444e+00
4.064199206371885142e-01 -7.398769292415721677e-02 -1.358599689486820195e+00
4.083865231268878904e-01 -1.113152572783395744e-01 -1.182793235160513490e+00
4.103568695697539792e-01 -1.427739867844016741e-01 -9.436052638194580844e-01
4.123272160126201236e-01 -1.666977682482670697e-01 -6.553408340794409925e-01
4.143013596746851213e-01 -1.819589247567420798e-01 -3.334748969916408456e-01
4.162755033367501190e-01 -1.878358091176242084e-01 4.158989773715077339e-03
4.182534987903078205e-01 -1.841423992607472693e-01 3.407049003053632674e-01
4.202314942438655776e-01 -1.711751107433500119e-01 6.586596724509674594e-01
4.227096292711439163e-01 -1.431241664361028454e-01 1.006800481447706730e+00
4.251877642984221994e-01 -1.041509365024302775e-01 1.277228326091770949e+00
4.271745802569402173e-01 -6.698175761902991354e-02 1.425787852529246891e+00
4.291613962154581796e-01 -2.654481916650225024e-02 1.506721814186587904e+00
4.311521647704175120e-01 1.532859909911898910e-02 1.517642503197823123e+00
4.331429333253766778e-01 5.663109670559077213e-02 1.459279611643365948e+00
4.351376674815624068e-01 9.558868482999015315e-02 1.335383217191647987e+00
4.371324016377479138e-01 1.304232331072951445e-01 1.152851387883620848e+00
4.391311183782494187e-01 1.597214936488536297e-01 9.203563201435724928e-01
4.411298351187508127e-01 1.822220658461594089e-01 6.492452912518270614e-01
4.431325454458727164e-01 1.970825042547481865e-01 3.511950655048834413e-01
4.451352557729946757e-01 2.037303524741815863e-01 3.972564782443650105e-02
4.481444270479484904e-01 1.980474575229486944e-01 -4.229284009673148770e-01
4.506573177191960933e-01 1.795256026431961138e-01 -7.805446142842371593e-01
4.531702083904435852e-01 1.498378797802240592e-01 -1.088371401983708076e+00
4.551848815569788931e-01 1.192264042588724732e-01 -1.287710160975394036e+00
4.571995547235140900e-01 8.391971703985436071e-02 -1.436937435527009921e+00
4.592181900033455166e-01 4.522998215851622289e-02 -1.531585059861979348e+00
4.612368252831767768e-01 4.703243202373012626e-03 -1.568913653081913218e+00
4.632593922887823235e-01 -3.623322379524463593e-02 -1.548634547123280303e+00
4.652819592943879257e-01 -7.601964952674122866e-02 -1.472532923760116574e+00
4.673084188243976089e-01 -1.133252384626815129e-01 -1.344162030152656451e+00
4.693348783544071812e-01 -1.467962523988352586e-01 -1.169185816000181344e+00
4.713651924405172222e-01 -1.753748492815785098e-01 -9.541559447201467536e-01
4.733955065266273188e-01 -1.980825173719581167e-01 -7.074997181841020666e-01
4.759389023477624270e-01 -2.171860000259958068e-01 -3.681285211841420768e-01
4.784822981688974797e-01 -2.252249665145262814e-01 -1.157122204347090823e-02
4.805211256895989269e-01 -2.235005712714197290e-01 2.746953466971851499e-01
4.825599532103003741e-01 -2.146273827896639230e-01 5.510904160416515429e-01
4.846024622203434773e-01 -1.989370293459524486e-01 8.095883343366548912e-01
4.866449712303865804e-01 -1.770074310915100424e-01 1.042054372877387447e+00
4.886910831097662222e-01 -1.495287746299895637e-01 1.242258891816955702e+00
4.907371949891458085e-01 -1.174256922461823366e-01 1.404419713073385090e+00
4.927868267637741106e-01 -8.163759777385687366e-02 1.524688134624959668e+00
4.948364585384024128e-01 -4.330140866064371291e-02 1.600107759305470667e+00
4.989425778493357111e-01 3.606626348398225823e-02 1.613090423452863575e+00
5.020264094695874313e-01 9.426512438236679670e-02 1.505957090904811668e+00
5.051138832495274400e-01 1.472000069774493936e-01 1.308021252731360384e+00
5.092361856145506405e-01 2.041668614699293505e-01 9.296137467196373683e-01
5.133645520198434342e-01 2.409919881540868725e-01 4.596835764175798977e-01
5.174987117319133079e-01 2.544320820904003577e-01 -5.229939646019135524e-02
5.216383508218596088e-01 2.436489741254717067e-01 -5.560093870219829926e-01
5.257831480915519107e-01 2.101045909334081085e-01 -1.005184582528970028e+00
5.299327976174466048e-01 1.572474392581485469e-01 -1.361572192109108403e+00
5.340869657500283418e-01 9.004922295910859631e-02 -1.597644210062937775e+00
5.382452599924625325e-01 1.445416011378127148e-02 -1.698014795579796843e+00
5.424072497157466088e-01 -6.319945839076460126e-02 -1.659612682844941123e+00
5.465725012540574301e-01 -1.367305279475654056e-01 -1.490763956469770557e+00
5.507405845750824591e-01 -2.005940092562598920e-01 -1.209425568435637866e+00
5.549110536012068495e-01 -2.502568130027428284e-01 -8.408493836466568450e-01
5.590834321773656690e-01 -2.824542959509060980e-01 -4.149445062584155020e-01
5.643010869630014081e-01 -2.954033745828933966e-01 1.476491081116821369e-01
5.684758978830769527e-01 -2.837234621868831574e-01 5.868308909868963363e-01
5.726509199913500936e-01 -2.535602520146059136e-01 9.847839225371579630e-01
5.768255755389478656e-01 -2.072062066206699915e-01 1.318311423910844882e+00
5.809992666418749563e-01 -1.478187222024440473e-01 1.569983316234084603e+00
5.851713896051653485e-01 -7.914969789663860167e-02 1.728548955865180092e+00
5.882989619740793819e-01 -2.389081520465849776e-02 1.783279864864323994e+00
5.935085681122563850e-01 6.958084900267985651e-02 1.752654444998079653e+00
5.976721595114997676e-01 1.417071867564274334e-01 1.625495508055266214e+00
6.018315407075064405e-01 2.074361628151120129e-01 1.418123576024191923e+00
6.059860031390628121e-01 2.637496369154972986e-01 1.144422506188851107e+00
6.101348262532020339e-01 3.082716773706372093e-01 8.204810865444426282e-01
6.142772761532119263e-01 3.393266492055082018e-01 4.635187073184761086e-01
6.184126036405177551e-01 3.559535674476764777e-01 9.089499042084211999e-02
6.225400396928169044e-01 3.578822081953404455e-01 -2.807585786019348717e-01
6.266587955232777452e-01 3.454776842472506715e-01 -6.362567506145659912e-01
6.307680621340325811e-01 3.196607723582281513e-01 -9.624120488431225917e-01
6.348670077734064332e-01 2.818115707209700727e-01 -1.248414947926762553e+00
6.389547727646552877e-01 2.336637825370979082e-01 -1.486048972081787989e+00
6.430304670771704867e-01 1.771960809508622559e-01 -1.669757366633652484e+00
6.470931794239351831e-01 1.145258730158838778e-01 -1.796583376304294433e+00
6.511419830734889169e-01 4.781009635786971634e-02 -1.866006374144462132e+00
6.551759295578980513e-01 -2.084322278015953919e-02 -1.879692546137922138e+00
6.591940368817645890e-01 -8.945015439070264085e-02 -1.841180516527666011e+00
6.631952816224888636e-01 -1.562114632295427963e-01 -1.755529082970331611e+00
6.671786041264677891e-01 -2.195583069434421386e-01 -1.628951855412969607e+00
6.711429148974273895e-01 -2.781831364710158905e-01 -1.468457439499624817e+00
6.750870927600961524e-01 -3.310565961965162840e-01 -1.281509240717574771e+00
6.790099725167971778e-01 -3.774318738426943876e-01 -1.075716534658186951e+00
6.829103352717456055e-01 -4.168384854915203053e-01 -8.585661052446339481e-01
6.867869018151261384e-01 -4.490674647469484748e-01 -6.372024713829467224e-01
6.906383285912754966e-01 -4.741501607555601572e-01 -4.182685598117364401e-01
6.944632064204609989e-01 -4.923329772108724911e-01 -2.078076520630998680e-01
6.982600501045075347e-01 -5.040498764572817203e-01 -1.121020946307271955e-02
7.020272815871985150e-01 -5.098953854098599026e-01 1.667795673307529425e-01
7.038990663650485091e-01 -5.108253677805680848e-01 2.474964779286452365e-01
7.057628000939073498e-01 -5.105667285044194204e-01 3.220742523926494183e-01
7.094655902404470860e-01 -5.069579814658853323e-01 4.511763814496334568e-01
7.131331888985167344e-01 -4.999618876019594205e-01 5.508869225090295974e-01
7.167633315432266894e-01 -4.905773459117389046e-01 6.182821779304590315e-01
7.203534697890988658e-01 -4.798901913696628219e-01 6.488465358584507570e-01
7.239006927315578821e-01 -4.689240533599103866e-01 6.492484956404609431e-01
7.274037472512754343e-01 -4.582093620288901770e-01 6.438892725617429980e-01
7.308631569784361792e-01 -4.478183709849034577e-01 6.386971549814250970e-01
7.342794427454362172e-01 -4.377375795966629290e-01 6.336653816133640538e-01
7.376531370894844342e-01 -4.279544541743029451e-01 6.287874908452892875e-01
7.409847640846142225e-01 -4.184570838752302291e-01 6.240573474892843198e-01
7.442748211369105693e-01 -4.092342676999642381e-01 6.194691484452182761e-01
7.475237974064263824e-01 -4.002753820691782871e-01 6.150173769680625790e-01
7.507321962838469087e-01 -3.915702212691382633e-01 6.106967559211126106e-01
7.539005302043194634e-01 -3.831089975926630364e-01 6.065022418747437749e-01
7.570292970629285412e-01 -3.748824376033498273e-01 6.024290432111513161e-01
7.601189748256973466e-01 -3.668817852076489139e-01 5.984726122200912934e-01
7.631700307096180858e-01 -3.590987259458360836e-01 5.946286193427651190e-01
7.661829280312825174e-01 -3.515253303683585351e-01 5.908929325753279338e-01
7.691581275626218073e-01 -3.441540282618116287e-01 5.872616051694979911e-01
7.720960887207071188e-01 -3.369775770204671006e-01 5.837308642946598125e-01
7.749972707982543119e-01 -3.299890293403557329e-01 5.802971003974598529e-01
7.778621289318303766e-01 -3.231817411580515942e-01 5.769568632933199659e-01
7.806911033824630586e-01 -3.165494156823527860e-01 5.737068660969997236e-01
7.834846171445913887e-01 -3.100860988420308106e-01 5.705439790768603858e-01
7.862430869060449412e-01 -3.037861013786691267e-01 5.674652090401622884e-01
7.889669369237084506e-01 -2.976439202634236780e-01 5.644676770999318416e-01
7.916565982021911418e-01 -2.916542383417763951e-01 5.615486141712304757e-01
7.943124974778934533e-01 -2.858119676771140871e-01 5.587053674759028254e-01
7.969350495080719243e-01 -2.801122657136619898e-01 5.559354028224057220e-01
7.995246585495641156e-01 -2.745505099789266046e-01 5.532362969805583175e-01
8.020817215573190495e-01 -2.691222697306508982e-01 5.506057288932891813e-01
8.046066294762304061e-01 -2.638232931892561250e-01 5.480414733465966970e-01
8.070997653306969388e-01 -2.586495058121239810e-01 5.455413983741389528e-01
8.095615092888481801e-01 -2.535969898014757140e-01 5.431034557065770318e-01
8.119922431475441460e-01 -2.486619646565027819e-01 5.407256725272798770e-01
8.143923505053758394e-01 -2.438407853020719274e-01 5.384061477642823057e-01
8.167622071215497881e-01 -2.391299649500739088e-01 5.361430581069882573e-01
8.191021778306492029e-01 -2.345261758030523225e-01 5.339346571727554558e-01
8.214126187949533087e-01 -2.300262266621756202e-01 5.317792698600141144e-01
8.236938850346046115e-01 -2.256270284261563119e-01 5.296752821101480269e-01
8.259463322523640239e-01 -2.213255830042496486e-01 5.276211366332141939e-01
8.281703138888254490e-01 -2.171190007518908061e-01 5.256153330258207523e-01
8.303661724506571362e-01 -2.130045360750147110e-01 5.236564330097651654e-01
8.325342380230222883e-01 -2.089795891577402587e-01 5.217430588625043830e-01
8.346748353855768521e-01 -2.050416619217688696e-01 5.198738845265697961e-01
8.367882947421915185e-01 -2.011883067799913605e-01 5.180476240663366427e-01
8.388749484008726220e-01 -1.974171341499849908e-01 5.162630329727888601e-01
8.409351219691613144e-01 -1.937258517197135432e-01 5.145189138849446397e-01
8.429691303017050608e-01 -1.901122799163162125e-01 5.128141179675684835e-01
8.449772835243484215e-01 -1.865743244527759692e-01 5.111475377679054466e-01
8.469598912257328971e-01 -1.831099536084508927e-01 5.095181020751323731e-01
8.489172622932020795e-01 -1.797171999559964151e-01 5.079247746173441991e-01
8.508497044538249066e-01 -1.763941656260724355e-01 5.063665530073409027e-01
8.527575229688695302e-01 -1.731390200216998132e-01 5.048424683877215102e-01
8.546410160783932675e-01 -1.699500012723484388e-01 5.033515876764773633e-01
8.565004710086118189e-01 -1.668254227444249116e-01 5.018930152618953366e-01
8.583361673787008872e-01 -1.637636638056204075e-01 5.004658888671096317e-01
8.601483873498577681e-01 -1.607631407872912033e-01 4.990693703982654328e-01
8.619374190156378068e-01 -1.578222927206102966e-01 4.977026424841239360e-01
8.637035513945729992e-01 -1.549395963622142158e-01 4.963649114872695223e-01
8.654470650665438969e-01 -1.521135950438385898e-01 4.950554136518516835e-01
8.671682312272307458e-01 -1.493429015399216075e-01 4.937734145948722841e-01
8.688673159218502917e-01 -1.466261780900319223e-01 4.925182050632823105e-01
8.705445856873960109e-01 -1.439621152182397612e-01 4.912890958460547908e-01
8.722003068198478370e-01 -1.413494344613504816e-01 4.900854176011823493e-01
8.738347418094588592e-01 -1.387869027786082232e-01 4.889065226863552049e-01
8.754481467852704979e-01 -1.362733379221148511e-01 4.877517861872743832e-01
8.770407741766889087e-01 -1.338075946904950797e-01 4.866206031847608027e-01
8.786128771136945126e-01 -1.313885480205929934e-01 4.855123849460242225e-01
8.801647113007132761e-01 -1.290150895068593595e-01 4.844265570465799975e-01
8.816965317742312402e-01 -1.266861396014047347e-01 4.833625611231174846e-01
8.832085878593547434e-01 -1.244006622492416086e-01 4.823198577551209287e-01
8.847011190561783200e-01 -1.221576716560483777e-01 4.812979286066321749e-01
8.861743569071006688e-01 -1.199562236634080653e-01 4.802962743933388845e-01
8.876285293506940288e-01 -1.177954002421586627e-01 4.793144113155130559e-01
8.890638676536581908e-01 -1.156742916990695091e-01 4.783518658725266492e-01
8.904806072870743439e-01 -1.135919933363074841e-01 4.774081739721795503e-01
8.918789864151801527e-01 -1.115476109004370914e-01 4.764828815949982421e-01
8.932592404372767803e-01 -1.095402746969290214e-01 4.755755480528348622e-01
8.946215989640163846e-01 -1.075691491766758295e-01 4.746857474883329764e-01
8.959662842038009778e-01 -1.056334376896941596e-01 4.738130694205150428e-01
8.972935117732897536e-01 -1.037323799565258720e-01 4.729571177033868312e-01
8.986034927209798351e-01 -1.018652444642937777e-01 4.721175087540756543e-01
8.998964354025826839e-01 -1.000313192336994006e-01 4.712938699659734443e-01
9.011725489915097809e-01 -9.822990033184957059e-02 4.704858371338465073e-01
9.024320447860507688e-01 -9.646028736172004847e-02 4.696930533787784245e-01
9.036751353555274591e-01 -9.472178830027848384e-02 4.689151694351016419e-01
9.049020296532450658e-01 -9.301373410312466228e-02 4.681518464476108199e-01
9.061129304280890473e-01 -9.133548606128244485e-02 4.674027572330704539e-01
9.073080357373773941e-01 -8.968642974127168099e-02 4.666675849824437616e-01
9.084875419218813031e-01 -8.806596460900630030e-02 4.659460211243869332e-01
9.096516449412487271e-01 -8.647349962073977436e-02 4.652377642637671729e-01
9.108005396977110202e-01 -8.490845571492869337e-02 4.645425203723250185e-01
9.119344190251117421e-01 -8.337026939866180875e-02 4.638600031666862411e-01
9.130534727752540602e-01 -8.185839471668465706e-02 4.631899344173599498e-01
9.141578874195450677e-01 -8.037230316793432527e-02 4.625320439409296158e-01
9.152478462184302499e-01 -7.891148328588629135e-02 4.618860692643738108e-01
9.163235307136011754e-01 -7.747543350089707015e-02 4.612517545164410149e-01
9.173851213290326045e-01 -7.606366432560672519e-02 4.606288498869475778e-01
9.184327978233862710e-01 -7.467569343486873956e-02 4.600171111791088729e-01
9.194667382392092136e-01 -7.331104911875085950e-02 4.594163002594928158e-01
9.204871184823875119e-01 -7.196927143720426023e-02 4.588261851216186016e-01
9.214941118815067611e-01 -7.064991350372450130e-02 4.582465399621518110e-01
9.224878885587296518e-01 -6.935254280420512230e-02 4.576771453657621502e-01
9.234686156415649050e-01 -6.807674033180959039e-02 4.571177880040620534e-01
9.244364580894727235e-01 -6.682209710347913889e-02 4.565682600029859484e-01
9.253915805410551920e-01 -6.558820858058421466e-02 4.560283577470818916e-01
9.263341472457474746e-01 -6.437467413645522885e-02 4.554978818004420393e-01
9.272643205556930779e-01 -6.318110204157958987e-02 4.549766376311004668e-01
9.281822593195951931e-01 -6.200711535416195130e-02 4.544644363716697222e-01
9.290881192404382150e-01 -6.085235192811426497e-02 4.539610944674844495e-01
9.299820544127295197e-01 -5.971645903554698154e-02 4.534664326860881611e-01
9.308642183379219892e-01 -5.859908783714664476e-02 4.529802754438589929e-01
9.317347637709364472e-01 -5.749989179713693721e-02 4.525024507927351003e-01
9.325938419655581679e-01 -5.641852886334093597e-02 4.520327907364575237e-01
9.334416025644689530e-01 -5.535466336066280357e-02 4.515711311867904865e-01
9.342781940582032263e-01 -5.430796600972991744e-02 4.511173116126757643e-01
9.351037639763524201e-01 -5.327811317855388196e-02 4.506711748441566967e-01
9.359184581932523672e-01 -5.226478923950120953e-02 4.502325673512504456e-01
9.367224180073485673e-01 -5.126769444236553563e-02 4.498013407176414957e-01
9.375157793601903711e-01 -5.028654867425799702e-02 4.493773519273331907e-01
9.382986736089657942e-01 -4.932108800538638482e-02 4.489604628338053072e-01
9.390712321160756826e-01 -4.837105126754553258e-02 4.485505376122890797e-01
9.398335891165293665e-01 -4.743617039393986656e-02 4.481474411884275311e-01
9.405858812974943195e-01 -4.651617059918657093e-02 4.477510394321523868e-01
9.413282457717848661e-01 -4.561077545840953873e-02 4.473612001841825725e-01
9.420608178502133390e-01 -4.471971154837389717e-02 4.469777943699334566e-01
9.427837310928691705e-01 -4.384270905200041840e-02 4.466006958954602535e-01
9.434971161334501089e-01 -4.297950658681386898e-02 4.462297821859519398e-01
9.442010983676487612e-01 -4.212985904545387544e-02 4.458649353039826346e-01
9.448957981803430828e-01 -4.129353838542473842e-02 4.455060417282750707e-01
9.455813325674083947e-01 -4.047032521656465653e-02 4.451529914317675640e-01
9.462578189837917986e-01 -3.965999364651900949e-02 4.448056758321213278e-01
9.469253759203707377e-01 -3.886230553355146666e-02 4.444639874670490709e-01
9.475841219105402002e-01 -3.807701684271756759e-02 4.441278204723764778e-01
9.482341736882211602e-01 -3.730389232572631913e-02 4.437970714820804741e-01
9.488756453742962504e-01 -3.654271499332176210e-02 4.434716399821175825e-01
9.495086488587556328e-01 -3.579328589610601685e-02 4.431514280512940940e-01
9.501332951313513631e-01 -3.505542177679167593e-02 4.428363396321755019e-01
9.507496960826257171e-01 -3.432895350505123233e-02 4.425262795786323311e-01
9.513579651353069044e-01 -3.361372443639113611e-02 4.422211533068199918e-01
9.519582165945869034e-01 -3.290958194286740246e-02 4.419208670818838836e-01
9.525505625735545268e-01 -3.221636711538890252e-02 4.416253295168117710e-01
9.531351118401709677e-01 -3.153391119110181273e-02 4.413344520976829610e-01
9.537119697698679399e-01 -3.086203846558851008e-02 4.410481491660768749e-01
9.542812403202287630e-01 -3.020056738679688726e-02 4.407663368997883913e-01
9.548430270251752061e-01 -2.954931043743886168e-02 4.404889327929477072e-01
9.553974327455952986e-01 -2.890807664310772462e-02 4.402158557543119355e-01
9.559445589026865919e-01 -2.827668114595949245e-02 4.399470264566743838e-01
9.564845050053580877e-01 -2.765495402315076845e-02 4.396823675339047721e-01
9.570173690229182295e-01 -2.704274024902544524e-02 4.394218033584694205e-01
9.575432481385535155e-01 -2.643989287722099332e-02 4.391652596319437496e-01
9.580622389120657667e-01 -2.584626637006526284e-02 4.389126632731760180e-01
9.585744372418232295e-01 -2.526171465103106695e-02 4.386639424100142182e-01
9.590799381259947909e-01 -2.468609269729939854e-02 4.384190264698498707e-01
9.595788354479902749e-01 -2.411925858192051284e-02 4.381778462576900179e-01
9.600712216912781205e-01 -2.356107499869531524e-02 4.379403340673492240e-01
9.605571877573033657e-01 -2.301140954775972303e-02 4.377064237415385639e-01
9.610368233668841187e-01 -2.247013335017778932e-02 4.374760504494693558e-01
9.615102176430252445e-01 -2.193711930196120055e-02 4.372491503837807048e-01
9.619774592602109431e-01 -2.141224147265330391e-02 4.370256606685610223e-01
9.624386363595022198e-01 -2.089537510263455092e-02 4.368055193797630853e-01
9.628938363592510763e-01 -2.038639672112033119e-02 4.365886656175925751e-01
9.633431459530198415e-01 -1.988518417861567800e-02 4.363750394857590087e-01
9.637866510388649610e-01 -1.939161754881107980e-02 4.361645821056324146e-01
9.642244362725824747e-01 -1.890558085400622160e-02 4.359572358104493173e-01
9.646565852206075986e-01 -1.842696171563770746e-02 4.357529440505084062e-01
9.650831808361504116e-01 -1.795564949593807247e-02 4.355516511476992814e-01
9.655043054562382210e-01 -1.749153473258382649e-02 4.353533022812784425e-01
9.659200402356747928e-01 -1.703451050592895769e-02 4.351578437351065198e-01
9.663304647237355161e-01 -1.658447390811271585e-02 4.349652230771794414e-01
9.667356570265409621e-01 -1.614132548352783386e-02 4.347753890647100827e-01
9.671356950751521797e-01 -1.570496636779031285e-02 4.345882910341978822e-01
9.675306568648514016e-01 -1.527529738724233387e-02 4.344038787812283253e-01
9.679206204413721704e-01 -1.485221908352002407e-02 4.342221025512258414e-01
9.683056632759791116e-01 -1.443563210581886788e-02 4.340429133204725121e-01
9.686858619411236049e-01 -1.402543723048575719e-02 4.338662629276982541e-01
9.690612920205190495e-01 -1.362153568507184359e-02 4.336921041028938273e-01
9.694320280361357067e-01 -1.322383033348581600e-02 4.335203904901717142e-01
9.697981436541373013e-01 -1.283222631492768155e-02 4.333510765391405117e-01
9.701597119736792285e-01 -1.244663024648799340e-02 4.331841173621287511e-01
9.705168057640763957e-01 -1.206694908217853177e-02 4.330194686097090240e-01
9.708694969864466451e-01 -1.169309055914021130e-02 4.328570866776758619e-01
9.712178563702503764e-01 -1.132496447167220983e-02 4.326969288882205888e-01
9.715619532024425409e-01 -1.096248324505153318e-02 4.325389535732704904e-01
9.719018559824413872e-01 -1.060555953677053478e-02 4.323831197623526634e-01
9.722376334334535963e-01 -1.025410305514892241e-02 4.322293867098142561e-01
9.725693544860373185e-01 -9.908020324561721270e-03 4.320777138959729369e-01
9.728970879945362249e-01 -9.567215959618149274e-03 4.319280611502087086e-01
9.732209017546173957e-01 -9.231594549882969972e-03 4.317803890872926598e-01
9.735408623544371531e-01 -8.901060719592634313e-03 4.316346591622102213e-01
9.738570353791702328e-01 -8.575518498423147229e-03 4.314908335640643688e-01
9.741694855365269357e-01 -8.254871839805225792e-03 4.313488751533455234e-01
9.744782765863391205e-01 -7.939025881007004057e-03 4.312087474893825378e-01
9.747834712405878399e-01 -7.627887578926150804e-03 4.310704148598228924e-01
9.750851311684266554e-01 -7.321365085252168857e-03 4.309338422679477865e-01
9.753833174776915804e-01 -7.019365960215500494e-03 4.307989952146714652e-01
9.756780908428658305e-01 -6.721796726433018274e-03 4.306658396204975925e-01
9.759695114299516971e-01 -6.428563284281211404e-03 4.305343418559435253e-01
9.762576389021463408e-01 -6.139569774578688618e-03 4.304044687319500961e-01
9.765425324979953858e-01 -5.854716627463499821e-03 4.302761874459929414e-01
9.768242509432418785e-01 -5.573899935986848138e-03 4.301494656199789657e-01
9.771028522833710150e-01 -5.297013023730802635e-03 4.300242713677085993e-01
9.773783933517848910e-01 -5.023950220601346335e-03 4.299005735264240791e-01
9.776509296593629550e-01 -4.754609051000937767e-03 4.297783417110702109e-01
9.779205156231944862e-01 -4.488889756130134447e-03 4.296575462040064797e-01
9.781872047434609918e-01 -4.226693722712911334e-03 4.295381578451311078e-01
9.784510495060143587e-01 -3.967922223327410847e-03 4.294201480828250816e-01
9.787121011965591588e-01 -3.712476549078405717e-03 4.293034890471724152e-01
9.789704097928612070e-01 -3.460258427052299683e-03 4.291881535742568254e-01
9.792260248675913603e-01 -3.211168481243259574e-03 4.290741148009844519e-01
9.794789964416771300e-01 -2.965104442904837028e-03 4.289613457974676969e-01
9.797293750085785957e-01 -2.721960727325853455e-03 4.288498195419972459e-01
9.799772111141689113e-01 -2.481630367784694920e-03 4.287395091032454864e-01
9.802225538059048393e-01 -2.244009506324298395e-03 4.286303883320620733e-01
9.804654503645000574e-01 -2.009002336749445353e-03 4.285224319624112432e-01
9.807059465012439858e-01 -1.776502918321650826e-03 4.284156155251686027e-01
9.809440869290046994e-01 -1.546434290298476190e-03 4.283099150752713302e-01
9.811799158740861504e-01 -1.318696755571132197e-03 4.282053069581631122e-01
9.814134771051555850e-01 -1.093199476280186291e-03 4.281017677882458794e-01
9.816448139740299172e-01 -8.698530679536908188e-04 4.279992744240594948e-01
9.818739695684386426e-01 -6.485702325875976251e-04 4.278978039113583987e-01
9.821009867550495320e-01 -4.292673000064327229e-04 4.277973334678795148e-01
9.823259081899210488e-01 -2.118640674027123479e-04 4.276978404879231976e-01
9.825487766341645113e-01 3.716421418327608294e-06 4.275993023683872241e-01
9.827696354372893461e-01 2.175483016348138854e-04 4.275016963019606098e-01
9.829885289087769706e-01 4.297032826317397644e-04 4.274049991302905638e-01
9.832055018255810852e-01 6.402494089058687618e-04 4.273091875405801154e-01
9.834205977716130587e-01 8.492481185721196093e-04 4.272142387776177719e-01
9.836338588957453943e-01 1.056753323033549465e-03 4.271201307109745438e-01
9.838453264273652188e-01 1.262812066508914571e-03 4.270268416327024363e-01
9.840550431756610594e-01 1.467467660022123838e-03 4.269343491956063552e-01
9.842630544299338924e-01 1.670761375819117571e-03 4.268426300062811429e-01
9.844694079699815026e-01 1.872731889727571658e-03 4.267516595995406448e-01
9.846741527711339037e-01 2.073411530423435040e-03 4.266614130389167481e-01
9.848773386240422534e-01 2.272823638399117194e-03 4.265718650729867223e-01
9.850790165882933325e-01 2.470983898334825311e-03 4.264829899041770456e-01
9.852792397559874127e-01 2.667905248661219149e-03 4.263947608400150968e-01
9.854780637322345660e-01 2.863601606502482258e-03 4.263071500489626353e-01
9.856755468082143423e-01 3.058087281854590146e-03 4.262201284661109035e-01
9.858717495053704871e-01 3.251373112113010826e-03 4.261336659981382335e-01
9.860667343401825491e-01 3.443470161909295123e-03 4.260477316780074131e-01
9.862605662335471868e-01 3.634363426149430677e-03 4.259622934159961183e-01
9.864533145194630537e-01 3.824069374069024273e-03 4.258773171142053449e-01
9.866450541503118954e-01 4.012593718984412867e-03 4.257927661947158993e-01
9.867880381885917318e-01 4.153000216465750280e-03 4.257296999818579453e-01
9.869309532600107904e-01 4.293157706873462244e-03 4.256666495249495918e-01
9.871205341790296739e-01 4.478746313093563691e-03 4.255829856174114800e-01
9.872620466585018129e-01 4.616978115522223612e-03 4.255205132498865450e-01
9.874036170961336678e-01 4.754973583533187928e-03 4.254579947521059946e-01
9.875916216718324536e-01 4.937722210308414204e-03 4.253749353660003507e-01
9.877556032248382412e-01 5.096569845331478874e-03 4.253024527986816183e-01
9.878728339090028232e-01 5.209779329342459006e-03 4.252506120667017830e-01
9.880364164951689343e-01 5.367222358932460628e-03 4.251782394260918418e-01
9.881766700670048253e-01 5.501671816691644512e-03 4.251161534020209687e-01
9.882701561032216642e-01 5.590990163570492763e-03 4.250747509002339442e-01
9.884161744165290697e-01 5.729994609627786159e-03 4.250100507010921569e-01
9.885274938018725477e-01 5.835528392977774870e-03 4.249606970956784635e-01
9.886441702430321943e-01 5.945710334654789875e-03 4.249089404190593555e-01
9.887615048409820195e-01 6.056048511954893916e-03 4.248568611812643669e-01
9.888671405303265383e-01 6.154967260990680360e-03 4.248099467787853079e-01
9.889964814527246739e-01 6.275521138849233377e-03 4.247524666517070724e-01
9.891379956535801821e-01 6.406673320451202781e-03 4.246895259279815926e-01
9.892563647329785104e-01 6.515741751402609645e-03 4.246368361596484231e-01
9.893750463211569146e-01 6.624493917741298282e-03 4.245839654082754766e-01
9.894943121748573933e-01 6.733150183964111551e-03 4.245307897393220675e-01
9.896140207055634797e-01 6.841549723939901670e-03 4.244773691894162537e-01
9.897159914823099314e-01 6.933351558504005120e-03 4.244318246032317554e-01
9.898434705941348000e-01 7.047406030351327337e-03 4.243748328496201871e-01
9.899375585064562610e-01 7.131070096909514905e-03 4.243327286609438476e-01
9.900878310668779214e-01 7.263764324608034707e-03 4.242654063764584871e-01
9.901743200970993808e-01 7.339606799336843498e-03 4.242266148336961140e-01
9.902609137873940037e-01 7.415145752690177269e-03 4.241877422757561189e-01
9.903612026626938958e-01 7.502132984219997067e-03 4.241426772837206260e-01
9.904874739384739168e-01 7.610877438374517509e-03 4.240858657019930811e-01
9.905894425236058121e-01 7.698047407685070995e-03 4.240399271670355352e-01
9.907182233334840271e-01 7.807298761027761484e-03 4.239818268279768598e-01
9.907962672147299088e-01 7.873050391927021580e-03 4.239465696347280987e-01
9.909212141403226370e-01 7.977598356000611610e-03 4.238900453810943714e-01
9.910108377596256179e-01 8.052046400194941625e-03 4.238494387053098889e-01
9.911016878566011323e-01 8.127051018899131979e-03 4.238082205942675929e-01
9.912137238991562960e-01 8.218908838857038116e-03 4.237573094225924319e-01
9.913000989104370220e-01 8.289245436031026162e-03 4.237179948984534650e-01
9.913838631252052114e-01 8.357053614139952138e-03 4.236798127844141892e-01
9.914506465589315587e-01 8.410831250668590608e-03 4.236493299412538160e-01
9.915146713824002367e-01 8.462151927500377938e-03 4.236200707591052383e-01
9.916340109879260289e-01 8.557194901575046128e-03 4.235654361363266340e-01
9.917072197375820242e-01 8.615103826665096443e-03 4.235318553396625330e-01
9.918113459853242775e-01 8.696953397108332651e-03 4.234840029338848288e-01
9.918788921488236321e-01 8.749732101897314887e-03 4.234529023131213266e-01
9.919787124284612512e-01 8.827278245403795409e-03 4.234068525367089553e-01
9.920446367295224777e-01 8.878202809265290166e-03 4.233763790682359418e-01
9.921335618592820316e-01 8.946537128517499660e-03 4.233351933893720886e-01
9.922483388488775313e-01 9.034131792813400799e-03 4.232818918161689870e-01
9.923140323712106303e-01 9.083958083280541801e-03 4.232513083124858633e-01
9.923808176287334248e-01 9.134383673480869423e-03 4.232201573582601295e-01
9.924653149416101661e-01 9.197856639305557191e-03 4.231806558611327373e-01
9.925519742114751187e-01 9.262577522098303096e-03 4.231400357431902015e-01
9.926400143689063649e-01 9.327944417406208027e-03 4.230986509988806099e-01
9.927300306504682759e-01 9.394386654362686662e-03 4.230562089820467664e-01
9.928223552515691441e-01 9.462127112317888361e-03 4.230125370373560845e-01
9.928790071570852138e-01 9.503495366937553951e-03 4.229856649774030863e-01
9.929749283407137694e-01 9.573200397203666251e-03 4.229400317369759188e-01
9.930338309415541742e-01 9.615794188225057493e-03 4.229119223398453142e-01
9.931134822473388635e-01 9.673137074671682087e-03 4.228738012042654315e-01
9.931957520679123297e-01 9.732055456526143150e-03 4.228342882370918487e-01
9.932581794112547158e-01 9.776550457756287907e-03 4.228042072807166041e-01
9.933222453859934520e-01 9.822025891119707391e-03 4.227732452786749917e-01
9.934096186032961295e-01 9.883740236970675955e-03 4.227308639450351735e-01
9.934541404540199183e-01 9.915053595002941075e-03 4.227091964963733961e-01
9.935457954224757859e-01 9.979239364886019828e-03 4.226644323999458330e-01
9.936160469382104843e-01 1.002818321439274962e-02 4.226299712547852971e-01
9.936880935992783437e-01 1.007814359966356654e-02 4.225944879449857194e-01
9.937495894572796473e-01 1.012059692915562824e-02 4.225640829134521548e-01
9.938121488219817667e-01 1.016360313016301427e-02 4.225330361185690164e-01
9.939160796672812381e-01 1.023463376985813376e-02 4.224811877239383895e-01
9.939694945657114866e-01 1.027093205180233497e-02 4.224544033382388597e-01
9.940375730092885220e-01 1.031699267952907936e-02 4.224201255471400906e-01
9.941079133971814086e-01 1.036434698185010987e-02 4.223845372019705002e-01
9.941512836844985657e-01 1.039342506057662832e-02 4.223625041836853722e-01
9.942245924467123519e-01 1.044237202161051557e-02 4.223251001835950369e-01
9.942849783485653292e-01 1.048249706452350841e-02 4.222941316221887620e-01
9.943630951281491326e-01 1.053413878710727190e-02 4.222538491517869308e-01
9.944439687478419110e-01 1.058727441587448657e-02 4.222118708301257906e-01
9.944937414949477361e-01 1.061980318892490754e-02 4.221858910330976156e-01
9.945448254080581085e-01 1.065305310818696026e-02 4.221591079724165141e-01
9.946141837795062779e-01 1.069797935346238071e-02 4.221225442137599426e-01
9.946679242963347711e-01 1.073261566126435147e-02 4.220940499451588668e-01
9.947232555508067620e-01 1.076812028346434309e-02 4.220645573807878526e-01
9.947802947091887171e-01 1.080455381204177903e-02 4.220339842477143777e-01
9.948193345282794198e-01 1.082939190864944286e-02 4.220129558890602928e-01
9.948788033927520313e-01 1.086707164641553293e-02 4.219807577114205732e-01
9.949193304565996376e-01 1.089263971415596784e-02 4.219586966508125370e-01
9.949819063874423275e-01 1.093193703570440913e-02 4.219244380070450440e-01
9.950248963278948144e-01 1.095880557781752848e-02 4.219007600877934250e-01
9.950914392447394174e-01 1.100018414155127383e-02 4.218638731799114749e-01
9.951257033035670885e-01 1.102139216283564566e-02 4.218447635299681919e-01
9.951843888488717260e-01 1.105756465189581920e-02 4.218118443350047930e-01
9.952322115084688559e-01 1.108690279155423973e-02 4.217848359362149080e-01
9.952814503025246839e-01 1.111697942076373367e-02 4.217568504161772758e-01
9.953322073685838545e-01 1.114784466462962614e-02 4.217278070709134519e-01
9.953845960308196350e-01 1.117955226981558366e-02 4.216976150184741368e-01
9.954519586706931378e-01 1.122009106605546813e-02 4.216584591191729903e-01
9.954937886889216880e-01 1.124512908542224347e-02 4.216339475732130415e-01
9.955367586705249350e-01 1.127074165553085781e-02 4.216086051898899068e-01
9.955809446208156999e-01 1.129696846832694418e-02 4.215823679956978709e-01
9.956414875400296793e-01 1.133272572012050845e-02 4.215461152850575877e-01
9.956882115261579402e-01 1.136018333470688486e-02 4.215178886161359273e-01
9.957364305507077074e-01 1.138839439990614426e-02 4.214885230991637366e-01
9.957694647789196996e-01 1.140764868374289157e-02 4.214682623274607631e-01
9.958204391530577348e-01 1.143724134309598642e-02 4.214367629833218887e-01
9.958554331825923978e-01 1.145747166579682251e-02 4.214149676795333477e-01
9.959095524598978733e-01 1.148861936224077236e-02 4.213809767986504973e-01
9.959562594527735513e-01 1.151536500738948969e-02 4.213513537536140996e-01
9.960045505597787674e-01 1.154288488726559932e-02 4.213204350063926018e-01
9.960343411253066437e-01 1.155979693453653562e-02 4.213012087828547636e-01
9.960854494326569775e-01 1.158870178872140229e-02 4.212679445503533793e-01
9.961277448285118519e-01 1.161252098329250936e-02 4.212401395409532956e-01
9.961713919593757627e-01 1.163700611571081601e-02 4.212111735960495373e-01
9.962161918280310058e-01 1.166203605285941539e-02 4.211811444670152671e-01
9.962505693319740896e-01 1.168116993503505452e-02 4.211578892356729331e-01
9.962858572444537320e-01 1.170074290548271147e-02 4.211338202356392224e-01
9.963221125104277931e-01 1.172078051126646848e-02 4.211088761314850104e-01
9.963593986330890884e-01 1.174131242308467868e-02 4.210829880628839117e-01
9.963977866504906133e-01 1.176237410774346077e-02 4.210560783732196777e-01
9.964373559441993544e-01 1.178400503899199904e-02 4.210280593668700999e-01
9.964644356591672025e-01 1.179876428260329645e-02 4.210087146360038113e-01
9.965061743102501257e-01 1.182144497286032742e-02 4.209786201632300662e-01
9.965347929889251111e-01 1.183694871127786638e-02 4.209577846412396185e-01
9.965789926785999508e-01 1.186081528336432531e-02 4.209252739760330764e-01
9.966093636738425632e-01 1.187715869412603667e-02 4.209026936522584084e-01
9.966559567315705914e-01 1.190213980659065619e-02 4.208676568735219004e-01
9.966880427217708061e-01 1.191927754041225210e-02 4.208432403671000799e-01
9.967378328212044281e-01 1.194576758176337482e-02 4.208048677210088351e-01
9.967809783515868549e-01 1.196862562686922676e-02 4.207711210479075925e-01
9.968257684029371291e-01 1.199226425080364075e-02 4.207355821298188192e-01
9.968534955838771472e-01 1.200685453053287020e-02 4.207133140159285967e-01
9.969012406558794837e-01 1.203190293243624510e-02 4.206744719591641868e-01
9.969308756731882770e-01 1.204739958499488964e-02 4.206500346844503357e-01
9.969613046775022136e-01 1.206326932692394771e-02 4.206246720006322493e-01
9.969925771600518516e-01 1.207953445000238893e-02 4.205983116427414736e-01
9.970247479264872092e-01 1.209622002288994989e-02 4.205708726275860232e-01
9.970691443777704999e-01 1.211917014003107383e-02 4.205324519198455624e-01
9.971036607767090887e-01 1.213695375458445115e-02 4.205021205597716527e-01
9.971393088047536546e-01 1.215526943367089933e-02 4.204703563692841484e-01
9.971637472447061334e-01 1.216779844054627358e-02 4.204483149602266101e-01
9.972014842903836884e-01 1.218710412643481643e-02 4.204138419259856874e-01
9.972274093111264115e-01 1.220033689553399157e-02 4.203898414797681560e-01
9.972575290295068173e-01 1.221567851388368799e-02 4.203616221473307490e-01
9.972922000224022643e-01 1.223329409326449728e-02 4.203286772021342932e-01
9.973280657224116164e-01 1.225146435898890121e-02 4.202940582911850464e-01
9.973558081309227275e-01 1.226548310370163992e-02 4.202668912022982095e-01
9.973843238065247530e-01 1.227986231588657981e-02 4.202386021272418448e-01
9.974136641173761975e-01 1.229462831960339772e-02 4.202090976697978597e-01
9.974438858290636256e-01 1.230980965314335679e-02 4.201782728480943918e-01
9.974750515538618467e-01 1.232543835735920232e-02 4.201460091233592542e-01
9.975181926553605694e-01 1.234702661778822215e-02 4.201005205717343594e-01
9.975404964969021293e-01 1.235816462583486444e-02 4.200766113280737790e-01
9.975740710655780497e-01 1.237490106496257070e-02 4.200400983990447701e-01
9.976084019075507348e-01 1.239197511315562501e-02 4.200020911785684596e-01
9.976319905302465374e-01 1.240368359819572427e-02 4.199755688419133381e-01
9.976685048465973038e-01 1.242177558869421439e-02 4.199338369077018074e-01
9.976936576052695127e-01 1.243421845206385545e-02 4.199045961253853876e-01
9.977327010428558296e-01 1.245350603027004475e-02 4.198583812128115489e-01
9.977596755686080066e-01 1.246681337917366142e-02 4.198258434980876030e-01
9.977874647642224204e-01 1.248050718170377535e-02 4.197917845058746766e-01
9.978161248682079210e-01 1.249461345566890008e-02 4.197560657757010705e-01
9.978457182292497230e-01 1.250915892563474359e-02 4.197185299967655658e-01
9.978685681051390199e-01 1.252037493984280853e-02 4.196890773002455166e-01
9.978920154480180882e-01 1.253187221167981549e-02 4.196584156844607727e-01
9.979242710965282592e-01 1.254767125103471367e-02 4.196154874842924487e-01
9.979408528064854789e-01 1.255578670990427359e-02 4.195930719917449481e-01
9.979749878048177480e-01 1.257248408168339625e-02 4.195461637094837215e-01
9.979925724695731803e-01 1.258108217249356321e-02 4.195215852333913920e-01
9.980288529745338089e-01 1.259881563622092769e-02 4.194699572154648726e-01
9.980475867178884020e-01 1.260796862643852323e-02 4.194427974713059171e-01
9.980764821692650335e-01 1.262208164466723653e-02 4.194002134791973702e-01
9.981063982578021188e-01 1.263668537164697528e-02 4.193552087898445579e-01
9.981269508387591305e-01 1.264671311097206180e-02 4.193237304122878206e-01
9.981587598926524585e-01 1.266222838111124606e-02 4.192740830114418116e-01
9.981806669382242703e-01 1.267291255405217365e-02 4.192392129484774910e-01
9.982031749578805790e-01 1.268389219224350800e-02 4.192027935422466545e-01
9.982381475806171300e-01 1.270096303420123127e-02 4.191449753954732405e-01
9.982623346236442208e-01 1.271277682954134042e-02 4.191040787261447464e-01
9.982872737916601569e-01 1.272496480300439915e-02 4.190611022621761328e-01
9.983130182164108302e-01 1.273755382688301907e-02 4.190158466716046859e-01
9.983396273700049228e-01 1.275057354723209066e-02 4.189680840853500787e-01
9.983671684421697723e-01 1.276405903128299650e-02 4.189175525180245385e-01
9.983957179697369178e-01 1.277805285848806170e-02 4.188639492283029453e-01
9.984253637137215920e-01 1.279260428840188826e-02 4.188069218635361302e-01
9.984406293963175028e-01 1.280010740831670144e-02 4.187769952278921348e-01
9.984641183739834114e-01 1.281166959529421619e-02 4.187301820511022399e-01
9.984883613646687861e-01 1.282362721339853906e-02 4.186808623354146275e-01
9.985219528053926874e-01 1.284023508421597813e-02 4.186107716603574835e-01
9.985393346580382357e-01 1.284884571819200523e-02 4.185736703250487190e-01
9.985661963323834156e-01 1.286217887171012091e-02 4.185151768398767125e-01
9.985940768752048502e-01 1.287605417411504145e-02 4.184529227717577737e-01
9.986132751984105882e-01 1.288563245322603586e-02 4.184091084513673620e-01
9.986430633305444227e-01 1.290054076496599360e-02 4.183395464710175649e-01
9.986636340980088455e-01 1.291087218294717509e-02 4.182903475845525243e-01
9.986848179599125963e-01 1.292154641392083761e-02 4.182386574396484979e-01
9.987178338722532134e-01 1.293825789637005792e-02 4.181559443628141137e-01
9.987349444046859093e-01 1.294695354413118171e-02 4.181120019380137331e-01
9.987524851726983233e-01 1.295589421232292912e-02 4.180661653269556743e-01
9.987765844015680239e-01 1.296822517041501706e-02 4.180018467200665166e-01
9.988015577918140098e-01 1.298106513326576471e-02 4.179334949786163156e-01
9.988274800149772314e-01 1.299446625684101339e-02 4.178606458122315348e-01
9.988544362552871370e-01 1.300848944447765762e-02 4.177827557642853074e-01
9.988753905693313895e-01 1.301945679832964588e-02 4.177206449751567074e-01
9.988970266660069930e-01 1.303084751119458484e-02 4.176550254726473232e-01
9.989270221423027785e-01 1.304675762865319978e-02 4.175614492128914557e-01
9.989504550052760168e-01 1.305928458131911697e-02 4.174861398750666086e-01
9.989747628014434833e-01 1.307237718379219461e-02 4.174058826466304217e-01
9.990051947931041232e-01 1.308892270523338668e-02 4.173022052495626300e-01
9.990263205772492716e-01 1.310051691516221119e-02 4.172280464110348364e-01
9.990481762035228197e-01 1.311261526878945011e-02 4.171493668938338617e-01
9.990785530834477290e-01 1.312962093020572305e-02 4.170365645670538468e-01
9.991023505581886344e-01 1.314310479307624104e-02 4.169452506706416428e-01
9.991271012511192540e-01 1.315728930148925453e-02 4.168473986865380287e-01
9.991528929002418957e-01 1.317225730376922997e-02 4.167421532897601089e-01
9.991798280720175507e-01 1.318810822002717750e-02 4.166284941954424004e-01
9.991984794926396241e-01 1.319922519850760291e-02 4.165474431289835633e-01
9.992177328124328684e-01 1.321083338314803755e-02 4.164616861257933733e-01
9.992478392564185796e-01 1.322927679476178231e-02 4.163231509378964024e-01
9.992688036569071786e-01 1.324233899632197911e-02 4.162233095517557935e-01
9.992905497192673403e-01 1.325609345227662765e-02 4.161166719871334796e-01
9.993131439165223728e-01 1.327061906576091146e-02 4.160023960757888162e-01
9.993247827739355493e-01 1.327819974068293780e-02 4.159420834754148366e-01
9.993487959678186705e-01 1.329407002971507226e-02 4.158144310467835614e-01
9.993674973098491954e-01 1.330665531623521740e-02 4.157118780691971827e-01
9.993868412429605108e-01 1.331989601032317234e-02 4.156027840646909222e-01
9.994068783400280598e-01 1.333386692436948351e-02 4.154863980978641957e-01
9.994276648665150198e-01 1.334865378149546929e-02 4.153618346541101958e-01
9.994492639380627708e-01 1.336435554804711948e-02 4.152280398041545140e-01
9.994641497712507539e-01 1.337538913950822757e-02 4.151330947223234591e-01
9.994872678435071656e-01 1.339289601102663409e-02 4.149809946789183024e-01
9.995032449859110324e-01 1.340527403480700451e-02 4.148723720524929437e-01
9.995197091961360858e-01 1.341828561085338378e-02 4.147572875477549270e-01
9.995366937452522249e-01 1.343199942672560453e-02 4.146350433077575781e-01
9.995542352050760249e-01 1.344649237177222498e-02 4.145048195800892787e-01
9.995632269244164592e-01 1.345405797400074828e-02 4.144364143476654272e-01
9.995816803494208536e-01 1.346989710626161907e-02 4.142923628817229975e-01
9.996007985421709874e-01 1.348677372309236254e-02 4.141375405196484616e-01
9.996106220069089776e-01 1.349564088535608504e-02 4.140556081749425243e-01
9.996308346586166849e-01 1.351433910210383255e-02 4.138816206795399300e-01
9.996412368419599348e-01 1.352421152557451399e-02 4.137890004203000904e-01
9.996572341019539509e-01 1.353975146492427187e-02 4.136421878792130857e-01
9.996654165764250477e-01 1.354787542293317895e-02 4.135648804607823803e-01
9.996737268852544656e-01 1.355625497543856001e-02 4.134847451185397760e-01
9.996907478591154916e-01 1.357384917835399545e-02 4.133152030752009765e-01
9.997083254080765258e-01 1.359266867643048327e-02 4.131315506770056878e-01
9.997203659123680142e-01 1.360597109141709581e-02 4.130000105675017963e-01
9.997295716088870909e-01 1.361638445668780957e-02 4.128959269646313435e-01
9.997389315847620139e-01 1.362720194163401059e-02 4.127866758453455631e-01
9.997484485856261704e-01 1.363845207280215376e-02 4.126716948022221554e-01
9.997581247233376933e-01 1.365016583657980426e-02 4.125503131227090670e-01
9.997679612228204116e-01 1.366237655561857930e-02 4.124217071675260193e-01
9.997739394289327786e-01 1.366995514622910447e-02 4.123406639513485517e-01
9.997820000854189537e-01 1.368037350309588007e-02 4.122276231354451426e-01
9.997929051550846768e-01 1.369485548658897107e-02 4.120669736453765331e-01
9.997984214594728414e-01 1.370235980709476158e-02 4.119818523235871388e-01
9.998039795735214064e-01 1.371004919522332208e-02 4.118932417949887070e-01
9.998095779159665852e-01 1.371792954132306300e-02 4.118009569534898384e-01
9.998208912998742814e-01 1.373429180495227761e-02 4.116047609844624144e-01
9.998265973426959663e-01 1.374277486350656934e-02 4.115009991247308152e-01
9.998323339786087116e-01 1.375146611425849714e-02 4.113940758259108654e-01
9.998380985682069344e-01 1.376036773897386899e-02 4.112850875445712151e-01
9.998467947419584778e-01 1.377411835243038535e-02 4.111249027674211409e-01
9.998526250026127382e-01 1.378355274158094002e-02 4.110241874616666347e-01
9.998555514960351109e-01 1.378835258174208878e-02 4.109777591337688274e-01
9.998614299637414993e-01 1.379812052912804052e-02 4.108940249667475952e-01
9.998643847881024671e-01 1.380309327893682048e-02 4.108572202498154691e-01
9.998673512895481785e-01 1.380812710878080024e-02 4.108238431395061507e-01
9.998733233069112547e-01 1.381838437667596078e-02 4.107669680917450106e-01
9.998793574077052826e-01 1.382891392245305662e-02 4.107225047161184306e-01
9.998824016846992180e-01 1.383428903721504663e-02 4.107045543646729024e-01
9.998854656500272275e-01 1.383974117722331851e-02 4.106892365798730515e-01
9.998916573648619632e-01 1.385088807583349270e-02 4.106659252581004171e-01
9.998979452562853920e-01 1.386238651337995051e-02 4.106514483728455067e-01
9.999043416463473388e-01 1.387427029732101434e-02 4.106447246737152668e-01
9.999125084778498485e-01 1.388972316618996422e-02 4.106455600491501490e-01
9.999175115050784601e-01 1.389934874370561853e-02 4.106500803469069760e-01
9.999243130945403291e-01 1.391263389238948586e-02 4.106598871105448523e-01
9.999312785469907094e-01 1.392648425801775239e-02 4.106730744025922086e-01
9.999348281186141163e-01 1.393364051112645947e-02 4.106806267967998969e-01
9.999420696978659207e-01 1.394845219517673769e-02 4.106971144156428277e-01
9.999476355849528098e-01 1.396003536103665628e-02 4.107102009688966548e-01
9.999533256625676714e-01 1.397206181960872901e-02 4.107234686751360386e-01
9.999611203631671996e-01 1.398885095413401024e-02 4.107407116080065701e-01
9.999671357732496935e-01 1.400206490343351012e-02 4.107526954920396878e-01
9.999724755022235678e-01 1.401398928187764376e-02 4.107619897626441641e-01
9.999792197722634501e-01 1.402932125723421047e-02 4.107714727378885544e-01
9.999826680284464864e-01 1.403728036066873887e-02 4.107751815709878018e-01
9.999897257606218393e-01 1.405383344787646677e-02 4.107800199096665605e-01
9.999933403873831894e-01 1.406245096868061727e-02 4.107809107507159885e-01
9.999970151280588304e-01 1.407131178771015186e-02 4.107806138547409058e-01
9.999985024668397449e-01 1.407492727060970054e-02 4.107801311914843212e-01
