# -7 2 1.27979684745 0.0260463029208
# x xi_r xi_h
1.310287751119751072e-03 -3.418361218906352139e+00 -1.705827411701938523e+00
1.460995662986557019e-03 -3.808833537056520946e+00 -1.899688636843438916e+00
1.650884358646134958e-03 -4.299497177345268817e+00 -2.142875442120045992e+00
1.840773054305712029e-03 -4.788535101080369394e+00 -2.384714544221142152e+00
2.080034956818093209e-03 -5.402131544910862893e+00 -2.687279419551281023e+00
2.319296859330475039e-03 -6.012511127160443891e+00 -2.987153161975573568e+00
2.620782178678318121e-03 -6.776472466835446795e+00 -3.360724217401860336e+00
2.922267498026161203e-03 -7.534044216572934438e+00 -3.728953736702865562e+00
3.302183600846774012e-03 -8.478464758106941446e+00 -4.184488127792142187e+00
3.682099703667386821e-03 -9.410227800490003958e+00 -4.629483489947346264e+00
4.160900837802832680e-03 -1.056429080762502792e+01 -5.173603024441268516e+00
4.639701971938277672e-03 -1.169340987052867220e+01 -5.697083086860136980e+00
5.099164758699403430e-03 -1.275106489502344154e+01 -6.178108350762760992e+00
5.558627545460530055e-03 -1.378111547093323708e+01 -6.636509911729987721e+00
6.245989158360841335e-03 -1.526567630816970933e+01 -7.276699848364232004e+00
6.768639774805322237e-03 -1.634602703496137721e+01 -7.724126095800309955e+00
7.291290391249803139e-03 -1.738125795130581253e+01 -8.135490715951009477e+00
8.033712313215113712e-03 -1.876901533308591041e+01 -8.654560980211966736e+00
8.776134235180425153e-03 -2.005400438145465003e+01 -9.093107404446360675e+00
9.779784977971731075e-03 -2.161698120050188621e+01 -9.552314613854473890e+00
1.078343572076304047e-02 -2.296946934517662697e+01 -9.852616524096081463e+00
1.166068504828845012e-02 -2.397196106657161963e+01 -9.982973168712197420e+00
1.253793437581384937e-02 -2.480208660905439544e+01 -9.990086491927822721e+00
1.341518370333926076e-02 -2.545722335083009824e+01 -9.875852234460310797e+00
1.454644800751801921e-02 -2.604245982326613884e+01 -9.555162370282539896e+00
1.567771231169676899e-02 -2.633739397846378694e+01 -9.049329456784450443e+00
1.680897661587552050e-02 -2.634841765543953329e+01 -8.374236740890591335e+00
1.774028948610247014e-02 -2.615173067689687159e+01 -7.705600339370396235e+00
1.867160235632940937e-02 -2.577790241177559949e+01 -6.946604431142556102e+00
1.960291522655635901e-02 -2.523640179062826050e+01 -6.110889536218381934e+00
2.053422809678330171e-02 -2.453848308761909536e+01 -5.214412125681887389e+00
2.154914563826640025e-02 -2.361533329283382798e+01 -4.188210530682994204e+00
2.256406317974948839e-02 -2.254056808771479226e+01 -3.130849636553920234e+00
2.357898072123257999e-02 -2.133390149026424609e+01 -2.061363135377453304e+00
2.466754477920376012e-02 -1.991624148900536539e+01 -9.208140909228949011e-01
2.575610883717492985e-02 -1.839498839266061836e+01 1.921266378190734370e-01
2.684467289514610999e-02 -1.679499068357110758e+01 1.258183440885779714e+00
2.793323695311727972e-02 -1.514052112772665382e+01 2.260111222107788809e+00
2.903954886174606870e-02 -1.342738138318390462e+01 3.197262002899044830e+00
3.014586077037486114e-02 -1.170535421493033290e+01 4.039357924219284079e+00
3.125217267900363971e-02 -9.996255751151043256e+00 4.774995689587265169e+00
3.235848458763242869e-02 -8.320344739261217981e+00 5.394922288668029253e+00
3.346479649626121766e-02 -6.696187981375548937e+00 5.892328547317385201e+00
3.457110840488999970e-02 -5.140509470021382477e+00 6.263032215436560080e+00
3.578544865467637309e-02 -3.529379569798012817e+00 6.523098232030410948e+00
3.699978890446273261e-02 -2.034790769967987245e+00 6.631104015097565529e+00
3.821412915424909212e-02 -6.700802225159191439e-01 6.592046026785711277e+00
3.942846940403545858e-02 5.545215298742536270e-01 6.413731835637579870e+00
4.064280965382181809e-02 1.631845188194884333e+00 6.106884499744117178e+00
4.185714990360817761e-02 2.557745369076878994e+00 5.684996303199318923e+00
4.307149015339455100e-02 3.331031367119754893e+00 5.163976010076939183e+00
4.424530788812759685e-02 3.934944879047160615e+00 4.582642518453353908e+00
4.541912562286065658e-02 4.401522015069603277e+00 3.941965675383825474e+00
4.659294335759370242e-02 4.736519401781185579e+00 3.258558818044325900e+00
4.776676109232676215e-02 4.947336923650036411e+00 2.548454955171713721e+00
4.894057882705980800e-02 5.042683023320509328e+00 1.826744677118097737e+00
5.005740200280924673e-02 5.034969920944299737e+00 1.141848170086854575e+00
5.117422517855869241e-02 4.940387271053175766e+00 4.695666383783563824e-01
5.229104835430813114e-02 4.768210170597564357e+00 -1.800165827813699770e-01
5.340787153005757681e-02 4.527972173769274633e+00 -7.973626817287545743e-01
5.452469470580702249e-02 4.229360139694406939e+00 -1.373684430768289610e+00
5.564151788155646122e-02 3.882097805320792627e+00 -1.901172105346309538e+00
5.675834105730589996e-02 3.495818975998587153e+00 -2.373212877839258272e+00
5.789005031244066207e-02 3.074252027396672915e+00 -2.789615551516554603e+00
5.902175956757541725e-02 2.631686787342343958e+00 -3.140076137509392407e+00
6.015346882271019324e-02 2.176954363149775418e+00 -3.423249512768891112e+00
6.128517807784496230e-02 1.718154997009481377e+00 -3.639568191092156901e+00
6.242226172525015132e-02 1.260437127650370082e+00 -3.791241225414919036e+00
6.355934537265535422e-02 8.125310389219206897e-01 -3.879293188388196256e+00
6.469642902006055019e-02 3.802019088093799293e-01 -3.906329209886836296e+00
6.583351266746574615e-02 -3.154472527131652049e-02 -3.875452217697486823e+00
6.697059631487094211e-02 -4.184406563942693058e-01 -3.790337974741191829e+00
6.810767996227613807e-02 -7.769412841683116522e-01 -3.655273593464356541e+00
6.923644416253725564e-02 -1.101941311124427836e+00 -3.476576404322068825e+00
7.036520836279837321e-02 -1.394065588790865950e+00 -3.258522870293714124e+00
7.149397256305950465e-02 -1.651846993849169332e+00 -3.006422487976349700e+00
7.262273676332062222e-02 -1.874411207104076382e+00 -2.725709640076911633e+00
7.375150096358173979e-02 -2.061431666411539076e+00 -2.421848543672237675e+00
7.496577999948988991e-02 -2.223150586532356421e+00 -2.075423956784783197e+00
7.618005903539804002e-02 -2.344760397942444730e+00 -1.715196993811652026e+00
7.739433807130619014e-02 -2.427588370187116595e+00 -1.347314134908720762e+00
7.860861710721434026e-02 -2.473384756195930123e+00 -9.772122020046177804e-01
7.980832120060649126e-02 -2.484285263444016678e+00 -6.139429743214555035e-01
8.100802529399861451e-02 -2.463282946963119446e+00 -2.570816329045949589e-01
8.220772938739076552e-02 -2.412784750978188786e+00 8.947253143707518952e-02
8.340743348078288877e-02 -2.335356539638256290e+00 4.219287471136851098e-01
8.460713757417503977e-02 -2.233699674003660984e+00 7.366707880935893238e-01
8.565798069402660864e-02 -2.126915593260806592e+00 9.952493240438399225e-01
8.670882381387816362e-02 -2.005608069061224796e+00 1.236129358573106574e+00
8.775966693372971861e-02 -1.871692827973969298e+00 1.457875757894037783e+00
8.881051005358128747e-02 -1.727075032758970785e+00 1.659182065011021168e+00
8.973448221530234969e-02 -1.592542911166078268e+00 1.818374560477758139e+00
9.065845437702341192e-02 -1.452457947339328204e+00 1.960272176574064051e+00
9.158242653874446026e-02 -1.308039592986674826e+00 2.084923932219566289e+00
9.258135109670528884e-02 -1.148368759545536300e+00 2.200884223758222902e+00
9.358027565466608966e-02 -9.863109027710644794e-01 2.297909434415170704e+00
9.457920021262691823e-02 -8.231086989774111240e-01 2.376439024587675863e+00
9.557812477058773293e-02 -6.599208604096258313e-01 2.436827325835269509e+00
9.657704932854854762e-02 -4.978302143443296690e-01 2.479419868318415432e+00
9.778235897335758875e-02 -3.051839853703666172e-01 2.507776419325093542e+00
9.898766861816662987e-02 -1.172172647040607418e-01 2.511923085832679980e+00
1.001929782629756988e-01 6.461462253083856411e-02 2.493075102158712308e+00
1.013982879077846982e-01 2.390242240531937068e-01 2.452616288169560121e+00
1.024410895301341995e-01 3.830836939464796198e-01 2.401372516047431294e+00
1.034838911524837979e-01 5.201245154391371806e-01 2.336306842697183583e+00
1.045266927748332991e-01 6.496228674870044850e-01 2.258590988766799423e+00
1.055489126177679010e-01 7.688254331752731874e-01 2.171179015000042956e+00
1.065711324607025029e-01 8.800244583880028060e-01 2.073647472053135044e+00
1.075933523036371048e-01 9.829545854671792871e-01 1.967074175201729780e+00
1.087227524102803017e-01 1.086829699160523743e+00 1.840309414941494248e+00
1.098521525169235957e-01 1.180227764073765950e+00 1.705625664824048426e+00
1.108421192166808011e-01 1.253427810681020826e+00 1.581963143730781507e+00
1.118320859164378955e-01 1.318523009612371233e+00 1.453811895711098590e+00
1.128220526161951009e-01 1.375549307148564715e+00 1.321977445628904846e+00
1.137952997292322049e-01 1.423822015748730907e+00 1.189670660044730655e+00
1.147685468422692950e-01 1.464483689510358344e+00 1.055512076706122571e+00
1.157417939553063990e-01 1.497680550411645717e+00 9.202416892255029790e-01
1.166993964766919051e-01 1.523227282621240519e+00 7.867183410527602838e-01
1.176569989980774944e-01 1.541906566534689382e+00 6.534023455692067328e-01
1.186146015194630005e-01 1.553929391744646837e+00 5.208571657705604041e-01
1.195575547351094003e-01 1.559484802834643746e+00 3.915773433264338466e-01
1.205005079507558002e-01 1.559037404508694102e+00 2.639836254936876458e-01
1.214434611664022001e-01 1.552829204263914686e+00 1.384866275154982562e-01
1.223726583742238000e-01 1.541319551736029414e+00 1.721325356097206175e-02
1.233018555820453999e-01 1.524703893155380019e+00 -1.014014726054821847e-01
1.242310527898669997e-01 1.503232635777927761e+00 -2.169954297364818097e-01
1.252644199626453125e-01 1.473971516209250154e+00 -3.414982861970667360e-01
1.262977871354236947e-01 1.439392209318302251e+00 -4.612898901966902554e-01
1.269801736787574131e-01 1.413817436505247827e+00 -5.374407847162031571e-01
1.276625602220911870e-01 1.386205025002299918e+00 -6.109821464019918880e-01
1.285635768402965950e-01 1.346824472774643677e+00 -7.042895050612256735e-01
1.294645934585020031e-01 1.304332190768255906e+00 -7.936996866009724538e-01
1.303656100767074111e-01 1.258954355476454401e+00 -8.791911073489616646e-01
1.313673042949614067e-01 1.205400661459730571e+00 -9.691553068869196430e-01
1.323689985132154023e-01 1.148883169992619635e+00 -1.053470342605843157e+00
1.333627524980957046e-01 1.090198695806410267e+00 -1.131473314643761885e+00
1.343565064829760070e-01 1.029213758400824075e+00 -1.203820028214777960e+00
1.353408825040227081e-01 9.668257921684537681e-01 -1.269861092304060080e+00
1.363252585250694093e-01 9.027488559141984004e-01 -1.330288403544969578e+00
1.371913053735339949e-01 8.451869739657663638e-01 -1.378905866644448919e+00
1.380573522219986915e-01 7.866991659325468511e-01 -1.423366393766746896e+00
1.389233990704633048e-01 7.274518304147564729e-01 -1.463713287421648968e+00
1.397798068184883113e-01 6.682744790687944469e-01 -1.499576547446193064e+00
1.406362145665132901e-01 6.086626329534559066e-01 -1.531461756469290947e+00
1.414926223145382134e-01 5.487616611271195488e-01 -1.559421511694810913e+00
1.423395568821196888e-01 4.893754923787644318e-01 -1.583274795822594117e+00
1.431864914497011088e-01 4.299724313119719921e-01 -1.603420055774633202e+00
1.440334260172826120e-01 3.706761499252515524e-01 -1.619932583869055476e+00
1.448719479772087870e-01 3.121896864631285573e-01 -1.632783360308350584e+00
1.457104699371351009e-01 2.540324482282995677e-01 -1.642237798137990534e+00
1.465489918970613870e-01 1.963079213243396626e-01 -1.648383014808472824e+00
1.473791511845158053e-01 1.396815094633677701e-01 -1.651296408016566186e+00
1.482093104719703069e-01 8.366543084408861741e-02 -1.651146156779566887e+00
1.490394697594248086e-01 2.834471280814289743e-02 -1.648024366733339852e+00
1.502727252360930021e-01 -5.237083231207868839e-02 -1.638116191309043401e+00
1.515059807127611957e-01 -1.311345707818449557e-01 -1.622174015218203813e+00
1.527277754813821942e-01 -2.070253604511140821e-01 -1.600741914959179502e+00
1.539495702500031926e-01 -2.805909679215021768e-01 -1.574010718240449691e+00
1.551603986792471912e-01 -3.510323635081416538e-01 -1.542594569616040356e+00
1.563712271084913008e-01 -4.188702483352775285e-01 -1.506574295055603585e+00
1.575715501599840029e-01 -4.834191289616177056e-01 -1.466583355404735389e+00
1.587718732114765940e-01 -5.451637962348997446e-01 -1.422573393056192792e+00
1.599645867604068128e-01 -6.036466724553495311e-01 -1.375423492604104236e+00
1.611499325358309032e-01 -6.588633517652761062e-01 -1.325504318143791771e+00
1.623352783112549935e-01 -7.111215277965303727e-01 -1.272485937412001666e+00
1.635111968763642010e-01 -7.599858900380798143e-01 -1.217122203692446059e+00
1.646871154414734917e-01 -8.058426395603414116e-01 -1.159301530872370867e+00
1.658539536555289073e-01 -8.483438702443312218e-01 -1.099742359789098511e+00
1.670207918695844063e-01 -8.878368622189177772e-01 -1.038243856854837999e+00
1.681789102884249099e-01 -9.240501985496820669e-01 -9.754530834010498586e-01
1.693370287072654135e-01 -9.572863169485916757e-01 -9.110719388039297817e-01
1.704887632179911960e-01 -9.873986553718576697e-01 -8.461230302312466867e-01
1.716344322308862025e-01 -1.014471229778563188e+00 -7.808166566277544574e-01
1.727801012437812922e-01 -1.038695765212173994e+00 -7.145452757849767300e-01
1.739178666881313895e-01 -1.059958096504242331e+00 -6.480214314009592469e-01
1.750556321324814035e-01 -1.078466601276328429e+00 -5.810312107506895307e-01
1.761857941226853963e-01 -1.094162935745401466e+00 -5.142034119787269875e-01
1.773159561128893891e-01 -1.107222458940727350e+00 -4.472607851802642420e-01
1.784387997630065004e-01 -1.117632652785296443e+00 -3.807880610185164216e-01
1.795616434131235006e-01 -1.125536490949438750e+00 -3.144948386760996195e-01
1.806774417515888131e-01 -1.130960716467832805e+00 -2.489287761531134846e-01
1.817932400900540979e-01 -1.134018150280768689e+00 -1.837997106990362228e-01
1.829022533861615063e-01 -1.134769271045769301e+00 -1.196186067163656358e-01
1.840112666822688869e-01 -1.133299314199380570e+00 -5.610036428424935301e-02
1.851137424986991076e-01 -1.129697490636531798e+00 6.282735125166072181e-03
1.862162183151294115e-01 -1.124023939284907847e+00 6.780951596989655272e-02
1.873123941815151017e-01 -1.116391996780128570e+00 1.280446833523671002e-01
1.884085700479007919e-01 -1.106839199933165041e+00 1.872569375392398594e-01
1.894986740814197101e-01 -1.095498933285225185e+00 2.450468502990187925e-01
1.905887781149386007e-01 -1.082388616467059528e+00 3.016706336030108293e-01
1.916730272722124984e-01 -1.067658031232820770e+00 3.567654514004165445e-01
1.927572764294863961e-01 -1.051306758230185601e+00 4.105753104012928589e-01
1.938358801601320902e-01 -1.033497599717244642e+00 4.627720556642089256e-01
1.949144838907778954e-01 -1.014214498302477008e+00 5.135856430869583100e-01
1.959876440525072094e-01 -9.936303271759893141e-01 5.627199962863790317e-01
1.970608042142364125e-01 -9.717155430601825961e-01 6.103891507035857922e-01
1.981287147275558047e-01 -9.486505132770000071e-01 6.563291580534376113e-01
1.991966252408751137e-01 -9.243941548750088666e-01 7.007391159678004744e-01
2.002594720445023124e-01 -8.991319798758068416e-01 7.433863767827415536e-01
2.013223188481295112e-01 -8.728130992847923375e-01 7.844556049566586697e-01
2.023802826740382921e-01 -8.456260324355481250e-01 8.237427289456576984e-01
2.034382464999472118e-01 -8.175117788044242717e-01 8.614169237157207615e-01
2.044915009253560068e-01 -7.886600953443306805e-01 8.973007912551391740e-01
2.055447553507646907e-01 -7.590054003151576190e-01 9.315480675026628354e-01
2.065934679926554884e-01 -7.287371156329885968e-01 9.640075349678818295e-01
2.076421806345462029e-01 -6.977844402802145796e-01 9.948188389029088974e-01
2.086865129960230880e-01 -6.663350440632817007e-01 1.023856874781468695e+00
2.097308453575000009e-01 -6.343140462445472361e-01 1.051248977813555641e+00
2.107709537672242117e-01 -6.019059745860105837e-01 1.076899933149180422e+00
2.118110621769483948e-01 -5.690326567200391095e-01 1.100929936289897437e+00
2.128480599636951021e-01 -5.358444307853879041e-01 1.123203040170507316e+00
2.138821136186860039e-01 -5.023890455621686790e-01 1.143753703278261646e+00
2.149161672736769058e-01 -4.686198598701530327e-01 1.162726834263737352e+00
2.159459665261461991e-01 -4.347233384331346540e-01 1.179989680058876500e+00
2.169742753085213971e-01 -4.006561891208904047e-01 1.195604634352885220e+00
2.180025840908965951e-01 -3.664132335184542844e-01 1.209655650431392448e+00
2.190272457378873994e-01 -3.321586965983472362e-01 1.222102065538514637e+00
2.200519073848782037e-01 -2.978123755509589632e-01 1.233000233055125516e+00
2.210737515503453099e-01 -2.635089576895172092e-01 1.242337547760686167e+00
2.220955957158123883e-01 -2.291929258720347695e-01 1.250158737644589291e+00
2.231133728053782961e-01 -1.950384591710783433e-01 1.256457006783377572e+00
2.241311498949442038e-01 -1.609453695674454010e-01 1.261282781217201832e+00
2.251456680358785989e-01 -1.270576604123126452e-01 1.264646514024166946e+00
2.261601861768129940e-01 -9.330006393262640918e-02 1.266585056645130880e+00
2.271708474868849026e-01 -5.983309640547124914e-02 1.267105330307143785e+00
2.281814321068081908e-01 -2.656264049328927596e-02 1.266241169788048238e+00
2.291920167267315067e-01 6.483065859488574591e-03 1.264023405446683235e+00
2.301989120822834911e-01 3.915512040737215843e-02 1.260486945130539826e+00
2.312058074378355865e-01 7.154609359157725057e-02 1.255647206471004917e+00
2.322098544924325048e-01 1.035381624554896490e-01 1.249546254418704816e+00
2.332139015470293120e-01 1.351969840202412176e-01 1.242196019702604293e+00
2.342152100895429911e-01 1.664122820697674643e-01 1.233646059553981766e+00
2.352165186320565871e-01 1.972465666635172532e-01 1.223903082543917886e+00
2.362151954922880881e-01 2.275970512226808962e-01 1.213022898183240939e+00
2.372138723525195059e-01 2.575229967760253036e-01 1.201007475242990674e+00
2.382100212913642878e-01 2.869289907321262989e-01 1.187917702729943459e+00
2.392061702302090975e-01 3.158709790862619937e-01 1.173751089172202722e+00
2.401998924915476896e-01 3.442607530048812370e-01 1.158571188085096404e+00
2.411936147528863927e-01 3.721508359671540922e-01 1.142370008925033043e+00
2.421839272173959001e-01 3.994307088589101329e-01 1.125252471473224158e+00
2.431741826801301909e-01 4.261791100238910279e-01 1.107195008428750516e+00
2.441644381428645094e-01 4.523819577021152005e-01 1.088206687265112160e+00
2.451525072457547971e-01 4.779682088707948306e-01 1.068361943465106378e+00
2.461405763486450016e-01 5.029821764683158891e-01 1.047649730573597893e+00
2.468787726936876870e-01 5.212895842154749992e-01 1.031629107910952081e+00
2.476169690387302891e-01 5.392649155738824529e-01 1.015158552753892884e+00
2.483577944001824911e-01 5.569654446969813932e-01 9.981890598569033157e-01
2.490986197616346931e-01 5.743218201640472031e-01 9.807905704657376988e-01
2.500816239077278125e-01 5.968121932091549064e-01 9.570583586499500361e-01
2.510646280538209041e-01 6.186785405045552855e-01 9.326071511307716388e-01
2.520461819638492029e-01 6.398807683676347446e-01 9.075265638713021499e-01
2.530263942354005202e-01 6.604157145534897966e-01 8.818472146598799188e-01
2.540066065069517820e-01 6.803050549454678908e-01 8.555419192097338810e-01
2.549850575566918187e-01 6.995075021523311509e-01 8.286883433459402148e-01
2.559635086064319109e-01 7.180527512608900764e-01 8.012684595657504349e-01
2.569380179873769765e-01 7.358643532250038755e-01 7.734424629768357207e-01
2.579152191512413816e-01 7.530600036898377203e-01 7.450591204468846040e-01
2.588903710736741859e-01 7.695514272601897687e-01 7.162720123245069903e-01
2.598655229961069901e-01 7.853714440375558770e-01 6.870324999260228882e-01
2.605942947118716768e-01 7.967543708764089905e-01 6.649059405417646618e-01
2.613230664276363080e-01 8.077591752994415231e-01 6.425622384851539248e-01
2.620550563064771854e-01 8.184309795357467276e-01 6.199124266255949811e-01
2.627870461853180073e-01 8.287195571328612731e-01 5.970658216424794551e-01
2.635137174867600018e-01 8.385537022253558570e-01 5.742016104615833560e-01
2.642403887882019964e-01 8.480090894228228260e-01 5.511653808831270540e-01
2.649703906914105955e-01 8.571261455584120448e-01 5.278617206904862025e-01
2.657003925946191947e-01 8.658605298640305037e-01 5.044071138566983414e-01
2.666698680509819730e-01 8.768681981684612881e-01 4.730413772003176365e-01
2.676393435073449178e-01 8.872013553667711383e-01 4.414460680833974804e-01
2.686075749083224884e-01 8.968487907829092443e-01 4.096862385894303737e-01
2.695758063093001144e-01 9.058253740958910338e-01 3.777452504671023892e-01
2.705412474514743981e-01 9.141098492147304855e-01 3.457502409066948723e-01
2.715098617210188192e-01 9.217552612889260422e-01 3.135304268469726319e-01
2.724758040936595127e-01 9.287175868501773568e-01 2.812950938699744774e-01
2.734417464663002062e-01 9.350216424978847751e-01 2.489690879910934629e-01
2.744049664315437731e-01 9.406556095057586608e-01 2.166742053474340068e-01
2.753714841122708035e-01 9.456577709731582848e-01 1.842343706603150055e-01
2.760918532582701257e-01 9.489644060939621539e-01 1.600442371323624047e-01
2.768122224042693924e-01 9.519127210206052014e-01 1.358527237179254221e-01
2.775363826324631078e-01 9.545172782067996575e-01 1.115419175674844665e-01
2.782605428606568232e-01 9.567636228348878058e-01 8.724844976527473817e-02
2.792230898017574736e-01 9.591983375319822480e-01 5.499958663522790114e-02
2.801856367428581240e-01 9.610091294610709767e-01 2.281502208517175931e-02
2.811473565508991190e-01 9.622007149961167016e-01 -9.257420439933721976e-03
2.821090763589401140e-01 9.627806719233096278e-01 -4.122559957037678219e-02
2.830682204929131918e-01 9.627559411238576503e-01 -7.298256224210722398e-02
2.840309311037308992e-01 9.621317945843853581e-01 -1.047114351607741217e-01
2.847494289063747241e-01 9.612787598987388993e-01 -1.282860167458231282e-01
2.854679267090184935e-01 9.600978139167020142e-01 -1.517617974747024756e-01
2.861905218058161116e-01 9.585823698306719098e-01 -1.752638583990444032e-01
2.869131169026136741e-01 9.567412846524461223e-01 -1.986501932941112658e-01
2.878724078661420993e-01 9.537992904578652675e-01 -2.295055379778692950e-01
2.888316988296705801e-01 9.502964311933278507e-01 -2.601282714861592460e-01
2.897885131602004893e-01 9.462516170392870629e-01 -2.904211738587982317e-01
2.907490868313554744e-01 9.416453515338258917e-01 -3.205633224842048823e-01
2.914649765154507244e-01 9.378618315344845469e-01 -3.428430014661762448e-01
2.921808661995458078e-01 9.337826897280400162e-01 -3.649583159837638813e-01
2.929010534726512738e-01 9.293843173030942317e-01 -3.870341069756067509e-01
2.936212407457569062e-01 9.246939385711834269e-01 -4.089307958168086898e-01
2.945767800163460737e-01 9.180263543383250235e-01 -4.376938593710841818e-01
2.955362094878383750e-01 9.108298356383733863e-01 -4.662283833819506063e-01
2.964933245974175069e-01 9.031586566246518899e-01 -4.943372685216976814e-01
2.974504397069965833e-01 8.950051010636888016e-01 -5.220801201455695928e-01
2.981662161635638131e-01 8.885976658213898816e-01 -5.425798886989254832e-01
2.988819926201308208e-01 8.819294415419396405e-01 -5.628607388039691406e-01
2.996022787896107098e-01 8.749599187307931514e-01 -5.830436924967443701e-01
3.003225649590904878e-01 8.677343159624233415e-01 -6.029957452556323760e-01
3.012768521985618730e-01 8.577739497307905747e-01 -6.290635194175535627e-01
3.022352021590857252e-01 8.473356601609385308e-01 -6.548113286861023674e-01
3.031913095476029274e-01 8.364965913872126624e-01 -6.800606423073506379e-01
3.041474169361201851e-01 8.252425306767049440e-01 -7.048668865881535517e-01
3.051033301085280258e-01 8.135856228985599570e-01 -7.292152230620353448e-01
3.060592432809358110e-01 8.015334198381562913e-01 -7.531012632163596177e-01
3.068910593111273122e-01 7.907318024461992279e-01 -7.735032279254723253e-01
3.077228753413188134e-01 7.796448497943385680e-01 -7.935424325604049089e-01
3.085611288673250074e-01 7.681900845151461432e-01 -8.133650663911076162e-01
3.093993823933313125e-01 7.564589133484144190e-01 -8.328101920402257718e-01
3.102334054035402189e-01 7.445192833806141275e-01 -8.517782554609969470e-01
3.110674284137491807e-01 7.323192992269755841e-01 -8.703643405301350056e-01
3.119080450867570131e-01 7.197661366638543612e-01 -8.887069021499836019e-01
3.127486617597647900e-01 7.069619931662122214e-01 -9.066537562912382331e-01
3.137041837576390879e-01 6.921115349418117679e-01 -9.265691887625892020e-01
3.146597057555134969e-01 6.769554731379487933e-01 -9.459651053868833870e-01
3.156152457355064223e-01 6.615034180608302394e-01 -9.648372605583324102e-01
3.165707857154991811e-01 6.457655358401390711e-01 -9.831809414360708210e-01
3.175265174639494981e-01 6.297484382002715986e-01 -1.000997699274433606e+00
3.184822492123998150e-01 6.134650376471901811e-01 -1.018283359234889218e+00
3.194379809608500764e-01 5.969250479288946698e-01 -1.035035921479941168e+00
3.203937127093003934e-01 5.801381415020595567e-01 -1.051251965264868415e+00
3.213495186061188225e-01 5.631126414611676845e-01 -1.066928326415399031e+00
3.223053245029371960e-01 5.458594711197811700e-01 -1.082060312022038895e+00
3.232613666241492267e-01 5.283838627336504556e-01 -1.096651736453761128e+00
3.242174087453610909e-01 5.106995339477840012e-01 -1.110700085302378071e+00
3.251734508665731216e-01 4.928158779211485596e-01 -1.124204966057170907e+00
3.261296959091333214e-01 4.747383677609072761e-01 -1.137167760580969800e+00
3.270859409516935212e-01 4.564800471399488857e-01 -1.149584825871773131e+00
3.280424123582719176e-01 4.380457244110272930e-01 -1.161459752017832470e+00
3.289988837648503139e-01 4.194488007935967544e-01 -1.172790729542028121e+00
3.299556098233494827e-01 4.006932730651948660e-01 -1.183581830143277225e+00
3.309123358818485960e-01 3.817929867680081579e-01 -1.193831571429405658e+00
3.318692480034560743e-01 3.627530620519979765e-01 -1.203541053015946494e+00
3.328264091018481863e-01 3.435809156522419139e-01 -1.212712423858057997e+00
3.337835702002405203e-01 3.242901270711624484e-01 -1.221347237073143965e+00
3.347413225943591253e-01 3.048772085125024955e-01 -1.229452811900968001e+00
3.356990749884776748e-01 2.853624696403383454e-01 -1.237026916863316339e+00
3.366568273825963908e-01 2.657542249359436948e-01 -1.244072440911112354e+00
3.376145797767149959e-01 2.460606818171436894e-01 -1.250591926328910697e+00
3.385727985393063855e-01 2.262803017521178572e-01 -1.256590706522596301e+00
3.395310173018977751e-01 2.064306653367868338e-01 -1.262068238235557027e+00
3.404896417920181828e-01 1.865112313057798177e-01 -1.267030380701691383e+00
3.414482662821387016e-01 1.665381757406559082e-01 -1.271478849832450297e+00
3.424074710093443219e-01 1.465070375740182562e-01 -1.275420209743970634e+00
3.433666757365498867e-01 1.264374418500842645e-01 -1.278856302260559463e+00
3.443258804637556181e-01 1.063368179060341090e-01 -1.281791434178273459e+00
3.452857836278598880e-01 8.619781601117401659e-02 -1.284231747652454514e+00
3.462456867919642134e-01 6.604225929273588314e-02 -1.286179723244028406e+00
3.472055899560684833e-01 4.587722295477119488e-02 -1.287640017079755728e+00
3.481660761558372230e-01 2.569741075934808480e-02 -1.288618128133035556e+00
3.491265623556059072e-01 5.521904007751933866e-03 -1.289118121135575556e+00
3.500875704891284190e-01 -1.465353883775249826e-02 -1.289145321449889581e+00
3.510485786226508753e-01 -3.481136308873917368e-02 -1.288704888274794458e+00
3.520103073264083116e-01 -5.496018915249621661e-02 -1.287801612512765370e+00
3.529720360301656923e-01 -7.507855019192592738e-02 -1.286441538105973281e+00
3.539337647339230730e-01 -9.516022824536554681e-02 -1.284630328201072036e+00
3.548963558313465994e-01 -1.152170798448611255e-01 -1.282371823657879384e+00
3.558589469287700147e-01 -1.352251081578698388e-01 -1.279673522830390597e+00
3.568215380261933745e-01 -1.551784654015468390e-01 -1.276541232912765000e+00
3.577852424465762238e-01 -1.750943988823426001e-01 -1.272976917340015834e+00
3.587489468669590731e-01 -1.949441926905560729e-01 -1.268990455037842802e+00
3.597126512873419779e-01 -2.147223676668935655e-01 -1.264588028630819094e+00
3.606763557077248272e-01 -2.344235703812354854e-01 -1.259775884682764024e+00
3.616413390872483258e-01 -2.540685528340408394e-01 -1.254553544305613499e+00
3.626063224667718243e-01 -2.736260057128787615e-01 -1.248933863089531027e+00
3.635713058462953784e-01 -2.930909416218665520e-01 -1.242923229192478107e+00
3.645362892258188769e-01 -3.124584963443715058e-01 -1.236528092621982600e+00
3.655026181086620252e-01 -3.317507171759155327e-01 -1.229745679042660411e+00
3.664689469915051179e-01 -3.509359052374564358e-01 -1.222591613805069866e+00
3.674352758743483216e-01 -3.700095568399198731e-01 -1.215072474236976063e+00
3.684016047571914143e-01 -3.889672888074967028e-01 -1.207194872703554855e+00
3.693693456322281188e-01 -4.078322728248047757e-01 -1.198953584286459373e+00
3.703370865072648788e-01 -4.265725727174161652e-01 -1.190366943692141799e+00
3.713048273823015832e-01 -4.451841571263456809e-01 -1.181441639351664907e+00
3.722725682573382877e-01 -4.636631119270556711e-01 -1.172184380797435255e+00
3.732417861979792084e-01 -4.820335290915767623e-01 -1.162587415438315785e+00
3.742110041386200181e-01 -5.002634149607584346e-01 -1.152671756491160382e+00
3.751802220792607723e-01 -5.183491970924947179e-01 -1.142444145800461275e+00
3.761494400199016930e-01 -5.362874166706458334e-01 -1.131911328245378101e+00
3.771201940534871788e-01 -5.541027962631277504e-01 -1.121063017886950286e+00
3.780909480870727757e-01 -5.717635493510456746e-01 -1.109922786244102788e+00
3.790617021206583726e-01 -5.892665470483032797e-01 -1.098497366312951806e+00
3.800324561542439139e-01 -6.066087693454635943e-01 -1.086793479913664040e+00
3.810047989671537239e-01 -6.238152828958548612e-01 -1.074798362245791283e+00
3.819771417800634228e-01 -6.408547639214021707e-01 -1.062537985214958347e+00
3.829494845929731772e-01 -6.577245088706865639e-01 -1.050019017977097402e+00
3.839218274058828761e-01 -6.744219178565148409e-01 -1.037248110602671858e+00
3.848958109417324192e-01 -6.909722239080005046e-01 -1.024210049587550353e+00
3.858697944775816846e-01 -7.073447087878727002e-01 -1.010933103753545392e+00
3.868437780134311166e-01 -7.235370746964058242e-01 -9.974238394913291783e-01
3.878177615492804930e-01 -7.395471217464480995e-01 -9.836887930594319096e-01
3.887934366313096080e-01 -7.554000690671074381e-01 -9.697103693592454832e-01
3.897691117133387229e-01 -7.710659440049588698e-01 -9.555190039439789285e-01
3.907447867953677823e-01 -7.865428337073542275e-01 -9.411210785941581669e-01
3.917204618773967861e-01 -8.018289202851349717e-01 -9.265229229513859410e-01
3.929425816660728765e-01 -8.207039384995189479e-01 -9.079652525618280290e-01
3.941647014547489114e-01 -8.392737240606220617e-01 -8.891165079523444259e-01
3.953868212434248908e-01 -8.575353206696597619e-01 -8.699889307158478191e-01
3.966089410321009256e-01 -8.754859880352428014e-01 -8.505946989311140571e-01
3.975885794530298889e-01 -8.896490975786998101e-01 -8.348641833967189729e-01
3.985682178739590187e-01 -9.036095910489139182e-01 -8.189767010851247697e-01
3.995478562948880930e-01 -9.173663523974273648e-01 -8.029382256593754486e-01
4.005274947158171117e-01 -9.309183440688791888e-01 -7.867546367547595398e-01
4.015089505737350906e-01 -9.442891728044177091e-01 -7.704015626928643057e-01
4.024904064316531249e-01 -9.574526260424628399e-01 -7.539149111228587996e-01
4.034718622895709927e-01 -9.704079001081067357e-01 -7.373003996229008372e-01
4.044533181474890271e-01 -9.831542672233849478e-01 -7.205636915053535985e-01
4.054366193923388262e-01 -9.957144479165359607e-01 -7.036788014012472781e-01
4.064199206371885142e-01 -1.008063701119634503e+00 -6.866828315966134744e-01
4.074032218820382023e-01 -1.020201518353825332e+00 -6.695812511740332207e-01
4.083865231268878904e-01 -1.032127459772547162e+00 -6.523794644791185426e-01
4.093716963483209903e-01 -1.043863249662996040e+00 -6.350499744691424642e-01
4.103568695697539792e-01 -1.055385681207482662e+00 -6.176308916526803694e-01
4.113420427911870791e-01 -1.066694517180548862e+00 -6.001274140050646411e-01
4.123272160126201236e-01 -1.077789582607341146e+00 -5.825446704806476195e-01
4.133142878436527057e-01 -1.088691526712028512e+00 -5.648537839889060663e-01
4.143013596746851213e-01 -1.099378716273854195e+00 -5.470937247919254176e-01
4.152884315057175924e-01 -1.109851162382433643e+00 -5.292694066458140112e-01
4.162755033367501190e-01 -1.120108930070277342e+00 -5.113856617513724556e-01
4.172645010635290252e-01 -1.130171521875667828e+00 -4.934123351516784828e-01
4.182534987903078205e-01 -1.140018892665469519e+00 -4.753890818394712614e-01
4.192424965170867268e-01 -1.149651276966944691e+00 -4.573204983662196299e-01
4.202314942438655776e-01 -1.159068964975653593e+00 -4.392111197670778844e-01
4.212227482547770130e-01 -1.168293051042846642e+00 -4.210241069070635445e-01
4.222140022656882263e-01 -1.177302202915962326e+00 -4.028052722338504310e-01
4.232052562765996062e-01 -1.186096867885332085e+00 -3.845589685202432939e-01
4.241965102875108751e-01 -1.194677543076021475e+00 -3.662894843508621712e-01
4.251877642984221994e-01 -1.203044774402818984e+00 -3.480010442545512506e-01
4.261811722776812084e-01 -1.211216642449636449e+00 -3.296581143871690767e-01
4.271745802569402173e-01 -1.219175379671940229e+00 -3.113045956391596869e-01
4.281679882361992262e-01 -1.226921671603846686e+00 -2.929444551486970472e-01
4.291613962154581796e-01 -1.234456241900578233e+00 -2.745815449652367901e-01
4.301567804929378180e-01 -1.241794210305837476e+00 -2.561831553220614288e-01
4.311521647704175120e-01 -1.248921185749669371e+00 -2.377895830005747890e-01
4.321475490478970949e-01 -1.255838013158578681e+00 -2.194044629267664359e-01
4.331429333253766778e-01 -1.262545572614135470e+00 -2.010313738783617854e-01
4.341403004034695146e-01 -1.269057517181038097e+00 -1.826373338287240744e-01
4.351376674815624068e-01 -1.275361236444022106e+00 -1.642624478229728069e-01
4.361350345596550770e-01 -1.281457719938615014e+00 -1.459100810530664094e-01
4.371324016377479138e-01 -1.287347986208152495e+00 -1.275835283890011107e-01
4.381317600079985830e-01 -1.293044226940683661e+00 -1.092495408037574417e-01
4.391311183782494187e-01 -1.298535560930595523e+00 -9.094791255339110259e-02
4.401304767484999769e-01 -1.303823103491662971e+00 -7.268172949697618290e-02
4.411298351187508127e-01 -1.308908000609877886e+00 -5.445402466452844981e-02
4.421311902823116813e-01 -1.313800984615521639e+00 -3.623149809222933615e-02
4.431325454458727164e-01 -1.318492907752780940e+00 -1.805355339296866105e-02
4.441339006094336961e-01 -1.322985002052156300e+00 7.698494177065057990e-05
4.451352557729946757e-01 -1.327278514929695730e+00 1.815740249805759474e-02
4.461383128646460028e-01 -1.331381502570819997e+00 3.621568981002704773e-02
4.471413699562972743e-01 -1.335287792704337839e+00 5.421851697174312479e-02
4.481444270479484904e-01 -1.338998703923705680e+00 7.216335928432368596e-02
4.491495833164476092e-01 -1.342522734742321866e+00 9.008512489550755953e-02
4.501547395849466171e-01 -1.345853281302035187e+00 1.079438513100820923e-01
4.511598958534456250e-01 -1.348991729168902864e+00 1.257372119050730319e-01
4.521650521219445773e-01 -1.351939484699688609e+00 1.434628991850525614e-01
4.531702083904435852e-01 -1.354697974844090380e+00 1.611186241605159220e-01
4.571995547235140900e-01 -1.363873432897613647e+00 2.311376205668254358e-01
4.612368252831767768e-01 -1.370136822460984671e+00 3.000019411716084994e-01
4.652819592943879257e-01 -1.373569544805762987e+00 3.675904247666996749e-01
4.693348783544071812e-01 -1.374256717452001508e+00 4.337940924725048331e-01
4.733955065266273188e-01 -1.372285966193663054e+00 4.985174167254404209e-01
4.784822981688974797e-01 -1.366215856775809145e+00 5.772097339902244606e-01
4.825599532103003741e-01 -1.358597040313963777e+00 6.383058095996677617e-01
4.866449712303865804e-01 -1.348619861048740765e+00 6.976829038409548822e-01
4.907371949891458085e-01 -1.336379139063811117e+00 7.552908733513368222e-01
4.948364585384024128e-01 -1.321970211252446070e+00 8.110879359090800156e-01
4.989425778493357111e-01 -1.305488790824703926e+00 8.650402408808646193e-01
5.020264094695874313e-01 -1.291827342314776805e+00 9.042783419468920503e-01
5.051138832495274400e-01 -1.277093953119001757e+00 9.424578774443407303e-01
5.092361856145506405e-01 -1.255848048405629580e+00 9.917104778095376938e-01
5.133645520198434342e-01 -1.232860730149389905e+00 1.039068383222371272e+00
5.174987117319133079e-01 -1.208224695775849566e+00 1.084532424687396190e+00
5.216383508218596088e-01 -1.182031493040452297e+00 1.128110539942706936e+00
5.257831480915519107e-01 -1.154370973214244422e+00 1.169816641603047769e+00
5.299327976174466048e-01 -1.125330715692039796e+00 1.209670181800703848e+00
5.340869657500283418e-01 -1.094996480466838840e+00 1.247695158566464180e+00
5.382452599924625325e-01 -1.063452611875765452e+00 1.283919491471397389e+00
5.424072497157466088e-01 -1.030781621654087488e+00 1.318374817069061233e+00
5.465725012540574301e-01 -9.970635306231210304e-01 1.351096137258261720e+00
5.507405845750824591e-01 -9.623756936855013544e-01 1.382121201376310671e+00
5.549110536012068495e-01 -9.267930980715506362e-01 1.411489870871381447e+00
5.590834321773656690e-01 -8.903882728965715199e-01 1.439244855163772208e+00
5.643010869630014081e-01 -8.438308627371058357e-01 1.471736185649280992e+00
5.684758978830769527e-01 -8.058299786956634181e-01 1.496020326836273728e+00
5.726509199913500936e-01 -7.672270334320440144e-01 1.518836553064414119e+00
5.768255755389478656e-01 -7.280846256769567537e-01 1.540229587538948675e+00
5.809992666418749563e-01 -6.884630825267804566e-01 1.560250844161118255e+00
5.851713896051653485e-01 -6.484203880055345870e-01 1.578944990062901788e+00
5.882989619740793819e-01 -6.181460981922006770e-01 1.592124527220045049e+00
5.935085681122563850e-01 -5.672890837126971508e-01 1.612550963769473045e+00
5.976721595114997676e-01 -5.263056911714771857e-01 1.627558310165752253e+00
6.018315407075064405e-01 -4.851097594176903560e-01 1.641431295764438580e+00
6.059860031390628121e-01 -4.437477769303705966e-01 1.654217742385853729e+00
6.101348262532020339e-01 -4.022642198028011928e-01 1.665964052280100915e+00
6.142772761532119263e-01 -3.607013819652706288e-01 1.676715604799517534e+00
6.184126036405177551e-01 -3.190995177408990080e-01 1.686516472708697645e+00
6.225400396928169044e-01 -2.774970167711697799e-01 1.695409345919917765e+00
6.266587955232777452e-01 -2.359305078464866146e-01 1.703435524075315399e+00
6.307680621340325811e-01 -1.944349208232403481e-01 1.710634923406797681e+00
6.348670077734064332e-01 -1.530435712498138812e-01 1.717046034630379303e+00
6.389547727646552877e-01 -1.117883096584960101e-01 1.722705795227775338e+00
6.430304670771704867e-01 -7.069964152298123528e-02 1.727649433156338787e+00
6.470931794239351831e-01 -2.980667959833519648e-02 1.731910385665362817e+00
6.511419830734889169e-01 1.086287823274169860e-02 1.735520470166493023e+00
6.551759295578980513e-01 5.128260555863808912e-02 1.738510228188044016e+00
6.591940368817645890e-01 9.142712905700482728e-02 1.740909079160136486e+00
6.631952816224888636e-01 1.312719807171965625e-01 1.742745239097171828e+00
6.671786041264677891e-01 1.707936274970361656e-01 1.744045575637008350e+00
6.711429148974273895e-01 2.099695195425111405e-01 1.744835495096896061e+00
6.750870927600961524e-01 2.487780165833733403e-01 1.745138905102220805e+00
6.790099725167971778e-01 2.871981790023448444e-01 1.744978199517168926e+00
6.829103352717456055e-01 3.252095989039542889e-01 1.744374194413574219e+00
6.867869018151261384e-01 3.627922859731378402e-01 1.743345953352505306e+00
6.906383285912754966e-01 3.999265949580688151e-01 1.741910293637324303e+00
6.944632064204609989e-01 4.365931708862054172e-01 1.740081092126998685e+00
6.982600501045075347e-01 4.727729010052836300e-01 1.737868828107604458e+00
7.020272815871985150e-01 5.084459935106729889e-01 1.735279605668803349e+00
7.038990663650485091e-01 5.260848759001469643e-01 1.733844576922779712e+00
7.057628000939073498e-01 5.435897555532884784e-01 1.732316059528326901e+00
7.094655902404470860e-01 5.781898843018751233e-01 1.728976292561968053e+00
7.131331888985167344e-01 6.122222795383852612e-01 1.725249882526803002e+00
7.167633315432266894e-01 6.456618042347642694e-01 1.721119901845928002e+00
7.203534697890988658e-01 6.784819645831743351e-01 1.716530540315958309e+00
7.239006927315578821e-01 7.106549435079685395e-01 1.711632982680046933e+00
7.274037472512754343e-01 7.421778614076737224e-01 1.706888288114605690e+00
7.308631569784361792e-01 7.730720959632323419e-01 1.702395036931802386e+00
7.342794427454362172e-01 8.033595617392064181e-01 1.698141680960135957e+00
7.376531370894844342e-01 8.330609131326208727e-01 1.694117201470700884e+00
7.409847640846142225e-01 8.621957508568335316e-01 1.690311142291422097e+00
7.442748211369105693e-01 8.907824692769451547e-01 1.686713594798466165e+00
7.475237974064263824e-01 9.188385164205491451e-01 1.683315142472708192e+00
7.507321962838469087e-01 9.463806914960662953e-01 1.680106809638046039e+00
7.539005302043194634e-01 9.734251336859173209e-01 1.677080044794227787e+00
7.570292970629285412e-01 9.999871219340432660e-01 1.674226721105701809e+00
7.601189748256973466e-01 1.026081066302482636e+00 1.671539115286192034e+00
7.631700307096180858e-01 1.051720649172063649e+00 1.669009875134554344e+00
7.661829280312825174e-01 1.076918933099119347e+00 1.666631993192697170e+00
7.691581275626218073e-01 1.101688408444669198e+00 1.664398787476317532e+00
7.720960887207071188e-01 1.126041041555378097e+00 1.662303883573513996e+00
7.749972707982543119e-01 1.149988321129306934e+00 1.660341197949440684e+00
7.778621289318303766e-01 1.173541243559328873e+00 1.658504925629852300e+00
7.806911033824630586e-01 1.196710233568102355e+00 1.656789532394753905e+00
7.834846171445913887e-01 1.219505151033703161e+00 1.655189740754800853e+00
7.862430869060449412e-01 1.241935426657694519e+00 1.653700509288435816e+00
7.889669369237084506e-01 1.264010212408182898e+00 1.652317013295949710e+00
7.916565982021911418e-01 1.285738387475675593e+00 1.651034636060043193e+00
7.943124974778934533e-01 1.307128473462385809e+00 1.649848964861130529e+00
7.969350495080719243e-01 1.328188587326199821e+00 1.648755784063268504e+00
7.995246585495641156e-01 1.348926476915882189e+00 1.647751063748774447e+00
8.020817215573190495e-01 1.369349567848749505e+00 1.646830948875786182e+00
8.046066294762304061e-01 1.389464989068454059e+00 1.645991749956648098e+00
8.070997653306969388e-01 1.409279570686612804e+00 1.645229935857559500e+00
8.095615092888481801e-01 1.428799898145744374e+00 1.644542124267000638e+00
8.119922431475441460e-01 1.448032360624010861e+00 1.643925073867724240e+00
8.143923505053758394e-01 1.466983161977574834e+00 1.643375678081459457e+00
8.167622071215497881e-01 1.485658253222644998e+00 1.642890961751877432e+00
8.191021778306492029e-01 1.504063319653867969e+00 1.642468074990838467e+00
8.214126187949533087e-01 1.522203811994128797e+00 1.642104286535073454e+00
8.236938850346046115e-01 1.540085017295789171e+00 1.641796976715179879e+00
8.259463322523640239e-01 1.557712080977050384e+00 1.641543632706979894e+00
8.281703138888254490e-01 1.575089988411126241e+00 1.641341844287328211e+00
8.303661724506571362e-01 1.592223502625756515e+00 1.641189300199584311e+00
8.325342380230222883e-01 1.609117162246711308e+00 1.641083783068022273e+00
8.346748353855768521e-01 1.625775348238848395e+00 1.641023164402160894e+00
8.367882947421915185e-01 1.642202375194784514e+00 1.641005400248535473e+00
8.388749484008726220e-01 1.658402469165573434e+00 1.641028528583403645e+00
8.409351219691613144e-01 1.674379703411506881e+00 1.641090666032189560e+00
8.429691303017050608e-01 1.690137973567494400e+00 1.641190004112613510e+00
8.449772835243484215e-01 1.705681050804002563e+00 1.641324805642655926e+00
8.469598912257328971e-01 1.721012618937785676e+00 1.641493402050850259e+00
8.489172622932020795e-01 1.736136277567613684e+00 1.641694190849077639e+00
8.508497044538249066e-01 1.751055543442477047e+00 1.641925633055882239e+00
8.527575229688695302e-01 1.765773844711175267e+00 1.642186250522128077e+00
8.546410160783932675e-01 1.780294489515979794e+00 1.642474622797586159e+00
8.565004710086118189e-01 1.794620639496909309e+00 1.642789383821216642e+00
8.583361673787008872e-01 1.808755339791600303e+00 1.643129219761688242e+00
8.601483873498577681e-01 1.822701598663241995e+00 1.643492868484105252e+00
8.619374190156378068e-01 1.836462414377460828e+00 1.643879118759641544e+00
8.637035513945729992e-01 1.850040740357504765e+00 1.644286807749882007e+00
8.654470650665438969e-01 1.863439419550209308e+00 1.644714817218638769e+00
8.671682312272307458e-01 1.876661181645651100e+00 1.645162070976281310e+00
8.688673159218502917e-01 1.889708675844058883e+00 1.645627533946974808e+00
8.705445856873960109e-01 1.902584513325601856e+00 1.646110211945484458e+00
8.722003068198478370e-01 1.915291264140020155e+00 1.646609150195461169e+00
8.738347418094588592e-01 1.927831435161310392e+00 1.647123430856228810e+00
8.754481467852704979e-01 1.940207453941878768e+00 1.647652170725266041e+00
8.770407741766889087e-01 1.952421688412053546e+00 1.648194520525840145e+00
8.786128771136945126e-01 1.964476478708891083e+00 1.648749665108156792e+00
8.801647113007132761e-01 1.976374152698939568e+00 1.649316823071169447e+00
8.816965317742312402e-01 1.988117005760024592e+00 1.649895244661350402e+00
8.832085878593547434e-01 1.999707267411288347e+00 1.650484208707712508e+00
8.847011190561783200e-01 2.011147072707238692e+00 1.651083019714991051e+00
8.861743569071006688e-01 2.022438476351441139e+00 1.651691007098390562e+00
8.876285293506940288e-01 2.033583483595450048e+00 1.652307525812930500e+00
8.890638676536581908e-01 2.044584100771174917e+00 1.652931958262987111e+00
8.904806072870743439e-01 2.055442341675183471e+00 1.653563714176254251e+00
8.918789864151801527e-01 2.066160218526917003e+00 1.654202229274548630e+00
8.932592404372767803e-01 2.076739704764991590e+00 1.654846962165651192e+00
8.946215989640163846e-01 2.087182716568219298e+00 1.655497391967108545e+00
8.959662842038009778e-01 2.097491103942322077e+00 1.656153016554288371e+00
8.972935117732897536e-01 2.107666658156942319e+00 1.656813351937366896e+00
8.986034927209798351e-01 2.117711126106004649e+00 1.657477932340477356e+00
8.998964354025826839e-01 2.127626221816059982e+00 1.658146310407391022e+00
9.011725489915097809e-01 2.137413649922060177e+00 1.658818058323347611e+00
9.024320447860507688e-01 2.147075114391354678e+00 1.659492768032592158e+00
9.036751353555274591e-01 2.156612315049602380e+00 1.660170050280841192e+00
9.049020296532450658e-01 2.166026916594836926e+00 1.660849531478875818e+00
9.061129304280890473e-01 2.175320532890338665e+00 1.661530851579283929e+00
9.073080357373773941e-01 2.184494737035228340e+00 1.662213664191781293e+00
9.084875419218813031e-01 2.193551080457785130e+00 1.662897637656524985e+00
9.096516449412487271e-01 2.202491101870348356e+00 1.663582455326562126e+00
9.108005396977110202e-01 2.211316323983013810e+00 1.664267814735730822e+00
9.119344190251117421e-01 2.220028248322262865e+00 1.664953426527830294e+00
9.130534727752540602e-01 2.228628349710509937e+00 1.665639013422497428e+00
9.141578874195450677e-01 2.237118073585285138e+00 1.666324309469351617e+00
9.152478462184302499e-01 2.245498838011326548e+00 1.667009059678925764e+00
9.163235307136011754e-01 2.253772041363840906e+00 1.667693020486147759e+00
9.173851213290326045e-01 2.261939070212423353e+00 1.668375959759260674e+00
9.184327978233862710e-01 2.270001299456973154e+00 1.669057656710530635e+00
9.194667382392092136e-01 2.277960086621719338e+00 1.669737900885066129e+00
9.204871184823875119e-01 2.285816769753707511e+00 1.670416491505183343e+00
9.214941118815067611e-01 2.293572665313357017e+00 1.671093236805982762e+00
9.224878885587296518e-01 2.301229064456323581e+00 1.671767953245969496e+00
9.234686156415649050e-01 2.308787234735974359e+00 1.672440465270418120e+00
9.244364580894727235e-01 2.316248424634769432e+00 1.673110605541329399e+00
9.253915805410551920e-01 2.323613874973400328e+00 1.673778215892953725e+00
9.263341472457474746e-01 2.330884818001022207e+00 1.674443147036686730e+00
9.272643205556930779e-01 2.338062469232373708e+00 1.675105257234027700e+00
9.281822593195951931e-01 2.345148019595148625e+00 1.675764410864499121e+00
9.290881192404382150e-01 2.352142639335299545e+00 1.676420478358954469e+00
9.299820544127295197e-01 2.359047486765700086e+00 1.677073337021129262e+00
9.308642183379219892e-01 2.365863711821952542e+00 1.677722871527886683e+00
9.317347637709364472e-01 2.372592453075145436e+00 1.678368973599969616e+00
9.325938419655581679e-01 2.379234833417647632e+00 1.679011541225731374e+00
9.334416025644689530e-01 2.385791961427184305e+00 1.679650478348902576e+00
9.342781940582032263e-01 2.392264935888762878e+00 1.680285694992873502e+00
9.351037639763524201e-01 2.398654846976676858e+00 1.680917107207372752e+00
9.359184581932523672e-01 2.404962772932713211e+00 1.681544636323654585e+00
9.367224180073485673e-01 2.411189762917371304e+00 1.682168206504670360e+00
9.375157793601903711e-01 2.417336834936323786e+00 1.682787743845384876e+00
9.382986736089657942e-01 2.423404979463255948e+00 1.683403176728081263e+00
9.390712321160756826e-01 2.429395185940428359e+00 1.684014439185212986e+00
9.398335891165293665e-01 2.435308457472340482e+00 1.684621473053319551e+00
9.405858812974943195e-01 2.441145806979788446e+00 1.685224227573772771e+00
9.413282457717848661e-01 2.446908244633041019e+00 1.685822657673675451e+00
9.420608178502133390e-01 2.452596763021595905e+00 1.686416722046845340e+00
9.427837310928691705e-01 2.458212338506102324e+00 1.687006383007292998e+00
9.434971161334501089e-01 2.463755926663885987e+00 1.687591605359955782e+00
9.442010983676487612e-01 2.469228451272666991e+00 1.688172354324435354e+00
9.448957981803430828e-01 2.474630808006193394e+00 1.688748595487415738e+00
9.455813325674083947e-01 2.479963868912512304e+00 1.689320295962521756e+00
9.462578189837917986e-01 2.485228498323131419e+00 1.689887427422155142e+00
9.469253759203707377e-01 2.490425550204938165e+00 1.690449966502036716e+00
9.475841219105402002e-01 2.495555867092915214e+00 1.691007893870256185e+00
9.482341736882211602e-01 2.500620282842907827e+00 1.691561192566775729e+00
9.488756453742962504e-01 2.505619628501432050e+00 1.692109847184341875e+00
9.495086488587556328e-01 2.510554736291668476e+00 1.692653844069239355e+00
9.501332951313513631e-01 2.515426449558860522e+00 1.693193172357468690e+00
9.507496960826257171e-01 2.520235638226707042e+00 1.693727825448533508e+00
9.513579651353069044e-01 2.524983203040358948e+00 1.694257801510229866e+00
9.519582165945869034e-01 2.529670057691093987e+00 1.694783102855668355e+00
9.525505625735545268e-01 2.534297084745046114e+00 1.695303733185922646e+00
9.531351118401709677e-01 2.538865119078068666e+00 1.695819696430379553e+00
9.537119697698679399e-01 2.543374951206623269e+00 1.696330996565910798e+00
9.542812403202287630e-01 2.547827347374061802e+00 1.696837639227932737e+00
9.548430270251752061e-01 2.552223058618802831e+00 1.697339632503852114e+00
9.553974327455952986e-01 2.556562821947564235e+00 1.697836986632401901e+00
9.559445589026865919e-01 2.560847367355725268e+00 1.698329713237056948e+00
9.564845050053580877e-01 2.565077426919177395e+00 1.698817824820051836e+00
9.570173690229182295e-01 2.569253738806327458e+00 1.699301335019687054e+00
9.575432481385535155e-01 2.573377044508959877e+00 1.699780259220735168e+00
9.580622389120657667e-01 2.577448080343213377e+00 1.700254614639754136e+00
9.585744372418232295e-01 2.581467574084785443e+00 1.700724420224294819e+00
9.590799381259947909e-01 2.585436245129182353e+00 1.701189696369018067e+00
9.595788354479902749e-01 2.589354805652473335e+00 1.701650464651359718e+00
9.600712216912781205e-01 2.593223960348579382e+00 1.702106747501110462e+00
9.605571877573033657e-01 2.597044405240090281e+00 1.702558567964488789e+00
9.610368233668841187e-01 2.600816829459564605e+00 1.703005950009683245e+00
9.615102176430252445e-01 2.604541918165105940e+00 1.703448919010204454e+00
9.619774592602109431e-01 2.608220353058444463e+00 1.703887501833764917e+00
9.624386363595022198e-01 2.611852811586341971e+00 1.704321726712842100e+00
9.628938363592510763e-01 2.615439965322320592e+00 1.704751623017139339e+00
9.633431459530198415e-01 2.618982480023316572e+00 1.705177221200657289e+00
9.637866510388649610e-01 2.622481016452533176e+00 1.705598552683996738e+00
9.642244362725824747e-01 2.625936228938114070e+00 1.706015649382276678e+00
9.646565852206075986e-01 2.629348766367945789e+00 1.706428543798419684e+00
9.650831808361504116e-01 2.632719273805744109e+00 1.706837269429456239e+00
9.655043054562382210e-01 2.636048391551205405e+00 1.707241860720832172e+00
9.659200402356747928e-01 2.639336751938176739e+00 1.707642352479597614e+00
9.663304647237355161e-01 2.642584977727347351e+00 1.708038779417368813e+00
9.667356570265409621e-01 2.645793682813795566e+00 1.708431176259145534e+00
9.671356950751521797e-01 2.648963479811115018e+00 1.708819578923376215e+00
9.675306568648514016e-01 2.652094980865725038e+00 1.709204024726109550e+00
9.679206204413721704e-01 2.655188797560417147e+00 1.709584552336894436e+00
9.683056632759791116e-01 2.658245535460429299e+00 1.709961201139935882e+00
9.686858619411236049e-01 2.661265790954715715e+00 1.710334010879907662e+00
9.690612920205190495e-01 2.664250150919411197e+00 1.710703021534731860e+00
9.694320280361357067e-01 2.667199194060790202e+00 1.711068273206285184e+00
9.697981436541373013e-01 2.670113494080935013e+00 1.711429806286533628e+00
9.701597119736792285e-01 2.672993621157996991e+00 1.711787661710434616e+00
9.705168057640763957e-01 2.675840142294144908e+00 1.712141881160225587e+00
9.708694969864466451e-01 2.678653617396606013e+00 1.712492506563807471e+00
9.712178563702503764e-01 2.681434597371633366e+00 1.712839579640414334e+00
9.715619532024425409e-01 2.684183623092299076e+00 1.713183141656375641e+00
9.719018559824413872e-01 2.686901227600780651e+00 1.713523234044732391e+00
9.722376334334535963e-01 2.689587940372652586e+00 1.713859899388829877e+00
9.725693544860373185e-01 2.692244286670403497e+00 1.714193181388549148e+00
9.728970879945362249e-01 2.694870786979812305e+00 1.714523124553882560e+00
9.732209017546173957e-01 2.697467950665240366e+00 1.714849773194638383e+00
9.735408623544371531e-01 2.700036274585898788e+00 1.715173171239219752e+00
9.738570353791702328e-01 2.702576243954376345e+00 1.715493362411621758e+00
9.741694855365269357e-01 2.705088334504718528e+00 1.715810390331309554e+00
9.744782765863391205e-01 2.707573014099528663e+00 1.716124298416538352e+00
9.747834712405878399e-01 2.710030742925408020e+00 1.716435129757992062e+00
9.750851311684266554e-01 2.712461972413247491e+00 1.716742927099814686e+00
9.753833174776915804e-01 2.714867146723937807e+00 1.717047733306279689e+00
9.756780908428658305e-01 2.717246703175867140e+00 1.717349591473804393e+00
9.759695114299516971e-01 2.719601072251145890e+00 1.717648544835489011e+00
9.762576389021463408e-01 2.721930675509033559e+00 1.717944636748127030e+00
9.765425324979953858e-01 2.724235922664165699e+00 1.718237910753882769e+00
9.768242509432418785e-01 2.726517209453049873e+00 1.718528410470911760e+00
9.771028522833710150e-01 2.728774918836366581e+00 1.718816179401058353e+00
9.773783933517848910e-01 2.731009422782917806e+00 1.719101260361611816e+00
9.776509296593629550e-01 2.733221085332905087e+00 1.719383695349064656e+00
9.779205156231944862e-01 2.735410264028453664e+00 1.719663525755708466e+00
9.781872047434609918e-01 2.737577308730677395e+00 1.719940792535696206e+00
9.784510495060143587e-01 2.739722558252483786e+00 1.720215536085529573e+00
9.787121011965591588e-01 2.741846338744176492e+00 1.720487796031617389e+00
9.789704097928612070e-01 2.743948963407405461e+00 1.720757611100016016e+00
9.792260248675913603e-01 2.746030738573668639e+00 1.721025020041079046e+00
9.794789964416771300e-01 2.748091968788896722e+00 1.721290062510788754e+00
9.797293750085785957e-01 2.750132956207725243e+00 1.721552779091603202e+00
9.799772111141689113e-01 2.752154000098109954e+00 1.721813210844033382e+00
9.802225538059048393e-01 2.754155390004514370e+00 1.722071397667843229e+00
9.804654503645000574e-01 2.756137412746845428e+00 1.722327378001293097e+00
9.807059465012439858e-01 2.758100318946735019e+00 1.722581189007874380e+00
9.809440869290046994e-01 2.760044405288988756e+00 1.722832867166032011e+00
9.811799158740861504e-01 2.761969918524756817e+00 1.723082448798242350e+00
9.814134771051555850e-01 2.763877117611826417e+00 1.723329970088933072e+00
9.816448139740299172e-01 2.765766259664832916e+00 1.723575467120682880e+00
9.818739695684386426e-01 2.767637602778921124e+00 1.723818976027660099e+00
9.821009867550495320e-01 2.769491409565226547e+00 1.724060533034646125e+00
9.823259081899210488e-01 2.771327947008037196e+00 1.724300174462045421e+00
9.825487766341645113e-01 2.773147489276853062e+00 1.724537937058458148e+00
9.827696354372893461e-01 2.774950321823288935e+00 1.724773858513678704e+00
9.829885289087769706e-01 2.776736744410214897e+00 1.725007977855356867e+00
9.832055018255810852e-01 2.778507068684651582e+00 1.725240334923986207e+00
9.834205977716130587e-01 2.780261607376255384e+00 1.725470968593055376e+00
9.836338588957453943e-01 2.782000673795300916e+00 1.725699916498534492e+00
9.838453264273652188e-01 2.783724585820011033e+00 1.725927215581532170e+00
9.840550431756610594e-01 2.785433684957648648e+00 1.726152904767197960e+00
9.842630544299338924e-01 2.787128342118077917e+00 1.726377025943984123e+00
9.844694079699815026e-01 2.788808958925334647e+00 1.726599623987496335e+00
9.846741527711339037e-01 2.790475962301812274e+00 1.726820745373722543e+00
9.848773386240422534e-01 2.792129806111562917e+00 1.727040437773274872e+00
9.850790165882933325e-01 2.793770973192821305e+00 1.727258750547270516e+00
9.852792397559874127e-01 2.795399973201539989e+00 1.727475735580699334e+00
9.854780637322345660e-01 2.797017339927189372e+00 1.727691447813641146e+00
9.856755468082143423e-01 2.798623634272820127e+00 1.727905945440266322e+00
9.858717495053704871e-01 2.800219447606318912e+00 1.728119289425190885e+00
9.860667343401825491e-01 2.801805391831343695e+00 1.728331543254132852e+00
9.862605662335471868e-01 2.803382157855604628e+00 1.728542773396056109e+00
9.864533145194630537e-01 2.804950417452300115e+00 1.728753051505456328e+00
9.866450541503118954e-01 2.806510922606925806e+00 1.728962455747149018e+00
9.867880381885917318e-01 2.807675037871154355e+00 1.729118759776407499e+00
9.869309532600107904e-01 2.808839004404555695e+00 1.729275114134308344e+00
9.871205341790296739e-01 2.810383790307420693e+00 1.729482716778215634e+00
9.872620466585018129e-01 2.811537566852083447e+00 1.729637825968063369e+00
9.874036170961336678e-01 2.812692467061175705e+00 1.729793122354803758e+00
9.875916216718324536e-01 2.814227291153968302e+00 1.729999546365569074e+00
9.877556032248382412e-01 2.815567211308492634e+00 1.730179772329834664e+00
9.878728339090028232e-01 2.816525897077014839e+00 1.730308718328336770e+00
9.880364164951689343e-01 2.817864800608252729e+00 1.730488790968064183e+00
9.881766700670048253e-01 2.819013948673912306e+00 1.730643315397142779e+00
9.882701561032216642e-01 2.819780572226712412e+00 1.730746381729018735e+00
9.884161744165290697e-01 2.820979090654760046e+00 1.730907472898941757e+00
9.885274938018725477e-01 2.821893766964919781e+00 1.731030372853573418e+00
9.886441702430321943e-01 2.822853409187942919e+00 1.731159270474050382e+00
9.887615048409820195e-01 2.823819490963315193e+00 1.731288981349295764e+00
9.888671405303265383e-01 2.824690172261692389e+00 1.731405833386055360e+00
9.889964814527246739e-01 2.825757482188694603e+00 1.731549003438414669e+00
9.891379956535801821e-01 2.826926898586299863e+00 1.731705769410687434e+00
9.892563647329785104e-01 2.827906455616082670e+00 1.731836993196977259e+00
9.893750463211569146e-01 2.828889937817637978e+00 1.731968652769368511e+00
9.894943121748573933e-01 2.829879662534227069e+00 1.732101050860836322e+00
9.896140207055634797e-01 2.830874527316526557e+00 1.732234031717919898e+00
9.897159914823099314e-01 2.831723170943579948e+00 1.732347380580670171e+00
9.898434705941348000e-01 2.832785691608752376e+00 1.732489177999006369e+00
9.899375585064562610e-01 2.833571053302651244e+00 1.732593900900891937e+00
9.900878310668779214e-01 2.834827472117835701e+00 1.732761277857819193e+00
9.901743200970993808e-01 2.835551788798017725e+00 1.732857677665445406e+00
9.902609137873940037e-01 2.836277869196322854e+00 1.732954242879093609e+00
9.903612026626938958e-01 2.837119903105985053e+00 1.733066141467096255e+00
9.904874739384739168e-01 2.838181840474129469e+00 1.733207123896474799e+00
9.905894425236058121e-01 2.839040848420788965e+00 1.733321048712043622e+00
9.907182233334840271e-01 2.840127625023704194e+00 1.733465027618288579e+00
9.907962672147299088e-01 2.840787270345190851e+00 1.733552335294896496e+00
9.909212141403226370e-01 2.841844982639711858e+00 1.733692197728846418e+00
9.910108377596256179e-01 2.842604910468393253e+00 1.733792584304580719e+00
9.911016878566011323e-01 2.843376292140964434e+00 1.733894399575817369e+00
9.912137238991562960e-01 2.844329015097315505e+00 1.734020034295421508e+00
9.913000989104370220e-01 2.845064628724793820e+00 1.734116951173173993e+00
9.913838631252052114e-01 2.845778931522419342e+00 1.734210986931832066e+00
9.914506465589315587e-01 2.846349084366596838e+00 1.734285993854625563e+00
9.915146713824002367e-01 2.846896228984896027e+00 1.734357931069563152e+00
9.916340109879260289e-01 2.847917505890840140e+00 1.734492094048580624e+00
9.917072197375820242e-01 2.848544922226944109e+00 1.734574444680307082e+00
9.918113459853242775e-01 2.849438503907414599e+00 1.734691637462578928e+00
9.918788921488236321e-01 2.850018903465856734e+00 1.734767700084723696e+00
9.919787124284612512e-01 2.850877673999278272e+00 1.734880164354099197e+00
9.920446367295224777e-01 2.851445509509596299e+00 1.734954477409229812e+00
9.921335618592820316e-01 2.852212301312665677e+00 1.735054766591541009e+00
9.922483388488775313e-01 2.853203435663201226e+00 1.735184294072775524e+00
9.923140323712106303e-01 2.853771449340607891e+00 1.735258472324257228e+00
9.923808176287334248e-01 2.854349443460500346e+00 1.735333914948366862e+00
9.924653149416101661e-01 2.855081499316318716e+00 1.735429411559558766e+00
9.925519742114751187e-01 2.855833179328004512e+00 1.735527405113532096e+00
9.926400143689063649e-01 2.856597755387843218e+00 1.735627016023359781e+00
9.927300306504682759e-01 2.857380430582983966e+00 1.735728921340373709e+00
9.928223552515691441e-01 2.858184149941936703e+00 1.735833501761325337e+00
9.928790071570852138e-01 2.858677804216678275e+00 1.735897705261361113e+00
9.929749283407137694e-01 2.859514461335494140e+00 1.736006467036211420e+00
9.930338309415541742e-01 2.860028739736040659e+00 1.736073288830924266e+00
9.931134822473388635e-01 2.860724793179077796e+00 1.736163690471375309e+00
9.931957520679123297e-01 2.861444481762098757e+00 1.736257114533806378e+00
9.932581794112547158e-01 2.861991108493211478e+00 1.736328040312507648e+00
9.933222453859934520e-01 2.862552540961354364e+00 1.736400858907452216e+00
9.934096186032961295e-01 2.863318968442995160e+00 1.736500220086746982e+00
9.934541404540199183e-01 2.863709837258445745e+00 1.736550873351834667e+00
9.935457954224757859e-01 2.864515182269049998e+00 1.736655199648117431e+00
9.936160469382104843e-01 2.865133086210410962e+00 1.736735208323762825e+00
9.936880935992783437e-01 2.865767356589972170e+00 1.736817302235110994e+00
9.937495894572796473e-01 2.866309211976555638e+00 1.736887406884356277e+00
9.938121488219817667e-01 2.866860885564965322e+00 1.736958755248051212e+00
9.939160796672812381e-01 2.867778414250730545e+00 1.737077357859423632e+00
9.939694945657114866e-01 2.868250487213590993e+00 1.737138347796716831e+00
9.940375730092885220e-01 2.868852653979970579e+00 1.737216115085949752e+00
9.941079133971814086e-01 2.869475414067522046e+00 1.737296506937811680e+00
9.941512836844985657e-01 2.869859690468948177e+00 1.737346095508219834e+00
9.942245924467123519e-01 2.870509739008648253e+00 1.737429951361613822e+00
9.942849783485653292e-01 2.871045679323108057e+00 1.737499059695960524e+00
9.943630951281491326e-01 2.871739645287850529e+00 1.737588506852858261e+00
9.944439687478419110e-01 2.872458918243661508e+00 1.737681166965301838e+00
9.944937414949477361e-01 2.872902015596965786e+00 1.737738222335506233e+00
9.945448254080581085e-01 2.873357122776884598e+00 1.737796803728697936e+00
9.946141837795062779e-01 2.873975580635497629e+00 1.737876379346886546e+00
9.946679242963347711e-01 2.874455209497556396e+00 1.737938066554688632e+00
9.947232555508067620e-01 2.874949427689203141e+00 1.738001607490669675e+00
9.947802947091887171e-01 2.875459318707742185e+00 1.738067139524371862e+00
9.948193345282794198e-01 2.875808554511731341e+00 1.738112009798203683e+00
9.948788033927520313e-01 2.876340930863066525e+00 1.738180387880932543e+00
9.949193304565996376e-01 2.876704012130706367e+00 1.738227005824986016e+00
9.949819063874423275e-01 2.877265080714537238e+00 1.738299017609331587e+00
9.950248963278948144e-01 2.877650859313117593e+00 1.738348512219973774e+00
9.950914392447394174e-01 2.878248520270813682e+00 1.738425159615103910e+00
9.951257033035670885e-01 2.878556512612587603e+00 1.738464643933700593e+00
9.951843888488717260e-01 2.879084404727561886e+00 1.738532298076828519e+00
9.952322115084688559e-01 2.879514932100436742e+00 1.738587455318370667e+00
9.952814503025246839e-01 2.879958537190640655e+00 1.738644270681980242e+00
9.953322073685838545e-01 2.880416171480036702e+00 1.738702864604603215e+00
9.953845960308196350e-01 2.880888895002731598e+00 1.738763370814481846e+00
9.954519586706931378e-01 2.881497318334989455e+00 1.738841214817078651e+00
9.954937886889216880e-01 2.881875470230666814e+00 1.738889578510230294e+00
9.955367586705249350e-01 2.882264199327533749e+00 1.738939280527697751e+00
9.955809446208156999e-01 2.882664208539636341e+00 1.738990410756590999e+00
9.956414875400296793e-01 2.883212747855449898e+00 1.739060504938023000e+00
9.956882115261579402e-01 2.883636435053070546e+00 1.739114629277798585e+00
9.957364305507077074e-01 2.884073998769244085e+00 1.739170512521631684e+00
9.957694647789196996e-01 2.884373954386180827e+00 1.739208813514263596e+00
9.958204391530577348e-01 2.884837111373813823e+00 1.739267940989955852e+00
9.958554331825923978e-01 2.885155287267059165e+00 1.739308550738446701e+00
9.959095524598978733e-01 2.885647710229405138e+00 1.739371385189898866e+00
9.959562594527735513e-01 2.886073037534002239e+00 1.739425643821896017e+00
9.960045505597787674e-01 2.886513130070871735e+00 1.739481772565853568e+00
9.960343411253066437e-01 2.886784788030146487e+00 1.739516413534090589e+00
9.960854494326569775e-01 2.887251123713026058e+00 1.739575870941359348e+00
9.961277448285118519e-01 2.887637310450790640e+00 1.739625102784088551e+00
9.961713919593757627e-01 2.888036088223060016e+00 1.739675934190160866e+00
9.962161918280310058e-01 2.888445663648645301e+00 1.739728136213887666e+00
9.962505693319740896e-01 2.888760144160130938e+00 1.739768213509693684e+00
9.962858572444537320e-01 2.889083128365888431e+00 1.739809370260033683e+00
9.963221125104277931e-01 2.889415153146052795e+00 1.739851674667044046e+00
9.963593986330890884e-01 2.889756814524791384e+00 1.739895202811434949e+00
9.963977866504906133e-01 2.890108774056902252e+00 1.739940039834594776e+00
9.964373559441993544e-01 2.890471771387805422e+00 1.739986280931438811e+00
9.964644356591672025e-01 2.890720309807438326e+00 1.740017941069901042e+00
9.965061743102501257e-01 2.891103569488652880e+00 1.740066763113744530e+00
9.965347929889251111e-01 2.891366483630035678e+00 1.740100255366697768e+00
9.965789926785999508e-01 2.891772744535948458e+00 1.740152009269846811e+00
9.966093636738425632e-01 2.892052048012454080e+00 1.740187590600432932e+00
9.966559567315705914e-01 2.892480778516296258e+00 1.740242208699320114e+00
9.966880427217708061e-01 2.892776193684271302e+00 1.740279843904127821e+00
9.967378328212044281e-01 2.893234885424676328e+00 1.740338282847395890e+00
9.967809783515868549e-01 2.893632623230875556e+00 1.740388961078332297e+00
9.968257684029371291e-01 2.894045765685659966e+00 1.740441609311674576e+00
9.968534955838771472e-01 2.894301638527005505e+00 1.740474221141245392e+00
9.969012406558794837e-01 2.894742447981296429e+00 1.740530414182243968e+00
9.969308756731882770e-01 2.895016193430224760e+00 1.740565316798403872e+00
9.969613046775022136e-01 2.895297387201136718e+00 1.740601174111920946e+00
9.969925771600518516e-01 2.895586496260118992e+00 1.740638046483395707e+00
9.970247479264872092e-01 2.895884036852759191e+00 1.740676000806966384e+00
9.970691443777704999e-01 2.896294858479342871e+00 1.740728417637194214e+00
9.971036607767090887e-01 2.896614417766604443e+00 1.740769201571529479e+00
9.971393088047536546e-01 2.896944595506076414e+00 1.740811352778690813e+00
9.971637472447061334e-01 2.897171025402541567e+00 1.740840267571596600e+00
9.972014842903836884e-01 2.897520788827863125e+00 1.740884946444020143e+00
9.972274093111264115e-01 2.897761158786129165e+00 1.740915661750893406e+00
9.972575290295068173e-01 2.898040511770375360e+00 1.740951369149114081e+00
9.972922000224022643e-01 2.898362200931744237e+00 1.740992502594142399e+00
9.973280657224116164e-01 2.898695120805349745e+00 1.741035088653118068e+00
9.973558081309227275e-01 2.898952737981212557e+00 1.741068054540062082e+00
9.973843238065247530e-01 2.899217621687699253e+00 1.741101962769380229e+00
9.974136641173761975e-01 2.899490249538612563e+00 1.741136876987524618e+00
9.974438858290636256e-01 2.899771150631790917e+00 1.741172867624490861e+00
9.974750515538618467e-01 2.900060907290374690e+00 1.741210012512122596e+00
9.975181926553605694e-01 2.900462140443599068e+00 1.741261482070118216e+00
9.975404964969021293e-01 2.900669645244843498e+00 1.741288116035347944e+00
9.975740710655780497e-01 2.900982095957780782e+00 1.741328241027451096e+00
9.976084019075507348e-01 2.901301699621428920e+00 1.741369310986939478e+00
9.976319905302465374e-01 2.901521365778141792e+00 1.741397554843205242e+00
9.976685048465973038e-01 2.901861498100288372e+00 1.741441316199384470e+00
9.976936576052695127e-01 2.902095858781165383e+00 1.741471490758905283e+00
9.977327010428558296e-01 2.902459733714701784e+00 1.741518378675269263e+00
9.977596755686080066e-01 2.902711189942800640e+00 1.741550808996066513e+00
9.977874647642224204e-01 2.902970292027453603e+00 1.741584250583787741e+00
9.978161248682079210e-01 2.903237569748173819e+00 1.741618775036669176e+00
9.978457182292497230e-01 2.903513615411741355e+00 1.741654461930561615e+00
9.978685681051390199e-01 2.903726805311525272e+00 1.741682044145094199e+00
9.978920154480180882e-01 2.903945608751373086e+00 1.741710372976331023e+00
9.979242710965282592e-01 2.904246667446871211e+00 1.741749387054514209e+00
9.979408528064854789e-01 2.904401456415608429e+00 1.741769463031561660e+00
9.979749878048177480e-01 2.904720142796087590e+00 1.741810835019290682e+00
9.979925724695731803e-01 2.904884332048781825e+00 1.741832171403096652e+00
9.980288529745338089e-01 2.905223119723496783e+00 1.741876244531091356e+00
9.980475867178884020e-01 2.905398075235213096e+00 1.741899030394272962e+00
9.980764821692650335e-01 2.905667956864418588e+00 1.741934214915677570e+00
9.981063982578021188e-01 2.905947407464170684e+00 1.741970693613953847e+00
9.981269508387591305e-01 2.906139414863386783e+00 1.741995786028740723e+00
9.981587598926524585e-01 2.906436610772746398e+00 1.742034673034718928e+00
9.981806669382242703e-01 2.906641306078605158e+00 1.742061492297708902e+00
9.982031749578805790e-01 2.906851621452068546e+00 1.742089080083708774e+00
9.982381475806171300e-01 2.907178401290223313e+00 1.742132013420752967e+00
9.982623346236442208e-01 2.907404398808677737e+00 1.742161756080963686e+00
9.982872737916601569e-01 2.907637420423747177e+00 1.742192467882967666e+00
9.983130182164108302e-01 2.907877961576255110e+00 1.742224220006949542e+00
9.983396273700049228e-01 2.908126577849033279e+00 1.742257092370101290e+00
9.983671684421697723e-01 2.908383893229204542e+00 1.742291175492775235e+00
9.983957179697369178e-01 2.908650612319410467e+00 1.742326572709410604e+00
9.984253637137215920e-01 2.908927542011165102e+00 1.742363402776384573e+00
9.984406293963175028e-01 2.909070126448869864e+00 1.742382398139928013e+00
9.984641183739834114e-01 2.909289486228761046e+00 1.742411667039488909e+00
9.984883613646687861e-01 2.909515841733169683e+00 1.742441929313210069e+00
9.985219528053926874e-01 2.909829409450435556e+00 1.742483954880753583e+00
9.985393346580382357e-01 2.909991633419094725e+00 1.742505745391793370e+00
9.985661963323834156e-01 2.910242281018649457e+00 1.742539481751807617e+00
9.985940768752048502e-01 2.910502364102754758e+00 1.742574579623450415e+00
9.986132751984105882e-01 2.910681407409440702e+00 1.742598797916816711e+00
9.986430633305444227e-01 2.910959114241067347e+00 1.742636458614555073e+00
9.986636340980088455e-01 2.911150813975011520e+00 1.742662527280250728e+00
9.986848179599125963e-01 2.911348152588143723e+00 1.742689426944835418e+00
9.987178338722532134e-01 2.911655550449786745e+00 1.742731464429889465e+00
9.987349444046859093e-01 2.911814784652570598e+00 1.742753306939950342e+00
9.987524851726983233e-01 2.911977965440843530e+00 1.742775740064986811e+00
9.987765844015680239e-01 2.912202055318364735e+00 1.742806631278669194e+00
9.988015577918140098e-01 2.912434137492205810e+00 1.742838731943158415e+00
9.988274800149772314e-01 2.912674874063386987e+00 1.742872151493576549e+00
9.988544362552871370e-01 2.912925016964825087e+00 1.742907015476144572e+00
9.988753905693313895e-01 2.913119314307851315e+00 1.742934198266164803e+00
9.988970266660069930e-01 2.913319782267798086e+00 1.742962342893438210e+00
9.989270221423027785e-01 2.913597433003239257e+00 1.743001496825529628e+00
9.989504550052760168e-01 2.913814113652047677e+00 1.743032198846941272e+00
9.989747628014434833e-01 2.914038659320501434e+00 1.743064157875875653e+00
9.990051947931041232e-01 2.914319420751334988e+00 1.743104334361479157e+00
9.990263205772492716e-01 2.914514072803374489e+00 1.743132337754844441e+00
9.990481762035228197e-01 2.914715207942499831e+00 1.743161409749710344e+00
9.990785530834477290e-01 2.914994317651141476e+00 1.743201994401676114e+00
9.991023505581886344e-01 2.915212595210810331e+00 1.743233940432864948e+00
9.991271012511192540e-01 2.915439237823864715e+00 1.743267314368645904e+00
9.991528929002418957e-01 2.915674970913223252e+00 1.743302260526641501e+00
9.991798280720175507e-01 2.915920636186111636e+00 1.743338948658595955e+00
9.991984794926396241e-01 2.916090414024620880e+00 1.743364474101604333e+00
9.992177328124328684e-01 2.916265355520981206e+00 1.743390930554228779e+00
9.992478392564185796e-01 2.916538215862122030e+00 1.743432528101039436e+00
9.992688036569071786e-01 2.916727696264859393e+00 1.743461667126310788e+00
9.992905497192673403e-01 2.916923749969706492e+00 1.743492050003722538e+00
9.993131439165223728e-01 2.917126886986080692e+00 1.743523795921641195e+00
9.993247827739355493e-01 2.917231292390598973e+00 1.743540223035048076e+00
9.993487959678186705e-01 2.917446147448087057e+00 1.743574279739958266e+00
9.993674973098491954e-01 2.917612932043560203e+00 1.743600963276854987e+00
9.993868412429605108e-01 2.917784909642941571e+00 1.743628717807383488e+00
9.994068783400280598e-01 2.917962432178218268e+00 1.743657639606927656e+00
9.994276648665150198e-01 2.918145884992330075e+00 1.743687838315959526e+00
9.994492639380627708e-01 2.918335693323707680e+00 1.743719439983678399e+00
9.994641497712507539e-01 2.918465993048558360e+00 1.743741358927153096e+00
9.994872678435071656e-01 2.918667450488637183e+00 1.743775636421262876e+00
9.995032449859110324e-01 2.918806002810469202e+00 1.743799504449267346e+00
9.995197091961360858e-01 2.918948156225785073e+00 1.743824260487545574e+00
9.995366937452522249e-01 2.919094094473138945e+00 1.743849978181731153e+00
9.995542352050760249e-01 2.919244015950139826e+00 1.743876741138737474e+00
9.995632269244164592e-01 2.919320532895583575e+00 1.743890543818937600e+00
9.995816803494208536e-01 2.919476804617612498e+00 1.743919056930032685e+00
9.996007985421709874e-01 2.919637567285203961e+00 1.743948880721582606e+00
9.996106220069089776e-01 2.919719694722296310e+00 1.743964325867780829e+00
9.996308346586166849e-01 2.919887572381653751e+00 1.743996379845789146e+00
9.996412368419599348e-01 2.919973358809403230e+00 1.744013032205387281e+00
9.996572341019539509e-01 2.920104414059792042e+00 1.744038863156850860e+00
9.996654165764250477e-01 2.920171019002334223e+00 1.744052187649239194e+00
9.996737268852544656e-01 2.920238349795339694e+00 1.744065802355655892e+00
9.996907478591154916e-01 2.920375199499895214e+00 1.744093961553383476e+00
9.997083254080765258e-01 2.920514933097061228e+00 1.744123474841845711e+00
9.997203659123680142e-01 2.920609642762733049e+00 1.744143981332173521e+00
9.997295716088870909e-01 2.920681459079610409e+00 1.744159837241585631e+00
9.997389315847620139e-01 2.920753916300490527e+00 1.744176131699075150e+00
9.997484485856261704e-01 2.920826973372482094e+00 1.744192896164557860e+00
9.997581247233376933e-01 2.920900576466222809e+00 1.744210166803346507e+00
9.997679612228204116e-01 2.920974656576443174e+00 1.744227986430394450e+00
9.997739394289327786e-01 2.921019293059061273e+00 1.744238961659939413e+00
9.997820000854189537e-01 2.921078987747165456e+00 1.744253949749440480e+00
9.997929051550846768e-01 2.921158796481065245e+00 1.744274615449666888e+00
9.997984214594728414e-01 2.921198728832071545e+00 1.744285263297060906e+00
9.998039795735214064e-01 2.921238648875742250e+00 1.744296134968516210e+00
9.998095779159665852e-01 2.921278525308258267e+00 1.744307237942489985e+00
9.998208912998742814e-01 2.921358033995019365e+00 1.744330163501547126e+00
9.998265973426959663e-01 2.921397568030162706e+00 1.744341968283835476e+00
9.998323339786087116e-01 2.921436913528386636e+00 1.744353967602019218e+00
9.998380985682069344e-01 2.921476037035999340e+00 1.744366103432251069e+00
9.998467947419584778e-01 2.921534263755575456e+00 1.744384199990711481e+00
9.998526250026127382e-01 2.921572770902555849e+00 1.744395998422564320e+00
9.998555514960351109e-01 2.921591941437558404e+00 1.744401713927638875e+00
9.998614299637414993e-01 2.921630138742721705e+00 1.744412717253152723e+00
9.998643847881024671e-01 2.921649184407364430e+00 1.744417983216088652e+00
9.998673512895481785e-01 2.921668203829336896e+00 1.744423090871301651e+00
9.998733233069112547e-01 2.921706190948229587e+00 1.744432856070025073e+00
9.998793574077052826e-01 2.921744168495429950e+00 1.744442070856167648e+00
9.998824016846992180e-01 2.921763175476418173e+00 1.744446495103560091e+00
9.998854656500272275e-01 2.921782202532348549e+00 1.744450810143518993e+00
9.998916573648619632e-01 2.921820338989360000e+00 1.744459146810243499e+00
9.998979452562853920e-01 2.921858634953659717e+00 1.744467151832247653e+00
9.999043416463473388e-01 2.921897138867449506e+00 1.744474893691488004e+00
9.999125084778498485e-01 2.921945623419118121e+00 1.744484306068351698e+00
9.999175115050784601e-01 2.921974940760345696e+00 1.744489871145022741e+00
9.999243130945403291e-01 2.922014316560228142e+00 1.744497253289840621e+00
9.999312785469907094e-01 2.922054049435778733e+00 1.744504655698430939e+00
9.999348281186141163e-01 2.922074060404338258e+00 1.744508386249643550e+00
9.999420696978659207e-01 2.922114374004180615e+00 1.744515942996950120e+00
9.999476355849528098e-01 2.922144879439594334e+00 1.744521730448964858e+00
9.999533256625676714e-01 2.922175619752802600e+00 1.744527652686947539e+00
9.999611203631671996e-01 2.922216971870646329e+00 1.744535812331311275e+00
9.999671357732496935e-01 2.922248263931021217e+00 1.744542175868993850e+00
9.999724755022235678e-01 2.922275571295989138e+00 1.744547892109664433e+00
9.999792197722634501e-01 2.922309407158262928e+00 1.744555225225739692e+00
9.999826680284464864e-01 2.922326417075764127e+00 1.744559031779267855e+00
9.999897257606218393e-01 2.922360597455869957e+00 1.744566961073340527e+00
9.999933403873831894e-01 2.922377765108119974e+00 1.744571101757458997e+00
9.999970151280588304e-01 2.922394976599143046e+00 1.744575371680417986e+00
9.999985024668397449e-01 2.922401872547931934e+00 1.744577118116716452e+00
