# -92 2 0.115731712692 9.20570506794e-06
# x xi_r xi_h
1.310287751119751072e-03 2.022203709946634547e+02 7.336392341991236776e+01
1.460995662986557019e-03 2.037493692254622886e+02 6.620480454219905653e+01
1.650884358646134958e-03 1.985641406059850738e+02 5.308275603589441261e+01
1.840773054305712029e-03 1.861441398077956535e+02 3.651258842597351872e+01
2.080034956818093209e-03 1.619977704996964007e+02 1.286399517159697936e+01
2.319296859330475039e-03 1.309326883171642635e+02 -1.088393876909031910e+01
2.520287072229036949e-03 1.018012839148671560e+02 -2.859304137635879428e+01
2.721277285127598859e-03 7.206369381464436685e+01 -4.268999646207382881e+01
2.922267498026161203e-03 4.354972187220780455e+01 -5.204832843251645613e+01
3.112225549436466957e-03 1.915889346069909749e+01 -5.593362942512818137e+01
3.302183600846774012e-03 -1.637320805972510840e+00 -5.492995741425428236e+01
3.492141652257081067e-03 -1.809642272057665480e+01 -4.937688486609557259e+01
3.682099703667386821e-03 -2.982233451829211290e+01 -3.999481853557812627e+01
3.921500270735109317e-03 -3.784997714745998110e+01 -2.442902250043573531e+01
4.160900837802832680e-03 -3.895376672678583674e+01 -6.830643675385735136e+00
4.400301404870555176e-03 -3.435818796732804969e+01 1.021201002905898747e+01
4.639701971938277672e-03 -2.572962188639929337e+01 2.433707420110785336e+01
4.869433365318841418e-03 -1.538160873013691976e+01 3.345385311191065369e+01
5.099164758699403430e-03 -4.672833000533112902e+00 3.727880198057201255e+01
5.328896152079966309e-03 4.972385242625667168e+00 3.564895052449470825e+01
5.558627545460530055e-03 1.246764693876795072e+01 2.914520137759588181e+01
5.787748083093968016e-03 1.713798536141590034e+01 1.900724171572159449e+01
6.016868620727404242e-03 1.878627156098837858e+01 6.854503905352197002e+00
6.245989158360841335e-03 1.760491548530432482e+01 -5.498099043499657945e+00
6.507314466583081353e-03 1.351649532814423438e+01 -1.760327732939045120e+01
6.768639774805322237e-03 7.586397875838581051e+00 -2.568470478096945442e+01
7.029965083027563122e-03 1.097406691224471986e+00 -2.852376251506147753e+01
7.291290391249803139e-03 -4.741478628115394223e+00 -2.591895679913086070e+01
7.588259160035928062e-03 -9.399690850425900024e+00 -1.747064816447935343e+01
7.885227928822052118e-03 -1.127302630655657190e+01 -5.425298546998793547e+00
8.182196697608175306e-03 -1.030781713554923051e+01 7.175367352635388940e+00
8.479165466394300230e-03 -7.084335703450516775e+00 1.733566554323202169e+01
8.776134235180425153e-03 -2.612732984182664975e+00 2.279955109915777101e+01
9.062891590263655664e-03 1.798564644201354756e+00 2.262922525335494939e+01
9.349648945346886175e-03 5.329459305030650462e+00 1.741748934659566217e+01
9.636406300430114952e-03 7.317919172237412617e+00 8.579281658782408115e+00
9.923163655513347198e-03 7.499850406968312733e+00 -1.740683529672599095e+00
1.020992101059657944e-02 6.022815030274169423e+00 -1.117507011446316767e+01
1.049667836567980995e-02 3.373033885277122668e+00 -1.766610595282220686e+01
1.078343572076304047e-02 2.390971745156319217e-01 -1.990506642475879318e+01
1.107585216327150977e-02 -2.702044398415967219e+00 -1.750459558814504746e+01
1.136826860577998081e-02 -4.755568112051385299e+00 -1.114375314057222432e+01
1.166068504828845012e-02 -5.541066608738844046e+00 -2.467939701198043512e+00
1.195310149079691076e-02 -4.995890759961158167e+00 6.416597290819217925e+00
1.224551793330539047e-02 -3.360272072670146493e+00 1.344613846795446932e+01
1.253793437581384937e-02 -1.097292421660670092e+00 1.707147289802360390e+01
1.283035081832233082e-02 1.229189129705606343e+00 1.659205043746065655e+01
1.312276726083078972e-02 3.088383536180015376e+00 1.228174261323250782e+01
1.341518370333926076e-02 4.097890269783345474e+00 5.286129268745681564e+00
1.372371033175165053e-02 4.069784716423016313e+00 -3.087644045092440503e+00
1.403223696016404030e-02 3.021448064329899097e+00 -1.035766678259557771e+01
1.434076358857643008e-02 1.295072407448228713e+00 -1.471181071477587743e+01
1.464929021698880944e-02 -6.261517231965610941e-01 -1.514867568497830419e+01
1.495781684540119921e-02 -2.248150691243942845e+00 -1.170001372670471440e+01
1.526634347381359072e-02 -3.188571597119650658e+00 -5.383414679516889123e+00
1.557487010222598049e-02 -3.262579886475407420e+00 2.092463712578332302e+00
1.588339673063835986e-02 -2.513717627246374597e+00 8.786281908206319713e+00
1.619192335905075136e-02 -1.186407107960983032e+00 1.302407239281905937e+01
1.650044998746313940e-02 3.488571611659613270e-01 1.381311566200798779e+01
1.680897661587552050e-02 1.695867863385226215e+00 1.106839838577195145e+01
1.711941423928450140e-02 2.535251817700285848e+00 5.563829829306119024e+00
1.742985186269348924e-02 2.681146180359779141e+00 -1.197780270097855704e+00
1.774028948610247014e-02 2.141750913569804737e+00 -7.449074621660336959e+00
1.805072710951145104e-02 1.095950208353673183e+00 -1.161043841875788729e+01
1.836116473292042847e-02 -1.624044974216488080e-01 -1.268496756868943542e+01
1.867160235632940937e-02 -1.304998217864203891e+00 -1.049254607137260287e+01
1.898203997973839027e-02 -2.052857754166991011e+00 -5.689023309124421779e+00
1.929247760314737117e-02 -2.242551172882323307e+00 4.272762272640281966e-01
1.960291522655635901e-02 -1.859557556596025396e+00 6.265550520988409922e+00
1.991335284996533991e-02 -1.032658831832499624e+00 1.035496335035379012e+01
2.022379047337432081e-02 6.777250858259753485e-03 1.171279842503695789e+01
2.053422809678330171e-02 9.883308329759938893e-01 1.007656686836538285e+01
2.083870335922823058e-02 1.662848790565056412e+00 6.038174181840131105e+00
2.114317862167315945e-02 1.904331192954184848e+00 6.426138532214824561e-01
2.144765388411808138e-02 1.678564445865358801e+00 -4.767956320899569000e+00
2.175212914656301025e-02 1.064084596620036072e+00 -8.889848491000952535e+00
2.205660440900793912e-02 2.270490498521414990e-01 -1.076948668757572669e+01
2.236107967145287145e-02 -6.229779573324867314e-01 -1.001972977787350771e+01
2.266555493389780032e-02 -1.284760520265309847e+00 -6.893071241901643553e+00
2.297003019634272919e-02 -1.612086916435277795e+00 -2.200026403353009030e+00
2.327450545878765112e-02 -1.544859797101680865e+00 2.901786512460671652e+00
2.357898072123257999e-02 -1.118320562078935598e+00 7.192925729105263954e+00
2.388999902351006052e-02 -4.344295507414124846e-01 9.710008687542028838e+00
2.420101732578754106e-02 3.235457139763044387e-01 9.785467158094609985e+00
2.451203562806502159e-02 9.688887585088490351e-01 7.466097366524820700e+00
2.482305393034249866e-02 1.351516255220353013e+00 3.380405737214490003e+00
2.513407223261997919e-02 1.391945223910128870e+00 -1.432755346963161758e+00
2.544509053489744932e-02 1.096517242783746182e+00 -5.788695082194182717e+00
2.575610883717492985e-02 5.513696895507175233e-01 -8.647248970529609835e+00
2.606712713945241039e-02 -1.021781922824196581e-01 -9.358286470616469899e+00
2.637814544172989092e-02 -7.039388449312666829e-01 -7.805281606276825990e+00
2.668916374400737146e-02 -1.113650515617381709e+00 -4.416506479260096540e+00
2.700018204628484852e-02 -1.243004020963330847e+00 -4.611522556088593072e-02
2.731120034856232906e-02 -1.073785215580798535e+00 4.241863593347301453e+00
2.762221865083979919e-02 -6.586712205303555390e-01 7.431978741469912109e+00
2.793323695311727972e-02 -1.054522906606872729e-01 8.795763305009549171e+00
2.826513052570591919e-02 4.834525506422512886e-01 7.939809082080127922e+00
2.859702409829455866e-02 9.210257459461755891e-01 4.992165119512196547e+00
2.892891767088319119e-02 1.099148336777866941e+00 7.837401342050770436e-01
2.926081124347183066e-02 9.824225809356559314e-01 -3.544376346473134820e+00
2.959270481606045972e-02 6.138274079301415664e-01 -6.849929246386306403e+00
2.992459838864909918e-02 9.980006093241321208e-02 -8.288905574862864611e+00
3.025649196123773171e-02 -4.203110810506164308e-01 -7.527555361239227416e+00
3.058838553382637118e-02 -8.117409919726679135e-01 -4.814820232840092196e+00
3.092027910641501065e-02 -9.787668129697368880e-01 -9.010791537729947454e-01
3.125217267900363971e-02 -8.874684172634703661e-01 3.170583804214348156e+00
3.158406625159228265e-02 -5.715801075082904692e-01 6.342394336517638287e+00
3.191595982418091171e-02 -1.208053094787937681e-01 7.815209381704306679e+00
3.224785339676954771e-02 3.445477066294453383e-01 7.247004538504057791e+00
3.257974696935817677e-02 7.054901451783621713e-01 4.828069346692730690e+00
3.291164054194681970e-02 8.744350073499436160e-01 1.217717967156086711e+00
3.324353411453546264e-02 8.159399443406275543e-01 -2.636788924155009539e+00
3.357542768712409170e-02 5.533531771820592304e-01 -5.749155455153194261e+00
3.390732125971272770e-02 1.603888745470366251e-01 -7.345381381977767354e+00
3.423921483230135676e-02 -2.595199115604371887e-01 -7.053806641615323336e+00
3.457110840488999970e-02 -6.003391404601433612e-01 -4.987910785758309373e+00
3.491112367483018009e-02 -7.818451046851370156e-01 -1.619784701015074768e+00
3.525113894477036047e-02 -7.537414737198077086e-01 2.112799649631757593e+00
3.559115421471054780e-02 -5.309586862281502340e-01 5.226892862407762408e+00
3.593116948465072819e-02 -1.781173996558829131e-01 6.923845593862682612e+00
3.627118475459092245e-02 2.091741494033605708e-01 6.791552690880775067e+00
3.661120002453110284e-02 5.301292228841266718e-01 4.901017510362501106e+00
3.695121529447128322e-02 7.047822202787286106e-01 1.775639908720853644e+00
3.729123056441145667e-02 6.935513637198627013e-01 -1.754993047012802787e+00
3.763124583435163706e-02 5.056893601654243176e-01 -4.775820232022845779e+00
3.797126110429181745e-02 1.949841035038120951e-01 -6.522792705448414274e+00
3.831127637423199783e-02 -1.556286494545491839e-01 -6.574262191194720550e+00
3.865129164417219210e-02 -4.561608010200595142e-01 -4.949850726458608463e+00
3.899130691411237248e-02 -6.325138104944776352e-01 -2.094440836811910955e+00
3.933132218405255287e-02 -6.444681595968889676e-01 1.245190843739959252e+00
3.967133745399273326e-02 -4.944348651254075744e-01 4.216627589006422205e+00
4.001135272393290671e-02 -2.251940714864275606e-01 6.079199007062593196e+00
4.035136799387308709e-02 9.232480719269589575e-02 6.387134320034270729e+00
4.069138326381326748e-02 3.777403871120310619e-01 5.093581885760062988e+00
4.103139853375346174e-02 5.614719911968719668e-01 2.551962875124313079e+00
4.137141380369364213e-02 6.014760033670344397e-01 -5.823930890133997007e-01
4.171142907363382252e-02 4.925047880820656032e-01 -3.522630663600037071e+00
4.205144434357400290e-02 2.659564900623883621e-01 -5.548164752230538177e+00
4.239145961351419023e-02 -1.921677820488356184e-02 -6.180117378952801666e+00
4.273147488345437062e-02 -2.919148512852047794e-01 -5.291985594460539843e+00
4.307149015339455100e-02 -4.865764350612324374e-01 -3.130660678622978921e+00
4.325489917444660243e-02 -5.427769399663084915e-01 -1.596514004488819971e+00
4.343830819549863304e-02 -5.582061943190348430e-01 4.050948472934309125e-02
4.362171721655067058e-02 -5.324650675131868960e-01 1.658766560552391578e+00
4.380512623760270813e-02 -4.681727205455181728e-01 3.139786533504940191e+00
4.398853525865475261e-02 -3.707061306333010453e-01 4.376899490821673844e+00
4.417194427970679016e-02 -2.477453941529515202e-01 5.282826954206424119e+00
4.435535330075882771e-02 -1.086633726132237993e-01 5.795703519983036678e+00
4.453876232181087219e-02 3.619163806308107328e-02 5.883126517544337908e+00
4.472217134286290280e-02 1.762652974072839163e-01 5.543984915415718362e+00
4.490558036391494035e-02 3.015617023266224384e-01 4.807986523004372792e+00
4.527239840601902238e-02 4.731093527603031923e-01 2.452871436283975637e+00
4.563921644812309747e-02 5.125903920437738792e-01 -5.266812632404810346e-01
4.600603449022717950e-02 4.136723319418137423e-01 -3.314627915717694773e+00
4.637285253233124765e-02 2.071303432353641394e-01 -5.168376407018258512e+00
4.673967057443533663e-02 -4.887371376254810024e-02 -5.614383093199993624e+00
4.710648861653941866e-02 -2.852748654805031259e-01 -4.565013610165765456e+00
4.747330665864348681e-02 -4.406725213644658856e-01 -2.329217997707830445e+00
4.784012470074756884e-02 -4.770289609448293833e-01 4.812134413914463948e-01
4.820694274285165087e-02 -3.885748225971348835e-01 3.120881406160117333e+00
4.857376078495573291e-02 -2.019747120133932039e-01 4.908379496868636949e+00
4.894057882705980800e-02 3.184078444174190392e-02 5.400099692513422589e+00
4.931285321897629220e-02 2.544102164240938935e-01 4.474768544341363175e+00
4.968512761089276947e-02 4.048464687032543030e-01 2.387907251421383936e+00
5.005740200280924673e-02 4.461526545566105173e-01 -2.914289119090696101e-01
5.042967639472573094e-02 3.708517746805990445e-01 -2.854316740725144630e+00
5.080195078664220820e-02 2.017659118583853550e-01 -4.639286743243743238e+00
5.117422517855869241e-02 -1.499460119995232876e-02 -5.201267764059307908e+00
5.154649957047517661e-02 -2.226827509616337020e-01 -4.419605710075237504e+00
5.191877396239164694e-02 -3.687365628549792440e-01 -2.519802473597960280e+00
5.229104835430813114e-02 -4.179245549118363878e-01 -6.524614703189521997e-03
5.266332274622462228e-02 -3.605799490723277101e-01 2.471999042492411647e+00
5.303559713814109261e-02 -2.140795845360446703e-01 4.291519903214867426e+00
5.340787153005757681e-02 -1.750311731464527024e-02 5.007956319017949909e+00
5.378014592197404714e-02 1.788889838921858821e-01 4.463462353862992060e+00
5.415242031389053134e-02 3.265135839130119400e-01 2.817677374072832475e+00
5.452469470580702249e-02 3.903760283724924118e-01 4.990950422502843931e-01
5.489696909772349281e-02 3.571472205602319039e-01 -1.908452622130225595e+00
5.526924348963997702e-02 2.376051577988005925e-01 -3.813745412287715464e+00
5.564151788155646122e-02 6.310832110689962304e-02 -4.762881350761656307e+00
5.601379227347293849e-02 -1.227617856444118971e-01 -4.545457891214889301e+00
5.638606666538942269e-02 -2.751398747173154358e-01 -3.237901580325735829e+00
5.675834105730589996e-02 -3.586444426037839195e-01 -1.176005467761102485e+00
5.713557747568415168e-02 -3.548018902408001107e-01 1.162453523558255153e+00
5.751281389406241035e-02 -2.654605782583843165e-01 3.183120454134659827e+00
5.789005031244066207e-02 -1.144313538540649017e-01 4.407122872730843355e+00
5.826728673081892074e-02 6.061431161978404758e-02 4.560308536298852466e+00
5.864452314919717246e-02 2.176462993725085393e-01 3.630932293190211713e+00
5.902175956757541725e-02 3.203377987741443111e-01 1.862588683854936811e+00
5.939899598595368285e-02 3.462966601433037916e-01 -3.124553196940752509e-01
5.977623240433192764e-02 2.916591709113320885e-01 -2.380737817120763822e+00
6.015346882271019324e-02 1.711980226313971343e-01 -3.868848473527121801e+00
6.053070524108843803e-02 1.417730646385553794e-02 -4.449982513228561309e+00
6.090794165946669669e-02 -1.428656518118299190e-01 -4.012488810034238185e+00
6.128517807784496230e-02 -2.646203129001247767e-01 -2.677092811142360418e+00
6.149838126173343134e-02 -3.076986118417228133e-01 -1.624298049461145421e+00
6.171158444562190731e-02 -3.274223770630605990e-01 -4.601710964201802812e-01
6.192478762951038329e-02 -3.226986446713567269e-01 7.277516205792379234e-01
6.213799081339885233e-02 -2.942553094652782808e-01 1.851580757904194074e+00
6.235119399728732831e-02 -2.445466433768580528e-01 2.829516635007090386e+00
6.256439718117580429e-02 -1.775354558899525370e-01 3.591704634627676640e+00
6.277760036506427332e-02 -9.837124055446749837e-02 4.085094593946827501e+00
6.299080354895275624e-02 -1.299052864800162056e-02 4.276978199433528083e+00
6.320400673284122528e-02 7.232956181844020505e-02 4.156982058619106191e+00
6.341720991672969432e-02 1.514311987439031504e-01 3.737410603036545265e+00
6.384361628450666015e-02 2.682013566467046917e-01 2.189099863563791271e+00
6.427002265228359823e-02 3.100696081505457946e-01 7.024210104191133675e-02
6.469642902006055019e-02 2.678287842511977157e-01 -2.036956582046495878e+00
6.512283538783750214e-02 1.550116605965821959e-01 -3.568673721182233027e+00
6.554924175561444022e-02 3.425729251873366535e-03 -4.128939810988988768e+00
6.597564812339139217e-02 -1.459351605109666661e-01 -3.589152139183699131e+00
6.640205449116834413e-02 -2.539906597664037813e-01 -2.113487160195507197e+00
6.682846085894529609e-02 -2.936887577820310180e-01 -1.066349584545904783e-01
6.725486722672224804e-02 -2.565565527229303200e-01 1.899239913701642912e+00
6.768127359449918612e-02 -1.541696512416090015e-01 3.386364593959427349e+00
6.810767996227613807e-02 -1.441415591737177718e-02 3.984130546819082852e+00
6.854182003929965017e-02 1.284723445640429951e-01 3.543115608498863534e+00
6.897596011632314839e-02 2.350200067785054581e-01 2.182353680690969355e+00
6.941010019334666048e-02 2.786051536964215813e-01 2.750642128827680000e-01
6.984424027037017257e-02 2.496893226691451473e-01 -1.675096512375570335e+00
7.027838034739368467e-02 1.575731258917566491e-01 -3.167822962623080940e+00
7.071252042441718288e-02 2.728031752531769744e-02 -3.833480656232433947e+00
7.114666050144069498e-02 -1.073803114655157293e-01 -3.521966469833259339e+00
7.158080057846419320e-02 -2.126294448233867762e-01 -2.332598368110670783e+00
7.201494065548770529e-02 -2.631109380921451968e-01 -5.804511154169389453e-01
7.244908073251121738e-02 -2.478103334167976457e-01 1.289365307637175828e+00
7.288322080953472948e-02 -1.721773435107806505e-01 2.815763243298166518e+00
7.331736088655822769e-02 -5.613934913253991466e-02 3.634731987913792040e+00
7.375150096358173979e-02 7.129090705112003934e-02 3.563958049557539365e+00
7.419305697663924892e-02 1.807898579291502272e-01 2.618973663358256321e+00
7.463461298969675806e-02 2.439710225160599544e-01 1.045231123679398522e+00
7.507616900275426719e-02 2.466812936077655560e-01 -7.594255961237662556e-01
7.551772501581177632e-02 1.898439037141981811e-01 -2.353461557029426832e+00
7.595928102886928546e-02 8.860957819950170122e-02 -3.359541010762183255e+00
7.640083704192679459e-02 -3.183928124306576596e-02 -3.551953581372339741e+00
7.684239305498430372e-02 -1.426439811312279760e-01 -2.903983494401061627e+00
7.728394906804181286e-02 -2.181689311699209766e-01 -1.586366801887718836e+00
7.772550508109932199e-02 -2.418111701819679604e-01 8.002907160519341645e-02
7.816706109415683112e-02 -2.094464992502901857e-01 1.703822154116799714e+00
7.860861710721434026e-02 -1.298624951640506009e-01 2.915071317773177739e+00
7.907004175851901906e-02 -1.734882311796646231e-02 3.453798449984105456e+00
7.953146640982367011e-02 9.739130881431504183e-02 3.140430420721463722e+00
7.999289106112834891e-02 1.865018618906845727e-01 2.069172852818975006e+00
8.045431571243301383e-02 2.291807520743926463e-01 5.139439664978630029e-01
8.091574036373769263e-02 2.163706084816954256e-01 -1.143184079655160890e+00
8.137716501504235755e-02 1.524584509956385669e-01 -2.506309937280335021e+00
8.183858966634702248e-02 5.373525202193454864e-02 -3.259582241436272732e+00
8.230001431765168740e-02 -5.586319807709011487e-02 -3.238654711231877759e+00
8.276143896895636620e-02 -1.506088294591063359e-01 -2.464023711412361539e+00
8.322286362026103113e-02 -2.089939203485573493e-01 -1.130165115396561282e+00
8.368428827156570993e-02 -2.185111811375779756e-01 4.450812744047792924e-01
8.414571292287037485e-02 -1.781672432193318334e-01 1.897467766389051347e+00
8.460713757417503977e-02 -9.826999077959262807e-02 2.900817979468560015e+00
8.507417896077572317e-02 3.535031929747663084e-03 3.239103503735435208e+00
8.554122034737642044e-02 1.028510371685384117e-01 2.835179754354088200e+00
8.600826173397713159e-02 1.773309024623684893e-01 1.796504349570796855e+00
8.647530312057782886e-02 2.109049731957553242e-01 3.698254248694387014e-01
8.694234450717849838e-02 1.971087735947254505e-01 -1.118936488188924328e+00
8.740938589377920953e-02 1.401301039567798556e-01 -2.339842076516464253e+00
8.787642728037989293e-02 5.346498427533970949e-02 -3.031735356010277549e+00
8.834346866698060408e-02 -4.339527394457509679e-02 -3.056735454935175511e+00
8.881051005358128747e-02 -1.294170584247658073e-01 -2.425356562773116398e+00
8.927249613444182552e-02 -1.861873016171518291e-01 -1.301991746083279500e+00
8.973448221530234969e-02 -2.037092157655016333e-01 7.166285327450705456e-02
9.019646829616287387e-02 -1.794192613975184591e-01 1.408173835444845645e+00
9.065845437702341192e-02 -1.193033878898238642e-01 2.438731204399569918e+00
9.112044045788392221e-02 -3.628876489397114130e-02 2.966076043538872220e+00
9.158242653874446026e-02 5.263974950455367618e-02 2.899478196604464486e+00
9.185990558262246974e-02 1.019762476739326101e-01 2.575880453751239862e+00
9.213738462650046535e-02 1.434340092595048632e-01 2.068128684909266379e+00
9.269234271425648430e-02 1.917087630899212414e-01 6.945970685758330321e-01
9.324730080201248938e-02 1.873218593674139398e-01 -8.458458609982563159e-01
9.380225888976850834e-02 1.328222861969314827e-01 -2.136705031553614909e+00
9.435721697752449955e-02 4.396982252243872291e-02 -2.840702285421002671e+00
9.491217506528051850e-02 -5.495824606852343919e-02 -2.785215789376003226e+00
9.546713315303652359e-02 -1.378516479260187833e-01 -2.001370122730082635e+00
9.602209124079254254e-02 -1.836131468052634164e-01 -7.087132479323299261e-01
9.657704932854854762e-02 -1.813945627750409573e-01 7.482446346868025788e-01
9.711274250401923103e-02 -1.351964834398969861e-01 1.958776117654216220e+00
9.764843567948991443e-02 -5.773212905147755147e-02 2.688387924812676744e+00
9.818412885496061171e-02 3.205814465764587201e-02 2.776140780105689654e+00
9.871982203043128123e-02 1.129687366574936430e-01 2.215496363098705679e+00
9.925551520590197851e-02 1.665206834936987235e-01 1.150186034932342727e+00
9.979120838137264804e-02 1.810946882154619575e-01 -1.643381012807164088e-01
1.003269015568433037e-01 1.543063232268935547e-01 -1.423386135120277673e+00
1.008625947323140010e-01 9.317673768220495478e-02 -2.344025522270594575e+00
1.013982879077846982e-01 1.217811714496165425e-02 -2.728026185478237498e+00
1.019196887189594974e-01 -6.830571858871357926e-02 -2.516013466787873298e+00
1.024410895301341995e-01 -1.333901997392958894e-01 -1.783298020828990804e+00
1.029624903413089987e-01 -1.700299206937213869e-01 -6.939509855288711337e-01
1.034838911524837979e-01 -1.714391662430891083e-01 5.206387059495772851e-01
1.040052919636584999e-01 -1.381907019584650009e-01 1.611929017715455048e+00
1.045266927748332991e-01 -7.777439421535718711e-02 2.364784201644422712e+00
1.051400246805940936e-01 1.022190390620129029e-02 2.633127905998697393e+00
1.057533565863548047e-01 9.408407294736112481e-02 2.196926699825623608e+00
1.063666884921155992e-01 1.518441702610624777e-01 1.189027634725675409e+00
1.069800203978762965e-01 1.691312893053228406e-01 -1.132134399058814106e-01
1.075933523036371048e-01 1.425437166498128017e-01 -1.365837045186246490e+00
1.081580523569587032e-01 8.571161059287857320e-02 -2.200934118088108349e+00
1.087227524102803017e-01 1.118513111847831837e-02 -2.547501323926164130e+00
1.092874524636019973e-01 -6.465513655219214117e-02 -2.344520922960144471e+00
1.098521525169235957e-01 -1.257422602672224332e-01 -1.649529588299583294e+00
1.104461325367779023e-01 -1.605071366229271490e-01 -5.638766196413239618e-01
1.110401125566321950e-01 -1.582293781001178068e-01 6.339344968986247997e-01
1.116340925764865016e-01 -1.203339323457264104e-01 1.671547263549765461e+00
1.122280725963407944e-01 -5.614364774511550193e-02 2.321223731826556946e+00
1.128220526161951009e-01 1.951741473205245367e-02 2.448480633062043665e+00
1.134060008840173939e-01 8.879505524545064366e-02 2.048670403030456111e+00
1.139899491518396035e-01 1.384627906554916354e-01 1.224988186749212726e+00
1.145738974196618964e-01 1.586782654598456743e-01 1.590632374888416301e-01
1.151578456874842032e-01 1.459964431397870466e-01 -9.239037258365083716e-01
1.157417939553063990e-01 1.037901559316626032e-01 -1.803112098109105110e+00
1.163163554681377054e-01 4.233277628471610737e-02 -2.302133392673352041e+00
1.168909169809689980e-01 -2.647368852480149956e-02 -2.349088906299158452e+00
1.174654784938004015e-01 -8.928605929403879427e-02 -1.946000668914629195e+00
1.180400400066316940e-01 -1.343430056067554668e-01 -1.180164096019117093e+00
1.186146015194630005e-01 -1.536063837517883945e-01 -2.039274160161822780e-01
1.189682089753304056e-01 -1.510272236570806281e-01 4.271419192068039439e-01
1.193218164311977969e-01 -1.375756576822420030e-01 1.021679848622596642e+00
1.200290313429325934e-01 -8.444438192228512219e-02 1.928483412443127154e+00
1.207362462546674037e-01 -9.503026711078136832e-03 2.304010456996478329e+00
1.214434611664022001e-01 6.681014422724677881e-02 2.063460883871310880e+00
1.221403590722684035e-01 1.238681926405083983e-01 1.300127295342798472e+00
1.228372569781346069e-01 1.488616175270322806e-01 2.206887360205808113e-01
1.235341548840007964e-01 1.363744693867791069e-01 -8.976391524369380370e-01
1.242310527898669997e-01 9.044012656026523267e-02 -1.777650633667541724e+00
1.249199642383859027e-01 2.391916035748222619e-02 -2.208678274398510943e+00
1.256088756869047918e-01 -4.729019277654657183e-02 -2.112110353106130489e+00
1.262977871354236947e-01 -1.064598195037205208e-01 -1.525032095055262493e+00
1.269801736787574131e-01 -1.401286224882574705e-01 -6.074532959396152787e-01
1.276625602220911870e-01 -1.421144192834399300e-01 4.273566479162554943e-01
1.283383226857451875e-01 -1.132685275808225922e-01 1.342991980803234897e+00
1.290140851493992991e-01 -6.069130118807882640e-02 1.959694459303688463e+00
1.296898476130534106e-01 3.969488373958685382e-03 2.154869493258655844e+00
1.303656100767074111e-01 6.691699119069295654e-02 1.896509257924808622e+00
1.310334062222101026e-01 1.147259062815649683e-01 1.258108992668573789e+00
1.317012023677127108e-01 1.389148416212113712e-01 3.774405624169318019e-01
1.323689985132154023e-01 1.352715312967027461e-01 -5.644368873401813813e-01
1.330315011698023075e-01 1.055092279276758638e-01 -1.376320882865598616e+00
1.336940038263891017e-01 5.601351343284483725e-02 -1.913945584450576831e+00
1.343565064829760070e-01 -3.408034142644330699e-03 -2.083116039216521109e+00
1.350127571636738077e-01 -6.094897916908463553e-02 -1.865628547905614942e+00
1.356690078443716085e-01 -1.067444400809630239e-01 -1.314302145430056523e+00
1.363252585250694093e-01 -1.328837868755714802e-01 -5.364174490200536161e-01
1.369747936614179040e-01 -1.353011654838049971e-01 3.167465037669164318e-01
1.376243287977663987e-01 -1.144752712605514450e-01 1.104232732957928897e+00
1.382738639341148101e-01 -7.445585527346894328e-02 1.694005753735092101e+00
1.389233990704633048e-01 -2.239417976830681417e-02 1.991256392828594679e+00
1.395657048814820111e-01 3.219231059826587610e-02 1.955209108442753863e+00
1.402080106925008007e-01 8.093649609209528639e-02 1.604117882509038973e+00
1.408503165035195070e-01 1.161722526886282136e-01 1.001365830261673473e+00
1.414926223145382134e-01 1.326152205511322013e-01 2.481266793924303549e-01
1.423395568821196888e-01 1.226305035171615931e-01 -7.604151904558802411e-01
1.431864914497011088e-01 8.079486846777826636e-02 -1.554362580224573964e+00
1.440334260172826120e-01 1.874357559612697954e-02 -1.935485614663031484e+00
1.448719479772087870e-01 -4.660769797691169392e-02 -1.822152371752929989e+00
1.457104699371351009e-01 -9.956587430654324777e-02 -1.261884988965829457e+00
1.465489918970613870e-01 -1.275630554444749376e-01 -4.034859315743902219e-01
1.473791511845158053e-01 -1.246932743384806946e-01 5.298708917748041758e-01
1.482093104719703069e-01 -9.280682736690756829e-02 1.325671570314564063e+00
1.490394697594248086e-01 -3.998256294373681713e-02 1.804532773344941221e+00
1.498616400772035950e-01 2.067147348694782505e-02 1.867496066330561533e+00
1.506838103949824093e-01 7.596899668512425985e-02 1.517579040891815501e+00
1.515059807127611957e-01 1.139753798953114516e-01 8.418398301087278712e-01
1.523205105585085095e-01 1.269204803472875898e-01 2.138134643295846581e-03
1.531350404042559066e-01 1.131162225670071658e-01 -8.262176297934560321e-01
1.539495702500031926e-01 7.605899520987598195e-02 -1.472056050875859334e+00
1.547567892028325898e-01 2.437534995463339418e-02 -1.806349356010264362e+00
1.555640081556619037e-01 -3.152477733928216175e-02 -1.776528889911913156e+00
1.563712271084913008e-01 -8.052739160823510489e-02 -1.397111878511100302e+00
1.571714424761531115e-01 -1.130399662028353513e-01 -7.561473402029947888e-01
1.579716578438148944e-01 -1.236779021695284253e-01 2.150908130818257255e-02
1.587718732114765940e-01 -1.109024772805273090e-01 7.855849358143813799e-01
1.593682299859416895e-01 -8.753852499381534202e-02 1.261770942100840731e+00
1.599645867604068128e-01 -5.523432003088361159e-02 1.599860064024977380e+00
1.607548172773561879e-01 -5.072851504770552362e-03 1.784327432589899010e+00
1.615450477943055907e-01 4.540273952837433485e-02 1.652893908546577917e+00
1.623352783112549935e-01 8.738542827000578272e-02 1.234486391729630927e+00
1.631192240213278077e-01 1.136601681684046433e-01 6.127823065793401858e-01
1.639031697314005942e-01 1.204774980390261457e-01 -1.050790413475208990e-01
1.646871154414734917e-01 1.070981420125437789e-01 -7.971477558384477691e-01
1.654650075841770929e-01 7.643375121299794683e-02 -1.346086503245231158e+00
1.662428997268806941e-01 3.375891665089535143e-02 -1.671500455526273354e+00
1.670207918695844063e-01 -1.385802167091726433e-02 -1.725887712697081744e+00
1.677928708154781123e-01 -5.846917518714797590e-02 -1.508492370648599756e+00
1.685649497613717074e-01 -9.354298080280316896e-02 -1.058997974052106050e+00
1.693370287072654135e-01 -1.138637105495275276e-01 -4.512958513129351479e-01
1.699128959626282909e-01 -1.176385119207737362e-01 4.965710910105070736e-02
1.704887632179911960e-01 -1.113382476162897428e-01 5.406390537479303093e-01
1.712525425599212003e-01 -8.892353606692696144e-02 1.104581112772796248e+00
1.720163219018512046e-01 -5.386512033843825209e-02 1.503000054338975211e+00
1.727801012437812922e-01 -1.142375923324742172e-02 1.681977416279127446e+00
1.735386115400147089e-01 3.193963907868492547e-02 1.620606118736460433e+00
1.742971218362479868e-01 7.042254087997354417e-02 1.333735701143062835e+00
1.750556321324814035e-01 9.879078394115445305e-02 8.652100939992246609e-01
1.758090734592840931e-01 1.132919923175663979e-01 2.866456041661877285e-01
1.765625147860866995e-01 1.124480561931563566e-01 -3.247254841055030594e-01
1.773159561128893891e-01 9.664632891771607337e-02 -8.869142013329709417e-01
1.780645185463007873e-01 6.845071192276792893e-02 -1.324351716323980410e+00
1.788130809797122134e-01 3.166977528289643962e-02 -1.586465535921081083e+00
1.795616434131235006e-01 -8.832410083656282163e-03 -1.642774136890265302e+00
1.806774417515888131e-01 -6.430925249710002511e-02 -1.351037878308372742e+00
1.817932400900540979e-01 -1.018520169849434220e-01 -7.007437293081241192e-01
1.829022533861615063e-01 -1.119683567179870221e-01 1.221774779498218666e-01
1.840112666822688869e-01 -9.296114339812232286e-02 9.032625094083721606e-01
1.851137424986991076e-01 -5.066593226822620200e-02 1.441409654023892539e+00
1.862162183151294115e-01 3.815780970512540945e-03 1.612127169702503915e+00
1.873123941815151017e-01 5.645370841073585333e-02 1.383835888384556512e+00
1.884085700479007919e-01 9.480584617134277248e-02 8.228215766221492755e-01
1.894986740814197101e-01 1.099871163712534822e-01 7.514671718148580037e-02
1.905887781149386007e-01 9.919025842068333876e-02 -6.817932946738393118e-01
1.916730272722124984e-01 6.570709106649665066e-02 -1.269697773383827499e+00
1.927572764294863961e-01 1.764873036855087174e-02 -1.562426179332454090e+00
1.938358801601320902e-01 -3.361311376939386808e-02 -1.501491783700272586e+00
1.949144838907778954e-01 -7.691308294842770510e-02 -1.109891356237521221e+00
1.959876440525072094e-01 -1.028875771321376142e-01 -4.833182821857709421e-01
1.970608042142364125e-01 -1.065629168042001029e-01 2.404488141365948572e-01
1.981287147275558047e-01 -8.774835202758848873e-02 9.032484706549303022e-01
1.991966252408751137e-01 -5.087578882900931770e-02 1.371649175007445765e+00
2.002594720445023124e-01 -4.119139220649877670e-03 1.552825735767630944e+00
2.013223188481295112e-01 4.300759830994983768e-02 1.418244930113893520e+00
2.023802826740382921e-01 8.092444333341212992e-02 1.003154832505183114e+00
2.034382464999472118e-01 1.025627999671259449e-01 3.944801539532133416e-01
2.044915009253560068e-01 1.040523940109801121e-01 -2.827462422063091174e-01
2.055447553507646907e-01 8.561220311562720009e-02 -8.998792662776694540e-01
2.065934679926554884e-01 5.127476605379612667e-02 -1.339566442020049042e+00
2.076421806345462029e-01 7.692728706528217247e-03 -1.525668357924722551e+00
2.086865129960230880e-01 -3.674488019590359256e-02 -1.429111240109947056e+00
2.097308453575000009e-01 -7.410907581450852655e-02 -1.073472653906957897e+00
2.107709537672242117e-01 -9.773024025983556573e-02 -5.293478105270520429e-01
2.118110621769483948e-01 -1.038121884409980156e-01 1.048703953826606444e-01
2.128480599636951021e-01 -9.165297033376795799e-02 7.132225181922169366e-01
2.138821136186860039e-01 -6.382550377020008991e-02 1.191759800095318234e+00
2.149161672736769058e-01 -2.533405037708087726e-02 1.463656111346393063e+00
2.159459665261461991e-01 1.696450664258784130e-02 1.485743633655016938e+00
2.169742753085213971e-01 5.604718619921746081e-02 1.260740863335613637e+00
2.180025840908965951e-01 8.558773731210843339e-02 8.293990763478323869e-01
2.190272457378873994e-01 1.008836402156107342e-01 2.673151545586576194e-01
2.200519073848782037e-01 9.981409041802982718e-02 -3.340669154151386100e-01
2.210737515503453099e-01 8.287010099029219756e-02 -8.767194420927379994e-01
2.220955957158123883e-01 5.298777478448239708e-02 -1.277439654385752243e+00
2.231133728053782961e-01 1.519523329327542201e-02 -1.475226884754385459e+00
2.241311498949442038e-01 -2.465852105029501043e-02 -1.444314266236579325e+00
2.251456680358785989e-01 -6.035056191490724420e-02 -1.193650880255243019e+00
2.261601861768129940e-01 -8.668017628082515247e-02 -7.641619746854023676e-01
2.271708474868849026e-01 -9.982849457518226666e-02 -2.255184034212945332e-01
2.281814321068081908e-01 -9.818240092361212035e-02 3.424640783838268643e-01
2.291920167267315067e-01 -8.220194601248931310e-02 8.573155449917810866e-01
2.301989120822834911e-01 -5.452004543840679313e-02 1.243751353969072992e+00
2.312058074378355865e-01 -1.922654689946249815e-02 1.449977644573685165e+00
2.322098544924325048e-01 1.845928695336390007e-02 1.449316604825342969e+00
2.332139015470293120e-01 5.331087064978543705e-02 1.245362700995224170e+00
2.342152100895429911e-01 8.046039770591684182e-02 8.703164717846550991e-01
2.352165186320565871e-01 9.638144982148831585e-02 3.776479654961929500e-01
2.362151954922880881e-01 9.906634768963658300e-02 -1.625293991538227234e-01
2.372138723525195059e-01 8.838745926212723814e-02 -6.779373936301743564e-01
2.382100212913642878e-01 6.601902668237685790e-02 -1.099048623982701312e+00
2.392061702302090975e-01 3.506051079373646157e-02 -1.372677448266758082e+00
2.401998924915476896e-01 -2.288691508032524339e-04 -1.464721288612450323e+00
2.411936147528863927e-01 -3.528185522084203996e-02 -1.366197763508624208e+00
2.421839272173959001e-01 -6.550145041772642562e-02 -1.093473246148151112e+00
2.431741826801301909e-01 -8.723743917831738859e-02 -6.835315839941309424e-01
2.441644381428645094e-01 -9.786307769689615854e-02 -1.892320672589492547e-01
2.451525072457547971e-01 -9.620275352345533659e-02 3.254654970694218497e-01
2.461405763486450016e-01 -8.264778281800803927e-02 7.975487561034965145e-01
2.476169690387302891e-01 -4.505317264340911315e-02 1.297766372711407934e+00
2.490986197616346931e-01 4.212633352307610518e-03 1.455261695876179706e+00
2.500816239077278125e-01 3.730082556662027427e-02 1.345403109836474265e+00
2.510646280538209041e-01 6.581080716530865460e-02 1.076804032859014715e+00
2.520461819638492029e-01 8.642961206639186711e-02 6.837277491204691859e-01
2.530263942354005202e-01 9.689888971014344599e-02 2.137995186550307181e-01
2.540066065069517820e-01 9.616877516502174428e-02 -2.788562290491585771e-01
2.549850575566918187e-01 8.448091236339042021e-02 -7.369117368090443154e-01
2.559635086064319109e-01 6.329068632337377098e-02 -1.109741730358492218e+00
2.569380179873769765e-01 3.520950213617867613e-02 -1.355488344799687050e+00
2.579152191512413816e-01 3.271755212330309907e-03 -1.450121634086297684e+00
2.588903710736741859e-01 -2.882002208661585407e-02 -1.384491357479572304e+00
2.598655229961069901e-01 -5.762246135015496040e-02 -1.167829059157998950e+00
2.613230664276363080e-01 -8.779766511121118999e-02 -6.279851116696399949e-01
2.627870461853180073e-01 -9.742533817369898597e-02 5.747072979382481656e-02
2.642403887882019964e-01 -8.461065846633376852e-02 7.215886985149700950e-01
2.657003925946191947e-01 -5.257183916602627821e-02 1.220607014709099047e+00
2.666698680509819730e-01 -2.393061563808231151e-02 1.403623755652442240e+00
2.676393435073449178e-01 7.043149054942435434e-03 1.442566487502797035e+00
2.686075749083224884e-01 3.714710363585887326e-02 1.335182729299675852e+00
2.695758063093001144e-01 6.340283553700784558e-02 1.093890274403377605e+00
2.705412474514743981e-01 8.318521081993225652e-02 7.453496459793590434e-01
2.715098617210188192e-01 9.471579673250683784e-02 3.231674685850526862e-01
2.724758040936595127e-01 9.687779102762303363e-02 -1.281897081931309690e-01
2.734417464663002062e-01 8.959879270557809250e-02 -5.656493951880838811e-01
2.744049664315437731e-01 7.373265050412976251e-02 -9.459870607693690037e-01
2.753714841122708035e-01 5.078835688543963112e-02 -1.235418556659116929e+00
2.768122224042693924e-01 8.946673660164517275e-03 -1.440530241646532206e+00
2.782605428606568232e-01 -3.474042749914021955e-02 -1.349347612770915417e+00
2.792230898017574736e-01 -6.047047440812481495e-02 -1.129854614101570842e+00
2.801856367428581240e-01 -8.053781074141196095e-02 -8.066876446337651885e-01
2.811473565508991190e-01 -9.315027786569632373e-02 -4.108321697554968011e-01
2.821090763589401140e-01 -9.725216786576945660e-02 2.124114147939475811e-02
2.830682204929131918e-01 -9.257830281073677059e-02 4.490187165744893849e-01
2.840309311037308992e-01 -7.959060077883250983e-02 8.367238459060476474e-01
2.854679267090184935e-01 -4.792290975989353663e-02 1.262923115348340897e+00
2.869131169026136741e-01 -6.952675974057533591e-03 1.445449462918035444e+00
2.878724078661420993e-01 2.166153435052995888e-02 1.411711469009451436e+00
2.888316988296705801e-01 4.832886886231962942e-02 1.256114539655118767e+00
2.897885131602004893e-01 7.073027351852742561e-02 9.939761289086606055e-01
2.907490868313554744e-01 8.712721169060333448e-02 6.468634263682047081e-01
2.921808661995458078e-01 9.751235102858016313e-02 4.523248657059186079e-02
2.936212407457569062e-01 9.003536596781430701e-02 -5.655307222320931082e-01
2.945767800163460737e-01 7.566892019386682600e-02 -9.214355794428444879e-01
2.955362094878383750e-01 5.505980333995742076e-02 -1.201941463713676717e+00
2.964933245974175069e-01 3.005724214898582852e-02 -1.383036735313746712e+00
2.974504397069965833e-01 2.679944672391710095e-03 -1.451835389622953443e+00
2.988819926201308208e-01 -3.756442807763563096e-02 -1.340145979752924932e+00
3.003225649590904878e-01 -7.135315972880944269e-02 -9.939763765967095654e-01
3.012768521985618730e-01 -8.724254540894341159e-02 -6.621855004385358567e-01
3.022352021590857252e-01 -9.635580479288337330e-02 -2.783784236810245560e-01
3.031913095476029274e-01 -9.797395031116835906e-02 1.249655132353466314e-01
3.041474169361201851e-01 -9.206961477687286566e-02 5.175806104307968392e-01
3.051033301085280258e-01 -7.916323842746016137e-02 8.695810223643319903e-01
3.060592432809358110e-01 -6.029291564318654817e-02 1.154824506203279810e+00
3.077228753413188134e-01 -1.833853080942693045e-02 1.432737979927762861e+00
3.093993823933313125e-01 2.780820930061019686e-02 1.398264311304430185e+00
3.110674284137491807e-01 6.764977957589880797e-02 1.063351884424927452e+00
3.127486617597647900e-01 9.317341143405653836e-02 4.998641145336878422e-01
3.146597057555134969e-01 9.799493728853136965e-02 -2.545793844482773238e-01
3.165707857154991811e-01 7.666756758809224748e-02 -9.373246683814568936e-01
3.184822492123998150e-01 3.520996162982723693e-02 -1.370469791121783354e+00
3.203937127093003934e-01 -1.530424467781954165e-02 -1.446412692244599452e+00
3.223053245029371960e-01 -6.181864532959129716e-02 -1.152462038225708696e+00
3.237393876847550755e-01 -8.711661559861405557e-02 -7.304166503404245780e-01
3.251734508665731216e-01 -9.980237282969425805e-02 -2.046816097257998512e-01
3.270859409516935212e-01 -9.467627947352659501e-02 5.185049008141079385e-01
3.289988837648503139e-01 -6.649121003842504984e-02 1.112085533329019604e+00
3.309123358818485960e-01 -2.235908501542499538e-02 1.436155446062983732e+00
3.318692480034560743e-01 2.796711630012925411e-03 1.471295152489199731e+00
3.337835702002405203e-01 5.036598918120632762e-02 1.279868385776876671e+00
3.356990749884776748e-01 8.623234689341258141e-02 7.928113318439398149e-01
3.376145797767149959e-01 1.023436193221088641e-01 1.270167677240245929e-01
3.395310173018977751e-01 9.536184970401118122e-02 -5.643793629015986246e-01
3.414482662821387016e-01 6.716490144919269600e-02 -1.127263069485869629e+00
3.428870733729471043e-01 3.558098674422839613e-02 -1.391852849522178692e+00
3.443258804637556181e-01 -4.393097864202672093e-04 -1.481627740652915692e+00
3.457657352099121062e-01 -3.641680836172189739e-02 -1.388011034791053033e+00
3.472055899560684833e-01 -6.792569641667060842e-02 -1.125098404563986687e+00
3.491265623556059072e-01 -9.648951330431489171e-02 -5.775264023645909628e-01
3.510485786226508753e-01 -1.050495159742194512e-01 8.718259460266832017e-02
3.524911716782869742e-01 -9.718507442631549309e-02 5.833060458057706121e-01
3.539337647339230730e-01 -7.800627548541709533e-02 1.009781535510145378e+00
3.553776513800582793e-01 -4.982152067032483839e-02 1.318858427646336873e+00
3.568215380261933745e-01 -1.595642741836999709e-02 1.476745239735968829e+00
3.587489468669590731e-01 3.102786562412882670e-02 1.429367585216592351e+00
3.606763557077248272e-01 7.203400803046257350e-02 1.106356093019574383e+00
3.626063224667718243e-01 9.936380355301371869e-02 5.737988175870029073e-01
3.645362892258188769e-01 1.080198390956998156e-01 -6.393551264752411756e-02
3.664689469915051179e-01 9.664129448224710595e-02 -6.876482672564006027e-01
3.684016047571914143e-01 6.757303261732179600e-02 -1.182976880363112437e+00
3.703370865072648788e-01 2.623901290363238673e-02 -1.463665715694113301e+00
3.722725682573382877e-01 -1.980732207226221231e-02 -1.483374459991580574e+00
3.742110041386200181e-01 -6.249476555361197644e-02 -1.243331064552844589e+00
3.761494400199016930e-01 -9.442603672413074634e-02 -7.899189749404749161e-01
3.780909480870727757e-01 -1.103290156652455695e-01 -2.034801984027924671e-01
3.800324561542439139e-01 -1.076989194183168991e-01 4.143948930938562980e-01
3.819771417800634228e-01 -8.718645785079118249e-02 9.617843307640911998e-01
3.839218274058828761e-01 -5.238424788448736019e-02 1.349847071638766272e+00
3.858697944775816846e-01 -9.016834962726765976e-03 1.519545121278523370e+00
3.878177615492804930e-01 3.585957980336135914e-02 1.447581073230942206e+00
3.897691117133387229e-01 7.526307122801136062e-02 1.149375546804571213e+00
3.917204618773967861e-01 1.031069077950730745e-01 6.753745795853143274e-01
3.941647014547489114e-01 1.156660348922767534e-01 -4.415347747345426538e-02
3.966089410321009256e-01 1.017393973980020155e-01 -7.497225048947165904e-01
3.985682178739590187e-01 7.345521247667702314e-02 -1.200081900819804259e+00
4.005274947158171117e-01 3.445149913763551064e-02 -1.474872124388058925e+00
4.024904064316531249e-01 -9.641345909331222250e-03 -1.538436537446949082e+00
4.044533181474890271e-01 -5.247903031673286506e-02 -1.385453677274002704e+00
4.064199206371885142e-01 -8.819315914427007519e-02 -1.040696893845333149e+00
4.083865231268878904e-01 -1.119070707173950713e-01 -5.552592479671060177e-01
4.103568695697539792e-01 -1.205863113345950893e-01 3.770271414346541838e-03
4.123272160126201236e-01 -1.132209697092078776e-01 5.598517682999798462e-01
4.143013596746851213e-01 -9.093572695236570858e-02 1.041135378377014087e+00
4.162755033367501190e-01 -5.681190805287709283e-02 1.385935943229668510e+00
4.182534987903078205e-01 -1.526883254619907856e-02 1.553342861232341887e+00
4.202314942438655776e-01 2.831595545798151412e-02 1.525154970470407934e+00
4.227096292711439163e-01 7.729519804108264669e-02 1.229947541319032167e+00
4.251877642984221994e-01 1.119825881587921262e-01 7.067962489848991225e-01
4.271745802569402173e-01 1.252474912230220339e-01 1.873258716088878340e-01
4.291613962154581796e-01 1.237674601288505372e-01 -3.519715031726395327e-01
4.311521647704175120e-01 1.078616366049636455e-01 -8.491338215930810396e-01
4.331429333253766778e-01 7.952851831449644915e-02 -1.247123376749893930e+00
4.351376674815624068e-01 4.204430355179988171e-02 -1.503503127619829405e+00
4.371324016377479138e-01 -2.543916847389917149e-04 -1.591772962362577370e+00
4.391311183782494187e-01 -4.275039235082263300e-02 -1.505346616109503932e+00
4.411298351187508127e-01 -8.076255402674678563e-02 -1.256757526351815812e+00
4.431325454458727164e-01 -1.103470773551425282e-01 -8.748479652436335074e-01
4.451352557729946757e-01 -1.284196649423296754e-01 -4.027271161819738210e-01
4.481444270479484904e-01 -1.306293606494992598e-01 3.563903641754630480e-01
4.506573177191960933e-01 -1.099717472678031771e-01 9.363881007571515092e-01
4.531702083904435852e-01 -7.229638260952510331e-02 1.370158055319658841e+00
4.551848815569788931e-01 -3.356392512057106148e-02 1.570319393164264499e+00
4.571995547235140900e-01 8.560986864115639750e-03 1.618554715353679896e+00
4.592181900033455166e-01 5.011460134017475115e-02 1.513005498206302146e+00
4.612368252831767768e-01 8.712984139985766041e-02 1.266400071423003704e+00
4.632593922887823235e-01 1.162949590073669992e-01 9.034823537929542736e-01
4.652819592943879257e-01 1.349742590839008993e-01 4.599093933385892119e-01
4.673084188243976089e-01 1.416225875845969762e-01 -2.396456028053067441e-02
4.693348783544071812e-01 1.357527307942738293e-01 -5.038458327232259171e-01
4.713651924405172222e-01 1.179838051628466639e-01 -9.388781535385293253e-01
4.733955065266273188e-01 8.998624914333759606e-02 -1.291748879790205695e+00
4.759389023477624270e-01 4.454129837357025806e-02 -1.575015777497031033e+00
4.784822981688974797e-01 -6.887696460468588182e-03 -1.655195064156026685e+00
4.805211256895989269e-01 -4.815573838626586306e-02 -1.567960837148108633e+00
4.825599532103003741e-01 -8.572566197469387583e-02 -1.355184664903556380e+00
4.846024622203434773e-01 -1.167147278590618537e-01 -1.035553608305105788e+00
4.866449712303865804e-01 -1.387090517634025078e-01 -6.364156209598136327e-01
4.886910831097662222e-01 -1.501345794826929869e-01 -1.892007507804928101e-01
4.907371949891458085e-01 -1.502035858516146405e-01 2.706247785077255386e-01
4.927868267637741106e-01 -1.390171649179358648e-01 7.092496071598359819e-01
4.948364585384024128e-01 -1.175227632751710827e-01 1.094078085344340368e+00
4.989425778493357111e-01 -5.207055469673965015e-02 1.596872703333857890e+00
5.020264094695874313e-01 8.465547944528604984e-03 1.694697511788530564e+00
5.051138832495274400e-01 6.822781492945834136e-02 1.535744338597955450e+00
5.092361856145506405e-01 1.311021754491519253e-01 9.881086959184670615e-01
5.133645520198434342e-01 1.618925609961846812e-01 1.984461872685334416e-01
5.174987117319133079e-01 1.536787219540961813e-01 -6.343034796261408648e-01
5.216383508218596088e-01 1.090786303992575118e-01 -1.313455145824897974e+00
5.257831480915519107e-01 3.894326732222764403e-02 -1.689850661576099755e+00
5.299327976174466048e-01 -4.069041639586124665e-02 -1.691070515146361863e+00
5.340869657500283418e-01 -1.124828838010672877e-01 -1.330255355711099430e+00
5.382452599924625325e-01 -1.615605125994840352e-01 -6.955085342319491382e-01
5.424072497157466088e-01 -1.783867443482825832e-01 7.512360391936240278e-02
5.465725012540574301e-01 -1.602570231860287464e-01 8.258548607271156694e-01
5.507405845750824591e-01 -1.112947344752250045e-01 1.415006522176184944e+00
5.549110536012068495e-01 -4.114543118474076749e-02 1.740312525277806444e+00
5.590834321773656690e-01 3.721287169717754639e-02 1.753830931846982466e+00
5.643010869630014081e-01 1.252417922296153452e-01 1.356569391691055282e+00
5.684758978830769527e-01 1.747047355943074087e-01 7.812138486009220228e-01
5.726509199913500936e-01 1.965190281999302790e-01 8.531534994279442452e-02
5.768255755389478656e-01 1.878688121839278968e-01 -6.181305187934582612e-01
5.809992666418749563e-01 1.507189076198608424e-01 -1.223155442537033011e+00
5.851713896051653485e-01 9.111776606542437706e-02 -1.645842772379390695e+00
5.882989619740793819e-01 3.669423035107975684e-02 -1.811346554080742299e+00
5.935085681122563850e-01 -5.814247466958875205e-02 -1.774093510659014106e+00
5.976721595114997676e-01 -1.277499895369280380e-01 -1.483150385718430053e+00
6.018315407075064405e-01 -1.818836562929188605e-01 -1.008358653376196568e+00
6.059860031390628121e-01 -2.143063481953421390e-01 -4.160148045890581514e-01
6.101348262532020339e-01 -2.217496860215976140e-01 2.186637027834425206e-01
6.142772761532119263e-01 -2.040245763467862794e-01 8.215697083800617140e-01
6.184126036405177551e-01 -1.637507811399375179e-01 1.328210173822350848e+00
6.225400396928169044e-01 -1.057956297914200705e-01 1.689895868271136914e+00
6.266587955232777452e-01 -3.653181574220150385e-02 1.877253893213317593e+00
6.307680621340325811e-01 3.697316939362230853e-02 1.881091252701185601e+00
6.348670077734064332e-01 1.077350585391564364e-01 1.710949632700963230e+00
6.389547727646552877e-01 1.695190718540734165e-01 1.391900361985824119e+00
6.430304670771704867e-01 2.173420278722234533e-01 9.602244010514465744e-01
6.470931794239351831e-01 2.477849934062355819e-01 4.586151548047762150e-01
6.511419830734889169e-01 2.591150433178397994e-01 -6.853554545279580412e-02
6.551759295578980513e-01 2.512347731985801746e-01 -5.793146325609690450e-01
6.591940368817645890e-01 2.254927381679134590e-01 -1.037595313647515338e+00
6.631952816224888636e-01 1.843958950136861397e-01 -1.415300031107569412e+00
6.671786041264677891e-01 1.312667156893500553e-01 -1.693596999131664393e+00
6.711429148974273895e-01 6.988481696393161746e-02 -1.863115965093216753e+00
6.750870927600961524e-01 4.146971141647653840e-03 -1.923343035200586693e+00
6.790099725167971778e-01 -6.222887071603359910e-02 -1.881396391244283706e+00
6.829103352717456055e-01 -1.259391778973631693e-01 -1.750402996740763495e+00
6.867869018151261384e-01 -1.842621514790178938e-01 -1.547691677554020373e+00
6.906383285912754966e-01 -2.351565228265766472e-01 -1.293002740629065617e+00
6.944632064204609989e-01 -2.772979350530349052e-01 -1.006874551282348262e+00
6.982600501045075347e-01 -3.100628344042746232e-01 -7.092930007331395004e-01
7.020272815871985150e-01 -3.334729644268890070e-01 -4.186821998887371166e-01
7.038990663650485091e-01 -3.418209838934398448e-01 -2.810386397118715962e-01
7.057628000939073498e-01 -3.480786078695277674e-01 -1.509872450507594721e-01
7.094655902404470860e-01 -3.549827361068226828e-01 8.006539371721167753e-02
7.131331888985167344e-01 -3.555640566018000714e-01 2.636424360118210242e-01
7.167633315432266894e-01 -3.515022087201283840e-01 3.910863707795472211e-01
7.203534697890988658e-01 -3.447159006225618549e-01 4.524855122864111512e-01
7.239006927315578821e-01 -3.370465597863119833e-01 4.592699108364970972e-01
7.274037472512754343e-01 -3.294609005589642647e-01 4.554531362238567471e-01
7.308631569784361792e-01 -3.221049364889255195e-01 4.517551337248189580e-01
7.342794427454362172e-01 -3.149690792725200472e-01 4.481711063513762472e-01
7.376531370894844342e-01 -3.080444276548289229e-01 4.446964672786353212e-01
7.409847640846142225e-01 -3.013225226832917381e-01 4.413268605085459151e-01
7.442748211369105693e-01 -2.947954094506136657e-01 4.380581654043208539e-01
7.475237974064263824e-01 -2.884555431533629144e-01 4.348864643059870971e-01
7.507321962838469087e-01 -2.822956758828910617e-01 4.318080093782732942e-01
7.539005302043194634e-01 -2.763088567037986221e-01 4.288192185119906186e-01
7.570292970629285412e-01 -2.704884999125654610e-01 4.259166883046209273e-01
7.601189748256973466e-01 -2.648283872003356354e-01 4.230971885008585898e-01
7.631700307096180858e-01 -2.593226139272614139e-01 4.203576437018337608e-01
7.661829280312825174e-01 -2.539655489422122381e-01 4.176951187408908250e-01
7.691581275626218073e-01 -2.487518162859934656e-01 4.151068099625485064e-01
7.720960887207071188e-01 -2.436762727269866369e-01 4.125900371773940645e-01
7.749972707982543119e-01 -2.387339848128459951e-01 4.101422361086022317e-01
7.778621289318303766e-01 -2.339202344933813960e-01 4.077609556348437136e-01
7.806911033824630586e-01 -2.292305503510631559e-01 4.054438606195738259e-01
7.834846171445913887e-01 -2.246607043580962637e-01 4.031887275574069784e-01
7.862430869060449412e-01 -2.202066565852108526e-01 4.009934299023074633e-01
7.889669369237084506e-01 -2.158644994530063144e-01 3.988559222373017632e-01
7.916565982021911418e-01 -2.116304574810259354e-01 3.967742370810992680e-01
7.943124974778934533e-01 -2.075009180220717675e-01 3.947464895443738575e-01
7.969350495080719243e-01 -2.034724426958473831e-01 3.927708789747951790e-01
7.995246585495641156e-01 -1.995417494195325103e-01 3.908456835384195305e-01
8.020817215573190495e-01 -1.957056922799653431e-01 3.889692539694166173e-01
8.046066294762304061e-01 -1.919612524731240388e-01 3.871400090717184161e-01
8.070997653306969388e-01 -1.883055370663935801e-01 3.853564338827371039e-01
8.095615092888481801e-01 -1.847357644792793907e-01 3.836170728761594262e-01
8.119922431475441460e-01 -1.812492507001093878e-01 3.819205240935487633e-01
8.143923505053758394e-01 -1.778434079639802656e-01 3.802654365112603796e-01
8.167622071215497881e-01 -1.745157609286346057e-01 3.786505143443116284e-01
8.191021778306492029e-01 -1.712639471519642187e-01 3.770745164653924730e-01
8.214126187949533087e-01 -1.680857011895945941e-01 3.755362523880524384e-01
8.236938850346046115e-01 -1.649788301284773884e-01 3.740345749723972268e-01
8.259463322523640239e-01 -1.619412057213764633e-01 3.725683773838702750e-01
8.281703138888254490e-01 -1.589707767693390172e-01 3.711365931868533252e-01
8.303661724506571362e-01 -1.560655943758904596e-01 3.697382000930534152e-01
8.325342380230222883e-01 -1.532238131690183414e-01 3.683722188519780727e-01
8.346748353855768521e-01 -1.504436600396775181e-01 3.670377069142801707e-01
8.367882947421915185e-01 -1.477233977866500847e-01 3.657337502001187790e-01
8.388749484008726220e-01 -1.450613304320234886e-01 3.644594640368150062e-01
8.409351219691613144e-01 -1.424558310792184979e-01 3.632139972509281778e-01
8.429691303017050608e-01 -1.399053528857540363e-01 3.619965331597133629e-01
8.449772835243484215e-01 -1.374084095920556636e-01 3.608062844786867895e-01
8.469598912257328971e-01 -1.349635593986349136e-01 3.596424896574752506e-01
8.489172622932020795e-01 -1.325694061971100235e-01 3.585044119553266739e-01
8.508497044538249066e-01 -1.302246033166464256e-01 3.573913386940038572e-01
8.527575229688695302e-01 -1.279278518868425529e-01 3.563025810092833034e-01
8.546410160783932675e-01 -1.256779018276316107e-01 3.552374754598879303e-01
8.565004710086118189e-01 -1.234735564446584472e-01 3.541953852444981732e-01
8.583361673787008872e-01 -1.213136658947193136e-01 3.531756972548061868e-01
8.601483873498577681e-01 -1.191971066258957351e-01 3.521778155442282232e-01
8.619374190156378068e-01 -1.171227712612074034e-01 3.512011588596190559e-01
8.637035513945729992e-01 -1.150895792435549236e-01 3.502451627959122238e-01
8.654470650665438969e-01 -1.130964972766123899e-01 3.493092841919641089e-01
8.671682312272307458e-01 -1.111425413597003642e-01 3.483930007715392296e-01
8.688673159218502917e-01 -1.092267626130905139e-01 3.474958081155672396e-01
8.705445856873960109e-01 -1.073482322608753231e-01 3.466172160304728522e-01
8.722003068198478370e-01 -1.055060435671586055e-01 3.457567484291496074e-01
8.738347418094588592e-01 -1.036993220593367959e-01 3.449139446450291135e-01
8.754481467852704979e-01 -1.019272293265345297e-01 3.440883601719298968e-01
8.770407741766889087e-01 -1.001889532626614177e-01 3.432795647141111961e-01
8.786128771136945126e-01 -9.848369607614540500e-02 3.424871394652524437e-01
8.801647113007132761e-01 -9.681067183313460389e-02 3.417106757665844818e-01
8.816965317742312402e-01 -9.516911511087820796e-02 3.409497763616538002e-01
8.832085878593547434e-01 -9.355829136603645291e-02 3.402040574596637001e-01
8.847011190561783200e-01 -9.197750171094432048e-02 3.394731502709802395e-01
8.861743569071006688e-01 -9.042607679420999744e-02 3.387566995582291796e-01
8.876285293506940288e-01 -8.890336580719455928e-02 3.380543610891851847e-01
8.890638676536581908e-01 -8.740872388989125163e-02 3.373657979312560395e-01
8.904806072870743439e-01 -8.594150976206599291e-02 3.366906798158749159e-01
8.918789864151801527e-01 -8.450108958785565449e-02 3.360286836153614787e-01
8.932592404372767803e-01 -8.308684696848989137e-02 3.353794956755532519e-01
8.946215989640163846e-01 -8.169818973781187155e-02 3.347428128906722589e-01
8.959662842038009778e-01 -8.033455333174145674e-02 3.341183430955021461e-01
8.972935117732897536e-01 -7.899539899803116605e-02 3.335058043226304947e-01
8.986034927209798351e-01 -7.768020840428725704e-02 3.329049235376653204e-01
8.998964354025826839e-01 -7.638847708345672394e-02 3.323154355067595711e-01
9.011725489915097809e-01 -7.511970629157134483e-02 3.317370809567017353e-01
9.024320447860507688e-01 -7.387339980987721322e-02 3.311696058071653681e-01
9.036751353555274591e-01 -7.264906738202185632e-02 3.306127613769910822e-01
9.049020296532450658e-01 -7.144623506322611561e-02 3.300663063868724545e-01
9.061129304280890473e-01 -7.026445043286749792e-02 3.295300078638805363e-01
9.073080357373773941e-01 -6.910327829580589776e-02 3.290036402147833994e-01
9.084875419218813031e-01 -6.796229332511799504e-02 3.284869836988524860e-01
9.096516449412487271e-01 -6.684107693679718076e-02 3.279798236697985536e-01
9.108005396977110202e-01 -6.573921905783886022e-02 3.274819507136857988e-01
9.119344190251117421e-01 -6.465632067044858877e-02 3.269931609209085210e-01
9.130534727752540602e-01 -6.359199520514624560e-02 3.265132561087408791e-01
9.141578874195450677e-01 -6.254586847746067269e-02 3.260420438169653878e-01
9.152478462184302499e-01 -6.151757839159338603e-02 3.255793370689880617e-01
9.163235307136011754e-01 -6.050676987257454925e-02 3.251249535794765166e-01
9.173851213290326045e-01 -5.951309643080294337e-02 3.246787153683362015e-01
9.184327978233862710e-01 -5.853621666203860652e-02 3.242404484412410026e-01
9.194667382392092136e-01 -5.757579669604503264e-02 3.238099831128874451e-01
9.204871184823875119e-01 -5.663151101494851014e-02 3.233871540536470968e-01
9.214941118815067611e-01 -5.570304336332151246e-02 3.229718003452287656e-01
9.224878885587296518e-01 -5.479008768119841832e-02 3.225637656142850695e-01
9.234686156415649050e-01 -5.389234749058419843e-02 3.221628978177588642e-01
9.244364580894727235e-01 -5.300953342318674016e-02 3.217690487908688168e-01
9.253915805410551920e-01 -5.214135926632058882e-02 3.213820733917568395e-01
9.263341472457474746e-01 -5.128754158286476239e-02 3.210018294455501131e-01
9.272643205556930779e-01 -5.044780324653841408e-02 3.206281782638326083e-01
9.281822593195951931e-01 -4.962187762143390607e-02 3.202609851902523674e-01
9.290881192404382150e-01 -4.880950857241301427e-02 3.199001193493892226e-01
9.299820544127295197e-01 -4.801044665118760907e-02 3.195454529383052189e-01
9.308642183379219892e-01 -4.722444516767166506e-02 3.191968607450657580e-01
9.317347637709364472e-01 -4.645125905869307986e-02 3.188542201399559017e-01
9.325938419655581679e-01 -4.569064643298494793e-02 3.185174113024217823e-01
9.334416025644689530e-01 -4.494236991957121369e-02 3.181863171900416454e-01
9.342781940582032263e-01 -4.420619668667725988e-02 3.178608232879271966e-01
9.351037639763524201e-01 -4.348189791085391165e-02 3.175408174689438590e-01
9.359184581932523672e-01 -4.276925044894075434e-02 3.172261901942666773e-01
9.367224180073485673e-01 -4.206804241549597784e-02 3.169168355707965290e-01
9.375157793601903711e-01 -4.137807585396147125e-02 3.166126515576376810e-01
9.382986736089657942e-01 -4.069916428426878507e-02 3.163135395867858191e-01
9.390712321160756826e-01 -4.003112319090276761e-02 3.160194027371725500e-01
9.398335891165293665e-01 -3.937376317124027802e-02 3.157301446081089424e-01
9.405858812974943195e-01 -3.872689005875726287e-02 3.154456694584388265e-01
9.413282457717848661e-01 -3.809030851932643930e-02 3.151658829422507857e-01
9.420608178502133390e-01 -3.746382533309094987e-02 3.148906929077883166e-01
9.427837310928691705e-01 -3.684724982607139043e-02 3.146200093229820083e-01
9.434971161334501089e-01 -3.624039729819553135e-02 3.143537446618268616e-01
9.442010983676487612e-01 -3.564309458510414585e-02 3.140918147076003919e-01
9.448957981803430828e-01 -3.505518062422654374e-02 3.138341383946385288e-01
9.455813325674083947e-01 -3.447650047758279296e-02 3.135806371472971699e-01
9.462578189837917986e-01 -3.390689457469125978e-02 3.133312334085518458e-01
9.469253759203707377e-01 -3.334619462230613285e-02 3.130858504055736846e-01
9.475841219105402002e-01 -3.279422812346526744e-02 3.128444124940568671e-01
9.482341736882211602e-01 -3.225082882043606158e-02 3.126068458092888247e-01
9.488756453742962504e-01 -3.171584343801333444e-02 3.123730785241698449e-01
9.495086488587556328e-01 -3.118913153228903765e-02 3.121430406652508927e-01
9.501332951313513631e-01 -3.067056383326073610e-02 3.119166635925202935e-01
9.507496960826257171e-01 -3.016002115091423116e-02 3.116938793194882207e-01
9.513579651353069044e-01 -2.965739321314062732e-02 3.114746202649629758e-01
9.519582165945869034e-01 -2.916257262034568920e-02 3.112588194508532080e-01
9.525505625735545268e-01 -2.867544746726043495e-02 3.110464115651318528e-01
9.531351118401709677e-01 -2.819589878193265106e-02 3.108373333323699028e-01
9.537119697698679399e-01 -2.772380260113484901e-02 3.106315235024382226e-01
9.542812403202287630e-01 -2.725903077376025038e-02 3.104289221232114926e-01
9.548430270251752061e-01 -2.680145088877996032e-02 3.102294701698596335e-01
9.553974327455952986e-01 -2.635092806033557250e-02 3.100331096181499491e-01
9.559445589026865919e-01 -2.590733174418377235e-02 3.098397837004236988e-01
9.564845050053580877e-01 -2.547054201943916435e-02 3.096494370530722406e-01
9.570173690229182295e-01 -2.504044956638519503e-02 3.094620155602621492e-01
9.575432481385535155e-01 -2.461695081478718419e-02 3.092774660557532362e-01
9.580622389120657667e-01 -2.419994318996121149e-02 3.090957362382169560e-01
9.585744372418232295e-01 -2.378932372376547921e-02 3.089167746639916445e-01
9.590799381259947909e-01 -2.338499018721602526e-02 3.087405308118018055e-01
9.595788354479902749e-01 -2.298684254399296217e-02 3.085669551399581323e-01
9.600712216912781205e-01 -2.259478403431385007e-02 3.083959991678538737e-01
9.605571877573033657e-01 -2.220872137644203104e-02 3.082276155200809331e-01
9.610368233668841187e-01 -2.182856378378552134e-02 3.080617577650269223e-01
9.615102176430252445e-01 -2.145422172706177438e-02 3.078983801980186841e-01
9.619774592602109431e-01 -2.108560650730649522e-02 3.077374377752024603e-01
9.624386363595022198e-01 -2.072263025295273051e-02 3.075788861277774511e-01
9.628938363592510763e-01 -2.036520600170442855e-02 3.074226816158585063e-01
9.633431459530198415e-01 -2.001324772367406996e-02 3.072687813116118383e-01
9.637866510388649610e-01 -1.966667096364113285e-02 3.071171430100618216e-01
9.642244362725824747e-01 -1.932539406599234275e-02 3.069677253713348763e-01
9.646565852206075986e-01 -1.898933792742904525e-02 3.068204878514690925e-01
9.650831808361504116e-01 -1.865842467767683116e-02 3.066753905245935274e-01
9.655043054562382210e-01 -1.833257727634766271e-02 3.065323940740273811e-01
9.659200402356747928e-01 -1.801172048103042919e-02 3.063914599679512518e-01
9.663304647237355161e-01 -1.769578188976868305e-02 3.062525505889350241e-01
9.667356570265409621e-01 -1.738469154408835843e-02 3.061156291662945339e-01
9.671356950751521797e-01 -1.707837990427056932e-02 3.059806593386787954e-01
9.675306568648514016e-01 -1.677677721013432280e-02 3.058476050705327132e-01
9.679206204413721704e-01 -1.647981349838641488e-02 3.057164306408571841e-01
9.683056632759791116e-01 -1.618741887477064337e-02 3.055871008468801220e-01
9.686858619411236049e-01 -1.589952352411731773e-02 3.054595810925952448e-01
9.690612920205190495e-01 -1.561605794034233094e-02 3.053338374107666398e-01
9.694320280361357067e-01 -1.533695377068740491e-02 3.052098364827318666e-01
9.697981436541373013e-01 -1.506214427384846254e-02 3.050875455610650433e-01
9.701597119736792285e-01 -1.479156375487630966e-02 3.049669323703974033e-01
9.705168057640763957e-01 -1.452514675444745856e-02 3.048479650139176989e-01
9.708694969864466451e-01 -1.426282836126039309e-02 3.047306121195157980e-01
9.712178563702503764e-01 -1.400454511541925594e-02 3.046148429693622539e-01
9.715619532024425409e-01 -1.375023541508951959e-02 3.045006275597615386e-01
9.719018559824413872e-01 -1.349983781391342688e-02 3.043879363768913215e-01
9.722376334334535963e-01 -1.325328876463938328e-02 3.042767400553390011e-01
9.725693544860373185e-01 -1.301052245149917491e-02 3.041670093780192152e-01
9.728970879945362249e-01 -1.277147169538261733e-02 3.040587153656162944e-01
9.732209017546173957e-01 -1.253606928592285175e-02 3.039518295873367970e-01
9.735408623544371531e-01 -1.230424802229426219e-02 3.038463241982634622e-01
9.738570353791702328e-01 -1.207594026701115132e-02 3.037421718597814180e-01
9.741694855365269357e-01 -1.185107831708992303e-02 3.036393456984367023e-01
9.744782765863391205e-01 -1.162959530178829005e-02 3.035378193310835915e-01
9.747834712405878399e-01 -1.141142563480387895e-02 3.034375668795391001e-01
9.750851311684266554e-01 -1.119650456878633696e-02 3.033385629603259082e-01
9.753833174776915804e-01 -1.098476692740643634e-02 3.032407825362594678e-01
9.756780908428658305e-01 -1.077614678877058391e-02 3.031442008454271475e-01
9.759695114299516971e-01 -1.057057778074491083e-02 3.030487934266208883e-01
9.762576389021463408e-01 -1.036799227001337052e-02 3.029545361118478608e-01
9.765425324979953858e-01 -1.016831997169120524e-02 3.028614049733724389e-01
9.768242509432418785e-01 -9.971487501600781109e-03 3.027693763549236805e-01
9.771028522833710150e-01 -9.777419492175167676e-03 3.026784269183920850e-01
9.773783933517848910e-01 -9.586041278623001413e-03 3.025885338112426215e-01
9.776509296593629550e-01 -9.397280458044719384e-03 3.024996747203922975e-01
9.779205156231944862e-01 -9.211066551582132791e-03 3.024118277930317733e-01
9.781872047434609918e-01 -9.027329886112470461e-03 3.023249715316797537e-01
9.784510495060143587e-01 -8.846000694830033484e-03 3.022390848464127644e-01
9.787121011965591588e-01 -8.667009209643699794e-03 3.021541471047141658e-01
9.789704097928612070e-01 -8.490285957622177929e-03 3.020701381304842226e-01
9.792260248675913603e-01 -8.315760674497841426e-03 3.019870379135830563e-01
9.794789964416771300e-01 -8.143361038864923435e-03 3.019048263601347148e-01
9.797293750085785957e-01 -7.973012370722410910e-03 3.018234832607178397e-01
9.799772111141689113e-01 -7.804639005558773428e-03 3.017429884207774582e-01
9.802225538059048393e-01 -7.638167477986956833e-03 3.016633221715501745e-01
9.804654503645000574e-01 -7.473530043405124910e-03 3.015844654330431807e-01
9.807059465012439858e-01 -7.310651711712685789e-03 3.015063996596887286e-01
9.809440869290046994e-01 -7.149478146962785600e-03 3.014291066291840959e-01
9.811799158740861504e-01 -6.989938794571957069e-03 3.013525682707487996e-01
9.814134771051555850e-01 -6.831969412630944406e-03 3.012767666420457791e-01
9.816448139740299172e-01 -6.675506791324102053e-03 3.012016839090048137e-01
9.818739695684386426e-01 -6.520489206271972565e-03 3.011273023198348664e-01
9.821009867550495320e-01 -6.366857518198374907e-03 3.010536042019527625e-01
9.823259081899210488e-01 -6.214555058616433834e-03 3.009805719791774914e-01
9.825487766341645113e-01 -6.063527476225479169e-03 3.009081880106052043e-01
9.827696354372893461e-01 -5.913722439278071112e-03 3.008364344487449160e-01
9.829885289087769706e-01 -5.765089358221664288e-03 3.007652931518883244e-01
9.832055018255810852e-01 -5.617580263265728284e-03 3.006947458076407731e-01
9.834205977716130587e-01 -5.471151881753920365e-03 3.006247744373800601e-01
9.836338588957453943e-01 -5.325766291473589195e-03 3.005553614097208892e-01
9.838453264273652188e-01 -5.181390456564871974e-03 3.004864893241426804e-01
9.840550431756610594e-01 -5.037994022907751716e-03 3.004181402749776519e-01
9.842630544299338924e-01 -4.895548120658226032e-03 3.003502955385548012e-01
9.844694079699815026e-01 -4.754025761890495402e-03 3.002829355294194813e-01
9.846741527711339037e-01 -4.613404499264288534e-03 3.002160402751071211e-01
9.848773386240422534e-01 -4.473668304380180871e-03 3.001495895213703857e-01
9.850790165882933325e-01 -4.334806622963993834e-03 3.000835625288195141e-01
9.852792397559874127e-01 -4.196810883165047641e-03 3.000179378006553321e-01
9.854780637322345660e-01 -4.059671845218988488e-03 2.999526928640130485e-01
9.856755468082143423e-01 -3.923380021168512873e-03 2.998878041771544933e-01
9.858717495053704871e-01 -3.787928425411430777e-03 2.998232472837747964e-01
9.860667343401825491e-01 -3.653309933615623162e-03 2.997589969808860944e-01
9.862605662335471868e-01 -3.519536037242389486e-03 2.996950270600387545e-01
9.864533145194630537e-01 -3.386595838268240469e-03 2.996313096396073794e-01
9.866450541503118954e-01 -3.254486173863679107e-03 2.995678148672838437e-01
9.867880381885917318e-01 -3.156097733699328792e-03 2.995203893659478811e-01
9.869309532600107904e-01 -3.057886120624912080e-03 2.994729182509598964e-01
9.871205341790296739e-01 -2.927844160133455734e-03 2.994098353547961500e-01
9.872620466585018129e-01 -2.830988948711281403e-03 2.993626602501581746e-01
9.874036170961336678e-01 -2.734303059563048498e-03 2.993153876741906361e-01
9.875916216718324536e-01 -2.606267544869745028e-03 2.992524829938922326e-01
9.877556032248382412e-01 -2.494984275177170550e-03 2.991974915101013321e-01
9.878728339090028232e-01 -2.415677998327688935e-03 2.991581031965721005e-01
9.880364164951689343e-01 -2.305391654880244168e-03 2.991030319679011673e-01
9.881766700670048253e-01 -2.211218805918852524e-03 2.990557087606016684e-01
9.882701561032216642e-01 -2.148661083666040302e-03 2.990241089278697362e-01
9.884161744165290697e-01 -2.051310123836236170e-03 2.989746582132256636e-01
9.885274938018725477e-01 -1.977405746585295544e-03 2.989368785277697893e-01
9.886441702430321943e-01 -1.900251816017255223e-03 2.988972033999870992e-01
9.887615048409820195e-01 -1.822994451970008385e-03 2.988572216224310574e-01
9.888671405303265383e-01 -1.753738199848702169e-03 2.988211525314833916e-01
9.889964814527246739e-01 -1.669341743967120949e-03 2.987768905676440601e-01
9.891379956535801821e-01 -1.577535376406167221e-03 2.987283330120580893e-01
9.892563647329785104e-01 -1.501195820509402049e-03 2.986876086007052566e-01
9.893750463211569146e-01 -1.425085492457894105e-03 2.986466731748180781e-01
9.894943121748573933e-01 -1.349050528923575586e-03 2.986054275811704795e-01
9.896140207055634797e-01 -1.273203872738149422e-03 2.985639149256418268e-01
9.897159914823099314e-01 -1.208977606799515334e-03 2.985284596761742515e-01
9.898434705941348000e-01 -1.129192396988847611e-03 2.984840089667004093e-01
9.899375585064562610e-01 -1.070673211162543031e-03 2.984511078602361533e-01
9.900878310668779214e-01 -9.778720722136500631e-04 2.983983876884479525e-01
9.901743200970993808e-01 -9.248379013149152488e-04 2.983679447568802212e-01
9.902609137873940037e-01 -8.720212906904798843e-04 2.983373889692067515e-01
9.903612026626938958e-01 -8.112068079261370961e-04 2.983019021061679155e-01
9.904874739384739168e-01 -7.351919777028491842e-04 2.982570651291864272e-01
9.905894425236058121e-01 -6.742669730980546889e-04 2.982207249531551030e-01
9.907182233334840271e-01 -5.979202843229601896e-04 2.981746520282510526e-01
9.907962672147299088e-01 -5.519782070934418482e-04 2.981466303382380723e-01
9.909212141403226370e-01 -4.789382235199498238e-04 2.981016030408719097e-01
9.910108377596256179e-01 -4.269343629260486045e-04 2.980691747625627830e-01
9.911016878566011323e-01 -3.745481461451311998e-04 2.980361866033071627e-01
9.912137238991562960e-01 -3.103998745962212313e-04 2.979953378542709586e-01
9.913000989104370220e-01 -2.612875398580781299e-04 2.979637132580196801e-01
9.913838631252052114e-01 -2.139463184752675754e-04 2.979329302614489028e-01
9.914506465589315587e-01 -1.764047201126614636e-04 2.979083041296634038e-01
9.915146713824002367e-01 -1.405816264561058769e-04 2.978846233541851962e-01
9.916340109879260289e-01 -7.424802713555347282e-05 2.978402884181869936e-01
9.917072197375820242e-01 -3.383709389864419194e-05 2.978129603342143938e-01
9.918113459853242775e-01 2.327314799091707306e-05 2.977739119140103141e-01
9.918788921488236321e-01 6.009478963204609452e-05 2.977484641709125524e-01
9.919787124284612512e-01 1.141892704984763475e-04 2.977106811983563084e-01
9.920446367295224777e-01 1.497089953653976864e-04 2.976856083588746982e-01
9.921335618592820316e-01 1.973668538444000307e-04 2.976516304557629278e-01
9.922483388488775313e-01 2.584486355941393752e-04 2.976074958443326590e-01
9.923140323712106303e-01 2.931892317368635999e-04 2.975820871609327622e-01
9.923808176287334248e-01 3.283443974100128831e-04 2.975561412977690279e-01
9.924653149416101661e-01 3.725911131142126283e-04 2.975231420136361660e-01
9.925519742114751187e-01 4.177023513954311379e-04 2.974890900979615949e-01
9.926400143689063649e-01 4.632583448991593918e-04 2.974542697809105518e-01
9.927300306504682759e-01 5.095581665658029417e-04 2.974184216787580382e-01
9.928223552515691441e-01 5.567568510308939156e-04 2.973813835483845036e-01
9.928790071570852138e-01 5.855776766651195472e-04 2.973585147298419828e-01
9.929749283407137694e-01 6.341356190205210122e-04 2.973195383210462395e-01
9.930338309415541742e-01 6.638043435748651076e-04 2.972954382499444215e-01
9.931134822473388635e-01 7.037429449190874594e-04 2.972626402145110980e-01
9.931957520679123297e-01 7.447744779459967122e-04 2.972285018093927533e-01
9.932581794112547158e-01 7.757583693403830201e-04 2.972024121260034013e-01
9.933222453859934520e-01 8.074223382719633059e-04 2.971754652868580648e-01
9.934096186032961295e-01 8.503889673725612778e-04 2.971384229751515282e-01
9.934541404540199183e-01 8.721880192458092429e-04 2.971194131702261654e-01
9.935457954224757859e-01 9.168676062294170643e-04 2.970799816374635194e-01
9.936160469382104843e-01 9.509338249360583173e-04 2.970494765644786095e-01
9.936880935992783437e-01 9.857043395731799121e-04 2.970179273579579560e-01
9.937495894572796473e-01 1.015247597437029907e-03 2.969907780117476137e-01
9.938121488219817667e-01 1.045173098991966469e-03 2.969629430167571305e-01
9.939160796672812381e-01 1.094593418677833547e-03 2.969161979375398719e-01
9.939694945657114866e-01 1.119845479833595989e-03 2.968919186407736888e-01
9.940375730092885220e-01 1.151886255888957128e-03 2.968607132761564849e-01
9.941079133971814086e-01 1.184823718809070855e-03 2.968281527435079892e-01
9.941512836844985657e-01 1.205047471652344673e-03 2.968079098120900983e-01
9.942245924467123519e-01 1.239087260833700386e-03 2.967733940617646726e-01
9.942849783485653292e-01 1.266989335709723958e-03 2.967446703088904014e-01
9.943630951281491326e-01 1.302896325259386917e-03 2.967071047425517416e-01
9.944439687478419110e-01 1.339837662467673355e-03 2.966677073831681111e-01
9.944937414949477361e-01 1.362450247864194089e-03 2.966431939386246497e-01
9.945448254080581085e-01 1.385562344863248974e-03 2.966178157646928715e-01
9.946141837795062779e-01 1.416787816047617582e-03 2.965829917816880101e-01
9.946679242963347711e-01 1.440859126465426953e-03 2.965557080753369879e-01
9.947232555508067620e-01 1.465531870828589746e-03 2.965273321641623272e-01
9.947802947091887171e-01 1.490847994030262622e-03 2.964977677485290397e-01
9.948193345282794198e-01 1.508105693224099471e-03 2.964773438180718923e-01
9.948788033927520313e-01 1.534283889745128053e-03 2.964459279117417911e-01
9.949193304565996376e-01 1.552046054275653918e-03 2.964243011959302176e-01
9.949819063874423275e-01 1.579343653793300077e-03 2.963905507737192302e-01
9.950248963278948144e-01 1.598006076408121272e-03 2.963671039287800180e-01
9.950914392447394174e-01 1.626744271245687216e-03 2.963303783936679925e-01
9.951257033035670885e-01 1.641472434872021362e-03 2.963112557098222521e-01
9.951843888488717260e-01 1.666591022911061322e-03 2.962781574858991962e-01
9.952322115084688559e-01 1.686962127087764324e-03 2.962508521346013390e-01
9.952814503025246839e-01 1.707844489324687352e-03 2.962224143661711384e-01
9.953322073685838545e-01 1.729272796285977491e-03 2.961927440019669899e-01
9.953845960308196350e-01 1.751284209944844582e-03 2.961617274729371196e-01
9.954519586706931378e-01 1.779423594138675570e-03 2.961212362971538115e-01
9.954937886889216880e-01 1.796801821887471923e-03 2.960957335948911084e-01
9.955367586705249350e-01 1.814577626299016064e-03 2.960692392762923064e-01
9.955809446208156999e-01 1.832778536147098257e-03 2.960416717298859357e-01
9.956414875400296793e-01 1.857591517473459065e-03 2.960033478251322125e-01
9.956882115261579402e-01 1.876643754663535543e-03 2.959733190411589776e-01
9.957364305507077074e-01 1.896217570919316552e-03 2.959419008892585912e-01
9.957694647789196996e-01 1.909576173185611103e-03 2.959201170936618386e-01
9.958204391530577348e-01 1.930106413772142860e-03 2.958860752824837848e-01
9.958554331825923978e-01 1.944140633555448139e-03 2.958623950298183702e-01
9.959095524598978733e-01 1.965747180433621497e-03 2.958252575185905120e-01
9.959562594527735513e-01 1.984298886766530223e-03 2.957926844010920764e-01
9.960045505597787674e-01 2.003386466006584245e-03 2.957584785634971847e-01
9.960343411253066437e-01 2.015116007491842606e-03 2.957371003905370221e-01
9.960854494326569775e-01 2.035162483859607845e-03 2.956999166527159439e-01
9.961277448285118519e-01 2.051681202264344674e-03 2.956686431548444238e-01
9.961713919593757627e-01 2.068661149929851371e-03 2.956358767853430880e-01
9.962161918280310058e-01 2.086018289060462879e-03 2.956017049426466481e-01
9.962505693319740896e-01 2.099286327645832461e-03 2.955750987606193259e-01
9.962858572444537320e-01 2.112858426423103002e-03 2.955474297148871776e-01
9.963221125104277931e-01 2.126752278888702913e-03 2.955186125361134453e-01
9.963593986330890884e-01 2.140988457462463662e-03 2.954885513110289130e-01
9.963977866504906133e-01 2.155591594183422621e-03 2.954571376263033788e-01
9.964373559441993544e-01 2.170589104477602029e-03 2.954242486899258946e-01
9.964644356591672025e-01 2.180822093120669825e-03 2.954014341599131011e-01
9.965061743102501257e-01 2.196547084235373534e-03 2.953657671801367957e-01
9.965347929889251111e-01 2.207296065222301602e-03 2.953409487249026855e-01
9.965789926785999508e-01 2.223842989720795950e-03 2.953020192769340024e-01
9.966093636738425632e-01 2.235173946962159316e-03 2.952748339674431954e-01
9.966559567315705914e-01 2.252493300570283016e-03 2.952324138436024925e-01
9.966880427217708061e-01 2.264374769908502824e-03 2.952026804467259291e-01
9.967378328212044281e-01 2.282740053538771189e-03 2.951556679384417792e-01
9.967809783515868549e-01 2.298587390306940353e-03 2.951140364826473350e-01
9.968257684029371291e-01 2.314976104306946166e-03 2.950699057290599447e-01
9.968534955838771472e-01 2.325091768649258008e-03 2.950421038069567792e-01
9.969012406558794837e-01 2.342458606893860640e-03 2.949933337086794172e-01
9.969308756731882770e-01 2.353203171663458514e-03 2.949624708766292458e-01
9.969613046775022136e-01 2.364206609336135141e-03 2.949302935110775237e-01
9.969925771600518516e-01 2.375484412046764519e-03 2.948966935164058500e-01
9.970247479264872092e-01 2.387054009640603852e-03 2.948615494788135449e-01
9.970691443777704999e-01 2.402967881675037009e-03 2.948120521094375612e-01
9.971036607767090887e-01 2.415299731552135367e-03 2.947727404907496407e-01
9.971393088047536546e-01 2.428001070550564033e-03 2.947313511746889048e-01
9.971637472447061334e-01 2.436689914997351887e-03 2.947024991382972692e-01
9.972014842903836884e-01 2.450079034318439122e-03 2.946571600722390216e-01
9.972274093111264115e-01 2.459256865262990106e-03 2.946254411323943612e-01
9.972575290295068173e-01 2.469897808624643351e-03 2.945879867355897241e-01
9.972922000224022643e-01 2.482116619249256830e-03 2.945440432793262064e-01
9.973280657224116164e-01 2.494720912534722015e-03 2.944976175513134287e-01
9.973558081309227275e-01 2.504445938234004920e-03 2.944610079120970614e-01
9.973843238065247530e-01 2.514421579251659850e-03 2.944227227382071876e-01
9.974136641173761975e-01 2.524666209952037589e-03 2.943826170042444512e-01
9.974438858290636256e-01 2.535199747241449406e-03 2.943405272881411960e-01
9.974750515538618467e-01 2.546044562191897113e-03 2.942962684369225257e-01
9.975181926553605694e-01 2.561026220927583186e-03 2.942335183316864833e-01
9.975404964969021293e-01 2.568756373062584895e-03 2.942003739066504364e-01
9.975740710655780497e-01 2.580372906463229178e-03 2.941495451013529383e-01
9.976084019075507348e-01 2.592224874656695339e-03 2.940963668149336185e-01
9.976319905302465374e-01 2.600353004945803875e-03 2.940590974010846570e-01
9.976685048465973038e-01 2.612913778395428970e-03 2.940001937193206794e-01
9.976936576052695127e-01 2.621553412055607508e-03 2.939587333022845583e-01
9.977327010428558296e-01 2.634947160691379370e-03 2.938928971645627386e-01
9.977596755686080066e-01 2.644189234432296406e-03 2.938463223775379940e-01
9.977874647642224204e-01 2.653700689238411726e-03 2.937973768574664857e-01
9.978161248682079210e-01 2.663499702092773404e-03 2.937458373402629386e-01
9.978457182292497230e-01 2.673604929278628438e-03 2.936914495362024091e-01
9.978685681051390199e-01 2.681397859179217216e-03 2.936486140134155209e-01
9.978920154480180882e-01 2.689386947957792331e-03 2.936038737328386938e-01
9.979242710965282592e-01 2.700366464515804345e-03 2.935409886034068827e-01
9.979408528064854789e-01 2.706006894403248896e-03 2.935080403350102674e-01
9.979749878048177480e-01 2.717613284105670646e-03 2.934388482152198163e-01
9.979925724695731803e-01 2.723590578241315199e-03 2.934024648782699307e-01
9.980288529745338089e-01 2.735920260378448595e-03 2.933257596876416295e-01
9.980475867178884020e-01 2.742284985295948344e-03 2.932852574416639491e-01
9.980764821692650335e-01 2.752099902837615471e-03 2.932215503145648716e-01
9.981063982578021188e-01 2.762257534445220018e-03 2.931539572785530345e-01
9.981269508387591305e-01 2.769233197177959575e-03 2.931065216041939259e-01
9.981587598926524585e-01 2.780027594889363050e-03 2.930314496376600353e-01
9.981806669382242703e-01 2.787461901447563055e-03 2.929785389295255227e-01
9.982031749578805790e-01 2.795102708317870766e-03 2.929231201396241824e-01
9.982381475806171300e-01 2.806984294136913825e-03 2.928348190570638221e-01
9.982623346236442208e-01 2.815208241401038949e-03 2.927721296180061383e-01
9.982872737916601569e-01 2.823693812273375247e-03 2.927060517735871059e-01
9.983130182164108302e-01 2.832459823300618063e-03 2.926362532808451933e-01
9.983396273700049228e-01 2.841527030258309255e-03 2.925623538778898691e-01
9.983671684421697723e-01 2.850919989964399888e-03 2.924839159730871496e-01
9.983957179697369178e-01 2.860668528046916761e-03 2.924004335687145906e-01
9.984253637137215920e-01 2.870807145996714677e-03 2.923113173558695710e-01
9.984406293963175028e-01 2.876035565733795190e-03 2.922644308422706616e-01
9.984641183739834114e-01 2.884093357496644600e-03 2.921909271319049206e-01
9.984883613646687861e-01 2.892427855984437343e-03 2.921132809418754972e-01
9.985219528053926874e-01 2.904005411899109306e-03 2.920025814410892040e-01
9.985393346580382357e-01 2.910008821385072324e-03 2.919438215831534067e-01
9.985661963323834156e-01 2.919305877255127558e-03 2.918509609267764260e-01
9.985940768752048502e-01 2.928982321431672191e-03 2.917518431065964646e-01
9.986132751984105882e-01 2.935662878695843424e-03 2.916819128778586623e-01
9.986430633305444227e-01 2.946062208296762810e-03 2.915706093540634258e-01
9.986636340980088455e-01 2.953269798715468450e-03 2.914916887119066713e-01
9.986848179599125963e-01 2.960717271665138164e-03 2.914086007331132544e-01
9.987178338722532134e-01 2.972378328704258603e-03 2.912752951108310562e-01
9.987349444046859093e-01 2.978446679247487728e-03 2.912043046494844911e-01
9.987524851726983233e-01 2.984686430191340733e-03 2.911301328648790432e-01
9.987765844015680239e-01 2.993292916125267489e-03 2.910258518524796445e-01
9.988015577918140098e-01 3.002255383659358737e-03 2.909147826715527407e-01
9.988274800149772314e-01 3.011610243215176366e-03 2.907961352016532608e-01
9.988544362552871370e-01 3.021399994736805646e-03 2.906689840114914936e-01
9.988753905693313895e-01 3.029056829842013705e-03 2.905673836418774525e-01
9.988970266660069930e-01 3.037009512034007010e-03 2.904598518916108874e-01
9.989270221423027785e-01 3.048117809269315550e-03 2.903061806744059448e-01
9.989504550052760168e-01 3.056864148884048601e-03 2.901822404454845739e-01
9.989747628014434833e-01 3.066005390919532975e-03 2.900499080505901106e-01
9.990051947931041232e-01 3.077557160237666747e-03 2.898785986690830541e-01
9.990263205772492716e-01 3.085651717852844027e-03 2.897558270381160317e-01
9.990481762035228197e-01 3.094097822144373060e-03 2.896253672389311196e-01
9.990785530834477290e-01 3.105968795269374409e-03 2.894379805837777875e-01
9.991023505581886344e-01 3.115380331737123507e-03 2.892860055717906276e-01
9.991271012511192540e-01 3.125279678533675332e-03 2.891228819291767893e-01
9.991528929002418957e-01 3.135724202666392239e-03 2.889471408437436217e-01
9.991798280720175507e-01 3.146782691995751811e-03 2.887570302300033753e-01
9.991984794926396241e-01 3.154537077112903529e-03 2.886212694447764515e-01
9.992177328124328684e-01 3.162632648862629715e-03 2.884774622391149124e-01
9.992478392564185796e-01 3.175491688188704711e-03 2.882448146385122034e-01
9.992688036569071786e-01 3.184596172753715020e-03 2.880769030654916629e-01
9.992905497192673403e-01 3.194180469116065027e-03 2.878973496159573653e-01
9.993131439165223728e-01 3.204298876669446627e-03 2.877047043904867318e-01
9.993247827739355493e-01 3.209578128712347895e-03 2.876029381980356181e-01
9.993487959678186705e-01 3.220626964792552144e-03 2.873873515595006256e-01
9.993674973098491954e-01 3.229385468779585443e-03 2.872139693416142503e-01
9.993868412429605108e-01 3.238596703319206963e-03 2.870293585566918160e-01
9.994068783400280598e-01 3.248311982042822749e-03 2.868322255049451930e-01
9.994276648665150198e-01 3.258590032325218034e-03 2.866210437721953830e-01
9.994492639380627708e-01 3.269498568110395555e-03 2.863939956961892297e-01
9.994641497712507539e-01 3.277160518857001083e-03 2.862327462110780263e-01
9.994872678435071656e-01 3.289311454064609754e-03 2.859742177362802340e-01
9.995032449859110324e-01 3.297898000801073679e-03 2.857894377371516526e-01
9.995197091961360858e-01 3.306919740035121902e-03 2.855935355770586881e-01
9.995366937452522249e-01 3.316423504913894316e-03 2.853853065393317512e-01
9.995542352050760249e-01 3.326461645257536813e-03 2.851633347641637228e-01
9.995632269244164592e-01 3.331699468738573595e-03 2.850466751571000823e-01
9.995816803494208536e-01 3.342659950432149210e-03 2.848008778891951143e-01
9.996007985421709874e-01 3.354330464236862912e-03 2.845365118750516897e-01
9.996106220069089776e-01 3.360459014898105421e-03 2.843965312864739081e-01
9.996308346586166849e-01 3.373374635539137106e-03 2.840991046141542742e-01
9.996412368419599348e-01 3.380189791046467069e-03 2.839406792516593891e-01
9.996572341019539509e-01 3.390911392245172032e-03 2.836894300267734370e-01
9.996654165764250477e-01 3.396513550087782492e-03 2.835570659977487695e-01
9.996737268852544656e-01 3.402289859992401692e-03 2.834198150634407720e-01
9.996907478591154916e-01 3.414411075329474871e-03 2.831292857336985547e-01
9.997083254080765258e-01 3.427365878131765145e-03 2.828143472800375702e-01
9.997203659123680142e-01 3.436516300467549849e-03 2.825886254715195833e-01
9.997295716088870909e-01 3.443675570092251826e-03 2.824099303342216816e-01
9.997389315847620139e-01 3.451109065835707493e-03 2.822222787967608726e-01
9.997484485856261704e-01 3.458835941179470679e-03 2.820246906865986336e-01
9.997581247233376933e-01 3.466876972336854074e-03 2.818159963732481677e-01
9.997679612228204116e-01 3.475254459855982823e-03 2.815947585772901052e-01
9.997739394289327786e-01 3.480451546937141701e-03 2.814552757255766036e-01
9.997820000854189537e-01 3.487592964928063963e-03 2.812606372451513792e-01
9.997929051550846768e-01 3.497513894126504444e-03 2.809838527404379671e-01
9.997984214594728414e-01 3.502652038383275053e-03 2.808371137909371207e-01
9.998039795735214064e-01 3.507914932028488673e-03 2.806843007825887693e-01
9.998095779159665852e-01 3.513306443802515031e-03 2.805250899898873995e-01
9.998208912998742814e-01 3.524494175714657212e-03 2.801864189122419968e-01
9.998265973426959663e-01 3.530290889711569340e-03 2.800072188909799586e-01
9.998323339786087116e-01 3.536227298377716492e-03 2.798225164998818237e-01
9.998380985682069344e-01 3.542304742327639921e-03 2.796342286318774240e-01
9.998467947419584778e-01 3.551687761225600769e-03 2.793576131566672394e-01
9.998526250026127382e-01 3.558122325349777869e-03 2.791838585994441124e-01
9.998555514960351109e-01 3.561395099137219886e-03 2.791038634508509753e-01
9.998614299637414993e-01 3.568053908389231740e-03 2.789598469547559523e-01
9.998643847881024671e-01 3.571443179223392304e-03 2.788967027105335728e-01
9.998673512895481785e-01 3.574873732892068761e-03 2.788395600109345174e-01
9.998733233069112547e-01 3.581863271805743511e-03 2.787425736957968581e-01
9.998793574077052826e-01 3.589037638303530474e-03 2.786673254494497209e-01
9.998824016846992180e-01 3.592699864522129645e-03 2.786372019262651212e-01
9.998854656500272275e-01 3.596414555796578934e-03 2.786116916166608837e-01
9.998916573648619632e-01 3.604009416621431830e-03 2.785735094201179374e-01
9.998979452562853920e-01 3.611844319849508329e-03 2.785508209797210588e-01
9.999043416463473388e-01 3.619942683553611842e-03 2.785417404112439654e-01
9.999125084778498485e-01 3.630475042897432329e-03 2.785466254413766496e-01
9.999175115050784601e-01 3.637036812780270346e-03 2.785566307726842217e-01
9.999243130945403291e-01 3.646094968884569694e-03 2.785766389513320007e-01
9.999312785469907094e-01 3.655540640557816516e-03 2.786026308478541935e-01
9.999348281186141163e-01 3.660421934669671161e-03 2.786173325695597280e-01
9.999420696978659207e-01 3.670526931037886020e-03 2.786492158936813568e-01
9.999476355849528098e-01 3.678431114411941961e-03 2.786744468055310509e-01
9.999533256625676714e-01 3.686639422114704970e-03 2.787000473507131870e-01
9.999611203631671996e-01 3.698101040360081675e-03 2.787334866793499399e-01
9.999671357732496935e-01 3.707124053937470819e-03 2.787569783829535464e-01
9.999724755022235678e-01 3.715268004137934656e-03 2.787754807145838565e-01
9.999792197722634501e-01 3.725741199804462334e-03 2.787949022844123381e-01
9.999826680284464864e-01 3.731178849165567215e-03 2.788028379920792221e-01
9.999897257606218393e-01 3.742489556085082814e-03 2.788142633367129419e-01
9.999933403873831894e-01 3.748378731732921344e-03 2.788173374441960672e-01
9.999970151280588304e-01 3.754434722065138220e-03 2.788183582238953351e-01
9.999985024668397449e-01 3.756905901039541210e-03 2.788181370158199779e-01
