# -19 2 0.543954627275 0.00113612326017
# x xi_r xi_h
1.310287751119751072e-03 -1.796984851901484603e+01 -8.886561110153220255e+00
1.460995662986557019e-03 -1.995607631222258149e+01 -9.839601183932904505e+00
1.650884358646134958e-03 -2.241959622953473996e+01 -1.100921447950642218e+01
1.840773054305712029e-03 -2.483538278874652860e+01 -1.214000966324341846e+01
2.080034956818093209e-03 -2.780367655468856469e+01 -1.350341468294850245e+01
2.319296859330475039e-03 -3.067916034670096437e+01 -1.479115987840113888e+01
2.620782178678318121e-03 -3.415561141303259518e+01 -1.629530959033341375e+01
2.922267498026161203e-03 -3.745276030492455988e+01 -1.765507209068798389e+01
3.302183600846774012e-03 -4.132644357733761353e+01 -1.914553985360054256e+01
3.682099703667386821e-03 -4.486043533272947315e+01 -2.036883445178416352e+01
4.160900837802832680e-03 -4.878965432836279348e+01 -2.150668010791260087e+01
4.639701971938277672e-03 -5.209642212291196017e+01 -2.217427032660067709e+01
5.099164758699403430e-03 -5.465439998888425066e+01 -2.236323225125735448e+01
5.558627545460530055e-03 -5.659023231316579938e+01 -2.211070944039878583e+01
6.245989158360841335e-03 -5.830701963221595463e+01 -2.093475601672740538e+01
6.768639774805322237e-03 -5.867198709720984340e+01 -1.944475309084869252e+01
7.291290391249803139e-03 -5.824841178569215572e+01 -1.749380682773168161e+01
8.033712313215113712e-03 -5.637067714331603696e+01 -1.404881343844044217e+01
8.776134235180425153e-03 -5.312773170300491188e+01 -1.001163929464564362e+01
9.779784977971731075e-03 -4.694110071414444008e+01 -4.020101283415326243e+00
1.078343572076304047e-02 -3.918898472868528415e+01 1.996223747393227388e+00
1.166068504828845012e-02 -3.162779530721699572e+01 6.788031943861830619e+00
1.253793437581384937e-02 -2.380683804907295809e+01 1.079251931860236624e+01
1.341518370333926076e-02 -1.614115083638426995e+01 1.374167405291159660e+01
1.454644800751801921e-02 -7.086848151627879844e+00 1.576991707452094893e+01
1.567771231169676899e-02 4.925068660323452252e-01 1.565573634887510757e+01
1.680897661587552050e-02 6.173753122880288657e+00 1.356774000875022779e+01
1.774028948610247014e-02 9.282777423088479196e+00 1.063261333329893965e+01
1.867160235632940937e-02 1.097797532783738461e+01 6.973228337526485632e+00
1.960291522655635901e-02 1.137053661208628341e+01 2.966449682150607003e+00
2.053422809678330171e-02 1.064890440072045052e+01 -9.984509171692076412e-01
2.154914563826640025e-02 8.885799836592113365e+00 -4.847984028181809180e+00
2.256406317974948839e-02 6.445837833948674600e+00 -7.846057986636325587e+00
2.357898072123257999e-02 3.689147401718979147e+00 -9.739958446668021352e+00
2.466754477920376012e-02 7.606259468182859917e-01 -1.042339874731472626e+01
2.575610883717492985e-02 -1.812912975837946972e+00 -9.747114735440288058e+00
2.684467289514610999e-02 -3.785971081999814469e+00 -7.907555662578526601e+00
2.793323695311727972e-02 -5.018494258280774112e+00 -5.223792343386275405e+00
2.903954886174606870e-02 -5.475876086814276178e+00 -2.036721975056912104e+00
3.014586077037486114e-02 -5.191043820253358199e+00 1.184988823933518898e+00
3.125217267900363971e-02 -4.299958524994046627e+00 4.039393055342878291e+00
3.235848458763242869e-02 -2.989428800044251933e+00 6.200541721080582214e+00
3.346479649626121766e-02 -1.469261788947784364e+00 7.451986419065310230e+00
3.457110840488999970e-02 5.434822956993551335e-02 7.704578515954018769e+00
3.578544865467637309e-02 1.516156838523344819e+00 6.887871954575439659e+00
3.699978890446273261e-02 2.591091735350751879e+00 5.121910961374025462e+00
3.821412915424909212e-02 3.177867313268424532e+00 2.725450411787663896e+00
3.942846940403545858e-02 3.254113294662218880e+00 8.242154861979988922e-02
4.064280965382181809e-02 2.869023642143726960e+00 -2.416640870867660329e+00
4.185714990360817761e-02 2.127645447132915368e+00 -4.430725736225891609e+00
4.307149015339455100e-02 1.169753287081063187e+00 -5.713475298030095573e+00
4.424530788812759685e-02 1.797087063719998157e-01 -6.139835407417687740e+00
4.541912562286065658e-02 -7.425946227372161035e-01 -5.768185115965361653e+00
4.659294335759370242e-02 -1.492230082501819322e+00 -4.702161711919004894e+00
4.776676109232676215e-02 -1.997246874347385681e+00 -3.121561970813993003e+00
4.894057882705980800e-02 -2.222745361569290257e+00 -1.251919786493236764e+00
5.005740200280924673e-02 -2.178276612910720722e+00 5.780655735754860469e-01
5.117422517855869241e-02 -1.908922006306386754e+00 2.258237718452251297e+00
5.229104835430813114e-02 -1.462298986253052879e+00 3.623452118175731762e+00
5.340787153005757681e-02 -8.990617006766854491e-01 4.551910615294449514e+00
5.452469470580702249e-02 -2.855219066439804720e-01 4.974758634279619507e+00
5.564151788155646122e-02 3.135173210369561758e-01 4.879741875038990706e+00
5.675834105730589996e-02 8.410376948485579485e-01 4.308593319402627131e+00
5.789005031244066207e-02 1.257142973627731086e+00 3.334072164477132283e+00
5.902175956757541725e-02 1.524479519722328202e+00 2.084720744495737410e+00
6.015346882271019324e-02 1.630580518608361951e+00 6.999228445002305676e-01
6.128517807784496230e-02 1.579264468944618249e+00 -6.824564638179637655e-01
6.242226172525015132e-02 1.386928705923287319e+00 -1.944051802528138806e+00
6.355934537265535422e-02 1.081915412504839580e+00 -2.974295327664248756e+00
6.469642902006055019e-02 6.997632707857356360e-01 -3.696490904947085099e+00
6.583351266746574615e-02 2.793613819332475545e-01 -4.065616691099891433e+00
6.697059631487094211e-02 -1.406487046904744964e-01 -4.070014109367219746e+00
6.810767996227613807e-02 -5.250954166867959350e-01 -3.730232484020634676e+00
6.923644416253725564e-02 -8.428674838625230814e-01 -3.100460994910584134e+00
7.036520836279837321e-02 -1.076132981598161065e+00 -2.247681256559973306e+00
7.149397256305950465e-02 -1.212647514188885056e+00 -1.252845399313953667e+00
7.262273676332062222e-02 -1.248764291129894177e+00 -2.019578296259425809e-01
7.375150096358173979e-02 -1.188814994244991485e+00 8.212418705117222606e-01
7.496577999948988991e-02 -1.030197783572047943e+00 1.804535972823639423e+00
7.618005903539804002e-02 -7.940812538384236507e-01 2.593424227188195985e+00
7.739433807130619014e-02 -5.054771510436051329e-01 3.135561606651207089e+00
7.860861710721434026e-02 -1.912631505698205170e-01 3.403637146895162058e+00
7.980832120060649126e-02 1.185631374970489565e-01 3.395738386072406190e+00
8.100802529399861451e-02 4.044974935737138955e-01 3.133318514442478442e+00
8.220772938739076552e-02 6.471445561783811806e-01 2.649949763836414007e+00
8.340743348078288877e-02 8.318499040261757571e-01 1.992970237066404193e+00
8.460713757417503977e-02 9.493104515478394401e-01 1.219406261290973070e+00
8.565798069402660864e-02 9.938084877170927367e-01 4.936291668636932362e-01
8.670882381387816362e-02 9.843867847498258827e-01 -2.334833030070203319e-01
8.775966693372971861e-02 9.246195286051718254e-01 -9.235805625848457767e-01
8.881051005358128747e-02 8.204392492920969948e-01 -1.542490372883198235e+00
8.973448221530234969e-02 6.981352984978611564e-01 -2.005514566945628463e+00
9.065845437702341192e-02 5.536116410611536809e-01 -2.376840038409047562e+00
9.158242653874446026e-02 3.934347087405142829e-01 -2.647821961079058539e+00
9.258135109670528884e-02 2.104163144480172554e-01 -2.823626921148732816e+00
9.358027565466608966e-02 2.499643900388674039e-02 -2.877455016661490728e+00
9.457920021262691823e-02 -1.551747327722549641e-01 -2.812936635686904552e+00
9.557812477058773293e-02 -3.231611602641207837e-01 -2.637800415803655429e+00
9.657704932854854762e-02 -4.729472049370884723e-01 -2.363731531249033679e+00
9.778235897335758875e-02 -6.223891594593119470e-01 -1.924015604816105229e+00
9.898766861816662987e-02 -7.320710739827726021e-01 -1.393259257660155903e+00
1.001929782629756988e-01 -7.983319671363194869e-01 -8.050175472041073421e-01
1.013982879077846982e-01 -8.201224688146482311e-01 -1.941573017235690146e-01
1.024410895301341995e-01 -8.040615648637796653e-01 3.267033678032292277e-01
1.034838911524837979e-01 -7.579304058502069896e-01 8.184439638833324038e-01
1.045266927748332991e-01 -6.849996745494648653e-01 1.263954643098648800e+00
1.055489126177679010e-01 -5.913639281534739389e-01 1.642721449212013463e+00
1.065711324607025029e-01 -4.801318124895900263e-01 1.953961786977568726e+00
1.075933523036371048e-01 -3.559107608017889612e-01 2.190085108488573518e+00
1.087227524102803017e-01 -2.093857087971318642e-01 2.358014055393562014e+00
1.098521525169235957e-01 -5.917813806822642964e-02 2.427023609224056688e+00
1.108421192166808011e-01 7.083386915231194847e-02 2.408227961369649783e+00
1.118320859164378955e-01 1.952764478945102633e-01 2.319380522724373339e+00
1.128220526161951009e-01 3.107980066878417991e-01 2.166044876578204548e+00
1.137952997292322049e-01 4.128727717831851551e-01 1.959439816364848541e+00
1.147685468422692950e-01 5.012604511758875780e-01 1.705610240592416504e+00
1.157417939553063990e-01 5.742030911105303614e-01 1.413435535893694972e+00
1.166993964766919051e-01 6.296920151566347545e-01 1.097567323388410010e+00
1.176569989980774944e-01 6.683187404682013888e-01 7.627310379903787796e-01
1.186146015194630005e-01 6.898397357055886525e-01 4.179252796995450159e-01
1.195575547351094003e-01 6.944929303083470229e-01 7.703562004738202795e-02
1.205005079507558002e-01 6.832828298887346774e-01 -2.573078292946439083e-01
1.214434611664022001e-01 6.570850438286020001e-01 -5.778923000035200985e-01
1.223726583742238000e-01 6.177322995901751712e-01 -8.740789713199325073e-01
1.233018555820453999e-01 5.662824725231894174e-01 -1.145281280150648673e+00
1.242310527898669997e-01 5.042513576730897062e-01 -1.386699545055878335e+00
1.252644199626453125e-01 4.249059542265258282e-01 -1.615248410644622323e+00
1.262977871354236947e-01 3.369674346983042579e-01 -1.797940816983727208e+00
1.269801736787574131e-01 2.753303220358310210e-01 -1.891954026201483119e+00
1.276625602220911870e-01 2.117731717618761555e-01 -1.964150569681382796e+00
1.285635768402965950e-01 1.261864836427912806e-01 -2.026384399312900708e+00
1.294645934585020031e-01 4.009778646355816045e-02 -2.051678221135027513e+00
1.303656100767074111e-01 -4.497758357427907028e-02 -2.040792570564022412e+00
1.313673042949614067e-01 -1.366057591893684864e-01 -1.987949814995141562e+00
1.323689985132154023e-01 -2.234256552602248425e-01 -1.895044040580773581e+00
1.333627524980957046e-01 -3.032357303334028975e-01 -1.766837752425375996e+00
1.343565064829760070e-01 -3.754012538652469200e-01 -1.606799561340624960e+00
1.353408825040227081e-01 -4.382554537525106819e-01 -1.421326893997209018e+00
1.363252585250694093e-01 -4.916610531926918215e-01 -1.213753336877579470e+00
1.371913053735339949e-01 -5.303353008002834601e-01 -1.016368234056993280e+00
1.380573522219986915e-01 -5.609006876038180600e-01 -8.084113808532580325e-01
1.389233990704633048e-01 -5.831829478499919173e-01 -5.930671618840562820e-01
1.397798068184883113e-01 -5.970219493508085451e-01 -3.760878640126957828e-01
1.406362145665132901e-01 -6.027772837968482511e-01 -1.581916545359665638e-01
1.414926223145382134e-01 -6.006208967985643410e-01 5.771078380097331706e-02
1.423395568821196888e-01 -5.909695625318833745e-01 2.665894965576782738e-01
1.431864914497011088e-01 -5.741858937865713663e-01 4.683691267829956928e-01
1.440334260172826120e-01 -5.506875021858180785e-01 6.607872377936447883e-01
1.448719479772087870e-01 -5.212798122868524953e-01 8.400777853742548151e-01
1.457104699371351009e-01 -4.862828420933417717e-01 1.006440673106154149e+00
1.465489918970613870e-01 -4.462605919938372190e-01 1.158350359391371764e+00
1.473791511845158053e-01 -4.022735070680389935e-01 1.293243740492728389e+00
1.482093104719703069e-01 -3.545523000186248663e-01 1.411681114736558218e+00
1.490394697594248086e-01 -3.037185568711903150e-01 1.512860314420779506e+00
1.502727252360930021e-01 -2.238986458179435535e-01 1.630074647068511906e+00
1.515059807127611957e-01 -1.406650754719322993e-01 1.707013652996377528e+00
1.527277754813821942e-01 -5.681938745735719276e-02 1.743454779019864898e+00
1.539495702500031926e-01 2.651512807386312981e-02 1.741108367815628499e+00
1.551603986792471912e-01 1.068627302869575857e-01 1.702076470625807136e+00
1.563712271084913008e-01 1.833950829606181832e-01 1.628714976450070129e+00
1.575715501599840029e-01 2.541027111799701310e-01 1.524744783151150918e+00
1.587718732114765940e-01 3.184516440332187392e-01 1.392681918811530251e+00
1.599645867604068128e-01 3.750959290024628023e-01 1.238103988374204212e+00
1.611499325358309032e-01 4.234130937625495972e-01 1.065364997725386509e+00
1.623352783112549935e-01 4.631770362544450625e-01 8.762491585366340985e-01
1.635111968763642010e-01 4.937426571188179847e-01 6.764608728521994685e-01
1.646871154414734917e-01 5.152151136631329953e-01 4.686091008966823956e-01
1.658539536555289073e-01 5.274616642620901796e-01 2.581615650782205229e-01
1.670207918695844063e-01 5.307664773255479362e-01 4.717903258377495468e-02
1.681789102884249099e-01 5.254241507328131222e-01 -1.595367764535518262e-01
1.693370287072654135e-01 5.118302388337279130e-01 -3.605465967581064635e-01
1.704887632179911960e-01 4.905995244717958892e-01 -5.504793917616418453e-01
1.716344322308862025e-01 4.624387088890666853e-01 -7.270395215202565264e-01
1.727801012437812922e-01 4.278923056512158318e-01 -8.902799722989831466e-01
1.739178666881313895e-01 3.879366725465713261e-01 -1.037041271291140543e+00
1.750556321324814035e-01 3.430826327997579805e-01 -1.166682813268165031e+00
1.761857941226853963e-01 2.944385752076738583e-01 -1.277171914569934730e+00
1.773159561128893891e-01 2.425013128255706918e-01 -1.368418851496570054e+00
1.784387997630065004e-01 1.884223551297417865e-01 -1.439337569371758274e+00
1.795616434131235006e-01 1.326552879509390881e-01 -1.490193852080808457e+00
1.806774417515888131e-01 7.632649557417683917e-02 -1.520749510370218216e+00
1.817932400900540979e-01 1.982873612872173771e-02 -1.531538257969462524e+00
1.829022533861615063e-01 -3.579067926470576311e-02 -1.523063010433505449e+00
1.840112666822688869e-01 -9.021042752860128355e-02 -1.496056002384034800e+00
1.851137424986991076e-01 -1.425029803178903265e-01 -1.451636849236974225e+00
1.862162183151294115e-01 -1.924234211112683390e-01 -1.390669643099237573e+00
1.873123941815151017e-01 -2.391921432893781563e-01 -1.314755873953814103e+00
1.884085700479007919e-01 -2.826408358658899500e-01 -1.224832391110650898e+00
1.894986740814197101e-01 -3.221544340146204055e-01 -1.122849348752770426e+00
1.905887781149386007e-01 -3.576379268243766174e-01 -1.009766356395884968e+00
1.916730272722124984e-01 -3.886472736597604838e-01 -8.877516346804366076e-01
1.927572764294863961e-01 -4.151548146550210761e-01 -7.577413035283704357e-01
1.938358801601320902e-01 -4.368854809066862743e-01 -6.220035625780002686e-01
1.949144838907778954e-01 -4.538710703501462884e-01 -4.814174330093659027e-01
1.959876440525072094e-01 -4.659966316299694600e-01 -3.382495937868574276e-01
1.970608042142364125e-01 -4.733446628931308742e-01 -1.932988894760284959e-01
1.981287147275558047e-01 -4.759463069816119996e-01 -4.873833294651089276e-02
1.991966252408751137e-01 -4.739254217290693183e-01 9.473586661251462426e-02
2.002594720445023124e-01 -4.674412570651095278e-01 2.351194935036286793e-01
2.013223188481295112e-01 -4.566494814161544125e-01 3.718335777806877074e-01
2.023802826740382921e-01 -4.418169824361400377e-01 5.030960036715189654e-01
2.034382464999472118e-01 -4.231221373305159017e-01 6.284482942800218019e-01
2.044915009253560068e-01 -4.009179620423219403e-01 7.463696904657203257e-01
2.055447553507646907e-01 -3.753971127800552754e-01 8.565232517794539868e-01
2.065934679926554884e-01 -3.469769767382380743e-01 9.576782018751694991e-01
2.076421806345462029e-01 -3.158566958330661922e-01 1.049619185842445512e+00
2.086865129960230880e-01 -2.824967236759078903e-01 1.131420543927667444e+00
2.097308453575000009e-01 -2.470956137669297892e-01 1.202984192522364992e+00
2.107709537672242117e-01 -2.101366358722386030e-01 1.263697289446135574e+00
2.118110621769483948e-01 -1.718113940344110357e-01 1.313571604883325916e+00
2.128480599636951021e-01 -1.325728790625290421e-01 1.352176168047283022e+00
2.138821136186860039e-01 -9.275388758279347334e-02 1.379542277866040001e+00
2.149161672736769058e-01 -5.256783945557775423e-02 1.395856715144661253e+00
2.159459665261461991e-01 -1.249705974524211761e-02 1.401113895198864867e+00
2.169742753085213971e-01 2.725960703790814704e-02 1.395581281492954462e+00
2.180025840908965951e-01 6.646547988511883331e-02 1.379500069300794829e+00
2.190272457378873994e-01 1.047034220480708433e-01 1.353261428673402378e+00
2.200519073848782037e-01 1.418464957323039566e-01 1.317181674291771021e+00
2.210737515503453099e-01 1.775461493650491995e-01 1.271815633869405771e+00
2.220955957158123883e-01 2.116716313331787613e-01 1.217550738058293058e+00
2.231133728053782961e-01 2.438807863561177069e-01 1.155173263563889163e+00
2.241311498949442038e-01 2.741153132142477578e-01 1.085045579537047500e+00
2.251456680358785989e-01 3.021099383921552750e-01 1.008011559986892847e+00
2.261601861768129940e-01 3.278055847296091896e-01 9.244705009206378721e-01
2.271708474868849026e-01 3.509806751219880505e-01 8.355804582951601445e-01
2.281814321068081908e-01 3.716207461979492144e-01 7.417333753680174224e-01
2.291920167267315067e-01 3.896301745364569302e-01 6.434611281450247633e-01
2.301989120822834911e-01 4.048784104131023520e-01 5.418723317546488838e-01
2.312058074378355865e-01 4.173768519641355979e-01 4.373510148886859406e-01
2.322098544924325048e-01 4.270622819585543906e-01 3.309222672742631599e-01
2.332139015470293120e-01 4.339531398028164677e-01 2.230087447740085882e-01
2.342152100895429911e-01 4.380394288823526439e-01 1.146116586792731706e-01
2.352165186320565871e-01 4.393585020005122410e-01 6.127725292377453510e-03
2.362151954922880881e-01 4.379491567688347242e-01 -1.014872750314464306e-01
2.372138723525195059e-01 4.338656477138790879e-01 -2.078673202862625358e-01
2.382100212913642878e-01 4.271904179872053620e-01 -3.121238132639658214e-01
2.392061702302090975e-01 4.179924093859100354e-01 -4.139289233102709242e-01
2.401998924915476896e-01 4.063918273187245855e-01 -5.124863325880609777e-01
2.411936147528863927e-01 3.924696481460819286e-01 -6.075186094629430045e-01
2.421839272173959001e-01 3.763978054995854583e-01 -6.980938665302245383e-01
2.431741826801301909e-01 3.582569742337196050e-01 -7.840786785827168481e-01
2.441644381428645094e-01 3.381773777091612310e-01 -8.651574087053236495e-01
2.451525072457547971e-01 3.163472549900136488e-01 -9.407571695606824491e-01
2.461405763486450016e-01 2.928690651726183480e-01 -1.010692233211588853e+00
2.468787726936876870e-01 2.743391659242169767e-01 -1.059044048535731086e+00
2.476169690387302891e-01 2.550386176636154079e-01 -1.103911906032089885e+00
2.483577944001824911e-01 2.349617060519910705e-01 -1.145332959566452313e+00
2.490986197616346931e-01 2.142442760036644134e-01 -1.183049256899261881e+00
2.500816239077278125e-01 1.858895071323839743e-01 -1.227248835091783397e+00
2.510646280538209041e-01 1.566925304515370543e-01 -1.264659625741166638e+00
2.520461819638492029e-01 1.268624969363199573e-01 -1.295083415775340141e+00
2.530263942354005202e-01 9.656332272807915951e-02 -1.318481840785638237e+00
2.540066065069517820e-01 6.591769744491199345e-02 -1.334890135240558662e+00
2.549850575566918187e-01 3.514236629472807655e-02 -1.344290286892975805e+00
2.559635086064319109e-01 4.340953933141148378e-03 -1.346747158873546679e+00
2.569380179873769765e-01 -2.620800208990674632e-02 -1.342356337750410411e+00
2.579152191512413816e-01 -5.656151075742318901e-02 -1.331209855939953002e+00
2.588903710736741859e-01 -8.642597713063809861e-02 -1.313491608822750845e+00
2.598655229961069901e-01 -1.157242066013477733e-01 -1.289339852004386833e+00
2.605942947118716768e-01 -1.371728408040714664e-01 -1.267198358767401611e+00
2.613230664276363080e-01 -1.581745947549189624e-01 -1.241664138636294767e+00
2.620550563064771854e-01 -1.787662836051274462e-01 -1.212701248849723079e+00
2.627870461853180073e-01 -1.988031048715953319e-01 -1.180522196987881411e+00
2.635137174867600018e-01 -2.180973542900315199e-01 -1.145508633570255119e+00
2.642403887882019964e-01 -2.367510536141064770e-01 -1.107556956334413423e+00
2.649703906914105955e-01 -2.548016528595684060e-01 -1.066599576715065112e+00
2.657003925946191947e-01 -2.721207906314135894e-01 -1.022936638909310858e+00
2.666698680509819730e-01 -2.939203637586003670e-01 -9.610116287622317843e-01
2.676393435073449178e-01 -3.142776211409157305e-01 -8.948799447094410997e-01
2.686075749083224884e-01 -3.330930366887272509e-01 -8.249790783076904610e-01
2.695758063093001144e-01 -3.503257123778482085e-01 -7.515822516702426181e-01
2.705412474514743981e-01 -3.658737254079736934e-01 -6.753029871788953642e-01
2.715098617210188192e-01 -3.797813561573089580e-01 -5.960505467416857828e-01
2.724758040936595127e-01 -3.919211016726668051e-01 -5.146602861974877152e-01
2.734417464663002062e-01 -4.022992266272983897e-01 -4.312758573246414096e-01
2.744049664315437731e-01 -4.108678280325554488e-01 -3.465398794793803638e-01
2.753714841122708035e-01 -4.176609918294159063e-01 -2.603134307918357759e-01
2.760918532582701257e-01 -4.215430228968956028e-01 -1.954767051158647073e-01
2.768122224042693924e-01 -4.244135463688102350e-01 -1.303333658562326747e-01
2.775363826324631078e-01 -4.262807500863462495e-01 -6.469719750945827907e-02
2.782605428606568232e-01 -4.271303623399108629e-01 9.315744040894845387e-04
2.792230898017574736e-01 -4.266945262219564716e-01 8.787626746795697275e-02
2.801856367428581240e-01 -4.244918709493570308e-01 1.741818923944453701e-01
2.811473565508991190e-01 -4.205532809381350989e-01 2.594256576279054261e-01
2.821090763589401140e-01 -4.149109278679071200e-01 3.433427469307873681e-01
2.830682204929131918e-01 -4.076262522966034862e-01 4.253814327602819523e-01
2.840309311037308992e-01 -3.986958283719488905e-01 5.057460884930095046e-01
2.847494289063747241e-01 -3.910037021007852220e-01 5.642603766118411412e-01
2.854679267090184935e-01 -3.824600807588722784e-01 6.213816274260579586e-01
2.861905218058161116e-01 -3.730342380654831924e-01 6.773050418744133161e-01
2.869131169026136741e-01 -3.627994475987508238e-01 7.315865751046609633e-01
2.878724078661420993e-01 -3.480130014121461390e-01 8.009195918263430913e-01
2.888316988296705801e-01 -3.319216208580339500e-01 8.669326427489704168e-01
2.897885131602004893e-01 -3.146455414853133181e-01 9.292417926237254155e-01
2.907490868313554744e-01 -2.961473544701630489e-01 9.880381121008795509e-01
2.914649765154507244e-01 -2.816551719448633362e-01 1.029302398256284556e+00
2.921808661995458078e-01 -2.665998523834637313e-01 1.068301604888539647e+00
2.929010534726512738e-01 -2.509216254572303462e-01 1.105183300952645054e+00
2.936212407457569062e-01 -2.347457607894555542e-01 1.139645987146801431e+00
2.945767800163460737e-01 -2.125820936262564353e-01 1.181537919341155485e+00
2.955362094878383750e-01 -1.896018066062694629e-01 1.219105381742875416e+00
2.964933245974175069e-01 -1.660415332336425687e-01 1.252004753140926852e+00
2.974504397069965833e-01 -1.419372212877131612e-01 1.280262209454000155e+00
2.981662161635638131e-01 -1.236073876027125734e-01 1.298326762022586234e+00
2.988819926201308208e-01 -1.050622129103280789e-01 1.313744858008648153e+00
2.996022787896107098e-01 -8.622137700706875019e-02 1.326578153780791691e+00
3.003225649590904878e-01 -6.723971473699692780e-02 1.336716317239598384e+00
3.012768521985618730e-01 -4.194332466611398746e-02 1.345998538337977335e+00
3.022352021590857252e-01 -1.644782435615339128e-02 1.350577495392482064e+00
3.031913095476029274e-01 8.991326238336665513e-03 1.350444149813651462e+00
3.041474169361201851e-01 3.434720463273398944e-02 1.345664484654857995e+00
3.051033301085280258e-01 5.952997582295680573e-02 1.336305021151979577e+00
3.060592432809358110e-01 8.446208938471798378e-02 1.322444587158272844e+00
3.068910593111273122e-01 1.058923336726590031e-01 1.306792353851166988e+00
3.077228753413188134e-01 1.270202315242380531e-01 1.287873366559855626e+00
3.085611288673250074e-01 1.479549837753242336e-01 1.265582170764051106e+00
3.093993823933313125e-01 1.684823889967910493e-01 1.240139203094261955e+00
3.102334054035402189e-01 1.884546472435428000e-01 1.211789379794556032e+00
3.110674284137491807e-01 2.079311440768951136e-01 1.180510738474162213e+00
3.119080450867570131e-01 2.270159262007554468e-01 1.146127497107712001e+00
3.127486617597647900e-01 2.455106901466785341e-01 1.108988112714618390e+00
3.137041837576390879e-01 2.657646512950520012e-01 1.063577718757516832e+00
3.146597057555134969e-01 2.851486065640050915e-01 1.014938516613430819e+00
3.156152457355064223e-01 3.036107823672103967e-01 9.632585164857093707e-01
3.165707857154991811e-01 3.211024689811527444e-01 9.087340215201087368e-01
3.175265174639494981e-01 3.375823236482890510e-01 8.515493610791049495e-01
3.184822492123998150e-01 3.530059522837257213e-01 7.919135397649651464e-01
3.194379809608500764e-01 3.673363949987303312e-01 7.300325119459816214e-01
3.203937127093003934e-01 3.805406200217312795e-01 6.661205408242818482e-01
3.213495186061188225e-01 3.925905146141457358e-01 6.003947121166494094e-01
3.223053245029371960e-01 4.034600563263490702e-01 5.330815008484497408e-01
3.232613666241492267e-01 4.131304451008324108e-01 4.643757022066948847e-01
3.242174087453610909e-01 4.215815816827822027e-01 3.945044240176560080e-01
3.251734508665731216e-01 4.287999771721589526e-01 3.236834109558901496e-01
3.261296959091333214e-01 4.347771032618198417e-01 2.521176568741421153e-01
3.270859409516935212e-01 4.395054286806032717e-01 1.800392168977497931e-01
3.280424123582719176e-01 4.429834296697802709e-01 1.076409280583490863e-01
3.289988837648503139e-01 4.452111934298519924e-01 3.514691544628483627e-02
3.299556098233494827e-01 4.461936337234496119e-01 -3.725840769538287661e-02
3.309123358818485960e-01 4.459381830344811282e-01 -1.093559915201098992e-01
3.318692480034560743e-01 4.444560038535842472e-01 -1.809510342151926521e-01
3.328264091018481863e-01 4.417610303652383386e-01 -2.518554208799222982e-01
3.337835702002405203e-01 4.378713386954646847e-01 -3.218746617099668139e-01
3.347413225943591253e-01 4.328041323759764802e-01 -3.908722363882882189e-01
3.356990749884776748e-01 4.265849466919391375e-01 -4.586336468078777151e-01
3.366568273825963908e-01 4.192399279732472728e-01 -5.249919344088309625e-01
3.376145797767149959e-01 4.107977858321650300e-01 -5.897834400387468312e-01
3.385727985393063855e-01 4.012848252673156257e-01 -6.528791238237544592e-01
3.395310173018977751e-01 3.907384687143181656e-01 -7.140969679431409256e-01
3.404896417920181828e-01 3.791893441567588119e-01 -7.733238976092570161e-01
3.414482662821387016e-01 3.666794243543277654e-01 -8.304036690171070489e-01
3.424074710093443219e-01 3.532398462493239744e-01 -8.852478529990818190e-01
3.433666757365498867e-01 3.389191460584523585e-01 -9.377086986348606157e-01
3.443258804637556181e-01 3.237600936931717133e-01 -9.876800357990535018e-01
3.452857836278598880e-01 3.077949622414201669e-01 -1.035096501095358557e+00
3.462456867919642134e-01 2.910799939374777989e-01 -1.079830846929884736e+00
3.472055899560684833e-01 2.736618006170686290e-01 -1.121800866236768224e+00
3.481660761558372230e-01 2.555767988124362233e-01 -1.160955338027528594e+00
3.491265623556059072e-01 2.368838466358265116e-01 -1.197202486030976898e+00
3.500875704891284190e-01 2.176215059087407699e-01 -1.230504055691914012e+00
3.510485786226508753e-01 1.978495309635292243e-01 -1.260792273702173505e+00
3.520103073264083116e-01 1.776027452715043531e-01 -1.288047701979132542e+00
3.529720360301656923e-01 1.569462883068096504e-01 -1.312216019775721998e+00
3.539337647339230730e-01 1.359307900272935798e-01 -1.333273781946149539e+00
3.548963558313465994e-01 1.145876519624604156e-01 -1.351219953679821062e+00
3.558589469287700147e-01 9.298621664313716506e-02 -1.366026357741191299e+00
3.568215380261933745e-01 7.117691125192437962e-02 -1.377692560377185460e+00
3.577852424465762238e-01 4.918434443780408255e-02 -1.386234161626127781e+00
3.587489468669590731e-01 2.708340166472552116e-02 -1.391650646284287030e+00
3.597126512873419779e-01 4.923296348944140692e-03 -1.393963235487797103e+00
3.606763557077248272e-01 -1.724742349769206248e-02 -1.393199828943320506e+00
3.616413390872483258e-01 -3.941029061171203579e-02 -1.389388220261832618e+00
3.626063224667718243e-01 -6.148878117730755682e-02 -1.382568636877697044e+00
3.635713058462953784e-01 -8.343673334957088517e-02 -1.372787925434808765e+00
3.645362892258188769e-01 -1.052090116817889637e-01 -1.360098703364596151e+00
3.655026181086620252e-01 -1.267914527216425224e-01 -1.344535916508659668e+00
3.664689469915051179e-01 -1.481105547467850281e-01 -1.326179229519290681e+00
3.674352758743483216e-01 -1.691245455060203240e-01 -1.305097098129696986e+00
3.684016047571914143e-01 -1.897929631119514571e-01 -1.281362635352501389e+00
3.693693456322281188e-01 -2.101060422953768547e-01 -1.255013480313466712e+00
3.703370865072648788e-01 -2.299955043848400105e-01 -1.226164675171910190e+00
3.713048273823015832e-01 -2.494249986466254287e-01 -1.194901873175271856e+00
3.722725682573382877e-01 -2.683596916792337916e-01 -1.161314250699733375e+00
3.732417861979792084e-01 -2.867939704360082387e-01 -1.125438286382373532e+00
3.742110041386200181e-01 -3.046667358458126085e-01 -1.087419576338141347e+00
3.751802220792607723e-01 -3.219477920853589525e-01 -1.047356473330497639e+00
3.761494400199016930e-01 -3.386085934214674853e-01 -1.005349702280960766e+00
3.771201940534871788e-01 -3.546471079791475578e-01 -9.614315208338098939e-01
3.780909480870727757e-01 -3.700111401471236072e-01 -9.157723546862576169e-01
3.790617021206583726e-01 -3.846770956665507835e-01 -8.684787893080553323e-01
3.800324561542439139e-01 -3.986230928512615734e-01 -8.196586853358759361e-01
3.810047989671537239e-01 -4.118499544811689561e-01 -7.693378662981449345e-01
3.819771417800634228e-01 -4.243157358758282149e-01 -7.177053351159682348e-01
3.829494845929731772e-01 -4.360036247701003509e-01 -6.648716828958118885e-01
3.839218274058828761e-01 -4.468985213244728860e-01 -6.109477855315471606e-01
3.848958109417324192e-01 -4.570033556293044419e-01 -5.559513659475929792e-01
3.858697944775816846e-01 -4.662873136428328791e-01 -5.000838992306010367e-01
3.868437780134311166e-01 -4.747403109734382176e-01 -4.434561416091263863e-01
3.878177615492804930e-01 -4.823539208329440942e-01 -3.861781988263534027e-01
3.887934366313096080e-01 -4.891323588506394371e-01 -3.282586401293245415e-01
3.897691117133387229e-01 -4.950564682590462007e-01 -2.699052036999516901e-01
3.907447867953677823e-01 -5.001226319677003485e-01 -2.112253319348035840e-01
3.917204618773967861e-01 -5.043287925912091074e-01 -1.523250555159259834e-01
3.929425816660728765e-01 -5.083826631953247688e-01 -7.840188610807725944e-02
3.941647014547489114e-01 -5.110889456833641598e-01 -4.497833437139451933e-03
3.953868212434248908e-01 -5.124534247325771563e-01 6.919066867276374433e-02
3.966089410321009256e-01 -5.124853129752122705e-01 1.424721264708433410e-01
3.975885794530298889e-01 -5.115572629762580315e-01 2.007986267387287249e-01
3.985682178739590187e-01 -5.097887384123921395e-01 2.586508232940382124e-01
3.995478562948880930e-01 -5.071889284842087120e-01 3.159383508453603162e-01
4.005274947158171117e-01 -5.037682359558234291e-01 3.725736845889615068e-01
4.015089505737350906e-01 -4.995296354163265007e-01 4.285752768947210800e-01
4.024904064316531249e-01 -4.944914671356402391e-01 4.837553428859573956e-01
4.034718622895709927e-01 -4.886675604349151603e-01 5.380345345974990590e-01
4.044533181474890271e-01 -4.820727731521927129e-01 5.913364506490913497e-01
4.054366193923388262e-01 -4.747084231431902834e-01 6.436850744330400165e-01
4.064199206371885142e-01 -4.666030452395547035e-01 6.949088447675750846e-01
4.074032218820382023e-01 -4.577743798423613564e-01 7.449403547169589634e-01
4.083865231268878904e-01 -4.482410008758399012e-01 7.937153978884987637e-01
4.093716963483209903e-01 -4.380021727398277775e-01 8.412622650968816229e-01
4.103568695697539792e-01 -4.270955768328749125e-01 8.874291260749906929e-01
4.113420427911870791e-01 -4.155420998845358316e-01 9.321612732558780534e-01
4.123272160126201236e-01 -4.033632654806969531e-01 9.754072918147657090e-01
4.133142878436527057e-01 -3.905559869839556053e-01 1.017198193031765507e+00
4.143013596746851213e-01 -3.771659106201140643e-01 1.057404400664743394e+00
4.152884315057175924e-01 -3.632163035438959464e-01 1.095984175976774333e+00
4.162755033367501190e-01 -3.487308761878459840e-01 1.132899094876902213e+00
4.172645010635290252e-01 -3.337039934836892874e-01 1.168181367412918448e+00
4.182534987903078205e-01 -3.181879890604761285e-01 1.201725582869621167e+00
4.192424965170867268e-01 -3.022077618183483527e-01 1.233502815511076101e+00
4.202314942438655776e-01 -2.857884740483894737e-01 1.263487277031850153e+00
4.212227482547770130e-01 -2.689166574481504091e-01 1.291718827302775097e+00
4.222140022656882263e-01 -2.516549923253558751e-01 1.318107792474519036e+00
4.232052562765996062e-01 -2.340293307067886630e-01 1.342637666114480544e+00
4.241965102875108751e-01 -2.160656155688768787e-01 1.365294934780329594e+00
4.251877642984221994e-01 -1.977898404734137472e-01 1.386069023881601137e+00
4.261811722776812084e-01 -1.791873903044503558e-01 1.404991559056354422e+00
4.271745802569402173e-01 -1.603237786260126585e-01 1.422010733222038192e+00
4.281679882361992262e-01 -1.412250793097837853e-01 1.437124362642192565e+00
4.291613962154581796e-01 -1.219172658941380522e-01 1.450333021847633796e+00
4.301567804929378180e-01 -1.023872418670688234e-01 1.461660956032334813e+00
4.311521647704175120e-01 -8.269902450590720100e-02 1.471086229695127923e+00
4.321475490478970949e-01 -6.287822414368827995e-02 1.478617140906275829e+00
4.331429333253766778e-01 -4.295021860078402504e-02 1.484264379277234092e+00
4.341403004034695146e-01 -2.290020557052368025e-02 1.488046995264434180e+00
4.351376674815624068e-01 -2.792740363618222057e-03 1.489967595064915384e+00
4.361350345596550770e-01 1.734753215120498140e-02 1.490043712995300584e+00
4.371324016377479138e-01 3.749631221793593011e-02 1.488294984002738408e+00
4.381317600079985830e-01 5.766982843570400002e-02 1.484734553059291029e+00
4.391311183782494187e-01 7.780419181554121266e-02 1.479388177839632945e+00
4.401304767484999769e-01 9.787615130841594013e-02 1.472281415588885700e+00
4.411298351187508127e-01 1.178628941795113877e-01 1.463441592222668231e+00
4.421311902823116813e-01 1.377816561965944653e-01 1.452875310195909320e+00
4.431325454458727164e-01 1.575704167590356586e-01 1.440629660534973988e+00
4.441339006094336961e-01 1.772076726992511120e-01 1.426737002499595119e+00
4.451352557729946757e-01 1.966724329484683675e-01 1.411231130688918922e+00
4.461383128646460028e-01 2.159768059841345456e-01 1.394117137410088914e+00
4.471413699562972743e-01 2.350675442433525220e-01 1.375456756924391621e+00
4.481444270479484904e-01 2.539251836864216960e-01 1.355287546232883278e+00
4.491495833164476092e-01 2.725694784593155062e-01 1.333601743038049126e+00
4.501547395849466171e-01 2.909422901557902619e-01 1.310480395068714943e+00
4.511598958534456250e-01 3.090257798792385713e-01 1.285964593766938391e+00
4.521650521219445773e-01 3.268027081841024528e-01 1.260096341344151272e+00
4.531702083904435852e-01 3.442564425642877235e-01 1.232918485011109011e+00
4.571995547235140900e-01 4.105604056706309568e-01 1.111879847711141789e+00
4.612368252831767768e-01 4.706222210359201075e-01 9.731689860134401515e-01
4.652819592943879257e-01 5.236297732847796649e-01 8.196834384335641710e-01
4.693348783544071812e-01 5.689239787439542839e-01 6.543840488346122086e-01
4.733955065266273188e-01 6.059978922120947686e-01 4.802331911826017152e-01
4.784822981688974797e-01 6.402094966995407477e-01 2.546712534655533600e-01
4.825599532103003741e-01 6.577009895919372351e-01 7.113113669507144243e-02
4.866449712303865804e-01 6.663181871769143783e-01 -1.121884349801207381e-01
4.907371949891458085e-01 6.661360763229348114e-01 -2.928157815530789132e-01
4.948364585384024128e-01 6.573422074780160829e-01 -4.684762756347539692e-01
4.989425778493357111e-01 6.402253247399430913e-01 -6.371110355232548761e-01
5.020264094695874313e-01 6.221502731909431816e-01 -7.579157565268155317e-01
5.051138832495274400e-01 5.997892466896328489e-01 -8.730521821611293420e-01
5.092361856145506405e-01 5.636780547368333005e-01 -1.016661448663180423e+00
5.133645520198434342e-01 5.208749816734862259e-01 -1.147907595672432279e+00
5.174987117319133079e-01 4.719734450236609535e-01 -1.265801931904798172e+00
5.216383508218596088e-01 4.176024601813206338e-01 -1.369587654504487606e+00
5.257831480915519107e-01 3.584153781770935687e-01 -1.458728535568940110e+00
5.299327976174466048e-01 2.950793551320399222e-01 -1.532896189012514121e+00
5.340869657500283418e-01 2.282668079977357156e-01 -1.591954395789681342e+00
5.382452599924625325e-01 1.586476761139548608e-01 -1.635943326994358626e+00
5.424072497157466088e-01 8.688158284886415839e-02 -1.665063614344168830e+00
5.465725012540574301e-01 1.361054288681607348e-02 -1.679659333548878752e+00
5.507405845750824591e-01 -6.054691570354032298e-02 -1.680200437788344381e+00
5.549110536012068495e-01 -1.350002551234177339e-01 -1.667265658882004065e+00
5.590834321773656690e-01 -2.091907122871004276e-01 -1.641526154924888736e+00
5.643010869630014081e-01 -3.007336571449450990e-01 -1.592495747151148944e+00
5.684758978830769527e-01 -3.724756867348782974e-01 -1.540776541476980288e+00
5.726509199913500936e-01 -4.423942389312989221e-01 -1.478884523458904532e+00
5.768255755389478656e-01 -5.100941122182084397e-01 -1.407720116406484090e+00
5.809992666418749563e-01 -5.752216704607414632e-01 -1.328191973924891078e+00
5.851713896051653485e-01 -6.374651550382031129e-01 -1.241228678787450024e+00
5.882989619740793819e-01 -6.821024353833471388e-01 -1.171670705814469970e+00
5.935085681122563850e-01 -7.522451310125259916e-01 -1.048660995938717200e+00
5.976721595114997676e-01 -8.043717284348985697e-01 -9.448497958103945216e-01
6.018315407075064405e-01 -8.527679933799664491e-01 -8.371861048565569785e-01
6.059860031390628121e-01 -8.973162465743655947e-01 -7.265018976877707368e-01
6.101348262532020339e-01 -9.379331081413440074e-01 -6.135957148259483240e-01
6.142772761532119263e-01 -9.745673369880700765e-01 -4.992283149565397982e-01
6.184126036405177551e-01 -1.007197783236024824e+00 -3.841210192342589536e-01
6.225400396928169044e-01 -1.035831314424461969e+00 -2.689542114250014215e-01
6.266587955232777452e-01 -1.060500755684051111e+00 -1.543660760635523765e-01
6.307680621340325811e-01 -1.081262776481167753e+00 -4.095180619527103577e-02
6.348670077734064332e-01 -1.098195785688306003e+00 7.073636755100028151e-02
6.389547727646552877e-01 -1.111397924870723974e+00 1.801880213937343544e-01
6.430304670771704867e-01 -1.120985180359359346e+00 2.869326399326834198e-01
6.470931794239351831e-01 -1.127089553520811416e+00 3.905379208057338514e-01
6.511419830734889169e-01 -1.129857237695704120e+00 4.906095334608318037e-01
6.551759295578980513e-01 -1.129446856143833111e+00 5.867920142506677372e-01
6.591940368817645890e-01 -1.126027801570940623e+00 6.787682617727621714e-01
6.631952816224888636e-01 -1.119778664597417484e+00 7.662571052257100002e-01
6.671786041264677891e-01 -1.110885710804456528e+00 8.490102596804897095e-01
6.711429148974273895e-01 -1.099541442026731985e+00 9.268092250557896650e-01
6.750870927600961524e-01 -1.085943344907035035e+00 9.994624475015263521e-01
6.790099725167971778e-01 -1.070292863203965883e+00 1.066802333994564700e+00
6.829103352717456055e-01 -1.052794504119451080e+00 1.128681735602004466e+00
6.867869018151261384e-01 -1.033655057996928139e+00 1.184969215122958053e+00
6.906383285912754966e-01 -1.013082988244978999e+00 1.235540804740306919e+00
6.944632064204609989e-01 -9.912880981887073339e-01 1.280269063079396918e+00
6.982600501045075347e-01 -9.684813477379743407e-01 1.319013303289091610e+00
7.020272815871985150e-01 -9.448766108621188264e-01 1.351605201737987372e+00
7.038990663650485091e-01 -9.328396054492174017e-01 1.365527937810408154e+00
7.057628000939073498e-01 -9.206837477805471792e-01 1.377837097069370964e+00
7.094655902404470860e-01 -8.961325619429103551e-01 1.397495335370500635e+00
7.131331888985167344e-01 -8.714394589221389209e-01 1.410230672985061329e+00
7.167633315432266894e-01 -8.468391964183633602e-01 1.415621997653253361e+00
7.203534697890988658e-01 -8.225790993159450837e-01 1.412756881544243504e+00
7.239006927315578821e-01 -7.988919232479999577e-01 1.403227188495795641e+00
7.274037472512754343e-01 -7.758852854882288819e-01 1.392677447848959194e+00
7.308631569784361792e-01 -7.535503074456506578e-01 1.382465678187358549e+00
7.342794427454362172e-01 -7.318593551241084905e-01 1.372578056408483071e+00
7.376531370894844342e-01 -7.107867536142966625e-01 1.363001377739422093e+00
7.409847640846142225e-01 -6.903081029193566254e-01 1.353723107184096941e+00
7.442748211369105693e-01 -6.704004586130187793e-01 1.344731388090005586e+00
7.475237974064263824e-01 -6.510420567686348026e-01 1.336014950448367378e+00
7.507321962838469087e-01 -6.322119832468220402e-01 1.327563017714065818e+00
7.539005302043194634e-01 -6.138901752030618830e-01 1.319365293980093057e+00
7.570292970629285412e-01 -5.960576229248276681e-01 1.311411998109744959e+00
7.601189748256973466e-01 -5.786963769977846450e-01 1.303693846791504241e+00
7.631700307096180858e-01 -5.617893915848746200e-01 1.296202002856782665e+00
7.661829280312825174e-01 -5.453204071196179337e-01 1.288928033912009052e+00
7.691581275626218073e-01 -5.292738972223365312e-01 1.281863887298761107e+00
7.720960887207071188e-01 -5.136350040959767327e-01 1.275001867005329359e+00
7.749972707982543119e-01 -4.983894726705892508e-01 1.268334612012707030e+00
7.778621289318303766e-01 -4.835236674552840230e-01 1.261855087761874605e+00
7.806911033824630586e-01 -4.690246642821110368e-01 1.255556592857522302e+00
7.834846171445913887e-01 -4.548802413557626600e-01 1.249432746166351471e+00
7.862430869060449412e-01 -4.410787182412103102e-01 1.243477445964151773e+00
7.889669369237084506e-01 -4.276087924585593170e-01 1.237684826134090033e+00
7.916565982021911418e-01 -4.144595386372232348e-01 1.232049246845464019e+00
7.943124974778934533e-01 -4.016204991990495188e-01 1.226565306480792650e+00
7.969350495080719243e-01 -3.890817193726845424e-01 1.221227845315887572e+00
7.995246585495641156e-01 -3.768336955899805885e-01 1.216031930067584810e+00
8.020817215573190495e-01 -3.648673171186048170e-01 1.210972836292555810e+00
8.046066294762304061e-01 -3.531738395980374978e-01 1.206046035570003561e+00
8.070997653306969388e-01 -3.417448820084512118e-01 1.201247189946449856e+00
8.095615092888481801e-01 -3.305723831819509240e-01 1.196572133003076743e+00
8.119922431475441460e-01 -3.196485607147567243e-01 1.192016853548639510e+00
8.143923505053758394e-01 -3.089659067670870729e-01 1.187577488030970185e+00
8.167622071215497881e-01 -2.985172374586833599e-01 1.183250331628985741e+00
8.191021778306492029e-01 -2.882956952668678796e-01 1.179031836122827581e+00
8.214126187949533087e-01 -2.782947032412662614e-01 1.174918598615058318e+00
8.236938850346046115e-01 -2.685078928555146849e-01 1.170907341518573119e+00
8.259463322523640239e-01 -2.589290809440885632e-01 1.166994904041874337e+00
8.281703138888254490e-01 -2.495523052524141749e-01 1.163178242030936671e+00
8.303661724506571362e-01 -2.403718985184604140e-01 1.159454437570356822e+00
8.325342380230222883e-01 -2.313824921658146072e-01 1.155820695560145772e+00
8.346748353855768521e-01 -2.225789256392862459e-01 1.152274326435415608e+00
8.367882947421915185e-01 -2.139561399528704111e-01 1.148812723909008460e+00
8.388749484008726220e-01 -2.055091939487730668e-01 1.145433367214212295e+00
8.409351219691613144e-01 -1.972333456869515278e-01 1.142133831656702014e+00
8.429691303017050608e-01 -1.891240845640085877e-01 1.138911790898370580e+00
8.449772835243484215e-01 -1.811770740513077294e-01 1.135765003103567095e+00
8.469598912257328971e-01 -1.733881047353117988e-01 1.132691300960661840e+00
8.489172622932020795e-01 -1.657530975963314168e-01 1.129688588990900966e+00
8.508497044538249066e-01 -1.582681143661295586e-01 1.126754841323028389e+00
8.527575229688695302e-01 -1.509293534779364565e-01 1.123888100786123445e+00
8.546410160783932675e-01 -1.437331549928078933e-01 1.121086482896720415e+00
8.565004710086118189e-01 -1.366760151656140898e-01 1.118348178789360547e+00
8.583361673787008872e-01 -1.297545664365346296e-01 1.115671447190942578e+00
8.601483873498577681e-01 -1.229655152812939300e-01 1.113054597016711833e+00
8.619374190156378068e-01 -1.163056124669544084e-01 1.110495980737390642e+00
8.637035513945729992e-01 -1.097716848918639382e-01 1.107993999870755975e+00
8.654470650665438969e-01 -1.033606966172972291e-01 1.105547116319207657e+00
8.671682312272307458e-01 -9.706975476232267142e-02 1.103153851186993162e+00
8.688673159218502917e-01 -9.089606813169624766e-02 1.100812776655218483e+00
8.705445856873960109e-01 -8.483690284283465499e-02 1.098522506310017466e+00
8.722003068198478370e-01 -7.888958793693458260e-02 1.096281694686081387e+00
8.738347418094588592e-01 -7.305154521768186804e-02 1.094089040524836687e+00
8.754481467852704979e-01 -6.732030090279385315e-02 1.091943288528896661e+00
8.770407741766889087e-01 -6.169345732311049685e-02 1.089843224117190701e+00
8.786128771136945126e-01 -5.616865761129966050e-02 1.087787666218060778e+00
8.801647113007132761e-01 -5.074357789208643749e-02 1.085775463675441976e+00
8.816965317742312402e-01 -4.541595264752051192e-02 1.083805498397772293e+00
8.832085878593547434e-01 -4.018360571808099468e-02 1.081876690566196952e+00
8.847011190561783200e-01 -3.504446548381631027e-02 1.079988002454532303e+00
8.861743569071006688e-01 -2.999654699894908905e-02 1.078138434506357601e+00
8.876285293506940288e-01 -2.503791948524887803e-02 1.076327018620218956e+00
8.890638676536581908e-01 -2.016666807943570325e-02 1.074552808466981313e+00
8.904806072870743439e-01 -1.538088685490023207e-02 1.072814877789252108e+00
8.918789864151801527e-01 -1.067869016135798189e-02 1.071112321548337576e+00
8.932592404372767803e-01 -6.058242833164105556e-03 1.069444261849283873e+00
8.946215989640163846e-01 -1.517780300991741771e-03 1.067809850588221643e+00
8.959662842038009778e-01 2.944381432314187308e-03 1.066208270343902420e+00
8.972935117732897536e-01 7.329851216935789719e-03 1.064638732350432715e+00
8.986034927209798351e-01 1.164017864439773238e-02 1.063100473140385249e+00
8.998964354025826839e-01 1.587687298804739411e-02 1.061592751549655711e+00
9.011725489915097809e-01 2.004142734634173015e-02 1.060114843921649008e+00
9.024320447860507688e-01 2.413532808922056946e-02 1.058666042084704495e+00
9.036751353555274591e-01 2.816004506633746143e-02 1.057245653816879516e+00
9.049020296532450658e-01 3.211700080075329672e-02 1.055853007897612938e+00
9.061129304280890473e-01 3.600755495023971048e-02 1.054487456327618089e+00
9.073080357373773941e-01 3.983301689266265794e-02 1.053148371875022749e+00
9.084875419218813031e-01 4.359466741085718522e-02 1.051835144107933440e+00
9.096516449412487271e-01 4.729376795470639078e-02 1.050547177402346932e+00
9.108005396977110202e-01 5.093155549767922757e-02 1.049283891235587740e+00
9.119344190251117421e-01 5.450923510880233830e-02 1.048044720815808351e+00
9.130534727752540602e-01 5.802797570360899299e-02 1.046829117583943702e+00
9.141578874195450677e-01 6.148891003189693033e-02 1.045636549138275972e+00
9.152478462184302499e-01 6.489313561853961299e-02 1.044466498567455215e+00
9.163235307136011754e-01 6.824172935539270235e-02 1.043318462383727052e+00
9.173851213290326045e-01 7.153574364532640228e-02 1.042191949497644377e+00
9.184327978233862710e-01 7.477621614601968891e-02 1.041086480360614352e+00
9.194667382392092136e-01 7.796416257536838146e-02 1.040001587737148903e+00
9.204871184823875119e-01 8.110057428760503173e-02 1.038936816772227933e+00
9.214941118815067611e-01 8.418641559278347564e-02 1.037891725082117800e+00
9.224878885587296518e-01 8.722262090813676094e-02 1.036865883041398151e+00
9.234686156415649050e-01 9.021009656664848164e-02 1.035858873192659679e+00
9.244364580894727235e-01 9.314972798785529917e-02 1.034870289064664828e+00
9.253915805410551920e-01 9.604239142299204890e-02 1.033899732979570718e+00
9.263341472457474746e-01 9.888895495139288228e-02 1.032946815879371760e+00
9.272643205556930779e-01 1.016902680985717483e-01 1.032011158594338562e+00
9.281822593195951931e-01 1.044471496748722444e-01 1.031092393171958221e+00
9.290881192404382150e-01 1.071603879871234760e-01 1.030190162203747040e+00
9.299820544127295197e-01 1.098307520232987000e-01 1.029304117010788611e+00
9.308642183379219892e-01 1.124590026284108119e-01 1.028433916405594450e+00
9.317347637709364472e-01 1.150458954651277926e-01 1.027579226640682020e+00
9.325938419655581679e-01 1.175921764272162828e-01 1.026739721947451667e+00
9.334416025644689530e-01 1.200985779630947686e-01 1.025915084428904001e+00
9.342781940582032263e-01 1.225658193078933006e-01 1.025105003403609327e+00
9.351037639763524201e-01 1.249946080353117744e-01 1.024309175029256336e+00
9.359184581932523672e-01 1.273856351764409700e-01 1.023527302772043734e+00
9.367224180073485673e-01 1.297395585574070975e-01 1.022759100007499367e+00
9.375157793601903711e-01 1.320569952047108420e-01 1.022004290492267264e+00
9.382986736089657942e-01 1.343385284100699628e-01 1.021262607385078125e+00
9.390712321160756826e-01 1.365847359592159416e-01 1.020533788680237475e+00
9.398335891165293665e-01 1.387962101904719470e-01 1.019817574398168780e+00
9.405858812974943195e-01 1.409735574082563447e-01 1.019113706921849438e+00
9.413282457717848661e-01 1.431173870458922193e-01 1.018421932808905028e+00
9.420608178502133390e-01 1.452283015600026594e-01 1.017742004753644069e+00
9.427837310928691705e-01 1.473068953105874657e-01 1.017073681378684702e+00
9.434971161334501089e-01 1.493537446976967997e-01 1.016416728167861550e+00
9.442010983676487612e-01 1.513693919256362819e-01 1.015770919422761542e+00
9.448957981803430828e-01 1.533543436494404222e-01 1.015136037839548200e+00
9.455813325674083947e-01 1.553090879464804619e-01 1.014511872852865926e+00
9.462578189837917986e-01 1.572341253710727305e-01 1.013898216990408940e+00
9.469253759203707377e-01 1.591299802174589995e-01 1.013294865292699631e+00
9.475841219105402002e-01 1.609971878346702634e-01 1.012701616145349703e+00
9.482341736882211602e-01 1.628362656270173625e-01 1.012118272847845279e+00
9.488756453742962504e-01 1.646476945782955892e-01 1.011544644213928201e+00
9.495086488587556328e-01 1.664319199155605555e-01 1.010980544092898503e+00
9.501332951313513631e-01 1.681893563591307650e-01 1.010425790063753881e+00
9.507496960826257171e-01 1.699203921470260892e-01 1.009880201738783123e+00
9.513579651353069044e-01 1.716253925404979119e-01 1.009343600137307062e+00
9.519582165945869034e-01 1.733047155828527919e-01 1.008815808192158991e+00
9.525505625735545268e-01 1.749587299378497496e-01 1.008296653396288489e+00
9.531351118401709677e-01 1.765878210106970048e-01 1.007785968719497216e+00
9.537119697698679399e-01 1.781923853665376423e-01 1.007283592561114549e+00
9.542812403202287630e-01 1.797728297598391312e-01 1.006789366938304786e+00
9.548430270251752061e-01 1.813295719131220174e-01 1.006303136559790312e+00
9.553974327455952986e-01 1.828630356033622006e-01 1.005824748985376216e+00
9.559445589026865919e-01 1.843736320445147348e-01 1.005354055221186371e+00
9.564845050053580877e-01 1.858617428889165202e-01 1.004890910044637264e+00
9.570173690229182295e-01 1.873277205337689488e-01 1.004435171597317655e+00
9.575432481385535155e-01 1.887719015090924823e-01 1.003986700662638842e+00
9.580622389120657667e-01 1.901946192364601940e-01 1.003545360467511971e+00
9.585744372418232295e-01 1.915962077027974497e-01 1.003111016661319077e+00
9.590799381259947909e-01 1.929769983029195612e-01 1.002683537466463992e+00
9.595788354479902749e-01 1.943373158461779437e-01 1.002262793804507446e+00
9.600712216912781205e-01 1.956774755064936144e-01 1.001848659479136705e+00
9.605571877573033657e-01 1.969977821822961883e-01 1.001441011270676196e+00
9.610368233668841187e-01 1.982985333573774045e-01 1.001039728541286866e+00
9.615102176430252445e-01 1.995800227470355681e-01 1.000644692697213456e+00
9.619774592602109431e-01 2.008425415251823831e-01 1.000255787021820719e+00
9.624386363595022198e-01 2.020863782822409638e-01 9.998728967052528116e-01
9.628938363592510763e-01 2.033118186943658756e-01 9.994959089615041981e-01
9.633431459530198415e-01 2.045191454622068139e-01 9.991247129883766842e-01
9.637866510388649610e-01 2.057086365646205173e-01 9.987591999845398805e-01
9.642244362725824747e-01 2.068805617387375617e-01 9.983992634771821084e-01
9.646565852206075986e-01 2.080351832334858819e-01 9.980447991515509765e-01
9.650831808361504116e-01 2.091727596034355374e-01 9.976957044197679592e-01
9.655043054562382210e-01 2.102935467783500489e-01 9.973518783886439198e-01
9.659200402356747928e-01 2.113977951521063547e-01 9.970132222861386451e-01
9.663304647237355161e-01 2.124857465627303099e-01 9.966796397657606832e-01
9.667356570265409621e-01 2.135576354475486327e-01 9.963510367346565255e-01
9.671356950751521797e-01 2.146136949870643684e-01 9.960273202880050025e-01
9.675306568648514016e-01 2.156541589460119757e-01 9.957083984929850917e-01
9.679206204413721704e-01 2.166792616189902598e-01 9.953941803750722128e-01
9.683056632759791116e-01 2.176892367276593854e-01 9.950845763988527271e-01
9.686858619411236049e-01 2.186843171957920662e-01 9.947794986995709410e-01
9.690612920205190495e-01 2.196647344847564576e-01 9.944788611262815881e-01
9.694320280361357067e-01 2.206307163130223903e-01 9.941825792719128918e-01
9.697981436541373013e-01 2.215824855703741603e-01 9.938905702794107455e-01
9.701597119736792285e-01 2.225202619929664283e-01 9.936027525856986342e-01
9.705168057640763957e-01 2.234442644561687730e-01 9.933190457079509317e-01
9.708694969864466451e-01 2.243547098550352781e-01 9.930393706013836974e-01
9.712178563702503764e-01 2.252518104545237210e-01 9.927636499687592098e-01
9.715619532024425409e-01 2.261357726856481065e-01 9.924918083998636176e-01
9.719018559824413872e-01 2.270068020535621067e-01 9.922237718279584007e-01
9.722376334334535963e-01 2.278651097268780124e-01 9.919594667124843612e-01
9.725693544860373185e-01 2.287109129684830044e-01 9.916988200402969689e-01
9.728970879945362249e-01 2.295444325650071171e-01 9.914417595340339062e-01
9.732209017546173957e-01 2.303658886993484034e-01 9.911882144057938548e-01
9.735408623544371531e-01 2.311755007509524451e-01 9.909381154505062517e-01
9.738570353791702328e-01 2.319734886007402408e-01 9.906913948638806922e-01
9.741694855365269357e-01 2.327600717265145835e-01 9.904479861254557038e-01
9.744782765863391205e-01 2.335354667869033451e-01 9.902078240351145366e-01
9.747834712405878399e-01 2.342998863658607989e-01 9.899708447694225422e-01
9.750851311684266554e-01 2.350535401542822589e-01 9.897369858580896684e-01
9.753833174776915804e-01 2.357966385971410339e-01 9.895061857942499817e-01
9.756780908428658305e-01 2.365293938082259906e-01 9.892783839182335281e-01
9.759695114299516971e-01 2.372520187432023420e-01 9.890535204626135224e-01
9.762576389021463408e-01 2.379647293443950540e-01 9.888315365341436847e-01
9.765425324979953858e-01 2.386677482591625654e-01 9.886123740383975234e-01
9.768242509432418785e-01 2.393613059648247443e-01 9.883959757373884658e-01
9.771028522833710150e-01 2.400456377160929688e-01 9.881822853656541117e-01
9.773783933517848910e-01 2.407209761241873303e-01 9.879712480241588102e-01
9.776509296593629550e-01 2.413875469744055646e-01 9.877628102500303209e-01
9.779205156231944862e-01 2.420455702615657567e-01 9.875569198241431756e-01
9.781872047434609918e-01 2.426952632525757880e-01 9.873535256155282491e-01
9.784510495060143587e-01 2.433368428004117345e-01 9.871525776450003065e-01
9.787121011965591588e-01 2.439705249854069169e-01 9.869540272120790325e-01
9.789704097928612070e-01 2.445965242666007233e-01 9.867578269595321805e-01
9.792260248675913603e-01 2.452150569066224028e-01 9.865639301753525992e-01
9.794789964416771300e-01 2.458263448380625660e-01 9.863722901414466726e-01
9.797293750085785957e-01 2.464306164724138215e-01 9.861828601090485424e-01
9.799772111141689113e-01 2.470281028153152869e-01 9.859955936105692098e-01
9.802225538059048393e-01 2.476190281116839864e-01 9.858104456243160785e-01
9.804654503645000574e-01 2.482036003973478455e-01 9.856273727574690335e-01
9.807059465012439858e-01 2.487820458071058616e-01 9.854463330856247927e-01
9.809440869290046994e-01 2.493545353825264432e-01 9.852672857037753085e-01
9.811799158740861504e-01 2.499212825915352043e-01 9.850901903301328977e-01
9.814134771051555850e-01 2.504824839531362701e-01 9.849150072785899379e-01
9.816448139740299172e-01 2.510383329842961753e-01 9.847416974179811211e-01
9.818739695684386426e-01 2.515890191017332023e-01 9.845702220530689885e-01
9.821009867550495320e-01 2.521347247532842450e-01 9.844005428865920670e-01
9.823259081899210488e-01 2.526756257283316320e-01 9.842326220069894660e-01
9.825487766341645113e-01 2.532118917611426712e-01 9.840664216393602004e-01
9.827696354372893461e-01 2.537436876177822653e-01 9.839019037822485103e-01
9.829885289087769706e-01 2.542711740599956083e-01 9.837390299321253639e-01
9.832055018255810852e-01 2.547945052303777769e-01 9.835777614430014637e-01
9.834205977716130587e-01 2.553138221525932949e-01 9.834180607511758820e-01
9.836338588957453943e-01 2.558292508645109709e-01 9.832598915353173430e-01
9.838453264273652188e-01 2.563409039648883447e-01 9.831032183300234539e-01
9.840550431756610594e-01 2.568488879758464849e-01 9.829480046763595658e-01
9.842630544299338924e-01 2.573533070582234017e-01 9.827942124562643045e-01
9.844694079699815026e-01 2.578542619736711727e-01 9.826418018845917146e-01
9.846741527711339037e-01 2.583518422833130934e-01 9.824907324750876692e-01
9.848773386240422534e-01 2.588461211712597132e-01 9.823409633164449373e-01
9.850790165882933325e-01 2.593371582185279300e-01 9.821924527287134721e-01
9.852792397559874127e-01 2.598250090713110638e-01 9.820451576987826448e-01
9.854780637322345660e-01 2.603097327160994734e-01 9.818990335241354339e-01
9.856755468082143423e-01 2.607913904834873176e-01 9.817540336875215656e-01
9.858717495053704871e-01 2.612700385283256432e-01 9.816101101977037224e-01
9.860667343401825491e-01 2.617457346332063284e-01 9.814672137766533577e-01
9.862605662335471868e-01 2.622184891293720121e-01 9.813252935448405490e-01
9.864533145194630537e-01 2.626883740214775442e-01 9.811842955585375892e-01
9.866450541503118954e-01 2.631554444911469171e-01 9.810441619523804224e-01
9.867880381885917318e-01 2.635034101970566978e-01 9.809397430904125414e-01
9.869309532600107904e-01 2.638508674799557863e-01 9.808354437170406781e-01
9.871205341790296739e-01 2.643111516218052404e-01 9.806971934682252590e-01
9.872620466585018129e-01 2.646541660158880371e-01 9.805940747499047871e-01
9.874036170961336678e-01 2.649967711677607141e-01 9.804909799815927363e-01
9.875916216718324536e-01 2.654507945707638705e-01 9.803541722298290129e-01
9.877556032248382412e-01 2.658457726227619333e-01 9.802349391166736980e-01
9.878728339090028232e-01 2.661274850172846707e-01 9.801497520162782973e-01
9.880364164951689343e-01 2.665195930311925476e-01 9.800309556222678298e-01
9.881766700670048253e-01 2.668547687875924557e-01 9.799291680471332588e-01
9.882701561032216642e-01 2.670776199026237974e-01 9.798613554781039348e-01
9.884161744165290697e-01 2.674247518592812178e-01 9.797554909980833449e-01
9.885274938018725477e-01 2.676885717825925326e-01 9.796748271013123732e-01
9.886441702430321943e-01 2.679642809694856576e-01 9.795903213906337337e-01
9.887615048409820195e-01 2.682406736322794361e-01 9.795053798117823174e-01
9.888671405303265383e-01 2.684887251386161022e-01 9.794289419801153196e-01
9.889964814527246739e-01 2.687913865006689162e-01 9.793353951506598154e-01
9.891379956535801821e-01 2.691211326567988782e-01 9.792330986804437254e-01
9.892563647329785104e-01 2.693957614863692895e-01 9.791475764087573808e-01
9.893750463211569146e-01 2.696699838085034884e-01 9.790618672662896316e-01
9.894943121748573933e-01 2.699443739664298958e-01 9.789757747830462042e-01
9.896140207055634797e-01 2.702185466993526908e-01 9.788894009766828663e-01
9.897159914823099314e-01 2.704510911113654492e-01 9.788158552175334481e-01
9.898434705941348000e-01 2.707404744556405340e-01 9.787239493428461223e-01
9.899375585064562610e-01 2.709530930935780679e-01 9.786561430688781593e-01
9.900878310668779214e-01 2.712909363429663046e-01 9.785478913885403696e-01
9.901743200970993808e-01 2.714843904120594620e-01 9.784856119827991527e-01
9.902609137873940037e-01 2.716773387183591959e-01 9.784232747906062011e-01
9.903612026626938958e-01 2.718998696068017917e-01 9.783511001647410277e-01
9.904874739384739168e-01 2.721785948535129229e-01 9.782602587670979899e-01
9.905894425236058121e-01 2.724024683613134878e-01 9.781869262510436425e-01
9.907182233334840271e-01 2.726836373999642626e-01 9.780943422529299047e-01
9.907962672147299088e-01 2.728531767251613505e-01 9.780382506520407526e-01
9.909212141403226370e-01 2.731232605212324249e-01 9.779484734725174544e-01
9.910108377596256179e-01 2.733159730437627610e-01 9.778840947424225494e-01
9.911016878566011323e-01 2.735104580910330263e-01 9.778188495567443628e-01
9.912137238991562960e-01 2.737491036434785419e-01 9.777384086350134895e-01
9.913000989104370220e-01 2.739321878743313232e-01 9.776764058820285319e-01
9.913838631252052114e-01 2.741089854860896957e-01 9.776162880714087677e-01
9.914506465589315587e-01 2.742494105826143724e-01 9.775683646693253959e-01
9.915146713824002367e-01 2.743835945773401841e-01 9.775224265636452969e-01
9.916340109879260289e-01 2.746325546967183784e-01 9.774368138665199268e-01
9.917072197375820242e-01 2.747845401895439021e-01 9.773843031956312988e-01
9.918113459853242775e-01 2.749997482638585899e-01 9.773096261347277158e-01
9.918788921488236321e-01 2.751387604732266068e-01 9.772611891158311526e-01
9.919787124284612512e-01 2.753433511940741596e-01 9.771896156247943388e-01
9.920446367295224777e-01 2.754779282670236085e-01 9.771423504196687926e-01
9.921335618592820316e-01 2.756587901779595229e-01 9.770785988278501977e-01
9.922483388488775313e-01 2.758910993793031174e-01 9.769963195236482933e-01
9.923140323712106303e-01 2.760234853441558278e-01 9.769492284390428605e-01
9.923808176287334248e-01 2.761576437547955676e-01 9.769013557725905184e-01
9.924653149416101661e-01 2.763267728616005114e-01 9.768407874975624239e-01
9.925519742114751187e-01 2.764995262481059202e-01 9.767786692270503668e-01
9.926400143689063649e-01 2.766743121824161711e-01 9.767155595899875697e-01
9.927300306504682759e-01 2.768522888371968693e-01 9.766510304460986891e-01
9.928223552515691441e-01 2.770340713195781346e-01 9.765848419218451371e-01
9.928790071570852138e-01 2.771452452246163101e-01 9.765442244929974924e-01
9.929749283407137694e-01 2.773328488613334142e-01 9.764754458106115198e-01
9.930338309415541742e-01 2.774476583526366280e-01 9.764332058084420618e-01
9.931134822473388635e-01 2.776024338412351189e-01 9.763760796718353729e-01
9.931957520679123297e-01 2.777617188025250372e-01 9.763170659188543654e-01
9.932581794112547158e-01 2.778821880897164864e-01 9.762722781474897360e-01
9.933222453859934520e-01 2.780054690763724690e-01 9.762263073255240675e-01
9.934096186032961295e-01 2.781730295321028779e-01 9.761635988187995494e-01
9.934541404540199183e-01 2.782581615256212171e-01 9.761316385309249943e-01
9.935457954224757859e-01 2.784328998934157418e-01 9.760658281100220712e-01
9.936160469382104843e-01 2.785663598768662874e-01 9.760153705526041223e-01
9.936880935992783437e-01 2.787027925287746677e-01 9.759636085210176004e-01
9.937495894572796473e-01 2.788188890397627628e-01 9.759194135924011970e-01
9.938121488219817667e-01 2.789366543716184088e-01 9.758744409767701189e-01
9.939160796672812381e-01 2.791315215845594500e-01 9.757996949259842845e-01
9.939694945657114866e-01 2.792312846669385284e-01 9.757612624251920108e-01
9.940375730092885220e-01 2.793580566006323984e-01 9.757122613777560183e-01
9.941079133971814086e-01 2.794885980015474614e-01 9.756616096888525158e-01
9.941512836844985657e-01 2.795688634070500611e-01 9.756303669011778812e-01
9.942245924467123519e-01 2.797041550614334793e-01 9.755775350537271295e-01
9.942849783485653292e-01 2.798152355691796433e-01 9.755339942306369139e-01
9.943630951281491326e-01 2.799584364615416154e-01 9.754776370447764133e-01
9.944439687478419110e-01 2.801060765090315763e-01 9.754192507338692586e-01
9.944937414949477361e-01 2.801966164080451627e-01 9.753832958907954209e-01
9.945448254080581085e-01 2.802892874469293250e-01 9.753463758074699674e-01
9.946141837795062779e-01 2.804147016801628589e-01 9.752962173617861774e-01
9.946679242963347711e-01 2.805115507954064058e-01 9.752573277505145466e-01
9.947232555508067620e-01 2.806109730460382146e-01 9.752172624037087623e-01
9.947802947091887171e-01 2.807131516357629364e-01 9.751759329909788221e-01
9.948193345282794198e-01 2.807829024424865483e-01 9.751476287946568844e-01
9.948788033927520313e-01 2.808888613384621369e-01 9.751044860894620969e-01
9.949193304565996376e-01 2.809608646056144798e-01 9.750750653545003921e-01
9.949819063874423275e-01 2.810717024184428703e-01 9.750296054272518109e-01
9.950248963278948144e-01 2.811476072036983020e-01 9.749983501773450412e-01
9.950914392447394174e-01 2.812647039963788176e-01 9.749499305644805380e-01
9.951257033035670885e-01 2.813248146761707091e-01 9.749249784654560047e-01
9.951843888488717260e-01 2.814274853100285911e-01 9.748822089465937202e-01
9.952322115084688559e-01 2.815108914949123187e-01 9.748473241291631952e-01
9.952814503025246839e-01 2.815965234901141034e-01 9.748113749017450758e-01
9.953322073685838545e-01 2.816845359193195786e-01 9.747742824191133471e-01
9.953845960308196350e-01 2.817750968408961332e-01 9.747359589251263223e-01
9.954519586706931378e-01 2.818911082870218521e-01 9.746866210582409984e-01
9.954937886889216880e-01 2.819628941570004876e-01 9.746559478600865800e-01
9.955367586705249350e-01 2.820364343186294032e-01 9.746244088083004797e-01
9.955809446208156999e-01 2.821118482902621460e-01 9.745919444110699992e-01
9.956414875400296793e-01 2.822148449868157605e-01 9.745474058451916166e-01
9.956882115261579402e-01 2.822940737710002979e-01 9.745129866824258080e-01
9.957364305507077074e-01 2.823756029422458402e-01 9.744774218406183630e-01
9.957694647789196996e-01 2.824313210137336938e-01 9.744530298095174237e-01
9.958204391530577348e-01 2.825170765188733113e-01 9.744153462765056117e-01
9.958554331825923978e-01 2.825757881482878209e-01 9.743894438084845788e-01
9.959095524598978733e-01 2.826663263206732335e-01 9.743493304543646705e-01
9.959562594527735513e-01 2.827442088751173643e-01 9.743146556752404486e-01
9.960045505597787674e-01 2.828244833870496855e-01 9.742787485231901856e-01
9.960343411253066437e-01 2.828738825635652154e-01 9.742565679042471949e-01
9.960854494326569775e-01 2.829584258625922888e-01 9.742184605059891478e-01
9.961277448285118519e-01 2.830282001736343922e-01 9.741868700138333059e-01
9.961713919593757627e-01 2.831000251845544602e-01 9.741542163950942523e-01
9.962161918280310058e-01 2.831735555217713141e-01 9.741206415711775035e-01
9.962505693319740896e-01 2.832298421943276190e-01 9.740948357010396075e-01
9.962858572444537320e-01 2.832874922575999155e-01 9.740683071398699155e-01
9.963221125104277931e-01 2.833465873578139838e-01 9.740410084960369197e-01
9.963593986330890884e-01 2.834072207521130538e-01 9.740128868202156953e-01
9.963977866504906133e-01 2.834695010177420427e-01 9.739838827459322834e-01
9.964373559441993544e-01 2.835335491832249866e-01 9.739539297386820005e-01
9.964644356591672025e-01 2.835772980868459525e-01 9.739333969431063220e-01
9.965061743102501257e-01 2.836446009183019590e-01 9.739016932123740755e-01
9.965347929889251111e-01 2.836906582342301752e-01 9.738799145534843271e-01
9.965789926785999508e-01 2.837616436802329889e-01 9.738462117145212371e-01
9.966093636738425632e-01 2.838103142008372437e-01 9.738230044949223174e-01
9.966559567315705914e-01 2.838848078331384639e-01 9.737873211488141667e-01
9.966880427217708061e-01 2.839359840036521643e-01 9.737626892226312059e-01
9.967378328212044281e-01 2.840152016325810380e-01 9.737243672858885146e-01
9.967809783515868549e-01 2.840836644075726003e-01 9.736910581408504406e-01
9.968257684029371291e-01 2.841545650836292403e-01 9.736563755663573128e-01
9.968534955838771472e-01 2.841983742004651203e-01 9.736348503289589118e-01
9.969012406558794837e-01 2.842736686004809776e-01 9.735976823168842609e-01
9.969308756731882770e-01 2.843203071345747901e-01 9.735745446555378324e-01
9.969613046775022136e-01 2.843681153996593935e-01 9.735507311351874193e-01
9.969925771600518516e-01 2.844171644506731655e-01 9.735261965270431972e-01
9.970247479264872092e-01 2.844675336864584403e-01 9.735008905396608236e-01
9.970691443777704999e-01 2.845368994339978475e-01 9.734658526019794866e-01
9.971036607767090887e-01 2.845907159883448445e-01 9.734385162349382670e-01
9.971393088047536546e-01 2.846461998870411514e-01 9.734101923480461549e-01
9.971637472447061334e-01 2.846841847360828126e-01 9.733907196007894891e-01
9.972014842903836884e-01 2.847427609826863604e-01 9.733605591159866233e-01
9.972274093111264115e-01 2.847829449007608371e-01 9.733397727183999981e-01
9.972575290295068173e-01 2.848295690741630692e-01 9.733155528467289930e-01
9.972922000224022643e-01 2.848831539433486770e-01 9.732875765390568423e-01
9.973280657224116164e-01 2.849384853887651503e-01 9.732585232333982317e-01
9.973558081309227275e-01 2.849812157343364905e-01 9.732359685791901471e-01
9.973843238065247530e-01 2.850250791361385594e-01 9.732127086010323724e-01
9.974136641173761975e-01 2.850701552599658184e-01 9.731886924049660825e-01
9.974438858290636256e-01 2.851165311047161866e-01 9.731638633685529838e-01
9.974750515538618467e-01 2.851643036792908537e-01 9.731381584480293112e-01
9.975181926553605694e-01 2.852303443374152869e-01 9.731024018855506386e-01
9.975404964969021293e-01 2.852644426767949604e-01 9.730838331007956032e-01
9.975740710655780497e-01 2.853157141087953041e-01 9.730557707410907309e-01
9.976084019075507348e-01 2.853680645007319883e-01 9.730269341396390326e-01
9.976319905302465374e-01 2.854039898317146662e-01 9.730070342696858221e-01
9.976685048465973038e-01 2.854595382697446837e-01 9.729760866833340183e-01
9.976936576052695127e-01 2.854977640954854401e-01 9.729546638067698705e-01
9.977327010428558296e-01 2.855570473506744422e-01 9.729212348118285725e-01
9.977596755686080066e-01 2.855979694207401165e-01 9.728980099608753873e-01
9.977874647642224204e-01 2.856400968616576996e-01 9.728739691942507317e-01
9.978161248682079210e-01 2.856835115759409627e-01 9.728490489898760085e-01
9.978457182292497230e-01 2.857283003846278202e-01 9.728231781017171453e-01
9.978685681051390199e-01 2.857628537460207840e-01 9.728031022805858630e-01
9.978920154480180882e-01 2.857982868690421840e-01 9.727824079998981244e-01
9.979242710965282592e-01 2.858469964096763127e-01 9.727537800875157847e-01
9.979408528064854789e-01 2.858720237134694808e-01 9.727389891802987743e-01
9.979749878048177480e-01 2.859235258036351701e-01 9.727083776279249472e-01
9.979925724695731803e-01 2.859500493766445883e-01 9.726925197096467635e-01
9.980288529745338089e-01 2.860047589701371629e-01 9.726596056157218451e-01
9.980475867178884020e-01 2.860330003050675640e-01 9.726425029672169931e-01
9.980764821692650335e-01 2.860765498720881372e-01 9.726159752854923735e-01
9.981063982578021188e-01 2.861216209529213739e-01 9.725883143744046277e-01
9.981269508387591305e-01 2.861525742284174445e-01 9.725691912011215079e-01
9.981587598926524585e-01 2.862004697360918115e-01 9.725393954170754585e-01
9.981806669382242703e-01 2.862334517593033700e-01 9.725187296122949077e-01
9.982031749578805790e-01 2.862673417802389930e-01 9.724973697248492366e-01
9.982381475806171300e-01 2.863200174672629883e-01 9.724639170170219504e-01
9.982623346236442208e-01 2.863564604268616365e-01 9.724405858019347093e-01
9.982872737916601569e-01 2.863940478866817130e-01 9.724163554627576200e-01
9.983130182164108302e-01 2.864328614828043906e-01 9.723911511337374192e-01
9.983396273700049228e-01 2.864729917812962046e-01 9.723648879815960377e-01
9.983671684421697723e-01 2.865145440592485326e-01 9.723374691730305441e-01
9.983957179697369178e-01 2.865576431907717048e-01 9.723087834614186908e-01
9.984253637137215920e-01 2.866024331884175491e-01 9.722787021454711853e-01
9.984406293963175028e-01 2.866255152456506083e-01 9.722630912670201520e-01
9.984641183739834114e-01 2.866610625292117520e-01 9.722389061082431505e-01
9.984883613646687861e-01 2.866977951524957158e-01 9.722137281555355282e-01
9.985219528053926874e-01 2.867487638897369129e-01 9.721784631722937275e-01
9.985393346580382357e-01 2.867751683543289798e-01 9.721600355792882064e-01
9.985661963323834156e-01 2.868160217742061202e-01 9.721313079124814793e-01
9.985940768752048502e-01 2.868584916005986751e-01 9.721011575715771125e-01
9.986132751984105882e-01 2.868877798863401218e-01 9.720801917361678868e-01
9.986430633305444227e-01 2.869333099077456817e-01 9.720473196775034630e-01
9.986636340980088455e-01 2.869648186074925666e-01 9.720243680731399660e-01
9.986848179599125963e-01 2.869973312336104865e-01 9.720005106990056154e-01
9.987178338722532134e-01 2.870481436063826997e-01 9.719628623251496125e-01
9.987349444046859093e-01 2.870745421409121034e-01 9.719431180017452654e-01
9.987524851726983233e-01 2.871016536442658751e-01 9.719227062828444952e-01
9.987765844015680239e-01 2.871389906365687805e-01 9.718943715491986657e-01
9.988015577918140098e-01 2.871777974330945171e-01 9.718646405853295089e-01
9.988274800149772314e-01 2.872182160437112275e-01 9.718333680030062371e-01
9.988544362552871370e-01 2.872604111482289224e-01 9.718003849235237190e-01
9.988753905693313895e-01 2.872933362554618286e-01 9.717744064707320995e-01
9.988970266660069930e-01 2.873274577847798050e-01 9.717472598240097792e-01
9.989270221423027785e-01 2.873749857738246982e-01 9.717090593440633750e-01
9.989504550052760168e-01 2.874122995958166005e-01 9.716787373574610198e-01
9.989747628014434833e-01 2.874511915244626903e-01 9.716468190388533044e-01
9.990051947931041232e-01 2.875001737715383032e-01 9.716061634576981243e-01
9.990263205772492716e-01 2.875343820852552246e-01 9.715774649830918319e-01
9.990481762035228197e-01 2.875699683965921016e-01 9.715473488928075829e-01
9.990785530834477290e-01 2.876197901682797098e-01 9.715047407233698973e-01
9.991023505581886344e-01 2.876591273219320510e-01 9.714707201823958860e-01
9.991271012511192540e-01 2.877003450931250872e-01 9.714347094724304910e-01
9.991528929002418957e-01 2.877436517667945615e-01 9.713964699070752884e-01
9.991798280720175507e-01 2.877892957862536183e-01 9.713557179500030836e-01
9.991984794926396241e-01 2.878211705586294356e-01 9.713269871132728106e-01
9.992177328124328684e-01 2.878543262982367068e-01 9.712968730570943343e-01
9.992478392564185796e-01 2.879067281136259426e-01 9.712488153505000055e-01
9.992688036569071786e-01 2.879436360403809791e-01 9.712146141939227428e-01
9.992905497192673403e-01 2.879823119518906127e-01 9.711784665409303186e-01
9.993131439165223728e-01 2.880229447681765809e-01 9.711401488999863441e-01
9.993247827739355493e-01 2.880440634029537428e-01 9.711200944381807032e-01
9.993487959678186705e-01 2.880880749514924677e-01 9.710780151980044073e-01
9.993674973098491954e-01 2.881227825062389059e-01 9.710445579052402465e-01
9.993868412429605108e-01 2.881591094708906287e-01 9.710092909727805477e-01
9.994068783400280598e-01 2.881972279737276543e-01 9.709720200983387173e-01
9.994276648665150198e-01 2.882373343738281468e-01 9.709325181223330548e-01
9.994492639380627708e-01 2.882796544256063243e-01 9.708905169225073850e-01
9.994641497712507539e-01 2.883092277351686494e-01 9.708609711430805644e-01
9.994872678435071656e-01 2.883558686133299021e-01 9.708140676223986354e-01
9.995032449859110324e-01 2.883886378466085643e-01 9.707808841488997365e-01
9.995197091961360858e-01 2.884228980692505884e-01 9.707459985595188190e-01
9.995366937452522249e-01 2.884588000798436469e-01 9.707092382084370197e-01
9.995542352050760249e-01 2.884965124100063449e-01 9.706704017598920542e-01
9.995632269244164592e-01 2.885161061223575074e-01 9.706501317953188934e-01
9.995816803494208536e-01 2.885569185187923935e-01 9.706077284026523033e-01
9.996007985421709874e-01 2.886000991369461199e-01 9.705625730654373617e-01
9.996106220069089776e-01 2.886226626161772502e-01 9.705388487575661305e-01
9.996308346586166849e-01 2.886699613447180623e-01 9.704888481070490514e-01
9.996412368419599348e-01 2.886947835013127794e-01 9.704624400842514209e-01
9.996572341019539509e-01 2.887336450885893968e-01 9.704208679687637007e-01
9.996654165764250477e-01 2.887538602730995718e-01 9.703991182863186404e-01
9.996737268852544656e-01 2.887746391434142801e-01 9.703766732501613035e-01
9.996907478591154916e-01 2.888180291446628134e-01 9.703295144370086556e-01
9.997083254080765258e-01 2.888640906105137129e-01 9.702789336559969335e-01
9.997203659123680142e-01 2.888964350578633877e-01 9.702430267085628834e-01
9.997295716088870909e-01 2.889216326464604245e-01 9.702148028019208503e-01
9.997389315847620139e-01 2.889476953492932654e-01 9.701853548412842088e-01
9.997484485856261704e-01 2.889746798058848709e-01 9.701545579011604525e-01
9.997581247233376933e-01 2.890026470777510847e-01 9.701222637019095707e-01
9.997679612228204116e-01 2.890316622867131757e-01 9.700882909923088659e-01
9.997739394289327786e-01 2.890496003906130040e-01 9.700670117649988766e-01
9.997820000854189537e-01 2.890741729212553679e-01 9.700374940605279717e-01
9.997929051550846768e-01 2.891081644401971573e-01 9.699958676945984459e-01
9.997984214594728414e-01 2.891257040714895754e-01 9.699739654103678443e-01
9.998039795735214064e-01 2.891436243783066518e-01 9.699512736193263152e-01
9.998095779159665852e-01 2.891619359393589050e-01 9.699277526847441822e-01
9.998208912998742814e-01 2.891997865232605047e-01 9.698780936062896263e-01
9.998265973426959663e-01 2.892193229285881517e-01 9.698519932948409528e-01
9.998323339786087116e-01 2.892392790019214788e-01 9.698251817206449132e-01
9.998380985682069344e-01 2.892596576094359495e-01 9.697979005294578014e-01
9.998467947419584778e-01 2.892910232772289425e-01 9.697576699198444672e-01
9.998526250026127382e-01 2.893124690204647576e-01 9.697321591656197226e-01
9.998555514960351109e-01 2.893233579704147518e-01 9.697202571663469106e-01
9.998614299637414993e-01 2.893454749303269180e-01 9.696984351764033061e-01
9.998643847881024671e-01 2.893567133727349416e-01 9.696886232625900881e-01
9.998673512895481785e-01 2.893680760395199725e-01 9.696795548807711773e-01
9.998733233069112547e-01 2.893911881680622522e-01 9.696635580484915806e-01
9.998793574077052826e-01 2.894148586362059183e-01 9.696502420401300615e-01
9.998824016846992180e-01 2.894269211227080696e-01 9.696445053451823171e-01
9.998854656500272275e-01 2.894391425152536002e-01 9.696393334186459434e-01
9.998916573648619632e-01 2.894640865129076701e-01 9.696305555188119429e-01
9.998979452562853920e-01 2.894897584919099431e-01 9.696236550494501394e-01
9.999043416463473388e-01 2.895162297257553030e-01 9.696183879391955251e-01
9.999125084778498485e-01 2.895505603618884205e-01 9.696137256939255655e-01
9.999175115050784601e-01 2.895718939342333820e-01 9.696117473455605484e-01
9.999243130945403291e-01 2.896012752953219804e-01 9.696098595553065413e-01
9.999312785469907094e-01 2.896318300239922872e-01 9.696086148228377777e-01
9.999348281186141163e-01 2.896475869402676540e-01 9.696081627600715569e-01
9.999420696978659207e-01 2.896801354437421594e-01 9.696074770095189921e-01
9.999476355849528098e-01 2.897055297166362675e-01 9.696070407230321653e-01
9.999533256625676714e-01 2.897318414016265553e-01 9.696065705487996178e-01
9.999611203631671996e-01 2.897684818463820422e-01 9.696057226065486478e-01
9.999671357732496935e-01 2.897972467685626108e-01 9.696047787775463611e-01
9.999724755022235678e-01 2.898231503385740870e-01 9.696036470004536501e-01
9.999792197722634501e-01 2.898563823054110533e-01 9.696017238838502417e-01
9.999826680284464864e-01 2.898736014686915663e-01 9.696004912364404316e-01
9.999897257606218393e-01 2.899093442306355795e-01 9.695973659591211602e-01
9.999933403873831894e-01 2.899279157441767563e-01 9.695954180446566539e-01
9.999970151280588304e-01 2.899469862341624848e-01 9.695931745856274375e-01
9.999985024668397449e-01 2.899547602868236540e-01 9.695921872292028176e-01
