# -29 2 0.364694740954 0.000309068214578
# x xi_r xi_h
1.310287751119751072e-03 -4.277304732203224091e+01 -2.084465818416109784e+01
1.460995662986557019e-03 -4.725303474078147303e+01 -2.288079594247549409e+01
1.650884358646134958e-03 -5.269745466473078466e+01 -2.528400706102251405e+01
1.840773054305712029e-03 -5.789666749070008223e+01 -2.748882193019016285e+01
2.080034956818093209e-03 -6.406183683808957596e+01 -2.995902550706400902e+01
2.319296859330475039e-03 -6.975901699989405813e+01 -3.205823357904632331e+01
2.520287072229036949e-03 -7.415577435880952351e+01 -3.351688594327870163e+01
2.721277285127598859e-03 -7.817520890930872213e+01 -3.468513221262811896e+01
2.922267498026161203e-03 -8.180009795026336405e+01 -3.555426910469255120e+01
3.112225549436466957e-03 -8.485027507104216227e+01 -3.609547948629973746e+01
3.302183600846774012e-03 -8.752490013429100202e+01 -3.636176756150359068e+01
3.492141652257081067e-03 -8.981613532244669784e+01 -3.635287367381976509e+01
3.682099703667386821e-03 -9.171837843800983592e+01 -3.607083801223043196e+01
3.921500270735109317e-03 -9.355665693782162862e+01 -3.533308593944466480e+01
4.160900837802832680e-03 -9.477041735554725221e+01 -3.418206522367417932e+01
4.400301404870555176e-03 -9.536360794565332810e+01 -3.263680572607078290e+01
4.639701971938277672e-03 -9.534568323583832239e+01 -3.072141555185242012e+01
4.869433365318841418e-03 -9.476744751042767234e+01 -2.856212435489465307e+01
5.099164758699403430e-03 -9.365749273190024837e+01 -2.611740042796528982e+01
5.328896152079966309e-03 -9.203734893941485495e+01 -2.341974621486393104e+01
5.558627545460530055e-03 -8.993245178259898864e+01 -2.050475962253521800e+01
5.787748083093968016e-03 -8.737925003258544621e+01 -1.741891889781220470e+01
6.016868620727404242e-03 -8.440486820379328492e+01 -1.419389928960190517e+01
6.245989158360841335e-03 -8.104422172270835745e+01 -1.087032617035044169e+01
6.507314466583081353e-03 -7.678854175364698165e+01 -7.011162635352767403e+00
6.768639774805322237e-03 -7.213756990465535068e+01 -3.139174526169517865e+00
7.029965083027563122e-03 -6.715272038378914488e+01 6.849771861241039650e-01
7.291290391249803139e-03 -6.189722515687681437e+01 4.402391681982793514e+00
7.588259160035928062e-03 -5.567933084096669205e+01 8.428501748230866397e+00
7.885227928822052118e-03 -4.928859485614144376e+01 1.216824977001512842e+01
8.182196697608175306e-03 -4.281815554118881550e+01 1.555266526755365675e+01
8.479165466394300230e-03 -3.635847655645844156e+01 1.852153459027381643e+01
8.776134235180425153e-03 -2.999601310100953100e+01 2.102462773021562370e+01
9.062891590263655664e-03 -2.402048684491993313e+01 2.296191075671719162e+01
9.349648945346886175e-03 -1.827900330762472336e+01 2.440336658017124449e+01
9.636406300430114952e-03 -1.283260005157575812e+01 2.533441995179994066e+01
9.923163655513347198e-03 -7.735244457287395292e+00 2.575087239935950834e+01
1.020992101059657944e-02 -3.033291346855012449e+00 2.565882596277545957e+01
1.049667836567980995e-02 1.234926868727275640e+00 2.507438094183903488e+01
1.078343572076304047e-02 5.039370694219569735e+00 2.402311939412394892e+01
1.107585216327150977e-02 8.418920655403638875e+00 2.250642235457819140e+01
1.136826860577998081e-02 1.127991076971294504e+01 2.058471904419949539e+01
1.166068504828845012e-02 1.361728796996947644e+01 1.830998404627532850e+01
1.195310149079691076e-02 1.543456976064117825e+01 1.574022098485568399e+01
1.224551793330539047e-02 1.674339026112203399e+01 1.293810608086777592e+01
1.253793437581384937e-02 1.756292663150385636e+01 9.969551465289704595e+00
1.283035081832233082e-02 1.791921890035243337e+01 6.902223019504702961e+00
1.312276726083078972e-02 1.784439824394764074e+01 3.804047830358298299e+00
1.341518370333926076e-02 1.737584034636859798e+01 7.417458232994701417e-01
1.372371033175165053e-02 1.650116171896716111e+01 -2.379412314379855786e+00
1.403223696016404030e-02 1.528770772790961274e+01 -5.319420433419291605e+00
1.434076358857643008e-02 1.379139992658308955e+01 -8.014437935135397595e+00
1.464929021698880944e-02 1.206984947671283237e+01 -1.040825888160172852e+01
1.495781684540119921e-02 1.018114636182891530e+01 -1.245347661254683480e+01
1.526634347381359072e-02 8.182692112638118687e+00 -1.411241461811028941e+01
1.557487010222598049e-02 6.130097980152272363e+00 -1.535780121860965330e+01
1.588339673063835986e-02 4.076168850466335591e+00 -1.617317330002954989e+01
1.619192335905075136e-02 2.069990977869205384e+00 -1.655300231565273705e+01
1.650044998746313940e-02 1.561389217535439633e-01 -1.650254374456033091e+01
1.680897661587552050e-02 -1.625985986836341990e+00 -1.603741895661474004e+01
1.711941423928450140e-02 -3.252088539729858674e+00 -1.517656073915853021e+01
1.742985186269348924e-02 -4.682572040020857251e+00 -1.395604391643732001e+01
1.774028948610247014e-02 -5.895707930554257459e+00 -1.241812243898937496e+01
1.805072710951145104e-02 -6.876263460564162600e+00 -1.061160026357981145e+01
1.836116473292042847e-02 -7.615442514929951834e+00 -8.590508841245359406e+00
1.867160235632940937e-02 -8.110696711200816367e+00 -6.412662437241338331e+00
1.898203997973839027e-02 -8.365413600107345360e+00 -4.138131252506989988e+00
1.929247760314737117e-02 -8.388491791221957428e+00 -1.827675408283528480e+00
1.960291522655635901e-02 -8.193815559028482909e+00 4.588156766628858629e-01
1.991335284996533991e-02 -7.799643857541081360e+00 2.663834159595714901e+00
2.022379047337432081e-02 -7.227930596451209944e+00 4.733672309936135747e+00
2.053422809678330171e-02 -6.503594443614273857e+00 6.619709379888749190e+00
2.083870335922823058e-02 -5.670996001023385524e+00 8.250066248181555650e+00
2.114317862167315945e-02 -4.744589099518475628e+00 9.629561357706808877e+00
2.144765388411808138e-02 -3.751919816150712350e+00 1.073219768013720810e+01
2.175212914656301025e-02 -2.720484174539175459e+00 1.153954069910160207e+01
2.205660440900793912e-02 -1.677103781522047088e+00 1.204089866456447311e+01
2.236107967145287145e-02 -6.473535540114147002e-01 1.223330785761871908e+01
2.266555493389780032e-02 3.449488053512761998e-01 1.212133234189912301e+01
2.297003019634272919e-02 1.278183963742921314e+00 1.171669154555481818e+01
2.327450545878765112e-02 2.133297178618741352e+00 1.103773233197613912e+01
2.357898072123257999e-02 2.894086039795585652e+00 1.010876494592027264e+01
2.388999902351006052e-02 3.560159103965096605e+00 8.932597007839095937e+00
2.420101732578754106e-02 4.103566064354428278e+00 7.562496301989243719e+00
2.451203562806502159e-02 4.517265137746872661e+00 6.038252010212357135e+00
2.482305393034249866e-02 4.797714090723375513e+00 4.402223079599520972e+00
2.513407223261997919e-02 4.944761831029272692e+00 2.698212472730868505e+00
2.544509053489744932e-02 4.961467496843444458e+00 9.703474797151110387e-01
2.575610883717492985e-02 4.853855362748152658e+00 -7.380070817935230343e-01
2.606712713945241039e-02 4.630614830877118671e+00 -2.385277930025584858e+00
2.637814544172989092e-02 4.302755458964379720e+00 -3.932632263228685865e+00
2.668916374400737146e-02 3.883227396706452339e+00 -5.344827072635487397e+00
2.700018204628484852e-02 3.386517766303598798e+00 -6.590942500954576566e+00
2.731120034856232906e-02 2.828233445432487780e+00 -7.644986339895154082e+00
2.762221865083979919e-02 2.224680408607193627e+00 -8.486360315967623080e+00
2.793323695311727972e-02 1.592449276837384575e+00 -9.100182421012698697e+00
2.826513052570591919e-02 9.049128899367689938e-01 -9.494382553963369276e+00
2.859702409829455866e-02 2.228330263935965616e-01 -9.615956152157522752e+00
2.892891767088319119e-02 -4.355230120733020738e-01 -9.468892344951930440e+00
2.926081124347183066e-02 -1.053416621907125483e+00 -9.064329161470947582e+00
2.959270481606045972e-02 -1.615997141291748207e+00 -8.420041339824782867e+00
2.992459838864909918e-02 -2.110594511902264880e+00 -7.559768296492578088e+00
3.025649196123773171e-02 -2.526941414324566093e+00 -6.512404485844373703e+00
3.058838553382637118e-02 -2.857322845377070042e+00 -5.311077420978989494e+00
3.092027910641501065e-02 -3.096652985897798249e+00 -3.992140923318741486e+00
3.125217267900363971e-02 -3.242481010671411479e+00 -2.594112670613776483e+00
3.158406625159228265e-02 -3.294929176507538582e+00 -1.156585795910751058e+00
3.191595982418091171e-02 -3.256568052793888945e+00 2.808558474382758519e-01
3.224785339676954771e-02 -3.132235099088718666e+00 1.679690074862560278e+00
3.257974696935817677e-02 -2.928803920360222079e+00 3.003449421634611483e+00
3.291164054194681970e-02 -2.654912422648584069e+00 4.218630238205683725e+00
3.324353411453546264e-02 -2.320658737316614761e+00 5.295496189144127896e+00
3.357542768712409170e-02 -1.937274174660541748e+00 6.208757995369410310e+00
3.390732125971272770e-02 -1.516782608283383516e+00 6.938115131940970848e+00
3.423921483230135676e-02 -1.071655587644756213e+00 7.468649339097893858e+00
3.457110840488999970e-02 -6.144721410468073630e-01 7.791064098804517002e+00
3.491112367483018009e-02 -1.465647685377691467e-01 7.901889885060382923e+00
3.525113894477036047e-02 3.083221099259843556e-01 7.792829924794481222e+00
3.559115421471054780e-02 7.383671784912144709e-01 7.472002728090674673e+00
3.593116948465072819e-02 1.132908922362459547e+00 6.953013424995952541e+00
3.627118475459092245e-02 1.482674230493374434e+00 6.254449581153044946e+00
3.661120002453110284e-02 1.779961231876761918e+00 5.399258945406320898e+00
3.695121529447128322e-02 2.018773720219410261e+00 4.414027783673988736e+00
3.729123056441145667e-02 2.194905812183424398e+00 3.328180827704370959e+00
3.763124583435163706e-02 2.305976771722118901e+00 2.173125651045175299e+00
3.797126110429181745e-02 2.351417184718935349e+00 9.813654226210658527e-01
3.831127637423199783e-02 2.332408852602063654e+00 -2.143955534982165401e-01
3.865129164417219210e-02 2.251781861369783311e+00 -1.382129337421698967e+00
3.899130691411237248e-02 2.113873247026195834e+00 -2.491321632736601455e+00
3.933132218405255287e-02 1.924352497103152038e+00 -3.513747151614536435e+00
3.967133745399273326e-02 1.690019782521186897e+00 -4.424163532606747218e+00
4.001135272393290671e-02 1.418583291306790617e+00 -5.200906963061221688e+00
4.035136799387308709e-02 1.118422327758244794e+00 -5.826375778826964336e+00
4.069138326381326748e-02 7.983429451519059583e-01 -6.287391769016359433e+00
4.103139853375346174e-02 4.673328000775587299e-01 -6.575432592422048472e+00
4.137141380369364213e-02 1.343216603038734080e-01 -6.686732498655222123e+00
4.171142907363382252e-02 -1.920464211179558345e-01 -6.622252323754610259e+00
4.205144434357400290e-02 -5.036238174954709157e-01 -6.387523382143745820e+00
4.239145961351419023e-02 -7.929481668851144915e-01 -5.992373296136474181e+00
4.273147488345437062e-02 -1.053405367518058355e+00 -5.450544892499662453e+00
4.307149015339455100e-02 -1.279363623966423669e+00 -4.779221967793381154e+00
4.325489917444660243e-02 -1.385391370941291500e+00 -4.369469004611953089e+00
4.343830819549863304e-02 -1.479420531555623475e+00 -3.931234778410146014e+00
4.362171721655067058e-02 -1.560975191016544805e+00 -3.468138163276361041e+00
4.380512623760270813e-02 -1.629681361860718658e+00 -2.983929409945317079e+00
4.398853525865475261e-02 -1.685267383198641555e+00 -2.482459367248861515e+00
4.417194427970679016e-02 -1.727563544192906697e+00 -1.967648617107674136e+00
4.435535330075882771e-02 -1.756500957850450240e+00 -1.443456766607722042e+00
4.453876232181087219e-02 -1.772109716129537160e+00 -9.138521315039026538e-01
4.472217134286290280e-02 -1.774516361839557854e+00 -3.827820347255772027e-01
4.490558036391494035e-02 -1.763940716829399902e+00 1.458560687125857180e-01
4.527239840601902238e-02 -1.705409990039661317e+00 1.179000805653829254e+00
4.563921644812309747e-02 -1.599881401190891506e+00 2.158493725992375101e+00
4.600603449022717950e-02 -1.451983596663716458e+00 3.057726928320646298e+00
4.637285253233124765e-02 -1.267351718995708199e+00 3.853177747114583163e+00
4.673967057443533663e-02 -1.052423860370051756e+00 4.524962821091991216e+00
4.710648861653941866e-02 -8.142255812408493165e-01 5.057264416492676773e+00
4.747330665864348681e-02 -5.601492220781681963e-01 5.438623709234949644e+00
4.784012470074756884e-02 -2.977344283302513772e-01 5.662099859726014373e+00
4.820694274285165087e-02 -3.445584306621398557e-02 5.725297562158198517e+00
4.857376078495573291e-02 2.224766740892865635e-01 5.630269229360806094e+00
4.894057882705980800e-02 4.663006406697510764e-01 5.383301018009163386e+00
4.931285321897629220e-02 6.940160549512013333e-01 4.987850215067241244e+00
4.968512761089276947e-02 8.962517092143349462e-01 4.460734197517692401e+00
5.005740200280924673e-02 1.068269804891121222e+00 3.819439675241087073e+00
5.042967639472573094e-02 1.206329769246234473e+00 3.084081045043155278e+00
5.080195078664220820e-02 1.307747331382343114e+00 2.276789839878553323e+00
5.117422517855869241e-02 1.370923399749295779e+00 1.421068139404655595e+00
5.154649957047517661e-02 1.395343267433780676e+00 5.411233968324509203e-01
5.191877396239164694e-02 1.381547389960093852e+00 -3.387975736315377295e-01
5.229104835430813114e-02 1.331075650881591743e+00 -1.195057894751459404e+00
5.266332274622462228e-02 1.246387636445599023e+00 -2.005246330866354842e+00
5.303559713814109261e-02 1.130761966938719665e+00 -2.748743668600472922e+00
5.340787153005757681e-02 9.881781659194328604e-01 -3.407225635294469424e+00
5.378014592197404714e-02 8.231848789695302981e-01 -3.965090207405030931e+00
5.415242031389053134e-02 6.407584733979077019e-01 -4.409799490039052472e+00
5.452469470580702249e-02 4.461561553616855691e-01 -4.732128943190408776e+00
5.489696909772349281e-02 2.447677304504277673e-01 -4.926319507466852876e+00
5.526924348963997702e-02 4.197001073321190989e-02 -4.990131052738211004e+00
5.564151788155646122e-02 -1.570123581760888287e-01 -4.924798444521556462e+00
5.601379227347293849e-02 -3.472362029180732779e-01 -4.734894302627688845e+00
5.638606666538942269e-02 -5.241562251311371323e-01 -4.428105126009209691e+00
5.675834105730589996e-02 -6.837259465600176167e-01 -4.014929795415089764e+00
5.713557747568415168e-02 -8.241707880109448991e-01 -3.501034619824662020e+00
5.751281389406241035e-02 -9.403208866559411572e-01 -2.906791482378089153e+00
5.789005031244066207e-02 -1.029979095275990186e+00 -2.249389170322198428e+00
5.826728673081892074e-02 -1.091701461307419629e+00 -1.547076630518924967e+00
5.864452314919717246e-02 -1.124799750701432677e+00 -8.186304032295826927e-01
5.902175956757541725e-02 -1.129323918627861190e+00 -8.284146617899218468e-02
5.939899598595368285e-02 -1.106026505264846360e+00 6.419651960929798618e-01
5.977623240433192764e-02 -1.056311279273342008e+00 1.338367488286849039e+00
6.015346882271019324e-02 -9.821686797779594080e-01 1.990231329541901628e+00
6.053070524108843803e-02 -8.861007272293554005e-01 2.583038296037166059e+00
6.090794165946669669e-02 -7.710380952393866005e-01 3.104152449399421698e+00
6.128517807784496230e-02 -6.402519725313348120e-01 3.543025180603774249e+00
6.149838126173343134e-02 -5.605879039368831807e-01 3.751590857622375985e+00
6.171158444562190731e-02 -4.776804797334894270e-01 3.929918699522837233e+00
6.192478762951038329e-02 -3.922043047366073343e-01 4.077067599398829678e+00
6.213799081339885233e-02 -3.048397939685132396e-01 4.192339559252258319e+00
6.235119399728732831e-02 -2.162680841925589958e-01 4.275280321262695971e+00
6.256439718117580429e-02 -1.271660667273649403e-01 4.325678326456589673e+00
6.277760036506427332e-02 -3.820157192604474450e-02 4.343562031752530750e+00
6.299080354895275624e-02 4.997126591641716520e-02 4.329195626100412753e+00
6.320400673284122528e-02 1.367164362275891665e-01 4.283073196038359676e+00
6.341720991672969432e-02 2.214202472895719365e-01 4.205911400385803134e+00
6.384361628450666015e-02 3.821277269827367817e-01 3.963254754946634151e+00
6.427002265228359823e-02 5.281074084844441519e-01 3.610503895513695660e+00
6.469642902006055019e-02 6.556321742463673274e-01 3.160251333510973648e+00
6.512283538783750214e-02 7.616299680223352908e-01 2.627500603431105919e+00
6.554924175561444022e-02 8.437433828802052282e-01 2.029169716373875776e+00
6.597564812339139217e-02 9.003667746047213649e-01 1.383556204980354032e+00
6.640205449116834413e-02 9.306608490906292941e-01 7.097797122476738885e-01
6.682846085894529609e-02 9.345452887732856873e-01 2.721845449303265593e-02
6.725486722672224804e-02 9.126705667781030984e-01 -6.450442211688861560e-01
6.768127359449918612e-02 8.663706321456078330e-01 -1.288747565502920356e+00
6.810767996227613807e-02 7.975986204582097283e-01 -1.886940899481963863e+00
6.854182003929965017e-02 7.070809412502776503e-01 -2.433498167668734613e+00
6.897596011632314839e-02 5.989651761688579157e-01 -2.903430457585879143e+00
6.941010019334666048e-02 4.767321113927855958e-01 -3.285587500864860289e+00
6.984424027037017257e-02 3.441235963599361680e-01 -3.571586106949226735e+00
7.027838034739368467e-02 2.050289523271390524e-01 -3.755937652336667654e+00
7.071252042441718288e-02 6.337295857337699179e-02 -3.836089380931322790e+00
7.114666050144069498e-02 -7.699157963409904160e-02 -3.812382699790282992e+00
7.158080057846419320e-02 -2.123839900213916887e-01 -3.687933830245158973e+00
7.201494065548770529e-02 -3.393862954591961856e-01 -3.468444062550576135e+00
7.244908073251121738e-02 -4.549222632946555156e-01 -3.161948426912967403e+00
7.288322080953472948e-02 -5.563234594840738012e-01 -2.778512811147189954e+00
7.331736088655822769e-02 -6.413812704873805837e-01 -2.329890413374826608e+00
7.375150096358173979e-02 -7.083842996211756615e-01 -1.829148916572897576e+00
7.419305697663924892e-02 -7.567836092511639468e-01 -1.280880977136817478e+00
7.463461298969675806e-02 -7.845859538438918479e-01 -7.085131307447395388e-01
7.507616900275426719e-02 -7.916587965726178400e-01 -1.274959362317064360e-01
7.551772501581177632e-02 -7.784076355764586452e-01 4.470264788153015534e-01
7.595928102886928546e-02 -7.457409666444185792e-01 1.000602548320157270e+00
7.640083704192679459e-02 -6.950240175192989867e-01 1.519816527665566852e+00
7.684239305498430372e-02 -6.280233251916056414e-01 1.992582624768922228e+00
7.728394906804181286e-02 -5.468443013008459364e-01 2.408385899597956126e+00
7.772550508109932199e-02 -4.538639295725301337e-01 2.758467859175186554e+00
7.816706109415683112e-02 -3.516606728878529098e-01 3.035956518368730261e+00
7.860861710721434026e-02 -2.429435469972733297e-01 3.235942310103502972e+00
7.907004175851901906e-02 -1.254000307355295218e-01 3.358976221935401796e+00
7.953146640982367011e-02 -6.917064986492163677e-03 3.393187003368640653e+00
7.999289106112834891e-02 1.094430125997854913e-01 3.339786362643200501e+00
8.045431571243301383e-02 2.207774846080807207e-01 3.202140485867766007e+00
8.091574036373769263e-02 3.244089552252808484e-01 2.985621562971986442e+00
8.137716501504235755e-02 4.179428323182169391e-01 2.697416030772072482e+00
8.183858966634702248e-02 4.993155717130203231e-01 2.346294474090633297e+00
8.230001431765168740e-02 5.668328949917070814e-01 1.942349078596273593e+00
8.276143896895636620e-02 6.191974395280889221e-01 1.496705374485403528e+00
8.322286362026103113e-02 6.555255592280185839e-01 1.021215706617247143e+00
8.368428827156570993e-02 6.753532603144579705e-01 5.281423773416125123e-01
8.414571292287037485e-02 6.786315215970700754e-01 2.983870291380223000e-02
8.460713757417503977e-02 6.657115056712565870e-01 -4.615637186194568864e-01
8.507417896077572317e-02 6.368855551254865022e-01 -9.400534986028251661e-01
8.554122034737642044e-02 5.933200411059657009e-01 -1.388552062167010881e+00
8.600826173397713159e-02 5.364374871371255793e-01 -1.797067972710450601e+00
8.647530312057782886e-02 4.679276171176197652e-01 -2.156853220692538375e+00
8.694234450717849838e-02 3.896966887597826945e-01 -2.460576606456932325e+00
8.740938589377920953e-02 3.038136794814129127e-01 -2.702459499207972460e+00
8.787642728037989293e-02 2.124546945324425895e-01 -2.878370730664014054e+00
8.834346866698060408e-02 1.178469910586097680e-01 -2.985878420903369079e+00
8.881051005358128747e-02 2.221399995760518081e-02 -3.024257702998901287e+00
8.927249613444182552e-02 -7.127170189184907356e-02 -2.995130419115730191e+00
8.973448221530234969e-02 -1.616440635848973850e-01 -2.901755046340452004e+00
9.019646829616287387e-02 -2.470509515547742729e-01 -2.748006279125701834e+00
9.065845437702341192e-02 -3.258188694933948359e-01 -2.538922117769698339e+00
9.112044045788392221e-02 -3.964793705438686144e-01 -2.280454771686544202e+00
9.158242653874446026e-02 -4.577872202687841563e-01 -1.979230287635887597e+00
9.185990558262246974e-02 -4.897093131739582716e-01 -1.780435993143463902e+00
9.213738462650046535e-02 -5.177010911237809321e-01 -1.570367314660897184e+00
9.269234271425648430e-02 -5.613013510156635855e-01 -1.124034601613608242e+00
9.324730080201248938e-02 -5.879120479637576224e-01 -6.530305058774688032e-01
9.380225888976850834e-02 -5.972589336342173372e-01 -1.712055706853929937e-01
9.435721697752449955e-02 -5.895595629073882016e-01 3.077079747907301988e-01
9.491217506528051850e-02 -5.654972947890744006e-01 7.704406888782842078e-01
9.546713315303652359e-02 -5.261844534291628683e-01 1.204524020772894222e+00
9.602209124079254254e-02 -4.731155007605126195e-01 1.598612429137913349e+00
9.657704932854854762e-02 -4.081113777836810064e-01 1.942778854182898973e+00
9.711274250401923103e-02 -3.359824952522376118e-01 2.219946905164608353e+00
9.764843567948991443e-02 -2.567172005641870647e-01 2.437288115586512482e+00
9.818412885496061171e-02 -1.724674638070274046e-01 2.590846796366097049e+00
9.871982203043128123e-02 -8.543391429996158304e-02 2.678347157455554406e+00
9.925551520590197851e-02 2.189832144667170667e-03 2.699200849418456727e+00
9.979120838137264804e-02 8.827050214984584475e-02 2.654473933834422539e+00
1.003269015568433037e-01 1.707849628354820848e-01 2.546813897376912994e+00
1.008625947323140010e-01 2.478653923335635278e-01 2.380338454765310807e+00
1.013982879077846982e-01 3.178388478684758822e-01 2.160489038973691933e+00
1.019196887189594974e-01 3.777484260127633720e-01 1.901481432620761414e+00
1.024410895301341995e-01 4.284517620768681367e-01 1.605075443359372134e+00
1.029624903413089987e-01 4.690905694497114475e-01 1.278781341534844129e+00
1.034838911524837979e-01 4.990570276039231201e-01 9.304527571457851254e-01
1.040052919636584999e-01 5.179940138089289547e-01 5.680733693246866611e-01
1.045266927748332991e-01 5.257893009904850423e-01 1.995652011165804929e-01
1.051400246805940936e-01 5.208908870946591385e-01 -2.310711118635087047e-01
1.057533565863548047e-01 5.013567387974651179e-01 -6.476234295631455584e-01
1.063666884921155992e-01 4.681538676642488794e-01 -1.038880444707163342e+00
1.069800203978762965e-01 4.225913684260682035e-01 -1.394643190157801138e+00
1.075933523036371048e-01 3.662708197527131393e-01 -1.705996258183776648e+00
1.081580523569587032e-01 3.064588228877215825e-01 -1.947062100829013875e+00
1.087227524102803017e-01 2.406462987858860869e-01 -2.139742006677934683e+00
1.092874524636019973e-01 1.704796833395102462e-01 -2.281038640535198336e+00
1.098521525169235957e-01 9.763943331840690965e-02 -2.369310403846999424e+00
1.104461325367779023e-01 1.998948897026991273e-02 -2.404513564546565174e+00
1.110401125566321950e-01 -5.687031306603153313e-02 -2.381446743383577758e+00
1.116340925764865016e-01 -1.311335448191889019e-01 -2.302198069184065332e+00
1.122280725963407944e-01 -2.011209763247178428e-01 -2.170081835020236660e+00
1.128220526161951009e-01 -2.653143347164658161e-01 -1.989565213239464780e+00
1.134060008840173939e-01 -3.214906354149029144e-01 -1.770229774912904341e+00
1.139899491518396035e-01 -3.697217389577496793e-01 -1.515409009850650301e+00
1.145738974196618964e-01 -4.091614194293443640e-01 -1.231645978805436359e+00
1.151578456874842032e-01 -4.391861207614242146e-01 -9.258699863611132841e-01
1.157417939553063990e-01 -4.593978851699730415e-01 -6.052186426704054822e-01
1.163163554681377054e-01 -4.695366525520695000e-01 -2.821583779961099880e-01
1.168909169809689980e-01 -4.700434653682679098e-01 4.157576654062537097e-02
1.174654784938004015e-01 -4.611505725967377511e-01 3.594522847396684484e-01
1.180400400066316940e-01 -4.432698105974766101e-01 6.653100163335585737e-01
1.186146015194630005e-01 -4.169757415405923040e-01 9.534633157822620664e-01
1.189682089753304056e-01 -3.968917096625166896e-01 1.119902381378826250e+00
1.193218164311977969e-01 -3.740774644405596705e-01 1.276572413727381283e+00
1.200290313429325934e-01 -3.212181898193714469e-01 1.556355230190196393e+00
1.207362462546674037e-01 -2.601233051200557145e-01 1.786699302909940945e+00
1.214434611664022001e-01 -1.927583629919086272e-01 1.962615536982691200e+00
1.221403590722684035e-01 -1.222421430180215124e-01 2.079549176891358986e+00
1.228372569781346069e-01 -4.963800769326028040e-02 2.138969737035417928e+00
1.235341548840007964e-01 2.307651533699902127e-02 2.140910391763990450e+00
1.242310527898669997e-01 9.399785219448776596e-02 2.086924656562159086e+00
1.249199642383859027e-01 1.606017224340834382e-01 1.981541002162368725e+00
1.256088756869047918e-01 2.221461653240527911e-01 1.828600001285644039e+00
1.262977871354236947e-01 2.772565508167452175e-01 1.633414506474240468e+00
1.269801736787574131e-01 3.243707446175809750e-01 1.404783278170749217e+00
1.276625602220911870e-01 3.631600837883123822e-01 1.148071057700050135e+00
1.283383226857451875e-01 3.927334208017365103e-01 8.725111962023863743e-01
1.290140851493992991e-01 4.130841564920101350e-01 5.816574596448225165e-01
1.296898476130534106e-01 4.239894232571370103e-01 2.818766991579909620e-01
1.303656100767074111e-01 4.254361461551450785e-01 -1.994977971241681039e-02
1.310334062222101026e-01 4.177718582952129611e-01 -3.132059015207880881e-01
1.317012023677127108e-01 4.014632730253887005e-01 -5.950967698886698853e-01
1.323689985132154023e-01 3.770771176359930532e-01 -8.599889902926302065e-01
1.330315011698023075e-01 3.456037870483024133e-01 -1.101136780393047410e+00
1.336940038263891017e-01 3.076972261103185780e-01 -1.316494491154179824e+00
1.343565064829760070e-01 2.642705757289539603e-01 -1.502503230048580551e+00
1.350127571636738077e-01 2.167811277419949278e-01 -1.655018473630511355e+00
1.356690078443716085e-01 1.658560404164671209e-01 -1.773878237019481441e+00
1.363252585250694093e-01 1.125339694307818800e-01 -1.857819882774787379e+00
1.369747936614179040e-01 5.841986488891776769e-02 -1.905982038449553162e+00
1.376243287977663987e-01 3.979018688258186519e-03 -1.919458968761966533e+00
1.382738639341148101e-01 -4.981849437918638851e-02 -1.898859090965282270e+00
1.389233990704633048e-01 -1.020462084159567684e-01 -1.845353880026811222e+00
1.395657048814820111e-01 -1.512995153696695405e-01 -1.761779310447153746e+00
1.402080106925008007e-01 -1.973972275504716767e-01 -1.649873610445248051e+00
1.408503165035195070e-01 -2.396467973854597422e-01 -1.512193646807692859e+00
1.414926223145382134e-01 -2.774424713768314787e-01 -1.351635566891194351e+00
1.423395568821196888e-01 -3.195850511497297930e-01 -1.110628572911321221e+00
1.431864914497011088e-01 -3.522087398941166070e-01 -8.432270075862793313e-01
1.440334260172826120e-01 -3.747019684603434264e-01 -5.575939673409264774e-01
1.448719479772087870e-01 -3.866864396390247149e-01 -2.649536231443711531e-01
1.457104699371351009e-01 -3.884169447664888586e-01 2.949353349420387460e-02
1.465489918970613870e-01 -3.801417682272122400e-01 3.181036059548324468e-01
1.473791511845158053e-01 -3.625756417563771872e-01 5.910672634420567340e-01
1.482093104719703069e-01 -3.363764721379752243e-01 8.449538305013157835e-01
1.490394697594248086e-01 -3.024183552425282473e-01 1.074156840629401088e+00
1.498616400772035950e-01 -2.621457150346395704e-01 1.272134910570473565e+00
1.506838103949824093e-01 -2.163810716437427617e-01 1.437433731174814655e+00
1.515059807127611957e-01 -1.663202661665771076e-01 1.567180664381327748e+00
1.523205105585085095e-01 -1.137126295298722112e-01 1.658745607573552272e+00
1.531350404042559066e-01 -5.934618239849102223e-02 1.712487275524390506e+00
1.539495702500031926e-01 -4.446646800393696912e-03 1.728258705810053808e+00
1.547567892028325898e-01 4.931537025269009528e-02 1.707082305119900223e+00
1.555640081556619037e-01 1.013259742740675595e-01 1.650654887661773929e+00
1.563712271084913008e-01 1.505564285321401852e-01 1.561027611251206038e+00
1.571714424761531115e-01 1.956949181328149490e-01 1.441961585475746155e+00
1.579716578438148944e-01 2.363687146423589791e-01 1.295717196636459123e+00
1.587718732114765940e-01 2.718807890418391549e-01 1.125960526161195130e+00
1.593682299859416895e-01 2.946633502276578276e-01 9.867766842342549083e-01
1.599645867604068128e-01 3.140818420542694223e-01 8.390064783647727120e-01
1.607548172773561879e-01 3.343945255441011510e-01 6.328298236443136160e-01
1.615450477943055907e-01 3.483497426428958099e-01 4.176569919470785597e-01
1.623352783112549935e-01 3.558307329244456141e-01 1.972734744732268786e-01
1.631192240213278077e-01 3.568572651997862777e-01 -2.224157870903745171e-02
1.639031697314005942e-01 3.516341888449184827e-01 -2.386524067380358938e-01
1.646871154414734917e-01 3.403879664850436026e-01 -4.482610672757360581e-01
1.654650075841770929e-01 3.235929384789695828e-01 -6.461360006814974577e-01
1.662428997268806941e-01 3.015857166033312220e-01 -8.308206752087535785e-01
1.670207918695844063e-01 2.748410183874655521e-01 -9.995470012915932401e-01
1.677928708154781123e-01 2.441405190848061346e-01 -1.148912618741287028e+00
1.685649497613717074e-01 2.098746368301458165e-01 -1.278373255928896723e+00
1.693370287072654135e-01 1.726570294589327703e-01 -1.386046324555527898e+00
1.699128959626282909e-01 1.433443385637185319e-01 -1.451195334199234743e+00
1.704887632179911960e-01 1.130286348689468062e-01 -1.502957291178162791e+00
1.712525425599212003e-01 7.177450528702392085e-02 -1.550756502836240669e+00
1.720163219018512046e-01 2.989283208954434529e-02 -1.574875935763788481e+00
1.727801012437812922e-01 -1.198496237993748950e-02 -1.575422693144027386e+00
1.735386115400147089e-01 -5.296407780240387081e-02 -1.553021398710773715e+00
1.742971218362479868e-01 -9.275654680590553203e-02 -1.508516078355506718e+00
1.750556321324814035e-01 -1.308184736255234848e-01 -1.442969433465998597e+00
1.758090734592840931e-01 -1.664151873990375730e-01 -1.358345427178833997e+00
1.765625147860866995e-01 -1.993569640991865732e-01 -1.255823057614327443e+00
1.773159561128893891e-01 -2.292429094106034904e-01 -1.137151147444761978e+00
1.780645185463007873e-01 -2.555651479864334830e-01 -1.005145396731358609e+00
1.788130809797122134e-01 -2.782394873620162024e-01 -8.611063101314508916e-01
1.795616434131235006e-01 -2.970342727421547147e-01 -7.071543534344487680e-01
1.806774417515888131e-01 -3.174684288796037479e-01 -4.643693816405840002e-01
1.817932400900540979e-01 -3.285895282546735241e-01 -2.118408578940929321e-01
1.829022533861615063e-01 -3.303472909400469448e-01 4.153879248186076456e-02
1.840112666822688869e-01 -3.230287377722767528e-01 2.902642648986415441e-01
1.851137424986991076e-01 -3.071818821841270086e-01 5.263725475688919575e-01
1.862162183151294115e-01 -2.834238960676629393e-01 7.453829326672125610e-01
1.873123941815151017e-01 -2.527660560693660297e-01 9.409537518104260645e-01
1.884085700479007919e-01 -2.160491425126533915e-01 1.109935195002005548e+00
1.894986740814197101e-01 -1.745878756266245613e-01 1.248027432232279077e+00
1.905887781149386007e-01 -1.293358183594823241e-01 1.353541980724776828e+00
1.916730272722124984e-01 -8.174684277971465407e-02 1.424382846820610116e+00
1.927572764294863961e-01 -3.278323543590599271e-02 1.460297657715485364e+00
1.938358801601320902e-01 1.611443568529213888e-02 1.461317115833534963e+00
1.949144838907778954e-01 6.406360345518226362e-02 1.428468015211709963e+00
1.959876440525072094e-01 1.097652886064519329e-01 1.363653017744537843e+00
1.970608042142364125e-01 1.524846710049578835e-01 1.268938081953630448e+00
1.981287147275558047e-01 1.911614966349261258e-01 1.147717454984774843e+00
1.991966252408751137e-01 2.252542108936245735e-01 1.002800668738974776e+00
2.002594720445023124e-01 2.540040757616552347e-01 8.386148117001797075e-01
2.013223188481295112e-01 2.770856350246846400e-01 6.583944865535484858e-01
2.023802826740382921e-01 2.940705306097100569e-01 4.671231015187923274e-01
2.034382464999472118e-01 3.048516475586587338e-01 2.681588371812724803e-01
2.044915009253560068e-01 3.093293580072528637e-01 6.658649942879832362e-02
2.055447553507646907e-01 3.076000444875849338e-01 -1.343833270603166097e-01
2.065934679926554884e-01 2.998656460977073279e-01 -3.299736694994425679e-01
2.076421806345462029e-01 2.863975902525167649e-01 -5.173522530499213845e-01
2.086865129960230880e-01 2.676524667370440147e-01 -6.923864228531805276e-01
2.097308453575000009e-01 2.440387368375902810e-01 -8.527965380974391607e-01
2.107709537672242117e-01 2.162072697055807402e-01 -9.953538334768452511e-01
2.118110621769483948e-01 1.846597688449667929e-01 -1.118446291366221645e+00
2.128480599636951021e-01 1.501460201357067703e-01 -1.219629850708115804e+00
2.138821136186860039e-01 1.133615071514228606e-01 -1.297758627608728954e+00
2.149161672736769058e-01 7.490349616338953798e-02 -1.352368200840536216e+00
2.159459665261461991e-01 3.563614371326065400e-02 -1.382651474380492518e+00
2.169742753085213971e-01 -3.845280236147945348e-03 -1.388806377479168797e+00
2.180025840908965951e-01 -4.292106486903133483e-02 -1.371219012127171899e+00
2.190272457378873994e-01 -8.080772629252065686e-02 -1.330724680444299590e+00
2.200519073848782037e-01 -1.170331041681017953e-01 -1.268334776151866627e+00
2.210737515503453099e-01 -1.509385365297969961e-01 -1.185672140541114583e+00
2.220955957158123883e-01 -1.821115525544254043e-01 -1.084256458400997269e+00
2.231133728053782961e-01 -2.099900791488291951e-01 -9.665044668026235852e-01
2.241311498949442038e-01 -2.343121576615695978e-01 -8.341637154614633953e-01
2.251456680358785989e-01 -2.546922357490759570e-01 -6.899786323216792194e-01
2.261601861768129940e-01 -2.709566713088239487e-01 -5.359251490113015048e-01
2.271708474868849026e-01 -2.828835695557286867e-01 -3.754113177454909689e-01
2.281814321068081908e-01 -2.904320338020831005e-01 -2.104293891297228658e-01
2.291920167267315067e-01 -2.935576403014569236e-01 -4.322750769154373729e-02
2.301989120822834911e-01 -2.922910748802593495e-01 1.230256632715759357e-01
2.312058074378355865e-01 -2.867345025511836565e-01 2.864568020089936495e-01
2.322098544924325048e-01 -2.770649335767422228e-01 4.442734142501121308e-01
2.332139015470293120e-01 -2.634717439047328802e-01 5.947307089441314920e-01
2.342152100895429911e-01 -2.462573723410895754e-01 7.354064315253879824e-01
2.352165186320565871e-01 -2.256847758482014576e-01 8.648600726777394554e-01
2.362151954922880881e-01 -2.021546763980480999e-01 9.811408779620746090e-01
2.372138723525195059e-01 -1.759842623225885694e-01 1.083165275958168694e+00
2.382100212913642878e-01 -1.476428756217937899e-01 1.169524046536590589e+00
2.392061702302090975e-01 -1.174815021981951979e-01 1.239523729068557456e+00
2.401998924915476896e-01 -8.600763680101727870e-02 1.292332033924633361e+00
2.411936147528863927e-01 -5.358567623613370162e-02 1.327653115133210049e+00
2.421839272173959001e-01 -2.076830072653275405e-02 1.345172101211096649e+00
2.431741826801301909e-01 1.211950745875363389e-02 1.345063859881632462e+00
2.441644381428645094e-01 4.465546752591847274e-02 1.327564659798089242e+00
2.451525072457547971e-01 7.635975809880714282e-02 1.293196707310071636e+00
2.461405763486450016e-01 1.069140569093544740e-01 1.242577664730209364e+00
2.476169690387302891e-01 1.495807407694977609e-01 1.138738574236758172e+00
2.490986197616346931e-01 1.878906378475961592e-01 1.003650086451159940e+00
2.500816239077278125e-01 2.103653077651953252e-01 8.988370203460078756e-01
2.510646280538209041e-01 2.301772871252534269e-01 7.835896010460030592e-01
2.520461819638492029e-01 2.471004262197666890e-01 6.597154881409493798e-01
2.530263942354005202e-01 2.609858780453116478e-01 5.288258449086058466e-01
2.540066065069517820e-01 2.717335545328586344e-01 3.922665341008564344e-01
2.549850575566918187e-01 2.792453551320237537e-01 2.519523269309599800e-01
2.559635086064319109e-01 2.834950502208764544e-01 1.093111311137876379e-01
2.569380179873769765e-01 2.844762354264222526e-01 -3.332420119516420198e-02
2.579152191512413816e-01 2.822314314743206709e-01 -1.752501984526618761e-01
2.588903710736741859e-01 2.768332522657853123e-01 -3.142604033818332532e-01
2.598655229961069901e-01 2.683773729884149639e-01 -4.492181864188077300e-01
2.613230664276363080e-01 2.503463266933703690e-01 -6.399759659629116193e-01
2.627870461853180073e-01 2.262255442756816726e-01 -8.146297526916314036e-01
2.642403887882019964e-01 1.969994571016898399e-01 -9.673372376523173832e-01
2.657003925946191947e-01 1.631310776067131652e-01 -1.096685407056487760e+00
2.666698680509819730e-01 1.385438264010372678e-01 -1.167990834624968555e+00
2.676393435073449178e-01 1.126172096320910698e-01 -1.226859258366974403e+00
2.686075749083224884e-01 8.566781631165387711e-02 -1.272765641850905904e+00
2.695758063093001144e-01 5.794938127463953453e-02 -1.305460256391714147e+00
2.705412474514743981e-01 2.983241143316369900e-02 -1.324705194286427856e+00
2.715098617210188192e-01 1.431491458592063859e-03 -1.330562962111834668e+00
2.724758040936595127e-01 -2.679840333537064634e-02 -1.323077081031671653e+00
2.734417464663002062e-01 -5.465785492324726214e-02 -1.302491943858590462e+00
2.744049664315437731e-01 -8.180236044788824490e-02 -1.269257688100285053e+00
2.753714841122708035e-01 -1.081429169881002184e-01 -1.223616275501052453e+00
2.768122224042693924e-01 -1.451779826292165232e-01 -1.134091172727956121e+00
2.782605428606568232e-01 -1.791019102966120990e-01 -1.020172333298955847e+00
2.792230898017574736e-01 -1.995032276378936875e-01 -9.324408571457418748e-01
2.801856367428581240e-01 -2.179674056719639874e-01 -8.362284510417385963e-01
2.811473565508991190e-01 -2.343294209297075437e-01 -7.326072164169319390e-01
2.821090763589401140e-01 -2.484761926221756290e-01 -6.225293354257882550e-01
2.830682204929131918e-01 -2.602720216697561595e-01 -5.073914928959419868e-01
2.840309311037308992e-01 -2.697044825810698820e-01 -3.875584355570219630e-01
2.854679267090184935e-01 -2.791618756210685337e-01 -2.033548375829720145e-01
2.869131169026136741e-01 -2.830233867698314643e-01 -1.485911529375453198e-02
2.878724078661420993e-01 -2.824567180228184093e-01 1.103038573525828431e-01
2.888316988296705801e-01 -2.794184645622266316e-01 2.341267233152035387e-01
2.897885131602004893e-01 -2.739759345573039018e-01 3.552248799337611729e-01
2.907490868313554744e-01 -2.661592426559816760e-01 4.733480892896185788e-01
2.921808661995458078e-01 -2.503440839209605806e-01 6.407610848515733482e-01
2.936212407457569062e-01 -2.297361304493755196e-01 7.962151038373235235e-01
2.945767800163460737e-01 -2.136709206400705385e-01 8.908794017909601459e-01
2.955362094878383750e-01 -1.958017186616890781e-01 9.782054204474094350e-01
2.964933245974175069e-01 -1.764028230747368975e-01 1.056971879455666841e+00
2.974504397069965833e-01 -1.556061913171003785e-01 1.126844269701138490e+00
2.988819926201308208e-01 -1.223159655798918000e-01 1.213668403329140943e+00
3.003225649590904878e-01 -8.671597124210463081e-02 1.278649760395047297e+00
3.012768521985618730e-01 -6.227710472141411574e-02 1.308919776238941068e+00
3.022352021590857252e-01 -3.729481020332913593e-02 1.328873350209091031e+00
3.031913095476029274e-01 -1.213048384571016776e-02 1.338304172108693901e+00
3.041474169361201851e-01 1.307706617524645280e-02 1.337307387294306871e+00
3.051033301085280258e-01 3.812896341960719804e-02 1.326000397665089814e+00
3.060592432809358110e-01 6.284097180879913425e-02 1.304576901484959528e+00
3.077228753413188134e-01 1.044428211819302121e-01 1.244122460782018047e+00
3.093993823933313125e-01 1.438458644652837182e-01 1.155078046812284542e+00
3.110674284137491807e-01 1.797027608712031543e-01 1.040967375095074976e+00
3.127486617597647900e-01 2.117139749175057095e-01 9.032514628064848283e-01
3.146597057555134969e-01 2.422452256650342584e-01 7.235595812509852953e-01
3.165707857154991811e-01 2.658612149859217455e-01 5.245327487930190324e-01
3.184822492123998150e-01 2.820342974576693917e-01 3.120518775100949438e-01
3.203937127093003934e-01 2.904493401344163117e-01 9.220596389157999229e-02
3.223053245029371960e-01 2.910161890998317902e-01 -1.288617606588701725e-01
3.237393876847550755e-01 2.863521191683300327e-01 -2.920758770546476590e-01
3.251734508665731216e-01 2.774536831201745435e-01 -4.502719567967909398e-01
3.270859409516935212e-01 2.593416071275135293e-01 -6.493755766441550170e-01
3.289988837648503139e-01 2.346266633913937916e-01 -8.307757461421324541e-01
3.309123358818485960e-01 2.040368896610572080e-01 -9.902707913855514077e-01
3.318692480034560743e-01 1.867760333118961558e-01 -1.060757919439677011e+00
3.337835702002405203e-01 1.489980478402437580e-01 -1.180956710916052144e+00
3.356990749884776748e-01 1.076338791118151977e-01 -1.271884162904717730e+00
3.376145797767149959e-01 6.375041905554820754e-02 -1.331893813172506658e+00
3.395310173018977751e-01 1.839667040667147813e-02 -1.360202940709494213e+00
3.414482662821387016e-01 -2.735347307456385824e-02 -1.356773556713718021e+00
3.428870733729471043e-01 -6.133069983561808408e-02 -1.333733796665537374e+00
3.443258804637556181e-01 -9.450185887496138915e-02 -1.293758451410669252e+00
3.457657352099121062e-01 -1.264832182969183039e-01 -1.237573583376770037e+00
3.472055899560684833e-01 -1.568680458027731373e-01 -1.166161238147876977e+00
3.491265623556059072e-01 -1.942823137343952511e-01 -1.049260655573914125e+00
3.510485786226508753e-01 -2.275060682935030332e-01 -9.103000776034056996e-01
3.524911716782869742e-01 -2.493077171041278295e-01 -7.934949306183429751e-01
3.539337647339230730e-01 -2.681492294004416688e-01 -6.677455102689144883e-01
3.553776513800582793e-01 -2.838595500922687087e-01 -5.345506053510655775e-01
3.568215380261933745e-01 -2.962774148311609901e-01 -3.956861256987734832e-01
3.587489468669590731e-01 -3.075421812317958303e-01 -2.045458796833212745e-01
3.606763557077248272e-01 -3.126440082415279376e-01 -1.029655240069714955e-02
3.626063224667718243e-01 -3.115748780511107263e-01 1.834080669915697515e-01
3.645362892258188769e-01 -3.044422213016815260e-01 3.725485940409627439e-01
3.664689469915051179e-01 -2.914551714772681268e-01 5.538353458047803324e-01
3.684016047571914143e-01 -2.729550655968953632e-01 7.237391483496867783e-01
3.703370865072648788e-01 -2.493319700861553467e-01 8.795481912072791175e-01
3.722725682573382877e-01 -2.211190479325244596e-01 1.018442941655572032e+00
3.742110041386200181e-01 -1.888418070544611027e-01 1.138433039721503892e+00
3.761494400199016930e-01 -1.531735035614429641e-01 1.237554167494488322e+00
3.780909480870727757e-01 -1.147251970963097806e-01 1.314608324330033495e+00
3.800324561542439139e-01 -7.425356129302308761e-02 1.368555315467741451e+00
3.819771417800634228e-01 -3.240515476667869821e-02 1.398992905670353615e+00
3.839218274058828761e-01 1.003688404000420246e-02 1.405800545509463761e+00
3.858697944775816846e-01 5.243731533764173225e-02 1.389317774460696597e+00
3.878177615492804930e-01 9.403948639355390327e-02 1.350276098198169850e+00
3.897691117133387229e-01 1.342599917493779715e-01 1.289658021854378056e+00
3.917204618773967861e-01 1.724147247947141748e-01 1.208929832300768892e+00
3.941647014547489114e-01 2.164076734419585757e-01 1.082146403185943129e+00
3.966089410321009256e-01 2.553225447214932942e-01 9.303102730835137724e-01
3.985682178739590187e-01 2.823176063431243055e-01 7.932461684620909503e-01
4.005274947158171117e-01 3.051780507677730458e-01 6.450958117370643174e-01
4.024904064316531249e-01 3.236633083481988415e-01 4.879618663326855676e-01
4.044533181474890271e-01 3.375274864442546763e-01 3.245601943750206497e-01
4.064199206371885142e-01 3.466553583654496395e-01 1.570265960599307731e-01
4.083865231268878904e-01 3.509589017789510046e-01 -1.190936762089134238e-02
4.103568695697539792e-01 3.504433328970824602e-01 -1.802072176146966298e-01
4.123272160126201236e-01 3.451722169021916309e-01 -3.452779407993059047e-01
4.143013596746851213e-01 3.352599084792945994e-01 -5.052824920332068537e-01
4.162755033367501190e-01 3.209075980895330638e-01 -6.579009194038519803e-01
4.182534987903078205e-01 3.023226035507815546e-01 -8.015776005774911672e-01
4.202314942438655776e-01 2.798238196633321406e-01 -9.343620562544860952e-01
4.227096292711439163e-01 2.466472747924655651e-01 -1.083077760922271482e+00
4.251877642984221994e-01 2.085965383047365396e-01 -1.210101220905188457e+00
4.271745802569402173e-01 1.750883055222937357e-01 -1.295061535641314210e+00
4.291613962154581796e-01 1.393894858257714031e-01 -1.364173417291647095e+00
4.311521647704175120e-01 1.018707741297980029e-01 -1.417045754894464604e+00
4.331429333253766778e-01 6.305686951664392359e-02 -1.453256853466948773e+00
4.351376674815624068e-01 2.332525079679622151e-02 -1.472765776074524302e+00
4.371324016377479138e-01 -1.679292239409160836e-02 -1.475617622341180768e+00
4.391311183782494187e-01 -5.693148653992290836e-02 -1.462088597717025262e+00
4.411298351187508127e-01 -9.657667210657049084e-02 -1.432650324636855377e+00
4.431325454458727164e-01 -1.353889487409333514e-01 -1.387850890267909865e+00
4.451352557729946757e-01 -1.728929171493708283e-01 -1.328532851516112556e+00
4.481444270479484904e-01 -2.259185487272248050e-01 -1.214306770999420637e+00
4.506573177191960933e-01 -2.665107558062219661e-01 -1.097981451027863820e+00
4.531702083904435852e-01 -3.031042357993178338e-01 -9.651014944855696998e-01
4.551848815569788931e-01 -3.292352973969788765e-01 -8.482230416256041350e-01
4.571995547235140900e-01 -3.522643224459306999e-01 -7.236139729335805404e-01
4.592181900033455166e-01 -3.720501473436573225e-01 -5.923661850152724950e-01
4.612368252831767768e-01 -3.884033133989933106e-01 -4.560913474960924252e-01
4.632593922887823235e-01 -4.012402988795896186e-01 -3.158865819768346683e-01
4.652819592943879257e-01 -4.104562231807071249e-01 -1.733758770061562260e-01
4.673084188243976089e-01 -4.160233546153512263e-01 -2.961796144146906784e-02
4.693348783544071812e-01 -4.179192556458322660e-01 1.138137028061501771e-01
4.713651924405172222e-01 -4.161681878976359328e-01 2.559364589577337590e-01
4.733955065266273188e-01 -4.108250275534113816e-01 3.952810102666272640e-01
4.759389023477624270e-01 -3.992063515069108059e-01 5.641322500166962017e-01
4.784822981688974797e-01 -3.823364118289714342e-01 7.248131132990268677e-01
4.805211256895989269e-01 -3.652145222828375726e-01 8.465120908257779409e-01
4.825599532103003741e-01 -3.450813097479240588e-01 9.609155723231372903e-01
4.846024622203434773e-01 -3.220884346879578364e-01 1.067449134207386185e+00
4.866449712303865804e-01 -2.964825113302903548e-01 1.165231524410914377e+00
4.886910831097662222e-01 -2.684391723133316421e-01 1.253836373338173882e+00
4.907371949891458085e-01 -2.382409779710619735e-01 1.332602717702231709e+00
4.927868267637741106e-01 -2.060800835798092534e-01 1.401253399901959629e+00
4.948364585384024128e-01 -1.722634923429391673e-01 1.459350412758740223e+00
4.989425778493357111e-01 -1.007108593242278388e-01 1.543125408273477772e+00
5.020264094695874313e-01 -4.452471299717632863e-02 1.577443503828640070e+00
5.051138832495274400e-01 1.280044201902582300e-02 1.587374206315819825e+00
5.092361856145506405e-01 8.943825349430517546e-02 1.563667185279034699e+00
5.133645520198434342e-01 1.645955106960529934e-01 1.499843535276524920e+00
5.174987117319133079e-01 2.364451059182221260e-01 1.399010728797822178e+00
5.216383508218596088e-01 3.033346780101791595e-01 1.265028338783824369e+00
5.257831480915519107e-01 3.638161073125210088e-01 1.102331525131168277e+00
5.299327976174466048e-01 4.166658422962682407e-01 9.157574748427341760e-01
5.340869657500283418e-01 4.608962264704816181e-01 7.103831572735159749e-01
5.382452599924625325e-01 4.957599839016036403e-01 4.913755253491859376e-01
5.424072497157466088e-01 5.207486191891969041e-01 2.638543630214788549e-01
5.465725012540574301e-01 5.355847361129513207e-01 3.277185356593562138e-02
5.507405845750824591e-01 5.402090924186069287e-01 -1.971878559975397960e-01
5.549110536012068495e-01 5.347638338833974325e-01 -4.216895385346873804e-01
5.590834321773656690e-01 5.195727665671222573e-01 -6.368152127690549502e-01
5.643010869630014081e-01 4.876401686550000947e-01 -8.871194391245553756e-01
5.684758978830769527e-01 4.525057239804178288e-01 -1.069243664935760618e+00
5.726509199913500936e-01 4.096634989661265269e-01 -1.232562376106134838e+00
5.768255755389478656e-01 3.599567326415618607e-01 -1.375235763256002608e+00
5.809992666418749563e-01 3.042897922446958225e-01 -1.495944862277913900e+00
5.851713896051653485e-01 2.436063130588471959e-01 -1.593816939411002220e+00
5.882989619740793819e-01 1.953602899606655119e-01 -1.652005473758527465e+00
5.935085681122563850e-01 1.110660693313136049e-01 -1.719786680031375692e+00
5.976721595114997676e-01 4.109858834521028237e-02 -1.748271163086181135e+00
6.018315407075064405e-01 -3.009237723308876705e-02 -1.754551673564342051e+00
6.059860031390628121e-01 -1.016310593797358774e-01 -1.739603372056570674e+00
6.101348262532020339e-01 -1.726945212105547300e-01 -1.704640622069739653e+00
6.142772761532119263e-01 -2.425208754137302691e-01 -1.651075243410316862e+00
6.184126036405177551e-01 -3.104155881425963437e-01 -1.580476124154152284e+00
6.225400396928169044e-01 -3.757560021830939623e-01 -1.494531232181022240e+00
6.266587955232777452e-01 -4.379943362602039536e-01 -1.395011978305456646e+00
6.307680621340325811e-01 -4.966591969703049170e-01 -1.283740236457958872e+00
6.348670077734064332e-01 -5.513557451636010853e-01 -1.162558627046032189e+00
6.389547727646552877e-01 -6.017647226275485428e-01 -1.033304794831363838e+00
6.430304670771704867e-01 -6.476405950551208379e-01 -8.977896543059171730e-01
6.470931794239351831e-01 -6.888090074779640304e-01 -7.577785008458427507e-01
6.511419830734889169e-01 -7.251634523485172013e-01 -6.149730509206471352e-01
6.551759295578980513e-01 -7.566612035241001566e-01 -4.709941448649317408e-01
6.591940368817645890e-01 -7.833187540204630261e-01 -3.273682729364515986e-01
6.631952816224888636e-01 -8.052069866832105571e-01 -1.855191253053124212e-01
6.671786041264677891e-01 -8.224462238134461201e-01 -4.676254525346414809e-02
6.711429148974273895e-01 -8.352011664010804415e-01 8.769605226674428988e-02
6.750870927600961524e-01 -8.436758333926517306e-01 2.167625273740878822e-01
6.790099725167971778e-01 -8.481086327426551330e-01 3.394527483585811356e-01
6.829103352717456055e-01 -8.487676615953185788e-01 4.548888153775900722e-01
6.867869018151261384e-01 -8.459462882754417157e-01 5.622917666963391792e-01
6.906383285912754966e-01 -8.399591613325887440e-01 6.609669538659311838e-01
6.944632064204609989e-01 -8.311388492019931018e-01 7.502833798357484429e-01
6.982600501045075347e-01 -8.198330326836947846e-01 8.296537513136369446e-01
7.020272815871985150e-01 -8.064037280586844325e-01 8.985058481078344039e-01
7.038990663650485091e-01 -7.990029472642734554e-01 9.288024759661179797e-01
7.057628000939073498e-01 -7.912117003652758829e-01 9.562591215370793707e-01
7.094655902404470860e-01 -7.746676304707201810e-01 1.002370623933809934e+00
7.131331888985167344e-01 -7.571547967085980879e-01 1.036115118714276973e+00
7.167633315432266894e-01 -7.390886820197920537e-01 1.056680641246223296e+00
7.203534697890988658e-01 -7.209101081818187762e-01 1.062426632505011570e+00
7.239006927315578821e-01 -7.030322858672153341e-01 1.056129219731341218e+00
7.274037472512754343e-01 -6.856605412373251163e-01 1.047699130423485281e+00
7.308631569784361792e-01 -6.688074514915505198e-01 1.039534353556847535e+00
7.342794427454362172e-01 -6.524514867970896415e-01 1.031624110111417414e+00
7.376531370894844342e-01 -6.365726542567731183e-01 1.023958101891696781e+00
7.409847640846142225e-01 -6.211519541719514592e-01 1.016526552246552972e+00
7.442748211369105693e-01 -6.061715195246031307e-01 1.009320213983868619e+00
7.475237974064263824e-01 -5.916144036972807996e-01 1.002330296878849225e+00
7.507321962838469087e-01 -5.774643248726405442e-01 9.955483937492398683e-01
7.539005302043194634e-01 -5.637056665925046506e-01 9.889664707928491616e-01
7.570292970629285412e-01 -5.503236326047754590e-01 9.825768956228480011e-01
7.601189748256973466e-01 -5.373042520186183113e-01 9.763724244320021173e-01
7.631700307096180858e-01 -5.246342580852295656e-01 9.703461611906526452e-01
7.661829280312825174e-01 -5.123009975150739637e-01 9.644915250067248591e-01
7.691581275626218073e-01 -5.002923892915466242e-01 9.588022305401544543e-01
7.720960887207071188e-01 -4.885968742616880189e-01 9.532722699505716824e-01
7.749972707982543119e-01 -4.772033636788746702e-01 9.478958959613179580e-01
7.778621289318303766e-01 -4.661012520423157834e-01 9.426676154783731887e-01
7.806911033824630586e-01 -4.552804877883557810e-01 9.375821954887184617e-01
7.834846171445913887e-01 -4.447315661418379529e-01 9.326346531712992327e-01
7.862430869060449412e-01 -4.344454044270242843e-01 9.278202233923528164e-01
7.889669369237084506e-01 -4.244132160342120597e-01 9.231343237191141915e-01
7.916565982021911418e-01 -4.146265098337932331e-01 9.185725472089256716e-01
7.943124974778934533e-01 -4.050771598559907427e-01 9.141306724012145946e-01
7.969350495080719243e-01 -3.957574315933125586e-01 9.098046666830374996e-01
7.995246585495641156e-01 -3.866599416937501199e-01 9.055906741727633991e-01
8.020817215573190495e-01 -3.777776126451388716e-01 9.014850018126666642e-01
8.046066294762304061e-01 -3.691036523280509241e-01 8.974841093135011993e-01
8.070997653306969388e-01 -3.606315514019260426e-01 8.935846049497118138e-01
8.095615092888481801e-01 -3.523550502177407173e-01 8.897832304984065743e-01
8.119922431475441460e-01 -3.442681074637791161e-01 8.860768482482013209e-01
8.143923505053758394e-01 -3.363648970929983273e-01 8.824624350867739109e-01
8.167622071215497881e-01 -3.286398454833306393e-01 8.789370917612457923e-01
8.191021778306492029e-01 -3.210876328166715199e-01 8.754980414337499850e-01
8.214126187949533087e-01 -3.137031573672736107e-01 8.721426207536651098e-01
8.236938850346046115e-01 -3.064814800586723176e-01 8.688682637899484140e-01
8.259463322523640239e-01 -2.994178066820007977e-01 8.656724952796613914e-01
8.281703138888254490e-01 -2.925075156909275886e-01 8.625529307072539176e-01
8.303661724506571362e-01 -2.857462153378604319e-01 8.595072843525952688e-01
8.325342380230222883e-01 -2.791297464798638828e-01 8.565333667312654553e-01
8.346748353855768521e-01 -2.726541121697048653e-01 8.536290706682692075e-01
8.367882947421915185e-01 -2.663153954773035403e-01 8.507923532648323794e-01
8.388749484008726220e-01 -2.601097717105491647e-01 8.480212378623604996e-01
8.409351219691613144e-01 -2.540335713460660783e-01 8.453138228502508067e-01
8.429691303017050608e-01 -2.480833048395122420e-01 8.426682837173430363e-01
8.449772835243484215e-01 -2.422556185431705422e-01 8.400828618709308415e-01
8.469598912257328971e-01 -2.365472583344453150e-01 8.375558565879376305e-01
8.489172622932020795e-01 -2.309550723101786995e-01 8.350856229306896639e-01
8.508497044538249066e-01 -2.254760190855848723e-01 8.326705700477519123e-01
8.527575229688695302e-01 -2.201071643121480237e-01 8.303091605595697144e-01
8.546410160783932675e-01 -2.148456835033657475e-01 8.279999139744141923e-01
8.565004710086118189e-01 -2.096888727479467585e-01 8.257414092449345544e-01
8.583361673787008872e-01 -2.046341336897448127e-01 8.235322782930629693e-01
8.601483873498577681e-01 -1.996789264891916937e-01 8.213711917774926263e-01
8.619374190156378068e-01 -1.948207469192426988e-01 8.192568536980380234e-01
8.637035513945729992e-01 -1.900571506277246858e-01 8.171880060150005232e-01
8.654470650665438969e-01 -1.853857996945270648e-01 8.151634381144567953e-01
8.671682312272307458e-01 -1.808044672186003565e-01 8.131819859596922662e-01
8.688673159218502917e-01 -1.763110053119320841e-01 8.112425254783696138e-01
8.705445856873960109e-01 -1.719033110340418280e-01 8.093439646512873287e-01
8.722003068198478370e-01 -1.675793307553251899e-01 8.074852432080316111e-01
8.738347418094588592e-01 -1.633370832471445488e-01 8.056653354122578214e-01
8.754481467852704979e-01 -1.591746684254156108e-01 8.038832516058689315e-01
8.770407741766889087e-01 -1.550902453698877748e-01 8.021380339465070675e-01
8.786128771136945126e-01 -1.510820051575821332e-01 8.004287504953678800e-01
8.801647113007132761e-01 -1.471481651327298801e-01 7.987544922917962920e-01
8.816965317742312402e-01 -1.432869884825445361e-01 7.971143760299529424e-01
8.832085878593547434e-01 -1.394968078675989653e-01 7.955075484667392116e-01
8.847011190561783200e-01 -1.357760365673531533e-01 7.939331896838772717e-01
8.861743569071006688e-01 -1.321231546611748853e-01 7.923905099106306471e-01
8.876285293506940288e-01 -1.285366840815951595e-01 7.908787439948161690e-01
8.890638676536581908e-01 -1.250151597437374196e-01 7.893971433868144372e-01
8.904806072870743439e-01 -1.215571241777783501e-01 7.879449747526754422e-01
8.918789864151801527e-01 -1.181611362754331901e-01 7.865215209758378290e-01
8.932592404372767803e-01 -1.148257941590745262e-01 7.851260861513128519e-01
8.946215989640163846e-01 -1.115497506111988307e-01 7.837579978627374766e-01
8.959662842038009778e-01 -1.083317207272630062e-01 7.824166079920336081e-01
8.972935117732897536e-01 -1.051704778171164145e-01 7.811012910876784510e-01
8.986034927209798351e-01 -1.020648411853762316e-01 7.798114416124969361e-01
8.998964354025826839e-01 -9.901366138323657029e-02 7.785464714815356624e-01
9.011725489915097809e-01 -9.601580171067680691e-02 7.773058060846249617e-01
9.024320447860507688e-01 -9.307013096195845825e-02 7.760888826203715674e-01
9.036751353555274591e-01 -9.017553112095058609e-02 7.748951505208633295e-01
9.049020296532450658e-01 -8.733092090959075626e-02 7.737240757299067573e-01
9.061129304280890473e-01 -8.453526765603425197e-02 7.725751426167939417e-01
9.073080357373773941e-01 -8.178757757554283581e-02 7.714478519619185626e-01
9.084875419218813031e-01 -7.908687909304668029e-02 7.703417176598691407e-01
9.096516449412487271e-01 -7.643221574453266942e-02 7.692562650756807896e-01
9.108005396977110202e-01 -7.382265016661408719e-02 7.681910313226452125e-01
9.119344190251117421e-01 -7.125726984486523141e-02 7.671455658261372434e-01
9.130534727752540602e-01 -6.873519031390214196e-02 7.661194307811659554e-01
9.141578874195450677e-01 -6.625555507173901126e-02 7.651122011241165977e-01
9.152478462184302499e-01 -6.381753488964679588e-02 7.641234640030427627e-01
9.163235307136011754e-01 -6.142031642257296531e-02 7.631528170647865483e-01
9.173851213290326045e-01 -5.906310554066536433e-02 7.621998676149427387e-01
9.184327978233862710e-01 -5.674511955874519259e-02 7.612642319200704222e-01
9.194667382392092136e-01 -5.446559278171850260e-02 7.603455358849928736e-01
9.204871184823875119e-01 -5.222377836391381423e-02 7.594434151373256059e-01
9.214941118815067611e-01 -5.001895037249370207e-02 7.585575151314727371e-01
9.224878885587296518e-01 -4.785040593164820166e-02 7.576874914187242682e-01
9.234686156415649050e-01 -4.571746383231409250e-02 7.568330091744192023e-01
9.244364580894727235e-01 -4.361945896089615415e-02 7.559937422198296231e-01
9.253915805410551920e-01 -4.155573330910004859e-02 7.551693711844006396e-01
9.263341472457474746e-01 -3.952563514797803601e-02 7.543595833766173486e-01
9.272643205556930779e-01 -3.752852703264153433e-02 7.535640738813886852e-01
9.281822593195951931e-01 -3.556379523375104157e-02 7.527825467115052405e-01
9.290881192404382150e-01 -3.363084969253933576e-02 7.520147142594155731e-01
9.299820544127295197e-01 -3.172911539047268414e-02 7.512602957752733124e-01
9.308642183379219892e-01 -2.985802355763423482e-02 7.505190163310224705e-01
9.317347637709364472e-01 -2.801700921476897935e-02 7.497906067927043727e-01
9.325938419655581679e-01 -2.620551468578669399e-02 7.490748042956972830e-01
9.334416025644689530e-01 -2.442299257015939640e-02 7.483713521704389304e-01
9.342781940582032263e-01 -2.266890570392864068e-02 7.476799993997581550e-01
9.351037639763524201e-01 -2.094272596003807566e-02 7.470005003129426280e-01
9.359184581932523672e-01 -1.924393802621940375e-02 7.463326150030479278e-01
9.367224180073485673e-01 -1.757205211523740762e-02 7.456761115641658000e-01
9.375157793601903711e-01 -1.592660994258938978e-02 7.450307665174620286e-01
9.382986736089657942e-01 -1.430717921336140640e-02 7.443963639936320709e-01
9.390712321160756826e-01 -1.271333200029674607e-02 7.437726918460034753e-01
9.398335891165293665e-01 -1.114462924725622903e-02 7.431595392552852175e-01
9.405858812974943195e-01 -9.600621112181439640e-03 7.425566970224384278e-01
9.413282457717848661e-01 -8.080855189080971002e-03 7.419639591277352730e-01
9.420608178502133390e-01 -6.584884072945888962e-03 7.413811244211157003e-01
9.427837310928691705e-01 -5.112266295077741614e-03 7.408079964578642151e-01
9.434971161334501089e-01 -3.662574027571096052e-03 7.402443843117427758e-01
9.442010983676487612e-01 -2.235405650095792507e-03 7.396901042678359905e-01
9.448957981803430828e-01 -8.303869441820721682e-04 7.391449794780936555e-01
9.455813325674083947e-01 5.528422753579989926e-04 7.386088385540849899e-01
9.462578189837917986e-01 1.914652366409884832e-03 7.380815124489569223e-01
9.469253759203707377e-01 3.255432908541930868e-03 7.375628339637237962e-01
9.475841219105402002e-01 4.575582637307720399e-03 7.370526384693213418e-01
9.482341736882211602e-01 5.875486272201030022e-03 7.365507652645629788e-01
9.488756453742962504e-01 7.155499624464315388e-03 7.360570581044721949e-01
9.495086488587556328e-01 8.415950001371347647e-03 7.355713648001700466e-01
9.501332951313513631e-01 9.657140067746631043e-03 7.350935361051974537e-01
9.507496960826257171e-01 1.087935055388315579e-02 7.346234242632745381e-01
9.513579651353069044e-01 1.208284291280318709e-02 7.341608824743346418e-01
9.519582165945869034e-01 1.326787244111507155e-02 7.337057653351690689e-01
9.525505625735545268e-01 1.443470389581539073e-02 7.332579311236568920e-01
9.531351118401709677e-01 1.558361689539158879e-02 7.328172425978858318e-01
9.537119697698679399e-01 1.671490136687012185e-02 7.323835669645242241e-01
9.542812403202287630e-01 1.782885612274726084e-02 7.319567743254646874e-01
9.548430270251752061e-01 1.892578918612252206e-02 7.315367368848276763e-01
9.553974327455952986e-01 2.000601384207559286e-02 7.311233290928462747e-01
9.559445589026865919e-01 2.106983360003597885e-02 7.307164281674454198e-01
9.564845050053580877e-01 2.211752838038953672e-02 7.303159143835812328e-01
9.570173690229182295e-01 2.314935463281578634e-02 7.299216707295761442e-01
9.575432481385535155e-01 2.416555607811846432e-02 7.295335822884175814e-01
9.580622389120657667e-01 2.516637413158438058e-02 7.291515360706928295e-01
9.585744372418232295e-01 2.615205093317435683e-02 7.287754210012936662e-01
9.590799381259947909e-01 2.712282683057993041e-02 7.284051280547325646e-01
9.595788354479902749e-01 2.807893716579925800e-02 7.280405503699582948e-01
9.600712216912781205e-01 2.902060985825104938e-02 7.276815834146965756e-01
9.605571877573033657e-01 2.994806493450202778e-02 7.273281250731105096e-01
9.610368233668841187e-01 3.086151674683381210e-02 7.269800753088063727e-01
9.615102176430252445e-01 3.176117677965915181e-02 7.266373357035872393e-01
9.619774592602109431e-01 3.264725460885438413e-02 7.262998093167303271e-01
9.624386363595022198e-01 3.351995789390555675e-02 7.259674007146663666e-01
9.628938363592510763e-01 3.437949216672379904e-02 7.256400160769149732e-01
9.633431459530198415e-01 3.522606078111800015e-02 7.253175631650529143e-01
9.637866510388649610e-01 3.605986349797087043e-02 7.249999513417832997e-01
9.642244362725824747e-01 3.688109373290811982e-02 7.246870918600593070e-01
9.646565852206075986e-01 3.768993912400919050e-02 7.243788977191460976e-01
9.650831808361504116e-01 3.848658449675796539e-02 7.240752832935843930e-01
9.655043054562382210e-01 3.927121274449332788e-02 7.237761643089496433e-01
9.659200402356747928e-01 4.004400261641376940e-02 7.234814582158883844e-01
9.663304647237355161e-01 4.080512636824356471e-02 7.231910844590895282e-01
9.667356570265409621e-01 4.155475065819834446e-02 7.229049643317702056e-01
9.671356950751521797e-01 4.229304118897142528e-02 7.226230200522422153e-01
9.675306568648514016e-01 4.302016414518188697e-02 7.223451745786432232e-01
9.679206204413721704e-01 4.373628615310033024e-02 7.220713515986272313e-01
9.683056632759791116e-01 4.444157357790236296e-02 7.218014759508625255e-01
9.686858619411236049e-01 4.513619244534574498e-02 7.215354738285697511e-01
9.690612920205190495e-01 4.582030792399198471e-02 7.212732728204517274e-01
9.694320280361357067e-01 4.649408246960079483e-02 7.210148019405582254e-01
9.697981436541373013e-01 4.715767486127394464e-02 7.207599914624260862e-01
9.701597119736792285e-01 4.781124148572673399e-02 7.205087726991198371e-01
9.705168057640763957e-01 4.845493814849154840e-02 7.202610778185366547e-01
9.708694969864466451e-01 4.908891930887409466e-02 7.200168401573550092e-01
9.712178563702503764e-01 4.971333603469615253e-02 7.197759944938090237e-01
9.715619532024425409e-01 5.032833507845187876e-02 7.195384771722725947e-01
9.719018559824413872e-01 5.093406270754556597e-02 7.193042256314099436e-01
9.722376334334535963e-01 5.153066980458453211e-02 7.190731776921772678e-01
9.725693544860373185e-01 5.211831222971673866e-02 7.188452715599772391e-01
9.728970879945362249e-01 5.269714879541379654e-02 7.186204460085784396e-01
9.732209017546173957e-01 5.326733818804757492e-02 7.183986410400002853e-01
9.735408623544371531e-01 5.382903885284498480e-02 7.181797979682346122e-01
9.738570353791702328e-01 5.438241000311839352e-02 7.179638592617763049e-01
9.741694855365269357e-01 5.492761083232136632e-02 7.177507684442380187e-01
9.744782765863391205e-01 5.546479854321176295e-02 7.175404701293986998e-01
9.747834712405878399e-01 5.599412734414928317e-02 7.173329100713852213e-01
9.750851311684266554e-01 5.651574942219529663e-02 7.171280351458981794e-01
9.753833174776915804e-01 5.702981779346315283e-02 7.169257930126449185e-01
9.756780908428658305e-01 5.753648701604768129e-02 7.167261320122824131e-01
9.759695114299516971e-01 5.803591253262295468e-02 7.165290012080396398e-01
9.762576389021463408e-01 5.852825244023082685e-02 7.163343503712823468e-01
9.765425324979953858e-01 5.901367053635340337e-02 7.161421299142050056e-01
9.768242509432418785e-01 5.949233727944631955e-02 7.159522909423672310e-01
9.771028522833710150e-01 5.996442732521408553e-02 7.157647853575220820e-01
9.773783933517848910e-01 6.043011357480743834e-02 7.155795662046170458e-01
9.776509296593629550e-01 6.088956375557349338e-02 7.153965877376622373e-01
9.779205156231944862e-01 6.134294119856766037e-02 7.152158052528757581e-01
9.781872047434609918e-01 6.179040730889057143e-02 7.150371749489280448e-01
9.784510495060143587e-01 6.223212351026639888e-02 7.148606539872197629e-01
9.787121011965591588e-01 6.266825101104225859e-02 7.146862006042744575e-01
9.789704097928612070e-01 6.309895013901117844e-02 7.145137741663766251e-01
9.792260248675913603e-01 6.352438286925750355e-02 7.143433345585165073e-01
9.794789964416771300e-01 6.394471573404926501e-02 7.141748416162265745e-01
9.797293750085785957e-01 6.436012048425694687e-02 7.140082551017505885e-01
9.799772111141689113e-01 6.477077101948897075e-02 7.138435349784590933e-01
9.802225538059048393e-01 6.517683617457212253e-02 7.136806424373517421e-01
9.804654503645000574e-01 6.557847199511301906e-02 7.135195400578321356e-01
9.807059465012439858e-01 6.597585004170800071e-02 7.133601916697354106e-01
9.809440869290046994e-01 6.636909666540856401e-02 7.132025619575034225e-01
9.811799158740861504e-01 6.675837348602245425e-02 7.130466161123951707e-01
9.814134771051555850e-01 6.714382827631883155e-02 7.128923198074982315e-01
9.816448139740299172e-01 6.752560648205574445e-02 7.127396391624051253e-01
9.818739695684386426e-01 6.790385026105387467e-02 7.125885406422003410e-01
9.821009867550495320e-01 6.827869609411676977e-02 7.124389910263126957e-01
9.823259081899210488e-01 6.865027503663258257e-02 7.122909574010675149e-01
9.825487766341645113e-01 6.901871310953092142e-02 7.121444069343668692e-01
9.827696354372893461e-01 6.938413203373096361e-02 7.119993065577899793e-01
9.829885289087769706e-01 6.974664990060511216e-02 7.118556227277061943e-01
9.832055018255810852e-01 7.010637917289481991e-02 7.117133217386525379e-01
9.834205977716130587e-01 7.046342186495768711e-02 7.115723708006888026e-01
9.836338588957453943e-01 7.081786807701850872e-02 7.114327381750601420e-01
9.838453264273652188e-01 7.116979709833978762e-02 7.112943928404400484e-01
9.840550431756610594e-01 7.151928265313234334e-02 7.111573028698027210e-01
9.842630544299338924e-01 7.186639566938082813e-02 7.110214348396858286e-01
9.844694079699815026e-01 7.221120341429980438e-02 7.108867538176940615e-01
9.846741527711339037e-01 7.255376347199808673e-02 7.107532242213387974e-01
9.848773386240422534e-01 7.289411958315150653e-02 7.106208100600636124e-01
9.850790165882933325e-01 7.323230378457792900e-02 7.104894746254407645e-01
9.852792397559874127e-01 7.356834415383867176e-02 7.103591799891966208e-01
9.854780637322345660e-01 7.390227066993974858e-02 7.102298866802934096e-01
9.856755468082143423e-01 7.423411432906239227e-02 7.101015535688822711e-01
9.858717495053704871e-01 7.456390106994975620e-02 7.099741381673929652e-01
9.860667343401825491e-01 7.489165748788441379e-02 7.098475968058678420e-01
9.862605662335471868e-01 7.521737003640997787e-02 7.097218843388077847e-01
9.864533145194630537e-01 7.554107474125014432e-02 7.095969528475142285e-01
9.866450541503118954e-01 7.586279176379277789e-02 7.094727508900737778e-01
9.867880381885917318e-01 7.610242294137491148e-02 7.093801792089321490e-01
9.869309532600107904e-01 7.634165674331704066e-02 7.092876924909172764e-01
9.871205341790296739e-01 7.665848760570199982e-02 7.091650671051471511e-01
9.872620466585018129e-01 7.689451849932929517e-02 7.090735777214023372e-01
9.874036170961336678e-01 7.713019083145100652e-02 7.089820877617213357e-01
9.875916216718324536e-01 7.744237206052236033e-02 7.088606452543811942e-01
9.877556032248382412e-01 7.771380920957580984e-02 7.087547707171769629e-01
9.878728339090028232e-01 7.790731480799903408e-02 7.086791086128376715e-01
9.880364164951689343e-01 7.817650971187720121e-02 7.085735679188410741e-01
9.881766700670048253e-01 7.840647475423248580e-02 7.084831123524077956e-01
9.882701561032216642e-01 7.855929354393539898e-02 7.084228358743008824e-01
9.884161744165290697e-01 7.879720189691025167e-02 7.083287142579280937e-01
9.885274938018725477e-01 7.897789396856867705e-02 7.082569795355033726e-01
9.886441702430321943e-01 7.916661281582004772e-02 7.081818109016744245e-01
9.887615048409820195e-01 7.935567341485177950e-02 7.081062362920124142e-01
9.888671405303265383e-01 7.952523414933976298e-02 7.080382117076854387e-01
9.889964814527246739e-01 7.973197103022748589e-02 7.079549402416370762e-01
9.891379956535801821e-01 7.995700368088960730e-02 7.078638531316235882e-01
9.892563647329785104e-01 8.014424765614601431e-02 7.077876799156495036e-01
9.893750463211569146e-01 8.033104744013075393e-02 7.077113194554175424e-01
9.894943121748573933e-01 8.051778626593289467e-02 7.076345960092035314e-01
9.896140207055634797e-01 8.070419300777000038e-02 7.075575997267471440e-01
9.897159914823099314e-01 8.086214700862963400e-02 7.074920208679634781e-01
9.898434705941348000e-01 8.105850797209124270e-02 7.074100470602011637e-01
9.899375585064562610e-01 8.120263436870202300e-02 7.073495511589761309e-01
9.900878310668779214e-01 8.143138159381127505e-02 7.072529390835446961e-01
9.901743200970993808e-01 8.156221429176001292e-02 7.071973382856810986e-01
9.902609137873940037e-01 8.169259132738503071e-02 7.071416724811033783e-01
9.903612026626938958e-01 8.184281372893836837e-02 7.070772048873102955e-01
9.904874739384739168e-01 8.203074506529760279e-02 7.069960369524442845e-01
9.905894425236058121e-01 8.218150442406986500e-02 7.069304909492053479e-01
9.907182233334840271e-01 8.237060126025091966e-02 7.068477080357936648e-01
9.907962672147299088e-01 8.248448812806218056e-02 7.067975378402138187e-01
9.909212141403226370e-01 8.266570187011269832e-02 7.067172113633799491e-01
9.910108377596256179e-01 8.279484109147597359e-02 7.066595887774026474e-01
9.911016878566011323e-01 8.292502960710761151e-02 7.066011722988324584e-01
9.912137238991562960e-01 8.308458726889683676e-02 7.065291242700847407e-01
9.913000989104370220e-01 8.320685097000758701e-02 7.064735702588170740e-01
9.913838631252052114e-01 8.332479405537215889e-02 7.064196876789315960e-01
9.914506465589315587e-01 8.341838584905884868e-02 7.063767221001279184e-01
9.915146713824002367e-01 8.350774574672109596e-02 7.063355256426273598e-01
9.916340109879260289e-01 8.367335106040360571e-02 7.062587207381112453e-01
9.917072197375820242e-01 8.377432777010744569e-02 7.062115930683845466e-01
9.918113459853242775e-01 8.391714828562397976e-02 7.061445452326488015e-01
9.918788921488236321e-01 8.400930328325861840e-02 7.061010397530788074e-01
9.919787124284612512e-01 8.414479064069739500e-02 7.060367282129342836e-01
9.920446367295224777e-01 8.423382124856072795e-02 7.059942416041474766e-01
9.921335618592820316e-01 8.435335874242516629e-02 7.059369132933744906e-01
9.922483388488775313e-01 8.450670698272062797e-02 7.058628851388677461e-01
9.923140323712106303e-01 8.459399669390479937e-02 7.058204960035795450e-01
9.923808176287334248e-01 8.468238166594672933e-02 7.057773875554351761e-01
9.924653149416101661e-01 8.479370073253209017e-02 7.057228234564506542e-01
9.925519742114751187e-01 8.490728367058152093e-02 7.056668348240527910e-01
9.926400143689063649e-01 8.502207787421597884e-02 7.056099223228847750e-01
9.927300306504682759e-01 8.513883983701793501e-02 7.055516968802323374e-01
9.928223552515691441e-01 8.525796574900101898e-02 7.054919383227944429e-01
9.928790071570852138e-01 8.533075505933213067e-02 7.054552481038515177e-01
9.929749283407137694e-01 8.545347374811303187e-02 7.053930860635881928e-01
9.930338309415541742e-01 8.552850533185930859e-02 7.053548880926441278e-01
9.931134822473388635e-01 8.562957119343575507e-02 7.053032015075012540e-01
9.931957520679123297e-01 8.573347832422079096e-02 7.052497733443193750e-01
9.932581794112547158e-01 8.581199328178665264e-02 7.052092010251277410e-01
9.933222453859934520e-01 8.589227770265606132e-02 7.051675350717105939e-01
9.934096186032961295e-01 8.600129541520611098e-02 7.051106617952521693e-01
9.934541404540199183e-01 8.605663846699435071e-02 7.050816585486497923e-01
9.935457954224757859e-01 8.617013906951205560e-02 7.050218997785472341e-01
9.936160469382104843e-01 8.625674122185163217e-02 7.049760468835557514e-01
9.936880935992783437e-01 8.634519229083476022e-02 7.049289756375926030e-01
9.937495894572796473e-01 8.642039377472589268e-02 7.048887584526628558e-01
9.938121488219817667e-01 8.649661384501515504e-02 7.048478069071679730e-01
9.939160796672812381e-01 8.662259217051336557e-02 7.047796822878856782e-01
9.939694945657114866e-01 8.668701533389100433e-02 7.047446231825875707e-01
9.940375730092885220e-01 8.676880938712853986e-02 7.046998913901647565e-01
9.941079133971814086e-01 8.685295290161139381e-02 7.046536141080652627e-01
9.941512836844985657e-01 8.690464797934711882e-02 7.046250493291618122e-01
9.942245924467123519e-01 8.699171124608731653e-02 7.045767099188550153e-01
9.942849783485653292e-01 8.706312587484045518e-02 7.045368363099212550e-01
9.943630951281491326e-01 8.715509726178403971e-02 7.044851769064546243e-01
9.944439687478419110e-01 8.724980314660003844e-02 7.044315970733905363e-01
9.944937414949477361e-01 8.730781969126311104e-02 7.043985703513492291e-01
9.945448254080581085e-01 8.736715329512985406e-02 7.043646310125183385e-01
9.946141837795062779e-01 8.744737279009437425e-02 7.043184786565865885e-01
9.946679242963347711e-01 8.750925852279205219e-02 7.042826595555110591e-01
9.947232555508067620e-01 8.757273179404033436e-02 7.042457240556805331e-01
9.947802947091887171e-01 8.763790427140116801e-02 7.042075865412071867e-01
9.948193345282794198e-01 8.768235759511877614e-02 7.041814461801146896e-01
9.948788033927520313e-01 8.774983015039232448e-02 7.041415661470802334e-01
9.949193304565996376e-01 8.779564020946720171e-02 7.041143450361651013e-01
9.949819063874423275e-01 8.786609130262493239e-02 7.040722423171663635e-01
9.950248963278948144e-01 8.791429077713976137e-02 7.040432650910505297e-01
9.950914392447394174e-01 8.798856953645270429e-02 7.039983244485783498e-01
9.951257033035670885e-01 8.802666347943798042e-02 7.039751406932204247e-01
9.951843888488717260e-01 8.809167272662249415e-02 7.039353623976345453e-01
9.952322115084688559e-01 8.814443239937916341e-02 7.039028790253253343e-01
9.952814503025246839e-01 8.819855135654448841e-02 7.038693674027513003e-01
9.953322073685838545e-01 8.825412271675751874e-02 7.038347493728770443e-01
9.953845960308196350e-01 8.831124688902157460e-02 7.037989376932115571e-01
9.954519586706931378e-01 8.838433745707996447e-02 7.037527642222415336e-01
9.954937886889216880e-01 8.842951344136730507e-02 7.037240175878201054e-01
9.955367586705249350e-01 8.847575248605644982e-02 7.036944259133531832e-01
9.955809446208156999e-01 8.852312758548665228e-02 7.036639294924950105e-01
9.956414875400296793e-01 8.858776201359466751e-02 7.036220287073817747e-01
9.956882115261579402e-01 8.863742820112621712e-02 7.035895971603359778e-01
9.957364305507077074e-01 8.868848827096813270e-02 7.035560380429585203e-01
9.957694647789196996e-01 8.872335527766724017e-02 7.035329925853534005e-01
9.958204391530577348e-01 8.877697322834252058e-02 7.034973416368487387e-01
9.958554331825923978e-01 8.881364918077902515e-02 7.034728017159245228e-01
9.959095524598978733e-01 8.887015240791514004e-02 7.034347411653473214e-01
9.959562594527735513e-01 8.891870441160344696e-02 7.034017829821449519e-01
9.960045505597787674e-01 8.896869552451240615e-02 7.033675950401589994e-01
9.960343411253066437e-01 8.899943347117229842e-02 7.033464458788734053e-01
9.960854494326569775e-01 8.905199628721592597e-02 7.033100546845560963e-01
9.961277448285118519e-01 8.909533672034379570e-02 7.032798317983409708e-01
9.961713919593757627e-01 8.913991314326723259e-02 7.032485377430882645e-01
9.962161918280310058e-01 8.918550742795368358e-02 7.032163017959325302e-01
9.962505693319740896e-01 8.922038024781836496e-02 7.031914831055834370e-01
9.962858572444537320e-01 8.925607074569053001e-02 7.031659303938928574e-01
9.963221125104277931e-01 8.929262704770186965e-02 7.031395936259595691e-01
9.963593986330890884e-01 8.933010465727120319e-02 7.031124168201122737e-01
9.963977866504906133e-01 8.936856919902816387e-02 7.030843371026153088e-01
9.964373559441993544e-01 8.940809375533272096e-02 7.030552838502239776e-01
9.964644356591672025e-01 8.943507361926972266e-02 7.030353348538765923e-01
9.965061743102501257e-01 8.947655149163519228e-02 7.030044786128754053e-01
9.965347929889251111e-01 8.950491665900155158e-02 7.029832432628361216e-01
9.965789926785999508e-01 8.954860245835877253e-02 7.029503172044492265e-01
9.966093636738425632e-01 8.957853232505928742e-02 7.029275984286993406e-01
9.966559567315705914e-01 8.962430450562343387e-02 7.028925901772495877e-01
9.966880427217708061e-01 8.965572259913619224e-02 7.028683690248934690e-01
9.967378328212044281e-01 8.970431321565489058e-02 7.028305938734051850e-01
9.967809783515868549e-01 8.974626701723600886e-02 7.027976659023497108e-01
9.968257684029371291e-01 8.978967718967871547e-02 7.027632843975749610e-01
9.968534955838771472e-01 8.981648213298398797e-02 7.027418954795348061e-01
9.969012406558794837e-01 8.986252012821656365e-02 7.027048693244741795e-01
9.969308756731882770e-01 8.989101561437576327e-02 7.026817584356831459e-01
9.969613046775022136e-01 8.992020818504026236e-02 7.026579219116722008e-01
9.969925771600518516e-01 8.995013975010471285e-02 7.026333087290871360e-01
9.970247479264872092e-01 8.998085731332389203e-02 7.026078620031062094e-01
9.970691443777704999e-01 9.002312771820265846e-02 7.025725266230000710e-01
9.971036607767090887e-01 9.005589772466596199e-02 7.025448732181517331e-01
9.971393088047536546e-01 9.008966142478323780e-02 7.025161403292262685e-01
9.971637472447061334e-01 9.011276480768140584e-02 7.024963378083229903e-01
9.972014842903836884e-01 9.014837485918514304e-02 7.024655867807313436e-01
9.972274093111264115e-01 9.017279089790401769e-02 7.024443356331022681e-01
9.972575290295068173e-01 9.020110632367825398e-02 7.024195134760492509e-01
9.972922000224022643e-01 9.023363015477732507e-02 7.023907581798477517e-01
9.973280657224116164e-01 9.026719170889935251e-02 7.023607990471678608e-01
9.973558081309227275e-01 9.029309452710886086e-02 7.023374715368316812e-01
9.973843238065247530e-01 9.031967116947922647e-02 7.023133495036667506e-01
9.974136641173761975e-01 9.034697005566091899e-02 7.022883726499292711e-01
9.974438858290636256e-01 9.037504383106088890e-02 7.022624736344342811e-01
9.974750515538618467e-01 9.040395143587880156e-02 7.022355770849681988e-01
9.975181926553605694e-01 9.044389328301309650e-02 7.021980176893107828e-01
9.975404964969021293e-01 9.046450614923885747e-02 7.021784442815733884e-01
9.975740710655780497e-01 9.049548732717414834e-02 7.021487730356484880e-01
9.976084019075507348e-01 9.052710330790302018e-02 7.021181669428251393e-01
9.976319905302465374e-01 9.054878963395122937e-02 7.020969758108862591e-01
9.976685048465973038e-01 9.058230726522610576e-02 7.020639042561165333e-01
9.976936576052695127e-01 9.060536380278166879e-02 7.020409269257295026e-01
9.977327010428558296e-01 9.064110950786716248e-02 7.020049322821479976e-01
9.977596755686080066e-01 9.066577595712625726e-02 7.019798223342652577e-01
9.977874647642224204e-01 9.069116205176658285e-02 7.019537399597146621e-01
9.978161248682079210e-01 9.071731638996174962e-02 7.019266046681091886e-01
9.978457182292497230e-01 9.074428954323524033e-02 7.018983257000324105e-01
9.978685681051390199e-01 9.076509194535195557e-02 7.018763036320798676e-01
9.978920154480180882e-01 9.078641861655978307e-02 7.018535311367591900e-01
9.979242710965282592e-01 9.081572834958274998e-02 7.018219060813404298e-01
9.979408528064854789e-01 9.083078498418468982e-02 7.018055102656869382e-01
9.979749878048177480e-01 9.086176481507803049e-02 7.017714537549527565e-01
9.979925724695731803e-01 9.087771769581182157e-02 7.017537447641936099e-01
9.980288529745338089e-01 9.091062034758273791e-02 7.017168420267209106e-01
9.980475867178884020e-01 9.092760297019229776e-02 7.016975872584806373e-01
9.980764821692650335e-01 9.095378866864284317e-02 7.016676123039422563e-01
9.981063982578021188e-01 9.098088549778678147e-02 7.016362131329177965e-01
9.981269508387591305e-01 9.099949223540076959e-02 7.016144183967379933e-01
9.981587598926524585e-01 9.102828101459500831e-02 7.015803164366807287e-01
9.981806669382242703e-01 9.104810487227602001e-02 7.015565598541331216e-01
9.982031749578805790e-01 9.106847528695215244e-02 7.015319149824572609e-01
9.982381475806171300e-01 9.110014152619379246e-02 7.014931310345507987e-01
9.982623346236442208e-01 9.112205235487802479e-02 7.014659448312994261e-01
9.982872737916601569e-01 9.114465397196036545e-02 7.014375904836033238e-01
9.983130182164108302e-01 9.116799583229015513e-02 7.014079644541647562e-01
9.983396273700049228e-01 9.119213261755484967e-02 7.013769489393357759e-01
9.983671684421697723e-01 9.121712856302945094e-02 7.013444090162679334e-01
9.983957179697369178e-01 9.124306095332020139e-02 7.013101892514196356e-01
9.984253637137215920e-01 9.127001909202371588e-02 7.012741093102422552e-01
9.984406293963175028e-01 9.128391586685193071e-02 7.012553059527999455e-01
9.984641183739834114e-01 9.130532469993071776e-02 7.012260672725343369e-01
9.984883613646687861e-01 9.132745760997373896e-02 7.011954883077270440e-01
9.985219528053926874e-01 9.135818480150693921e-02 7.011524161349004247e-01
9.985393346580382357e-01 9.137411015607876941e-02 7.011297949734048851e-01
9.985661963323834156e-01 9.139876119578896341e-02 7.010943729594214524e-01
9.985940768752048502e-01 9.142440285868390359e-02 7.010569897435259268e-01
9.986132751984105882e-01 9.144209602252836855e-02 7.010308686622511720e-01
9.986430633305444227e-01 9.146962050434868929e-02 7.009897061125952566e-01
9.986636340980088455e-01 9.148868382597634408e-02 7.009608149163766289e-01
9.986848179599125963e-01 9.150836920688819320e-02 7.009306516976251400e-01
9.987178338722532134e-01 9.153916612240048378e-02 7.008827780928734708e-01
9.987349444046859093e-01 9.155518064818952972e-02 7.008575358009129230e-01
9.987524851726983233e-01 9.157163872259586890e-02 7.008313421252634345e-01
9.987765844015680239e-01 9.159432400098369009e-02 7.007948154235487115e-01
9.988015577918140098e-01 9.161792806113892851e-02 7.007562813713891225e-01
9.988274800149772314e-01 9.164254303985991390e-02 7.007155202240965552e-01
9.988544362552871370e-01 9.166827626501744541e-02 7.006722757199773666e-01
9.988753905693313895e-01 9.168838360407292887e-02 7.006380317942472180e-01
9.988970266660069930e-01 9.170924906782729202e-02 7.006020758598152653e-01
9.989270221423027785e-01 9.173836141895067020e-02 7.005511814011128324e-01
9.989504550052760168e-01 9.176125736166396152e-02 7.005105350065731207e-01
9.989747628014434833e-01 9.178516162027959557e-02 7.004675120365744245e-01
9.990051947931041232e-01 9.181533047847423301e-02 7.004123626176889106e-01
9.990263205772492716e-01 9.183644368741336605e-02 7.003731984042191883e-01
9.990481762035228197e-01 9.185844906088853901e-02 7.003318928800571497e-01
9.990785530834477290e-01 9.188933333465286457e-02 7.002730953420461812e-01
9.991023505581886344e-01 9.191378244490683302e-02 7.002258475344435018e-01
9.991271012511192540e-01 9.193946377029545147e-02 7.001755469639837637e-01
9.991528929002418957e-01 9.196651987669536565e-02 7.001218101642916469e-01
9.991798280720175507e-01 9.199512152721259217e-02 7.000641805469671741e-01
9.991984794926396241e-01 9.201514934830685999e-02 7.000233283480069568e-01
9.992177328124328684e-01 9.203603267711014946e-02 6.999803148996140978e-01
9.992478392564185796e-01 9.206914896665148451e-02 6.999112651476275815e-01
9.992688036569071786e-01 9.209255597269321025e-02 6.998618218242115274e-01
9.992905497192673403e-01 9.211716048118058497e-02 6.998092946159605310e-01
9.993131439165223728e-01 9.214309625910574453e-02 6.997533143021269497e-01
9.993247827739355493e-01 9.215661192156780757e-02 6.997238935166729679e-01
9.993487959678186705e-01 9.218486170066185481e-02 6.996618940812709964e-01
9.993674973098491954e-01 9.220722008470828845e-02 6.996123417403086187e-01
9.993868412429605108e-01 9.223070035116387455e-02 6.995598676951479966e-01
9.994068783400280598e-01 9.225542778806936073e-02 6.995041462852791270e-01
9.994276648665150198e-01 9.228154579833969251e-02 6.994447949244396723e-01
9.994492639380627708e-01 9.230921977752179486e-02 6.993813598997682401e-01
9.994641497712507539e-01 9.232862932966495739e-02 6.993365351515991035e-01
9.994872678435071656e-01 9.235936320196533322e-02 6.992650413386695130e-01
9.995032449859110324e-01 9.238104698568934403e-02 6.992142134557678412e-01
9.995197091961360858e-01 9.240379926478223260e-02 6.991605613744783509e-01
9.995366937452522249e-01 9.242773354894061322e-02 6.991037881882131710e-01
9.995542352050760249e-01 9.245297689163137211e-02 6.990435462067209338e-01
9.995632269244164592e-01 9.246613389907386293e-02 6.990119972590407293e-01
9.995816803494208536e-01 9.249363311106173491e-02 6.989457664842323448e-01
9.996007985421709874e-01 9.252286647455898461e-02 6.988748901201000674e-01
9.996106220069089776e-01 9.253819876074233231e-02 6.988375081127481403e-01
9.996308346586166849e-01 9.257046852693875949e-02 6.987584030897495690e-01
9.996412368419599348e-01 9.258747352665946950e-02 6.987164456019713255e-01
9.996572341019539509e-01 9.261419481625839112e-02 6.986501490238828938e-01
9.996654165764250477e-01 9.262814217551658402e-02 6.986153423268536278e-01
9.996737268852544656e-01 9.264251261545655702e-02 6.985793357884487742e-01
9.996907478591154916e-01 9.267263386088568644e-02 6.985033971167526889e-01
9.997083254080765258e-01 9.270477691099185402e-02 6.984215067544322642e-01
9.997203659123680142e-01 9.272745076802672848e-02 6.983630886961268436e-01
9.997295716088870909e-01 9.274517390391838478e-02 6.983170023013729466e-01
9.997389315847620139e-01 9.276356056638486447e-02 6.982687578715236487e-01
9.997484485856261704e-01 9.278265668698464086e-02 6.982181267148444004e-01
9.997581247233376933e-01 9.280251206891598770e-02 6.981648366383330639e-01
9.997679612228204116e-01 9.282318017156174217e-02 6.981085540366510633e-01
9.997739394289327786e-01 9.283599285019240865e-02 6.980731817403440509e-01
9.997820000854189537e-01 9.285358800308282645e-02 6.980239637829890320e-01
9.997929051550846768e-01 9.287801095026286535e-02 6.979542552316532200e-01
9.997984214594728414e-01 9.289065079192541929e-02 6.979174330607620380e-01
9.998039795735214064e-01 9.290359141021432843e-02 6.978791814505298507e-01
9.998095779159665852e-01 9.291684208611980522e-02 6.978394262431016903e-01
9.998208912998742814e-01 9.294431933831699688e-02 6.977551629677933853e-01
9.998265973426959663e-01 9.295854678623445555e-02 6.977107188838367335e-01
9.998323339786087116e-01 9.297311101866080618e-02 6.976649824416389922e-01
9.998380985682069344e-01 9.298801528988545617e-02 6.976183977801184710e-01
9.998467947419584778e-01 9.301101488240361148e-02 6.975498283121494003e-01
9.998526250026127382e-01 9.302677962943904644e-02 6.975065532077479036e-01
9.998555514960351109e-01 9.303479554567135879e-02 6.974864976408117201e-01
9.998614299637414993e-01 9.305109928844666756e-02 6.974500601043559511e-01
9.998643847881024671e-01 9.305939479368104117e-02 6.974338793954135696e-01
9.998673512895481785e-01 9.306778915108594730e-02 6.974190781675104756e-01
9.998733233069112547e-01 9.308488480446881763e-02 6.973934494400635398e-01
9.998793574077052826e-01 9.310242162316251235e-02 6.973728074164485813e-01
9.998824016846992180e-01 9.311136894860005953e-02 6.973642039916672086e-01
9.998854656500272275e-01 9.312044117395398835e-02 6.973566554044332566e-01
9.998916573648619632e-01 9.313897904324720811e-02 6.973444889853737116e-01
9.998979452562853920e-01 9.315808716957807434e-02 6.973358490723252645e-01
9.999043416463473388e-01 9.317782045307712591e-02 6.973302933415248539e-01
9.999125084778498485e-01 9.320345733349298667e-02 6.973270056003735284e-01
9.999175115050784601e-01 9.321941352117485424e-02 6.973266109528841739e-01
9.999243130945403291e-01 9.324141988990176932e-02 6.973275536133626273e-01
9.999312785469907094e-01 9.326434268715197429e-02 6.973297892105804197e-01
9.999348281186141163e-01 9.327617867807869168e-02 6.973312646494126410e-01
9.999420696978659207e-01 9.330065950906449301e-02 6.973347109409803180e-01
9.999476355849528098e-01 9.331978871984783486e-02 6.973375270844692775e-01
9.999533256625676714e-01 9.333963584976512351e-02 6.973403613189343986e-01
9.999611203631671996e-01 9.336731909540121888e-02 6.973438673966907420e-01
9.999671357732496935e-01 9.338908833988457392e-02 6.973460388052962200e-01
9.999724755022235678e-01 9.340871908394859924e-02 6.973474236917909241e-01
9.999792197722634501e-01 9.343394057508172534e-02 6.973482617053897714e-01
9.999826680284464864e-01 9.344702523812040140e-02 6.973482298820190550e-01
9.999897257606218393e-01 9.347422061702603813e-02 6.973470530050763783e-01
9.999933403873831894e-01 9.348836928328001228e-02 6.973458092759353688e-01
9.999970151280588304e-01 9.350291096658519541e-02 6.973440591887403173e-01
9.999985024668397449e-01 9.350884256725501553e-02 6.973432044457802403e-01
