# 8 2 13.9386978896 0.00466131509919
# x xi_r xi_h
1.310287751119751072e-03 8.717081473165555136e-03 4.358672147245713085e-03
1.460995662986557019e-03 9.719676610836537611e-03 4.860032993711654870e-03
1.650884358646134958e-03 1.098291765096660877e-02 5.491748577588081819e-03
1.840773054305712029e-03 1.224614598650480661e-02 6.123479712136601673e-03
2.080034956818093209e-03 1.383780723936949356e-02 6.919493565080635580e-03
2.319296859330475039e-03 1.542943948047034025e-02 7.715540023419097289e-03
2.620782178678318121e-03 1.743495403175880643e-02 8.718661192987756797e-03
2.922267498026161203e-03 1.944040919436329853e-02 9.721848151527393012e-03
3.302183600846774012e-03 2.196749050712849816e-02 1.098611627324431149e-02
3.682099703667386821e-03 2.449445312084248469e-02 1.225051758879155787e-02
4.160900837802832680e-03 2.767895662944880666e-02 1.384421660082256998e-02
4.639701971938277672e-03 3.086321458868180115e-02 1.543818172230205892e-02
5.099164758699403430e-03 3.391861388451508641e-02 1.696804929429608991e-02
5.558627545460530055e-03 3.697374691538309749e-02 1.849820807306912576e-02
6.245989158360841335e-03 4.154377136076237154e-02 2.078797627421959462e-02
6.768639774805322237e-03 4.501817586311976371e-02 2.252957332247023520e-02
7.291290391249803139e-03 4.849212038097712452e-02 2.427167742526342362e-02
8.033712313215113712e-03 5.342603245113396182e-02 2.674724134962205846e-02
8.776134235180425153e-03 5.835881543111978015e-02 2.922400016885103383e-02
9.779784977971731075e-03 6.502539398059367648e-02 3.257426654484856660e-02
1.078343572076304047e-02 7.168940771402158851e-02 3.592716314255466753e-02
1.166068504828845012e-02 7.751178733905214613e-02 3.886015044896252990e-02
1.253793437581384937e-02 8.333184193287837549e-02 4.179549047008453838e-02
1.341518370333926076e-02 8.914937939812939138e-02 4.473334785687679838e-02
1.454644800751801921e-02 9.664753844569594354e-02 4.852564893207634428e-02
1.567771231169676899e-02 1.041406309431873733e-01 5.232266563618222927e-02
1.680897661587552050e-02 1.116282630160313483e-01 5.612490993059793265e-02
1.774028948610247014e-02 1.177879765238908499e-01 5.925907192544990071e-02
1.867160235632940937e-02 1.239434126964991251e-01 6.239677511334854737e-02
1.960291522655635901e-02 1.300942639130041600e-01 6.553833545109878644e-02
2.053422809678330171e-02 1.362402732265150240e-01 6.868410542049674383e-02
2.154914563826640025e-02 1.429323018986317362e-01 7.211749247644501370e-02
2.256406317974948839e-02 1.496180372612775922e-01 7.555606391019734080e-02
2.357898072123257999e-02 1.562969817568129194e-01 7.899919772911531690e-02
2.466754477920376012e-02 1.634523366795741228e-01 8.269712001968568260e-02
2.575610883717492985e-02 1.705984402684030121e-01 8.640084410893086875e-02
2.684467289514610999e-02 1.777347082012936674e-01 9.011075308308162668e-02
2.793323695311727972e-02 1.848605872244193926e-01 9.382710774588227942e-02
2.903954886174606870e-02 1.920914271796632378e-01 9.761048311372849673e-02
3.014586077037486114e-02 1.993102656846414411e-01 1.014004860058498048e-01
3.125217267900363971e-02 2.065164729641367214e-01 1.051975614623396338e-01
3.235848458763242869e-02 2.137094549036514524e-01 1.090020029259397144e-01
3.346479649626121766e-02 2.208886167103682741e-01 1.128139575500460845e-01
3.457110840488999970e-02 2.280533355846161570e-01 1.166334291279948199e-01
3.578544865467637309e-02 2.359002626096155242e-01 1.208330089921361844e-01
3.699978890446273261e-02 2.437276068653033978e-01 1.250394902406886943e-01
3.821412915424909212e-02 2.515341879410694648e-01 1.292537798517608139e-01
3.942846940403545858e-02 2.593189814498177981e-01 1.334766971505908784e-01
4.064280965382181809e-02 2.670810727667209394e-01 1.377089812459675322e-01
4.185714990360817761e-02 2.748196203004895088e-01 1.419512955515848662e-01
4.307149015339455100e-02 2.825338256772043088e-01 1.462042302037221131e-01
4.424530788812759685e-02 2.899666980316897291e-01 1.503250116568584926e-01
4.541912562286065658e-02 2.973751739409412065e-01 1.544539156935110236e-01
4.659294335759370242e-02 3.047581191353232466e-01 1.585896910161238016e-01
4.776676109232676215e-02 3.121142104325224653e-01 1.627310578315301348e-01
4.894057882705980800e-02 3.194419541183116662e-01 1.668767040768752152e-01
5.005740200280924673e-02 3.263860409332993151e-01 1.708236250564353909e-01
5.117422517855869241e-02 3.333015138498022778e-01 1.747733988444427344e-01
5.229104835430813114e-02 3.401870931892035932e-01 1.787271859549064701e-01
5.340787153005757681e-02 3.470416483705542343e-01 1.826858964663415075e-01
5.452469470580702249e-02 3.538641488258643664e-01 1.866501958842395337e-01
5.564151788155646122e-02 3.606536221560361910e-01 1.906205090805347113e-01
5.675834105730589996e-02 3.674091181842188969e-01 1.945970226826872485e-01
5.789005031244066207e-02 3.742190060076255320e-01 1.986318093370956495e-01
5.902175956757541725e-02 3.809917495307457158e-01 2.026687524038646437e-01
6.015346882271019324e-02 3.877257997023630387e-01 2.067053625324826449e-01
6.128517807784496230e-02 3.944194209271831286e-01 2.107399518735821320e-01
6.242226172525015132e-02 4.011022885812218219e-01 2.147914394618180289e-01
6.355934537265535422e-02 4.077408409572789716e-01 2.188424784500526687e-01
6.469642902006055019e-02 4.143336169861769891e-01 2.228946108685503913e-01
6.583351266746574615e-02 4.208792878534270421e-01 2.269488215866919401e-01
6.697059631487094211e-02 4.273765900683448860e-01 2.310055449736264921e-01
6.810767996227613807e-02 4.338242672021740964e-01 2.350646694537262271e-01
6.923644416253725564e-02 4.401743864621931457e-01 2.390946601854046782e-01
7.036520836279837321e-02 4.464728369945490938e-01 2.431231970797695097e-01
7.149397256305950465e-02 4.527180643215282796e-01 2.471494427435878272e-01
7.262273676332062222e-02 4.589084672453718206e-01 2.511726940341638126e-01
7.375150096358173979e-02 4.650424089135112848e-01 2.551923802171351952e-01
7.496577999948988991e-02 4.715761612616706233e-01 2.595121772549172645e-01
7.618005903539804002e-02 4.780405792587715252e-01 2.638262514486295340e-01
7.739433807130619014e-02 4.844335156384401153e-01 2.681334821798682655e-01
7.860861710721434026e-02 4.907527781168891101e-01 2.724332552662980800e-01
7.980832120060649126e-02 4.969216830827934417e-01 2.766738167261740267e-01
8.100802529399861451e-02 5.030144731564530902e-01 2.809078395372246462e-01
8.220772938739076552e-02 5.090292084689064245e-01 2.851363036049379129e-01
8.340743348078288877e-02 5.149640017334371489e-01 2.893593395205967811e-01
8.460713757417503977e-02 5.208169505026669643e-01 2.935762334466956447e-01
8.565798069402660864e-02 5.258748034574032282e-01 2.972631313938576825e-01
8.670882381387816362e-02 5.308669349664657533e-01 3.009422884340673954e-01
8.775966693372971861e-02 5.357918727684676252e-01 3.046125763946452292e-01
8.881051005358128747e-02 5.406480735089475020e-01 3.082724286989599882e-01
8.973448221530234969e-02 5.448598549311334249e-01 3.114803799466988043e-01
9.065845437702341192e-02 5.490160664566647863e-01 3.146767790389431441e-01
9.158242653874446026e-02 5.531154733064765905e-01 3.178607082365478842e-01
9.258135109670528884e-02 5.574821434297059231e-01 3.212904051769016611e-01
9.358027565466608966e-02 5.617796099567904378e-01 3.247098715256069856e-01
9.457920021262691823e-02 5.660066146979986224e-01 3.281209587685862683e-01
9.557812477058773293e-02 5.701619727177225094e-01 3.315244667121629574e-01
9.657704932854854762e-02 5.742445166271018531e-01 3.349201491350333182e-01
9.778235897335758875e-02 5.790719853861987509e-01 3.390047144794386957e-01
9.898766861816662987e-02 5.837894768409237489e-01 3.430744378200068501e-01
1.001929782629756988e-01 5.883947540003435783e-01 3.471287070042983758e-01
1.013982879077846982e-01 5.928855347910351181e-01 3.511661593799088044e-01
1.024410895301341995e-01 5.966765794138207957e-01 3.546439339556231585e-01
1.034838911524837979e-01 6.003785450755813047e-01 3.581052192462645944e-01
1.045266927748332991e-01 6.039897583303078799e-01 3.615488962607837919e-01
1.055489126177679010e-01 6.074399903544318580e-01 3.649080746767005556e-01
1.065711324607025029e-01 6.107998786368035171e-01 3.682519499002300800e-01
1.075933523036371048e-01 6.140679262441616215e-01 3.715801397181022758e-01
1.087227524102803017e-01 6.175700357977962351e-01 3.752368935991314269e-01
1.098521525169235957e-01 6.209560173903395652e-01 3.788695734921302960e-01
1.108421192166808011e-01 6.238267193522943899e-01 3.820347462726354504e-01
1.118320859164378955e-01 6.266051515079339440e-01 3.851837838049979035e-01
1.128220526161951009e-01 6.292899469520021327e-01 3.883167987004574884e-01
1.137952997292322049e-01 6.318367594348298644e-01 3.913801117642252136e-01
1.147685468422692950e-01 6.342903652055044139e-01 3.944258377707872132e-01
1.157417939553063990e-01 6.366493900962628683e-01 3.974534645906034891e-01
1.166993964766919051e-01 6.388768293668704024e-01 4.004144911679665131e-01
1.176569989980774944e-01 6.410100278518562344e-01 4.033572571192588496e-01
1.186146015194630005e-01 6.430476650252846538e-01 4.062814195283070973e-01
1.195575547351094003e-01 6.449594810000940370e-01 4.091426463558354154e-01
1.205005079507558002e-01 6.467761306752269901e-01 4.119856975293292312e-01
1.214434611664022001e-01 6.484963717976787168e-01 4.148103920385687871e-01
1.223726583742238000e-01 6.500960018023376197e-01 4.175759734564342684e-01
1.233018555820453999e-01 6.515996430085079227e-01 4.203241365621182557e-01
1.242310527898669997e-01 6.530061259799240236e-01 4.230543853749088590e-01
1.252644199626453125e-01 6.544547620829229695e-01 4.260682875382404977e-01
1.262977871354236947e-01 6.557801027359130286e-01 4.290572152031930098e-01
1.269801736787574131e-01 6.565867982612511033e-01 4.310152923437560180e-01
1.276625602220911870e-01 6.573384237114809903e-01 4.329592130147701390e-01
1.285635768402965950e-01 6.582456409254570096e-01 4.355063646689014689e-01
1.294645934585020031e-01 6.590547968801410139e-01 4.380362036082027788e-01
1.303656100767074111e-01 6.597648526743757902e-01 4.405499311899280790e-01
1.313673042949614067e-01 6.604366648597115308e-01 4.433221059142886111e-01
1.323689985132154023e-01 6.609831692358751898e-01 4.460678652824474621e-01
1.333627524980957046e-01 6.613999605158459305e-01 4.487654143064746526e-01
1.343565064829760070e-01 6.616903275607542989e-01 4.514364345363025555e-01
1.353408825040227081e-01 6.618518030042903622e-01 4.540554096317528932e-01
1.363252585250694093e-01 6.618862221064124585e-01 4.566468364740131625e-01
1.371913053735339949e-01 6.618102362632470870e-01 4.589046328278814091e-01
1.380573522219986915e-01 6.616337635834148578e-01 4.611427277288919213e-01
1.389233990704633048e-01 6.613558321382154714e-01 4.633611678895256936e-01
1.397798068184883113e-01 6.609802727668867561e-01 4.655349480492254610e-01
1.406362145665132901e-01 6.605036089104256991e-01 4.676883368485730275e-01
1.414926223145382134e-01 6.599248902852347110e-01 4.698208946302671052e-01
1.423395568821196888e-01 6.592512713584927075e-01 4.719092057898210402e-01
1.431864914497011088e-01 6.584759918129946543e-01 4.739767442549063237e-01
1.440334260172826120e-01 6.575981323031043768e-01 4.760231698653470400e-01
1.448719479772087870e-01 6.566270340049389365e-01 4.780283553574541933e-01
1.457104699371351009e-01 6.555535951955380192e-01 4.800125918468642894e-01
1.465489918970613870e-01 6.543769297823560649e-01 4.819755995134349935e-01
1.473791511845158053e-01 6.531094442744994621e-01 4.838980341963007858e-01
1.482093104719703069e-01 6.517390607213995324e-01 4.857994722254053710e-01
1.490394697594248086e-01 6.502649285266309809e-01 4.876796453798942221e-01
1.502727252360930021e-01 6.478817730202971470e-01 4.904332917250598944e-01
1.515059807127611957e-01 6.452650233686459957e-01 4.931393298337134468e-01
1.527277754813821942e-01 6.424395435472169957e-01 4.957728327817739755e-01
1.539495702500031926e-01 6.393794466660357445e-01 4.983587003545154048e-01
1.551603986792471912e-01 6.361127507928586722e-01 5.008741667725268298e-01
1.563712271084913008e-01 6.326104918118851117e-01 5.033424564196159467e-01
1.575715501599840029e-01 6.289036715245650555e-01 5.057434603662430694e-01
1.587718732114765940e-01 6.249605466225214290e-01 5.080998224419945863e-01
1.599645867604068128e-01 6.208058878416382598e-01 5.103865782942611506e-01
1.611499325358309032e-01 6.164408090433463050e-01 5.126042291924763905e-01
1.623352783112549935e-01 6.118380129959004599e-01 5.147774081401129687e-01
1.635111968763642010e-01 6.070347678433181127e-01 5.168875195928961386e-01
1.646871154414734917e-01 6.019932645363059720e-01 5.189498623381719744e-01
1.658539536555289073e-01 5.967530237011230421e-01 5.209485810024458985e-01
1.670207918695844063e-01 5.912739100115776969e-01 5.228992867317083792e-01
1.681789102884249099e-01 5.855975247328616407e-01 5.247885936438595467e-01
1.693370287072654135e-01 5.796818518809064846e-01 5.266322160118372953e-01
1.704887632179911960e-01 5.735594311182353744e-01 5.284102403558762484e-01
1.716344322308862025e-01 5.672304031241860445e-01 5.301231738493621393e-01
1.727801012437812922e-01 5.606612054598502093e-01 5.317903040978111395e-01
1.739178666881313895e-01 5.538978538242707028e-01 5.333987821208479030e-01
1.750556321324814035e-01 5.468941044797878126e-01 5.349581621319731140e-01
1.761857941226853963e-01 5.396974118537685161e-01 5.364578336540363201e-01
1.773159561128893891e-01 5.322600577565652635e-01 5.379077067642964449e-01
1.784387997630065004e-01 5.246308750801201848e-01 5.392983988325266154e-01
1.795616434131235006e-01 5.167608628483461031e-01 5.406389798852689887e-01
1.806774417515888131e-01 5.087000974024011857e-01 5.419210655114891084e-01
1.817932400900540979e-01 5.003984286231738521e-01 5.431527823389311616e-01
1.829022533861615063e-01 4.919070502806965894e-01 5.443266588589749100e-01
1.840112666822688869e-01 4.831747740851272677e-01 5.454499019754764921e-01
1.851137424986991076e-01 4.742538111643182508e-01 5.465159390999894118e-01
1.862162183151294115e-01 4.650920475741947002e-01 5.475311409734268109e-01
1.873123941815151017e-01 4.557426060321467798e-01 5.484897514112365702e-01
1.884085700479007919e-01 4.461525725166717860e-01 5.493973257898280282e-01
1.894986740814197101e-01 4.363758604394072371e-01 5.502488603536010991e-01
1.905887781149386007e-01 4.263588570030061864e-01 5.510491296067782097e-01
1.916730272722124984e-01 4.161561852821242802e-01 5.517938819032813802e-01
1.927572764294863961e-01 4.057136236155088893e-01 5.524871846087839877e-01
1.938358801601320902e-01 3.950864080715387749e-01 5.531254756388973570e-01
1.949144838907778954e-01 3.842198297110752114e-01 5.537121448907450505e-01
1.959876440525072094e-01 3.731696315092424832e-01 5.542442462451425689e-01
1.970608042142364125e-01 3.618807126691531151e-01 5.547244978873612231e-01
1.981287147275558047e-01 3.504092295608354779e-01 5.551505659716798879e-01
1.991966252408751137e-01 3.386997743670318584e-01 5.555245660848889822e-01
2.002594720445023124e-01 3.268088476765619865e-01 5.558447668730280844e-01
2.013223188481295112e-01 3.146808259891730186e-01 5.561127352868808771e-01
2.023802826740382921e-01 3.023724522439013573e-01 5.563272725787186124e-01
2.034382464999472118e-01 2.898279924620608683e-01 5.564894070352623956e-01
2.044915009253560068e-01 2.771043518510525883e-01 5.565984333328447553e-01
2.055447553507646907e-01 2.641457556458451372e-01 5.566548593551842172e-01
2.065934679926554884e-01 2.510091951843637648e-01 5.566584774447876915e-01
2.076421806345462029e-01 2.376389419055565666e-01 5.566093436427157481e-01
2.086865129960230880e-01 2.240919962063730730e-01 5.565078055896155451e-01
2.097308453575000009e-01 2.103127433066864782e-01 5.563535809390133258e-01
2.107709537672242117e-01 1.963581569512609648e-01 5.561476930262283513e-01
2.118110621769483948e-01 1.821728575214135726e-01 5.558898683893065407e-01
2.128480599636951021e-01 1.678001761259667601e-01 5.555774943517722830e-01
2.138821136186860039e-01 1.532397856738356434e-01 5.552110045144605932e-01
2.149161672736769058e-01 1.384512365609116002e-01 5.547936058766451684e-01
2.159459665261461991e-01 1.234968583356301081e-01 5.543232198776327779e-01
2.169742753085213971e-01 1.083385473389107401e-01 5.537980372713133814e-01
2.180025840908965951e-01 9.295497861948771867e-02 5.532205063073459828e-01
2.190272457378873994e-01 7.740218953797473045e-02 5.525922295164733544e-01
2.200519073848782037e-01 6.162636261084915301e-02 5.519103888013999759e-01
2.210737515503453099e-01 4.567216381794748925e-02 5.511767275288196322e-01
2.220955957158123883e-01 2.949694909233199769e-02 5.503890978954336655e-01
2.231133728053782961e-01 1.316690339228139203e-02 5.495507580812988291e-01
2.241311498949442038e-01 -3.381368603861663845e-03 5.486584871704940358e-01
2.251456680358785989e-01 -2.009319629834232721e-02 5.477154164022558502e-01
2.261601861768129940e-01 -3.702052668660861523e-02 5.467189250056119221e-01
2.271708474868849026e-01 -5.409707573191701452e-02 5.456701870893333473e-01
2.281814321068081908e-01 -7.138468022479246833e-02 5.445652897038453233e-01
2.291920167267315067e-01 -8.888379679750028906e-02 5.434068210360796236e-01
2.301989120822834911e-01 -1.065284528677236942e-01 5.421987023276888529e-01
2.312058074378355865e-01 -1.243811403881006084e-01 5.409360860579749408e-01
2.322098544924325048e-01 -1.423894407595034384e-01 5.396224667050778523e-01
2.332139015470293120e-01 -1.606024608035698242e-01 5.382540494021625932e-01
2.342152100895429911e-01 -1.789685160483089343e-01 5.368345455441830838e-01
2.352165186320565871e-01 -1.975357646196547190e-01 5.353600594852305772e-01
2.362151954922880881e-01 -2.162533105990258886e-01 5.338344693215466563e-01
2.372138723525195059e-01 -2.351683177282579140e-01 5.322537653603121033e-01
2.382100212913642878e-01 -2.542307231439407955e-01 5.306220093940368088e-01
2.392061702302090975e-01 -2.734866545047108244e-01 5.289351270287719897e-01
2.401998924915476896e-01 -2.928868989418485502e-01 5.271973974460355539e-01
2.411936147528863927e-01 -3.124764654840457290e-01 5.254048582976988957e-01
2.421839272173959001e-01 -3.321854749026092457e-01 5.235618709804327198e-01
2.431741826801301909e-01 -3.520778980488467602e-01 5.216622822190470909e-01
2.441644381428645094e-01 -3.721530360815730742e-01 5.197079176106339515e-01
2.451525072457547971e-01 -3.923640179982660903e-01 5.177029169173295031e-01
2.461405763486450016e-01 -4.127529423748066972e-01 5.156426286460995545e-01
2.468787726936876870e-01 -4.281006514247426287e-01 5.140668813430583350e-01
2.476169690387302891e-01 -4.435456437967394416e-01 5.124596129749301454e-01
2.483577944001824911e-01 -4.591425346000865826e-01 5.108149150108600711e-01
2.490986197616346931e-01 -4.748355530184657503e-01 5.091384427304798121e-01
2.500816239077278125e-01 -4.958053483818528617e-01 5.068651728919697508e-01
2.510646280538209041e-01 -5.169402953091333242e-01 5.045367344967123246e-01
2.520461819638492029e-01 -5.382064437213200936e-01 5.021550237354031054e-01
2.530263942354005202e-01 -5.596029663490568185e-01 4.997197535189860651e-01
2.540066065069517820e-01 -5.811562819201392394e-01 4.972291658531599046e-01
2.549850575566918187e-01 -6.028245812529322567e-01 4.946877078409171458e-01
2.559635086064319109e-01 -6.246437073244303084e-01 4.920907858089912379e-01
2.569380179873769765e-01 -6.465220769715939175e-01 4.894480478446574523e-01
2.579152191512413816e-01 -6.686054658534316131e-01 4.867410519678683767e-01
2.588903710736741859e-01 -6.907839187738255005e-01 4.839834896315142743e-01
2.598655229961069901e-01 -7.131005435624914179e-01 4.811706935152534337e-01
2.605942947118716768e-01 -7.298670683303899454e-01 4.790322058899957880e-01
2.613230664276363080e-01 -7.467076636248182187e-01 4.768623197904351407e-01
2.620550563064771854e-01 -7.636958120894853375e-01 4.746512446700820731e-01
2.627870461853180073e-01 -7.807559029974184828e-01 4.724085170296791758e-01
2.635137174867600018e-01 -7.977617695090286620e-01 4.701507742121556754e-01
2.642403887882019964e-01 -8.148356664623098711e-01 4.678618346274449613e-01
2.649703906914105955e-01 -8.320548369646939557e-01 4.655309868527662820e-01
2.657003925946191947e-01 -8.493396637036579877e-01 4.631686286939313280e-01
2.666698680509819730e-01 -8.723934863612018420e-01 4.599827822192718574e-01
2.676393435073449178e-01 -8.955566927074051220e-01 4.567417843025707302e-01
2.686075749083224884e-01 -9.187955671764097554e-01 4.534499218584418512e-01
2.695758063093001144e-01 -9.421358962399363213e-01 4.501031363416306275e-01
2.705412474514743981e-01 -9.655060619630334573e-01 4.467108762804338218e-01
2.715098617210188192e-01 -9.890464588776474164e-01 4.432520720207256404e-01
2.724758040936595127e-01 -1.012611006952477855e+00 4.397479833061084253e-01
2.734417464663002062e-01 -1.036260317103934403e+00 4.361896815173320063e-01
2.744049664315437731e-01 -1.059923118438207412e+00 4.325871645439132163e-01
2.753714841122708035e-01 -1.083743008450212875e+00 4.289177555665769082e-01
2.760918532582701257e-01 -1.101543506552803198e+00 4.261474525155828919e-01
2.768122224042693924e-01 -1.119381964777669713e+00 4.233470498610250043e-01
2.775363826324631078e-01 -1.137350625502069779e+00 4.205016123368106040e-01
2.782605428606568232e-01 -1.155353732128831634e+00 4.176258105128792808e-01
2.792230898017574736e-01 -1.179333097868324520e+00 4.137564695989888186e-01
2.801856367428581240e-01 -1.203364970275045076e+00 4.098338161546768443e-01
2.811473565508991190e-01 -1.227423735154327566e+00 4.058613843584999437e-01
2.821090763589401140e-01 -1.251525034473195186e+00 4.018359603275327152e-01
2.830682204929131918e-01 -1.275599119439012386e+00 3.977685867187287228e-01
2.840309311037308992e-01 -1.299795066776597618e+00 3.936332436450887262e-01
2.847494289063747241e-01 -1.317871215609186519e+00 3.905125294191922336e-01
2.854679267090184935e-01 -1.335960267758469877e+00 3.873625291586235142e-01
2.861905218058161116e-01 -1.354163217797568874e+00 3.841651035812387316e-01
2.869131169026136741e-01 -1.372374631748380480e+00 3.809381848355622435e-01
2.878724078661420993e-01 -1.396560423496628456e+00 3.766088387748008914e-01
2.888316988296705801e-01 -1.420751412459183571e+00 3.722279098122381336e-01
2.897885131602004893e-01 -1.444879488830083103e+00 3.678070173419320521e-01
2.907490868313554744e-01 -1.469096145127283704e+00 3.633173790379484180e-01
2.914649765154507244e-01 -1.487136680912926723e+00 3.599380345522260050e-01
2.921808661995458078e-01 -1.505168031275079921e+00 3.565303762442882385e-01
2.929010534726512738e-01 -1.523295838408154745e+00 3.530737885885570915e-01
2.936212407457569062e-01 -1.541409261288241517e+00 3.495887445622056222e-01
2.945767800163460737e-01 -1.565415293990754186e+00 3.449210220039428121e-01
2.955362094878383750e-01 -1.589482785684878996e+00 3.401842164148048409e-01
2.964933245974175069e-01 -1.613449730261625970e+00 3.354091931396212534e-01
2.974504397069965833e-01 -1.637367875204201573e+00 3.305850530447594360e-01
2.981662161635638131e-01 -1.655219325742047554e+00 3.269453497591319757e-01
2.988819926201308208e-01 -1.673037162185667892e+00 3.232783865145891777e-01
2.996022787896107098e-01 -1.690930547945305396e+00 3.195609497578776881e-01
3.003225649590904878e-01 -1.708784287707180161e+00 3.158162300141610923e-01
3.012768521985618730e-01 -1.732372197800680302e+00 3.108131237771340483e-01
3.022352021590857252e-01 -1.755978667858482556e+00 3.057409697217323696e-01
3.031913095476029274e-01 -1.779441300107930335e+00 3.006334887309303205e-01
3.041474169361201851e-01 -1.802808512433061061e+00 2.954794790709382446e-01
3.051033301085280258e-01 -1.826068586711343311e+00 2.902803828861718616e-01
3.060592432809358110e-01 -1.849219190716282268e+00 2.850355339064130078e-01
3.068910593111273122e-01 -1.869269759076479964e+00 2.804346419291441350e-01
3.077228753413188134e-01 -1.889227231839994747e+00 2.757996817972649950e-01
3.085611288673250074e-01 -1.909240082837190267e+00 2.710947140393936139e-01
3.093993823933313125e-01 -1.929148506570568022e+00 2.663558200360816586e-01
3.102334054035402189e-01 -1.948847823708887983e+00 2.616075119877102062e-01
3.110674284137491807e-01 -1.968433760124427945e+00 2.568263056326282601e-01
3.119080450867570131e-01 -1.988054677338857212e+00 2.519743680163847310e-01
3.127486617597647900e-01 -2.007550049315149465e+00 2.470897333618140845e-01
3.137041837576390879e-01 -2.029551073212927381e+00 2.414982195504473961e-01
3.146597057555134969e-01 -2.051375252668477422e+00 2.358655598779396401e-01
3.156152457355064223e-01 -2.073015084983996559e+00 2.301922381164945852e-01
3.165707857154991811e-01 -2.094462174387343278e+00 2.244789207315371349e-01
3.175265174639494981e-01 -2.115712742956110670e+00 2.187251148740945728e-01
3.184822492123998150e-01 -2.136754368462449261e+00 2.129327748073265858e-01
3.194379809608500764e-01 -2.157578895590666956e+00 2.071025981718938591e-01
3.203937127093003934e-01 -2.178178113315722086e+00 2.012351992941706358e-01
3.213495186061188225e-01 -2.198545318083276801e+00 1.953306956609486833e-01
3.223053245029371960e-01 -2.218670547080150435e+00 1.893901015275086253e-01
3.232613666241492267e-01 -2.238550267130909877e+00 1.834127211332949037e-01
3.242174087453610909e-01 -2.258170996615150194e+00 1.774009152314434123e-01
3.251734508665731216e-01 -2.277524213175021739e+00 1.713554440376294785e-01
3.261296959091333214e-01 -2.296605365511332764e+00 1.652757259337026552e-01
3.270859409516935212e-01 -2.315401677594142615e+00 1.591637657820055562e-01
3.280424123582719176e-01 -2.333908786070924890e+00 1.530189355352803982e-01
3.289988837648503139e-01 -2.352113444019123811e+00 1.468435374135446392e-01
3.299556098233494827e-01 -2.370011575598959475e+00 1.406367680371576057e-01
3.309123358818485960e-01 -2.387589442294304476e+00 1.344011486747332396e-01
3.318692480034560743e-01 -2.404841442409034968e+00 1.281361687745356248e-01
3.328264091018481863e-01 -2.421759487586914172e+00 1.218422855842554303e-01
3.337835702002405203e-01 -2.438329998525067488e+00 1.155221826231536270e-01
3.347413225943591253e-01 -2.454553846815214602e+00 1.091728643517676650e-01
3.356990749884776748e-01 -2.470411604056948818e+00 1.027992280016675336e-01
3.366568273825963908e-01 -2.485894153493603209e+00 9.640224293886849594e-02
3.376145797767149959e-01 -2.500992349248756241e+00 8.998284733769748578e-02
3.385727985393063855e-01 -2.515704080463011749e+00 8.353882723090048923e-02
3.395310173018977751e-01 -2.530012684160396041e+00 7.707424890494302128e-02
3.404896417920181828e-01 -2.543914687851157375e+00 7.058740127937093711e-02
3.414482662821387016e-01 -2.557394651936631291e+00 6.408207899914397654e-02
3.424074710093443219e-01 -2.570451058781254794e+00 5.755541352231939578e-02
3.433666757365498867e-01 -2.583066306676117918e+00 5.101245205927427279e-02
3.443258804637556181e-01 -2.595231086116501551e+00 4.445428816546068834e-02
3.452857836278598880e-01 -2.606944448577434237e+00 3.787723216680333183e-02
3.462456867919642134e-01 -2.618188044016037885e+00 3.128718212527809017e-02
3.472055899560684833e-01 -2.628952534773107530e+00 2.468526686674534995e-02
3.481660761558372230e-01 -2.639234670369865920e+00 1.806860725822559757e-02
3.491265623556059072e-01 -2.649018416411194732e+00 1.144236952228916589e-02
3.500875704891284190e-01 -2.658299317352688984e+00 4.804145315219149510e-03
3.510485786226508753e-01 -2.667062565679374053e+00 -1.841250835974629586e-03
3.520103073264083116e-01 -2.675304815850329199e+00 -8.497569158666120129e-03
3.529720360301656923e-01 -2.683009983775637597e+00 -1.515857073346656841e-02
3.539337647339230730e-01 -2.690168779123245368e+00 -2.182299392210677869e-02
3.548963558313465994e-01 -2.696777611650264195e+00 -2.849555715523472213e-02
3.558589469287700147e-01 -2.702820564927673530e+00 -3.516900391967741485e-02
3.568215380261933745e-01 -2.708288428904491063e+00 -4.184202122124562606e-02
3.577852424465762238e-01 -2.713177343889437765e+00 -4.852100219849279916e-02
3.587489468669590731e-01 -2.717471497695353122e+00 -5.519689423832400271e-02
3.597126512873419779e-01 -2.721161793159303066e+00 -6.186833837656970092e-02
3.606763557077248272e-01 -2.724239194274086007e+00 -6.853396167492155355e-02
3.616413390872483258e-01 -2.726697570050135688e+00 -7.520123021574630362e-02
3.626063224667718243e-01 -2.728523481362814973e+00 -8.185990839832676946e-02
3.635713058462953784e-01 -2.729708048363540307e+00 -8.850857246184520855e-02
3.645362892258188769e-01 -2.730242462653154067e+00 -9.514578268429943475e-02
3.655026181086620252e-01 -2.730117354829455945e+00 -1.017793451396129117e-01
3.664689469915051179e-01 -2.729322841046247561e+00 -1.083985600869684235e-01
3.674352758743483216e-01 -2.727850325065309445e+00 -1.150019432505641481e-01
3.684016047571914143e-01 -2.725691301884266338e+00 -1.215879955522271016e-01
3.693693456322281188e-01 -2.722832680496078961e+00 -1.281648277582013717e-01
3.703370865072648788e-01 -2.719268771520259254e+00 -1.347213168537640671e-01
3.713048273823015832e-01 -2.714991343228466913e+00 -1.412559217113847909e-01
3.722725682573382877e-01 -2.709992276839131797e+00 -1.477670878025100221e-01
3.732417861979792084e-01 -2.704254266425286879e+00 -1.542631783469345930e-01
3.742110041386200181e-01 -2.697776477238881476e+00 -1.607327052288975433e-01
3.751802220792607723e-01 -2.690551128368639411e+00 -1.671740752232772353e-01
3.761494400199016930e-01 -2.682570574160023202e+00 -1.735856830961758912e-01
3.771201940534871788e-01 -2.673812843265750860e+00 -1.799760562922703699e-01
3.780909480870727757e-01 -2.664282589283815561e+00 -1.863334361995397093e-01
3.790617021206583726e-01 -2.653972571240381217e+00 -1.926561826543157774e-01
3.800324561542439139e-01 -2.642875705711934753e+00 -1.989426452440116733e-01
3.810047989671537239e-01 -2.630964957801476434e+00 -2.052014234698142092e-01
3.819771417800634228e-01 -2.618251059057841612e+00 -2.114205898211800883e-01
3.829494845929731772e-01 -2.604727402382590373e+00 -2.175984628872444371e-01
3.839218274058828761e-01 -2.590387562402399091e+00 -2.237333527561006785e-01
3.848958109417324192e-01 -2.575199018819757768e+00 -2.298338710455457845e-01
3.858697944775816846e-01 -2.559179202379284312e+00 -2.358879894985175807e-01
3.868437780134311166e-01 -2.542322240181285942e+00 -2.418939921116682323e-01
3.878177615492804930e-01 -2.524622467112807467e+00 -2.478501583149838317e-01
3.887934366313096080e-01 -2.506041479608820399e+00 -2.537650556871076102e-01
3.897691117133387229e-01 -2.486604026261489686e+00 -2.596266384936816163e-01
3.907447867953677823e-01 -2.466305073759669231e+00 -2.654331561345422696e-01
3.917204618773967861e-01 -2.445139814796424282e+00 -2.711828503188395967e-01
3.929425816660728765e-01 -2.417399491099021525e+00 -2.783020379865568938e-01
3.941647014547489114e-01 -2.388284374849229952e+00 -2.853261632452440133e-01
3.953868212434248908e-01 -2.357786636953092430e+00 -2.922518118556828304e-01
3.966089410321009256e-01 -2.325899079492874222e+00 -2.990755656037107357e-01
3.975885794530298889e-01 -2.299330163858686937e+00 -3.044696966066564592e-01
3.985682178739590187e-01 -2.271860918742794944e+00 -3.097945514600120021e-01
3.995478562948880930e-01 -2.243488566416421914e+00 -3.150483435545399225e-01
4.005274947158171117e-01 -2.214210624503206049e+00 -3.202292921770124590e-01
4.015089505737350906e-01 -2.183968068176582733e+00 -3.253451295087940731e-01
4.024904064316531249e-01 -2.152812480366103287e+00 -3.303845069892286657e-01
4.034718622895709927e-01 -2.120742276278622551e+00 -3.353456575867749812e-01
4.044533181474890271e-01 -2.087756181911359477e+00 -3.402268159882894660e-01
4.054366193923388262e-01 -2.053788631961937394e+00 -3.450352632775617323e-01
4.064199206371885142e-01 -2.018900152129712300e+00 -3.497600793547885889e-01
4.074032218820382023e-01 -1.983090448517799809e+00 -3.543995069371505546e-01
4.083865231268878904e-01 -1.946359570783468884e+00 -3.589517961740749108e-01
4.093716963483209903e-01 -1.908635361879612580e+00 -3.634237183217191580e-01
4.103568695697539792e-01 -1.869987620611202050e+00 -3.678048828455493524e-01
4.113420427911870791e-01 -1.830417465085174999e+00 -3.720935567626565410e-01
4.123272160126201236e-01 -1.789926386859593599e+00 -3.762880173287966867e-01
4.133142878436527057e-01 -1.748435565732996633e+00 -3.803944623728534591e-01
4.143013596746851213e-01 -1.706024392809042611e+00 -3.844031110929491679e-01
4.152884315057175924e-01 -1.662695518411689166e+00 -3.883122669479206479e-01
4.162755033367501190e-01 -1.618452006350529437e+00 -3.921202498691599425e-01
4.172645010635290252e-01 -1.573208353226506206e+00 -3.958326390954581830e-01
4.182534987903078205e-01 -1.527053900321537094e+00 -3.994403556069525130e-01
4.192424965170867268e-01 -1.479992957529665754e+00 -4.029417427605670454e-01
4.202314942438655776e-01 -1.432030234663830726e+00 -4.063351564594561149e-01
4.212227482547770130e-01 -1.383058366905791647e+00 -4.096264519895531087e-01
4.222140022656882263e-01 -1.333191345838482533e+00 -4.128062870454123900e-01
4.232052562765996062e-01 -1.282435207021991319e+00 -4.158730951879439086e-01
4.241965102875108751e-01 -1.230796416419285499e+00 -4.188253299077439040e-01
4.251877642984221994e-01 -1.178281873924237333e+00 -4.216614654421065311e-01
4.261811722776812084e-01 -1.124781982200066199e+00 -4.243858845844712402e-01
4.271745802569402173e-01 -1.070417740718426325e+00 -4.269908899824891857e-01
4.281679882361992262e-01 -1.015197470458273576e+00 -4.294749811485255586e-01
4.291613962154581796e-01 -9.591299771451823331e-01 -4.318366889261634478e-01
4.301567804929378180e-01 -9.021105194946980044e-01 -4.340790251793774646e-01
4.311521647704175120e-01 -8.442596039842101829e-01 -4.361958778543918447e-01
4.321475490478970949e-01 -7.855875266662984968e-01 -4.381858617497176311e-01
4.331429333253766778e-01 -7.261050769554410200e-01 -4.400476175071835194e-01
4.341403004034695146e-01 -6.657026731193930180e-01 -4.417832446626665521e-01
4.351376674815624068e-01 -6.045098277636907769e-01 -4.433877078753115097e-01
4.361350345596550770e-01 -5.425388895230154329e-01 -4.448597284544307251e-01
4.371324016377479138e-01 -4.798027302631986402e-01 -4.461980609524542341e-01
4.381317600079985830e-01 -4.161872544350590508e-01 -4.474038729286172744e-01
4.391311183782494187e-01 -3.518309423500602384e-01 -4.484732860153500256e-01
4.401304767484999769e-01 -2.867482833830937161e-01 -4.494051478969264268e-01
4.411298351187508127e-01 -2.209542654477908707e-01 -4.501983394939255145e-01
4.421311902823116813e-01 -1.543308401256553997e-01 -4.508530443643985475e-01
4.431325454458727164e-01 -8.702483566173555007e-02 -4.513665926724448330e-01
4.441339006094336961e-01 -1.905290847145513916e-02 -4.517379838749981391e-01
4.451352557729946757e-01 4.956769711202948375e-02 -4.519662665225506193e-01
4.461383128646460028e-01 1.189373753613866547e-01 -4.520506596136088517e-01
4.471413699562972743e-01 1.889216186915209927e-01 -4.519898439596484185e-01
4.481444270479484904e-01 2.595014987261167194e-01 -4.517829249759712229e-01
4.491495833164476092e-01 3.308070740235941609e-01 -4.514282744867387231e-01
4.501547395849466171e-01 4.026711379082502651e-01 -4.509255342084506624e-01
4.511598958534456250e-01 4.750730423076842124e-01 -4.502740117464359426e-01
4.521650521219445773e-01 5.479916255794061719e-01 -4.494730554525649957e-01
4.531702083904435852e-01 6.214052138935016734e-01 -4.485220552209893130e-01
4.571995547235140900e-01 9.200823984010170209e-01 -4.431932309765155287e-01
4.612368252831767768e-01 1.225422572047486058e+00 -4.354041623304677477e-01
4.652819592943879257e-01 1.535787804387481970e+00 -4.251276924888200415e-01
4.693348783544071812e-01 1.849385971759260450e+00 -4.123506220977070647e-01
4.733955065266273188e-01 2.164270151318753665e+00 -3.970749956201011233e-01
4.784822981688974797e-01 2.556377107297137297e+00 -3.744981269242710353e-01
4.825599532103003741e-01 2.866286141353509453e+00 -3.536929435929452858e-01
4.866449712303865804e-01 3.170173503955353578e+00 -3.305108928760076004e-01
4.907371949891458085e-01 3.465518293748482748e+00 -3.050283942354717337e-01
4.948364585384024128e-01 3.749694868336142406e+00 -2.773410843415968774e-01
4.989425778493357111e-01 4.019989450339109816e+00 -2.475643635692030831e-01
5.020264094695874313e-01 4.211982969176382596e+00 -2.239380857799330715e-01
5.051138832495274400e-01 4.393405443832913093e+00 -1.992765900834173876e-01
5.092361856145506405e-01 4.616700264273625010e+00 -1.649137749340173209e-01
5.133645520198434342e-01 4.816198020689336445e+00 -1.290251712812426899e-01
5.174987117319133079e-01 4.989050574326076237e+00 -9.181675407627076790e-02
5.216383508218596088e-01 5.132453718378310548e+00 -5.351392773360779537e-02
5.257831480915519107e-01 5.243680355063752074e+00 -1.436027013187868122e-02
5.299327976174466048e-01 5.320113811400943860e+00 2.538381478832176311e-02
5.340869657500283418e-01 5.359283601381601869e+00 6.544206892984044677e-02
5.382452599924625325e-01 5.358903329672871862e+00 1.055237097977479582e-01
5.424072497157466088e-01 5.316908996457041070e+00 1.453255459462416133e-01
5.465725012540574301e-01 5.231497237636077990e+00 1.845345006665785603e-01
5.507405845750824591e-01 5.101163694543000560e+00 2.228300910045292738e-01
5.549110536012068495e-01 4.924741353351986817e+00 2.598868810216963809e-01
5.590834321773656690e-01 4.701439032405891005e+00 2.953773018485973401e-01
5.643010869630014081e-01 4.355899730564025241e+00 3.370254312781621464e-01
5.684758978830769527e-01 4.026420761123014280e+00 3.678044583145299029e-01
5.726509199913500936e-01 3.650492294730926179e+00 3.959766559801536912e-01
5.768255755389478656e-01 3.229284347947974254e+00 4.212418994206488798e-01
5.809992666418749563e-01 2.764494726468874841e+00 4.433164633502024166e-01
5.851713896051653485e-01 2.258362045261735673e+00 4.619355927445872867e-01
5.882989619740793819e-01 1.853199323199541615e+00 4.734912941242028772e-01
5.935085681122563850e-01 1.133946216801818840e+00 4.878656997814056484e-01
5.976721595114997676e-01 5.228043871011320842e-01 4.947837595807366151e-01
6.018315407075064405e-01 -1.151749238386129415e-01 4.974563012884417046e-01
6.059860031390628121e-01 -7.750156159526323529e-01 4.957695289526387050e-01
6.101348262532020339e-01 -1.451250535701478661e+00 4.896488328141078705e-01
6.142772761532119263e-01 -2.137952278667267780e+00 4.790612268090788106e-01
6.184126036405177551e-01 -2.828778258171713134e+00 4.640172683013291666e-01
6.225400396928169044e-01 -3.517024040302053400e+00 4.445725878112449792e-01
6.266587955232777452e-01 -4.195685202022927385e+00 4.208289332819823980e-01
6.307680621340325811e-01 -4.857525773208102748e+00 3.929346910921649449e-01
6.348670077734064332e-01 -5.495153592636984996e+00 3.610848564867444321e-01
6.389547727646552877e-01 -6.101102860558881069e+00 3.255204326753602939e-01
6.430304670771704867e-01 -6.667922882905189752e+00 2.865272095645357009e-01
6.470931794239351831e-01 -7.188271681799230706e+00 2.444338276423791978e-01
6.511419830734889169e-01 -7.655012083058137407e+00 1.996092838306759154e-01
6.551759295578980513e-01 -8.061309665858869877e+00 1.524599885380964193e-01
6.591940368817645890e-01 -8.400731954327110174e+00 1.034262685134073739e-01
6.631952816224888636e-01 -8.667347179152910641e+00 5.297822680938379936e-02
6.671786041264677891e-01 -8.855820984423344200e+00 1.610901802878038011e-03
6.711429148974273895e-01 -8.961508685579921973e+00 -5.016106887615248699e-02
6.750870927600961524e-01 -8.980541795970559349e+00 -1.018090808968535460e-01
6.790099725167971778e-01 -8.909907548944907774e+00 -1.527963978711021353e-01
6.829103352717456055e-01 -8.747519923066944258e+00 -2.025842980290092077e-01
6.867869018151261384e-01 -8.492280412933157052e+00 -2.506384507750013535e-01
6.906383285912754966e-01 -8.144127241667849404e+00 -2.964353698144819860e-01
6.944632064204609989e-01 -7.704071590635433786e+00 -3.394687557403902045e-01
6.982600501045075347e-01 -7.174224128532808109e+00 -3.792555169958845007e-01
7.020272815871985150e-01 -6.557783471015239840e+00 -4.153412250694090146e-01
7.038990663650485091e-01 -6.218236869013888501e+00 -4.318731290889760155e-01
7.057628000939073498e-01 -5.858724416880596308e+00 -4.473242500280548706e-01
7.094655902404470860e-01 -5.083084740859859174e+00 -4.747845407557759745e-01
7.131331888985167344e-01 -4.237086554878082723e+00 -4.974027591495398526e-01
7.167633315432266894e-01 -3.328109565204987685e+00 -5.148856476315193387e-01
7.203534697890988658e-01 -2.364564122183080652e+00 -5.269680711599928902e-01
7.239006927315578821e-01 -1.355700775949780557e+00 -5.335881601516268002e-01
7.274037472512754343e-01 -3.109498290093504203e-01 -5.350377827527960095e-01
7.308631569784361792e-01 7.602762348300217132e-01 -5.314478963032339687e-01
7.342794427454362172e-01 1.848228371391788416e+00 -5.229130397497737670e-01
7.376531370894844342e-01 2.942964305906926814e+00 -5.095707489636688292e-01
7.409847640846142225e-01 4.034405363433307912e+00 -4.915991460172565719e-01
7.442748211369105693e-01 5.112432328270897663e+00 -4.692144319911574213e-01
7.475237974064263824e-01 6.166981554279548305e+00 -4.426679316436699652e-01
7.507321962838469087e-01 7.188137932496434068e+00 -4.122427374373436315e-01
7.539005302043194634e-01 8.166224089861104929e+00 -3.782503222404404730e-01
7.570292970629285412e-01 9.091885901301379747e+00 -3.410272708381116846e-01
7.601189748256973466e-01 9.956176053720312780e+00 -3.009318057380062639e-01
7.631700307096180858e-01 1.075063304660453234e+01 -2.583400539326854983e-01
7.661829280312825174e-01 1.146735477262755332e+01 -2.136422562834578154e-01
7.691581275626218073e-01 1.209906576502270248e+01 -1.672390292454980221e-01
7.720960887207071188e-01 1.263917719847117915e+01 -1.195376613475563343e-01
7.749972707982543119e-01 1.308184005398624805e+01 -7.094847770752862881e-02
7.778621289318303766e-01 1.342199228994706495e+01 -2.188139299653927769e-02
7.806911033824630586e-01 1.365539905209127269e+01 2.725728826642787386e-02
7.834846171445913887e-01 1.377868496901647966e+01 7.606806557057142759e-02
7.862430869060449412e-01 1.378935798800347712e+01 1.241615129643493520e-01
7.889669369237084506e-01 1.368582513764862796e+01 1.711614145655831476e-01
7.916565982021911418e-01 1.346740035092098786e+01 2.167074209367439996e-01
7.943124974778934533e-01 1.313430499201074397e+01 2.604572994975251632e-01
7.969350495080719243e-01 1.268766174118562873e+01 3.020890226904233700e-01
7.995246585495641156e-01 1.212948169459651560e+01 3.413027835008269339e-01
8.020817215573190495e-01 1.146264460967458731e+01 3.778227929627432924e-01
8.046066294762304061e-01 1.069087219178036818e+01 4.113987932845241668e-01
8.070997653306969388e-01 9.818695570179437837e+00 4.418072758728127658e-01
8.095615092888481801e-01 8.851414915179990572e+00 4.688525344772165315e-01
8.119922431475441460e-01 7.795052972468331731e+00 4.923674269610336385e-01
8.143923505053758394e-01 6.656303642238622587e+00 5.122138163004273936e-01
8.167622071215497881e-01 5.442480108694698338e+00 5.282827001423866520e-01
8.191021778306492029e-01 4.161458650532460446e+00 5.404942199806505032e-01
8.214126187949533087e-01 2.821619377470115264e+00 5.487975008868120064e-01
8.236938850346046115e-01 1.431781910311447747e+00 5.531702772124248435e-01
8.259463322523640239e-01 1.139298007726537035e-03 5.536182549674784070e-01
8.281703138888254490e-01 -1.460811719555459964e+00 5.501742761938200887e-01
8.303661724506571362e-01 -2.944340256013445511e+00 5.428973528703020524e-01
8.325342380230222883e-01 -4.439550852938382697e+00 5.318715840124228489e-01
8.346748353855768521e-01 -5.936450153950443287e+00 5.172048898881028700e-01
8.367882947421915185e-01 -7.425014495352794341e+00 4.990275314972158482e-01
8.388749484008726220e-01 -8.895255899344762796e+00 4.774905763394453606e-01
8.409351219691613144e-01 -1.033728959196929509e+01 4.527643675512794119e-01
8.429691303017050608e-01 -1.174139880847507733e+01 4.250369231003444659e-01
8.449772835243484215e-01 -1.309809659856209230e+01 3.945121503882381697e-01
8.469598912257328971e-01 -1.439818360524328078e+01 3.614079979183580371e-01
8.489172622932020795e-01 -1.563280461337691030e+01 3.259546253341294442e-01
8.508497044538249066e-01 -1.679350212192545300e+01 2.883925646774294638e-01
8.527575229688695302e-01 -1.787226287770317512e+01 2.489709040230748127e-01
8.546410160783932675e-01 -1.886155866857974672e+01 2.079455697919102564e-01
8.565004710086118189e-01 -1.975438629745357488e+01 1.655776484890285338e-01
8.583361673787008872e-01 -2.054430693912492600e+01 1.221315789014645048e-01
8.601483873498577681e-01 -2.122548121917727926e+01 7.787319688381313942e-02
8.619374190156378068e-01 -2.179269624552223661e+01 3.306796572287347413e-02
8.637035513945729992e-01 -2.224138796840835752e+01 -1.202051377046117753e-02
8.654470650665438969e-01 -2.256765986079418340e+01 -5.713178659639433360e-02
8.671682312272307458e-01 -2.276829848360187114e+01 -1.020099535513358663e-01
8.688673159218502917e-01 -2.284078403364691212e+01 -1.464051403242955796e-01
8.705445856873960109e-01 -2.278329659168093002e+01 -1.900749209235663428e-01
8.722003068198478370e-01 -2.259471808080592226e+01 -2.327854794373466762e-01
8.738347418094588592e-01 -2.227463015266684465e+01 -2.743125996171986158e-01
8.754481467852704979e-01 -2.182330840211871248e+01 -3.144425864807113835e-01
8.770407741766889087e-01 -2.124171308291474958e+01 -3.529732239936503313e-01
8.786128771136945126e-01 -2.053147589562031783e+01 -3.897146660333214996e-01
8.801647113007132761e-01 -1.969488230966747366e+01 -4.244901479964290902e-01
8.816965317742312402e-01 -1.873485091066012842e+01 -4.571364717764280217e-01
8.832085878593547434e-01 -1.765491113875838280e+01 -4.875043679336446001e-01
8.847011190561783200e-01 -1.645918073833477635e+01 -5.154588125273192878e-01
8.861743569071006688e-01 -1.515233955044185343e+01 -5.408793897048340682e-01
8.876285293506940288e-01 -1.373960010556100997e+01 -5.636605956244862270e-01
8.890638676536581908e-01 -1.222667226303715360e+01 -5.837120548163576839e-01
8.904806072870743439e-01 -1.061972839254753787e+01 -6.009585117242250973e-01
8.918789864151801527e-01 -8.925366911312590190e+00 -6.153397001676572664e-01
8.932592404372767803e-01 -7.150577901695809757e+00 -6.268101129660621496e-01
8.946215989640163846e-01 -5.302705949268736951e+00 -6.353387685642971627e-01
8.959662842038009778e-01 -3.389412136320137492e+00 -6.409089490557414726e-01
8.972935117732897536e-01 -1.418634593673723687e+00 -6.435178998641517545e-01
8.986034927209798351e-01 6.014507797509435205e-01 -6.431764643942176063e-01
8.998964354025826839e-01 2.662467940674918765e+00 -6.399086460364513673e-01
9.011725489915097809e-01 4.755880597622486938e+00 -6.337510938699296714e-01
9.024320447860507688e-01 6.873031440168074546e+00 -6.247525195206293791e-01
9.036751353555274591e-01 9.005182738646666962e+00 -6.129730790020594400e-01
9.049020296532450658e-01 1.114355323552688404e+01 -5.984837784139104278e-01
9.061129304280890473e-01 1.327935461193943389e+01 -5.813658776413377360e-01
9.073080357373773941e-01 1.540382710567107694e+01 -5.617102344146522874e-01
9.084875419218813031e-01 1.750827434566887675e+01 -5.396165851204484110e-01
9.096516449412487271e-01 1.958409739772389457e+01 -5.151928117992418121e-01
9.108005396977110202e-01 2.162282778423838892e+01 -4.885542309657360804e-01
9.119344190251117421e-01 2.361615910557233988e+01 -4.598228927500907504e-01
9.130534727752540602e-01 2.555597591228519505e+01 -4.291268870616561926e-01
9.141578874195450677e-01 2.743438064463447645e+01 -3.965996470147442610e-01
9.152478462184302499e-01 2.924372034673401544e+01 -3.623792436348792778e-01
9.163235307136011754e-01 3.097660925007285471e+01 -3.266076435753624829e-01
9.173851213290326045e-01 3.262595543739440274e+01 -2.894299943779081175e-01
9.184327978233862710e-01 3.418497861905524360e+01 -2.509939245270136343e-01
9.194667382392092136e-01 3.564722955080011246e+01 -2.114489170412159891e-01
9.204871184823875119e-01 3.700660738240163994e+01 -1.709456861300501229e-01
9.214941118815067611e-01 3.825737527492011480e+01 -1.296355790096223870e-01
9.224878885587296518e-01 3.939417389018454685e+01 -8.767001127516962922e-02
9.234686156415649050e-01 4.041203345443183537e+01 -4.519989314634215855e-02
9.244364580894727235e-01 4.130638355069806522e+01 -2.375051980762034071e-03
9.253915805410551920e-01 4.207306163958335787e+01 4.065636865965525232e-02
9.263341472457474746e-01 4.270831938937482875e+01 8.374840067430450175e-02
9.272643205556930779e-01 4.320882814984173592e+01 1.267576454549189935e-01
9.281822593195951931e-01 4.357168306701206006e+01 1.695436297140290871e-01
9.290881192404382150e-01 4.379440516250416238e+01 2.119692222543810844e-01
9.299820544127295197e-01 4.387494089216590254e+01 2.539010783068529897e-01
9.308642183379219892e-01 4.381166021873703187e+01 2.952100299067041966e-01
9.317347637709364472e-01 4.360335430753956842e+01 3.357713900902660198e-01
9.325938419655581679e-01 4.324923263602697432e+01 3.754651986669905184e-01
9.334416025644689530e-01 4.274891846544837648e+01 4.141764692351287969e-01
9.342781940582032263e-01 4.210244230210135186e+01 4.517954329318511486e-01
9.351037639763524201e-01 4.131023419577176270e+01 4.882177395637566919e-01
9.359184581932523672e-01 4.037311486412369987e+01 5.233445907340842362e-01
9.367224180073485673e-01 3.929228696473161619e+01 5.570827557683903919e-01
9.375157793601903711e-01 3.806932410282611556e+01 5.893446676228241143e-01
9.382986736089657942e-01 3.670616045043446007e+01 6.200485644612684366e-01
9.390712321160756826e-01 3.520507796371481390e+01 6.491187494825993998e-01
9.398335891165293665e-01 3.356869392751009684e+01 6.764857294489780015e-01
9.405858812974943195e-01 3.179994852834916585e+01 7.020861902339312621e-01
9.413282457717848661e-01 2.990209263260028294e+01 7.258628988472625165e-01
9.420608178502133390e-01 2.787867758908238258e+01 7.477645979737795878e-01
9.427837310928691705e-01 2.573354127369739075e+01 7.677459689867718318e-01
9.434971161334501089e-01 2.347079234077137855e+01 7.857675457696204901e-01
9.442010983676487612e-01 2.109479421043108971e+01 8.017956003659982844e-01
9.448957981803430828e-01 1.861014729566095482e+01 8.158020948582865861e-01
9.455813325674083947e-01 1.602168113380071901e+01 8.277646460563529152e-01
9.462578189837917986e-01 1.333444877619440838e+01 8.376664962833174632e-01
9.469253759203707377e-01 1.055372360931385955e+01 8.454963866517621884e-01
9.475841219105402002e-01 7.684979278645073464e+00 8.512483966519911460e-01
9.482341736882211602e-01 4.733851875257095720e+00 8.549217716932270283e-01
9.488756453742962504e-01 1.706102943488423396e+00 8.565207568855385256e-01
9.495086488587556328e-01 -1.392403265872270257e+00 8.560544263801271869e-01
9.501332951313513631e-01 -4.555724401399817047e+00 8.535364921402840421e-01
9.507496960826257171e-01 -7.777871428498301043e+00 8.489850745753562133e-01
9.513579651353069044e-01 -1.105282999491039675e+01 8.424224444676065016e-01
9.519582165945869034e-01 -1.437454597634913256e+01 8.338747765272421786e-01
9.525505625735545268e-01 -1.773687514694474032e+01 8.233719838543753777e-01
9.531351118401709677e-01 -2.113356619868835296e+01 8.109475917275710266e-01
9.537119697698679399e-01 -2.455827557321332932e+01 7.966386100068246767e-01
9.542812403202287630e-01 -2.800459840238243814e+01 7.804853403026256187e-01
9.548430270251752061e-01 -3.146608762393166003e+01 7.625311699876691218e-01
9.553974327455952986e-01 -3.493627084137939676e+01 7.428223882284175072e-01
9.559445589026865919e-01 -3.840868938922899645e+01 7.214080173565200482e-01
9.564845050053580877e-01 -4.187693963745812198e+01 6.983396303514031178e-01
9.570173690229182295e-01 -4.533468983757656900e+01 6.736711303838293086e-01
9.575432481385535155e-01 -4.877567313348735922e+01 6.474585117298609083e-01
9.580622389120657667e-01 -5.219367239266290426e+01 6.197596544786474482e-01
9.585744372418232295e-01 -5.558252012569356282e+01 5.906341408742563637e-01
9.590799381259947909e-01 -5.893610987308386484e+01 5.601430899425492438e-01
9.595788354479902749e-01 -6.224840943752901268e+01 5.283489967075147842e-01
9.600712216912781205e-01 -6.551347084405560395e+01 4.953155823476658171e-01
9.605571877573033657e-01 -6.872543589743223436e+01 4.611076464362891536e-01
9.610368233668841187e-01 -7.187854091734568840e+01 4.257908849595904988e-01
9.615102176430252445e-01 -7.496712143184775812e+01 3.894316938094774527e-01
9.619774592602109431e-01 -7.798561609552636753e+01 3.520970039717701838e-01
9.624386363595022198e-01 -8.092856992193082988e+01 3.138541406046542193e-01
9.628938363592510763e-01 -8.379063643391087624e+01 2.747706994642818978e-01
9.633431459530198415e-01 -8.656658111298997937e+01 2.349144162888619491e-01
9.637866510388649610e-01 -8.925128700352405531e+01 1.943530482496654832e-01
9.642244362725824747e-01 -9.183975893934899659e+01 1.531542971906255657e-01
9.646565852206075986e-01 -9.432712548305599398e+01 1.113856867223518843e-01
9.650831808361504116e-01 -9.670863800651996200e+01 6.911441207420349064e-02
9.655043054562382210e-01 -9.897966950215969462e+01 2.640724020870926017e-02
9.659200402356747928e-01 -1.011357147500701501e+02 -1.666952453095454229e-02
9.663304647237355161e-01 -1.031723919297236733e+02 -6.005007769108697963e-02
9.667356570265409621e-01 -1.050854423655026721e+02 -1.036692054210162084e-01
9.671356950751521797e-01 -1.068707316585915237e+02 -1.474624928799536938e-01
9.675306568648514016e-01 -1.085242476543762393e+02 -1.913664238542933937e-01
9.679206204413721704e-01 -1.100420988023336832e+02 -2.353184466233542715e-01
9.683056632759791116e-01 -1.114205093708744556e+02 -2.792569622939315988e-01
9.686858619411236049e-01 -1.126558166836690305e+02 -3.231213362666425226e-01
9.690612920205190495e-01 -1.137444709417797100e+02 -3.668519296685345266e-01
9.694320280361357067e-01 -1.146830364861398550e+02 -4.103901282984757648e-01
9.697981436541373013e-01 -1.154681920957081331e+02 -4.536784006284779180e-01
9.701597119736792285e-01 -1.160967280990901145e+02 -4.966603621944601366e-01
9.705168057640763957e-01 -1.165655426766553404e+02 -5.392808295728822587e-01
9.708694969864466451e-01 -1.168716385590649054e+02 -5.814857839270650697e-01
9.712178563702503764e-01 -1.170121213234310460e+02 -6.232223358597703822e-01
9.715619532024425409e-01 -1.169841975578245012e+02 -6.644387121435706423e-01
9.719018559824413872e-01 -1.167851728240179909e+02 -7.050843433924766090e-01
9.722376334334535963e-01 -1.164124499905958317e+02 -7.451099907551076429e-01
9.725693544860373185e-01 -1.158635281318355936e+02 -7.844677448931079988e-01
9.728970879945362249e-01 -1.151360011018155944e+02 -8.231109890065023693e-01
9.732209017546173957e-01 -1.142275577635062689e+02 -8.609942773012820849e-01
9.735408623544371531e-01 -1.131359829956336824e+02 -8.980733124155516611e-01
9.738570353791702328e-01 -1.118591588448677783e+02 -9.343049632589095488e-01
9.741694855365269357e-01 -1.103950634595486804e+02 -9.696472714191681774e-01
9.744782765863391205e-01 -1.087417678885994263e+02 -1.004059432781111427e+00
9.747834712405878399e-01 -1.068974333430511194e+02 -1.037501774340566341e+00
9.750851311684266554e-01 -1.048603116002541640e+02 -1.069935742004459955e+00
9.753833174776915804e-01 -1.026287460109668075e+02 -1.101323938059362240e+00
9.756780908428658305e-01 -1.002011716397355343e+02 -1.131630115989672891e+00
9.759695114299516971e-01 -9.757611405414328942e+01 -1.160819151721209863e+00
9.762576389021463408e-01 -9.475219546438705720e+01 -1.188857022995476020e+00
9.765425324979953858e-01 -9.172814753511116237e+01 -1.215710796911899427e+00
9.768242509432418785e-01 -8.850282276730145270e+01 -1.241348603170286502e+00
9.771028522833710150e-01 -8.507519403013711212e+01 -1.265739601800874414e+00
9.773783933517848910e-01 -8.144434217975727108e+01 -1.288853920154978461e+00
9.776509296593629550e-01 -7.760944179303217538e+01 -1.310662629326051265e+00
9.779205156231944862e-01 -7.356975752421746506e+01 -1.331137746611743333e+00
9.781872047434609918e-01 -6.932465158434688135e+01 -1.350252230826810118e+00
9.784510495060143587e-01 -6.487359847144858804e+01 -1.367979958842715504e+00
9.787121011965591588e-01 -6.021619192114437169e+01 -1.384295701890828845e+00
9.789704097928612070e-01 -5.535214767820552595e+01 -1.399175112435427915e+00
9.792260248675913603e-01 -5.028129715398154786e+01 -1.412594767089274450e+00
9.794789964416771300e-01 -4.500358262496050799e+01 -1.424532182814104431e+00
9.797293750085785957e-01 -3.951906139870830970e+01 -1.434965774217141998e+00
9.799772111141689113e-01 -3.382789485435900190e+01 -1.443874791005253622e+00
9.802225538059048393e-01 -2.793034172816247107e+01 -1.451239229525768115e+00
9.804654503645000574e-01 -2.182669288521874407e+01 -1.457039812370650944e+00
9.807059465012439858e-01 -1.551753770957255973e+01 -1.461258011856390704e+00
9.809440869290046994e-01 -9.003129602717496738e+00 -1.463876028263206841e+00
9.811799158740861504e-01 -2.284174407588338340e+00 -1.464876770811133655e+00
9.814134771051555850e-01 4.638674219640761542e+00 -1.464243857573687801e+00
9.816448139740299172e-01 1.176470569827860047e+01 -1.461961566625894271e+00
9.818739695684386426e-01 1.909317905432864393e+01 -1.458014794776200329e+00
9.821009867550495320e-01 2.662336617097373903e+01 -1.452389005930771582e+00
9.823259081899210488e-01 3.435456432945613159e+01 -1.445070173349088272e+00
9.825487766341645113e-01 4.228612487699344058e+01 -1.436044705370567831e+00
9.827696354372893461e-01 5.041749040300240381e+01 -1.425299344112522570e+00
9.829885289087769706e-01 5.874823020449986188e+01 -1.412821043260746645e+00
9.832055018255810852e-01 6.727806384464763312e+01 -1.398596880264074249e+00
9.834205977716130587e-01 7.600685076409381224e+01 -1.382614075168492773e+00
9.836338588957453943e-01 8.493461677547091426e+01 -1.364859964472582954e+00
9.838453264273652188e-01 9.406159272253545112e+01 -1.345321913270036029e+00
9.840550431756610594e-01 1.033883318564676586e+02 -1.323986989648241241e+00
9.842630544299338924e-01 1.129157676052885932e+02 -1.300841683357575107e+00
9.844694079699815026e-01 1.226452743857356182e+02 -1.275871675727236365e+00
9.846741527711339037e-01 1.325787260704023538e+02 -1.249061766102181226e+00
9.848773386240422534e-01 1.427185959862322306e+02 -1.220395716670030550e+00
9.850790165882933325e-01 1.530680080028834027e+02 -1.189855976294985407e+00
9.852792397559874127e-01 1.636306978014984566e+02 -1.157423331141694600e+00
9.854780637322345660e-01 1.744109782026103517e+02 -1.123076571026671022e+00
9.856755468082143423e-01 1.854138176778577929e+02 -1.086792179666630664e+00
9.858717495053704871e-01 1.966449853199351026e+02 -1.048544112214604862e+00
9.860667343401825491e-01 2.081109524048601429e+02 -1.008303545055051043e+00
9.862605662335471868e-01 2.198199783080505085e+02 -9.660383972820388854e-01
9.864533145194630537e-01 2.317802276852465297e+02 -9.217125369829878290e-01
9.866450541503118954e-01 2.440015412441132412e+02 -8.752850652714062596e-01
9.867880381885917318e-01 2.533326762790217686e+02 -8.391126751277417917e-01
9.869309532600107904e-01 2.628497236689582905e+02 -8.016028472753622403e-01
9.871205341790296739e-01 2.757761974279849824e+02 -7.497055074829713783e-01
9.872620466585018129e-01 2.856571909139893819e+02 -7.093442823170104106e-01
9.874036170961336678e-01 2.957463302859057990e+02 -6.675456934124053276e-01
9.875916216718324536e-01 3.094691885874061086e+02 -6.097882407139516570e-01
9.877556032248382412e-01 3.217521594903742539e+02 -5.572689601226424871e-01
9.878728339090028232e-01 3.307183625723018849e+02 -5.184719122179766160e-01
9.880364164951689343e-01 3.434944084212416442e+02 -4.625493223679727484e-01
9.881766700670048253e-01 3.547021349079404331e+02 -4.129136176733405050e-01
9.882701561032216642e-01 3.623065681737599562e+02 -3.789463693966829694e-01
9.884161744165290697e-01 3.744032554906345922e+02 -3.244487090972245080e-01
9.885274938018725477e-01 3.838099322054600293e+02 -2.817007331150105376e-01
9.886441702430321943e-01 3.938450476976074128e+02 -2.357578655125184275e-01
9.887615048409820195e-01 4.041226382749820800e+02 -1.883606473897848355e-01
9.888671405303265383e-01 4.135389206932588309e+02 -1.446461125764041955e-01
9.889964814527246739e-01 4.252841645937010071e+02 -8.974969958189110697e-02
9.891379956535801821e-01 4.384149381907188285e+02 -2.792210841776603114e-02
9.892563647329785104e-01 4.496298956645568410e+02 2.523754721725294733e-02
9.893750463211569146e-01 4.610921509838003658e+02 7.988607115243291645e-02
9.894943121748573933e-01 4.728360699308630046e+02 1.361901883738306784e-01
9.896140207055634797e-01 4.848566083350779650e+02 1.941282657771001841e-01
9.897159914823099314e-01 4.952846718901964778e+02 2.446278663558301147e-01
9.898434705941348000e-01 5.085710969238899111e+02 3.092739703525262396e-01
9.899375585064562610e-01 5.185595185514773675e+02 3.580835122133735893e-01
9.900878310668779214e-01 5.348405813360640195e+02 4.380159592718387840e-01
9.901743200970993808e-01 5.443990419107651633e+02 4.851396153221661511e-01
9.902609137873940037e-01 5.541093940587680891e+02 5.331554326057401649e-01
9.903612026626938958e-01 5.655339184296660733e+02 5.898259508028691478e-01
9.904874739384739168e-01 5.801966618026408469e+02 6.628267996169849852e-01
9.905894425236058121e-01 5.922693870281391355e+02 7.231416768010421325e-01
9.907182233334840271e-01 6.078195777810010441e+02 8.010958059550363775e-01
9.907962672147299088e-01 6.174114296814118461e+02 8.493192473790526220e-01
9.909212141403226370e-01 6.330361830479640730e+02 9.281001337472094548e-01
9.910108377596256179e-01 6.444511860428643786e+02 9.858212461164268525e-01
9.911016878566011323e-01 6.562021098079602552e+02 1.045384809240255564e+00
9.912137238991562960e-01 6.709462532674453996e+02 1.120322807193902870e+00
9.913000989104370220e-01 6.825077329465605089e+02 1.179232966614217837e+00
9.913838631252052114e-01 6.938840437277473256e+02 1.237323167246831890e+00
9.914506465589315587e-01 7.030717509360674740e+02 1.284323879261344281e+00
9.915146713824002367e-01 7.119789817208799150e+02 1.329962336970029968e+00
9.916340109879260289e-01 7.288436837527461876e+02 1.416568029944564877e+00
9.917072197375820242e-01 7.393611501413433871e+02 1.470698285125740190e+00
9.918113459853242775e-01 7.545484424028850299e+02 1.549026672903853763e+00
9.918788921488236321e-01 7.645454596886611398e+02 1.600688165727170098e+00
9.919787124284612512e-01 7.795303888582704985e+02 1.678280291482732167e+00
9.920446367295224777e-01 7.895668365798785544e+02 1.730348861327983823e+00
9.921335618592820316e-01 8.032829195264469035e+02 1.801639611189839174e+00
9.922483388488775313e-01 8.212930845199563237e+02 1.895475394898481492e+00
9.923140323712106303e-01 8.317599663189093917e+02 1.950117919941734668e+00
9.923808176287334248e-01 8.425204239301411917e+02 2.006376943403662683e+00
9.924653149416101661e-01 8.563091079284458829e+02 2.078592891150515598e+00
9.925519742114751187e-01 8.706557381114445207e+02 2.153874874740913992e+00
9.926400143689063649e-01 8.854464537421655450e+02 2.231638230864078754e+00
9.927300306504682759e-01 9.007962048935395387e+02 2.312502683689698024e+00
9.928223552515691441e-01 9.167811763216406007e+02 2.396886248674520825e+00
9.928790071570852138e-01 9.267123507224589503e+02 2.449398997209774720e+00
9.929749283407137694e-01 9.437416321444453615e+02 2.539603996483774662e+00
9.930338309415541742e-01 9.543343328733907356e+02 2.595809384912583173e+00
9.931134822473388635e-01 9.688241076614242502e+02 2.672811588882948453e+00
9.931957520679123297e-01 9.839932309141754558e+02 2.753564390358502756e+00
9.932581794112547158e-01 9.956436517842460034e+02 2.815677177791589436e+00
9.933222453859934520e-01 1.007726405766524408e+03 2.880180083399097590e+00
9.934096186032961295e-01 1.024413664352313390e+03 2.969405238135463865e+00
9.934541404540199183e-01 1.033010665569562661e+03 3.015433279332395244e+00
9.935457954224757859e-01 1.050909298394714142e+03 3.111402465452474342e+00
9.936160469382104843e-01 1.064813683783219631e+03 3.186077245268611691e+00
9.936880935992783437e-01 1.079243280132166319e+03 3.263680374721625199e+00
9.937495894572796473e-01 1.091697902710026256e+03 3.330745257979789375e+00
9.938121488219817667e-01 1.104500018852952962e+03 3.399759670218968299e+00
9.939160796672812381e-01 1.126067537492913743e+03 3.516199796091739938e+00
9.939694945657114866e-01 1.137300627790690214e+03 3.576919617284792796e+00
9.940375730092885220e-01 1.151764833565400295e+03 3.655182895899579343e+00
9.941079133971814086e-01 1.166885029245874421e+03 3.737086894095606571e+00
9.941512836844985657e-01 1.176297698739563202e+03 3.788119031113847957e+00
9.942245924467123519e-01 1.192364656508877488e+03 3.875312580196776047e+00
9.942849783485653292e-01 1.205749315176705295e+03 3.948025018203273895e+00
9.943630951281491326e-01 1.223267922343147120e+03 4.043295039721835238e+00
9.944439687478419110e-01 1.241652083988304184e+03 4.143379589131013674e+00
9.944937414949477361e-01 1.253094118490498204e+03 4.205718135191568230e+00
9.945448254080581085e-01 1.264939525422596716e+03 4.270294044284837831e+00
9.946141837795062779e-01 1.281189036738392133e+03 4.358945978409888511e+00
9.946679242963347711e-01 1.293913206205750157e+03 4.428414824120969762e+00
9.947232555508067620e-01 1.307136952192200852e+03 4.500658561662748802e+00
9.947802947091887171e-01 1.320900781104242924e+03 4.575902798510512071e+00
9.948193345282794198e-01 1.330399356878682966e+03 4.627857553281634395e+00
9.948788033927520313e-01 1.344991492231751408e+03 4.707716918140670614e+00
9.949193304565996376e-01 1.355022146184975554e+03 4.762639518527037374e+00
9.949819063874423275e-01 1.370649275506069671e+03 4.848247093917342987e+00
9.950248963278948144e-01 1.381484455796928160e+03 4.907629787341535987e+00
9.950914392447394174e-01 1.398417078496804152e+03 5.000472404936918025e+00
9.951257033035670885e-01 1.407213091233396199e+03 5.048720433019640019e+00
9.951843888488717260e-01 1.422400387566110112e+03 5.132062420120479196e+00
9.952322115084688559e-01 1.434891210070501074e+03 5.200641153323640964e+00
9.952814503025246839e-01 1.447860522296311728e+03 5.271879301981487131e+00
9.953322073685838545e-01 1.461346167905816628e+03 5.345987576278663944e+00
9.953845960308196350e-01 1.475390686869523279e+03 5.423201666169370938e+00
9.954519586706931378e-01 1.493639530683571138e+03 5.523577147632074968e+00
9.954937886889216880e-01 1.505081001923460917e+03 5.586530545201504161e+00
9.955367586705249350e-01 1.516922300715738857e+03 5.651701941052994727e+00
9.955809446208156999e-01 1.529191940439076461e+03 5.719252669923911903e+00
9.956414875400296793e-01 1.546157812117591220e+03 5.812698936993124121e+00
9.956882115261579402e-01 1.559374014836520473e+03 5.885524858032999518e+00
9.957364305507077074e-01 1.573126043623807391e+03 5.961334797118946760e+00
9.957694647789196996e-01 1.582614085631392072e+03 6.013657316755744553e+00
9.958204391530577348e-01 1.597362204917552845e+03 6.095016541427669132e+00
9.958554331825923978e-01 1.607563247266439930e+03 6.151309237811348751e+00
9.959095524598978733e-01 1.623463092816064545e+03 6.239078667277704326e+00
9.959562594527735513e-01 1.637307208507308815e+03 6.315526743899060769e+00
9.960045505597787674e-01 1.651740684556768201e+03 6.395255719797449778e+00
9.960343411253066437e-01 1.660705522417834572e+03 6.444791549467671743e+00
9.960854494326569775e-01 1.676193280514198705e+03 6.530404791924662611e+00
9.961277448285118519e-01 1.689113875864566353e+03 6.601861434154304042e+00
9.961713919593757627e-01 1.702546210827109462e+03 6.676182374786476359e+00
9.962161918280310058e-01 1.716438638868970429e+03 6.753084368962711359e+00
9.962505693319740896e-01 1.727172517576970222e+03 6.812523434365821196e+00
9.962858572444537320e-01 1.738257624002537341e+03 6.873925824371426074e+00
9.963221125104277931e-01 1.749717783408571677e+03 6.937424843131098307e+00
9.963593986330890884e-01 1.761579402769740227e+03 7.003169356660517764e+00
9.963977866504906133e-01 1.773871689810397356e+03 7.071326196555460797e+00
9.964373559441993544e-01 1.786627390862123548e+03 7.142082405162384795e+00
9.964644356591672025e-01 1.795406740345060825e+03 7.190800812175049295e+00
9.965061743102501257e-01 1.809017834794658256e+03 7.266365606512122710e+00
9.965347929889251111e-01 1.818406420371325339e+03 7.318511609763869608e+00
9.965789926785999508e-01 1.832996593249345096e+03 7.399585779192018542e+00
9.966093636738425632e-01 1.843086078540712833e+03 7.455675179977954592e+00
9.966559567315705914e-01 1.858667133661409935e+03 7.542331667664481820e+00
9.966880427217708061e-01 1.869469785339546434e+03 7.602437777499782001e+00
9.967378328212044281e-01 1.886350901909315780e+03 7.696410517988774735e+00
9.967809783515868549e-01 1.901095240710054441e+03 7.778537874466638691e+00
9.968257684029371291e-01 1.916515514716668349e+03 7.864484810547906157e+00
9.968534955838771472e-01 1.926119460713920944e+03 7.918044363490111870e+00
9.969012406558794837e-01 1.942761093610568878e+03 8.010912119742201298e+00
9.969308756731882770e-01 1.953157686706525965e+03 8.068964382494019816e+00
9.969613046775022136e-01 1.963886941497659336e+03 8.128901156490011104e+00
9.969925771600518516e-01 1.974971014340610282e+03 8.190848950522315874e+00
9.970247479264872092e-01 1.986434420420373954e+03 8.254948242671476422e+00
9.970691443777704999e-01 2.002355884698139334e+03 8.344031131509236587e+00
9.971036607767090887e-01 2.014815866719956830e+03 8.413793011729612914e+00
9.971393088047536546e-01 2.027759110590743603e+03 8.486308138760289665e+00
9.971637472447061334e-01 2.036675974158515601e+03 8.536296005793026609e+00
9.972014842903836884e-01 2.050514562953219411e+03 8.613928538383627043e+00
9.972274093111264115e-01 2.060070927230655343e+03 8.667574602539932727e+00
9.972575290295068173e-01 2.071224439954170975e+03 8.730223131354492239e+00
9.972922000224022643e-01 2.084131609125573505e+03 8.802770029645207828e+00
9.973280657224116164e-01 2.097561293826191559e+03 8.878306395229634163e+00
9.973558081309227275e-01 2.108003715343714703e+03 8.937078156159106612e+00
9.973843238065247530e-01 2.118786376301394739e+03 8.997802638471805281e+00
9.974136641173761975e-01 2.129932508932912242e+03 9.060618007821799935e+00
9.974438858290636256e-01 2.141467962699338386e+03 9.125677575103511074e+00
9.974750515538618467e-01 2.153421246400515884e+03 9.193151360100088709e+00
9.975181926553605694e-01 2.170064349010320711e+03 9.287196695089063425e+00
9.975404964969021293e-01 2.178713623723744149e+03 9.336113361363439722e+00
9.975740710655780497e-01 2.191791308836466214e+03 9.410131637979185726e+00
9.976084019075507348e-01 2.205236037339387622e+03 9.486295799223521286e+00
9.976319905302465374e-01 2.214516535576661227e+03 9.538910286431246277e+00
9.976685048465973038e-01 2.228950059637330014e+03 9.620812373415684959e+00
9.976936576052695127e-01 2.238940014453826279e+03 9.677555061241447376e+00
9.977327010428558296e-01 2.254522689962250752e+03 9.766162846222195881e+00
9.977596755686080066e-01 2.265342468897548315e+03 9.827758711888439080e+00
9.977874647642224204e-01 2.276535171361501398e+03 9.891540301006561009e+00
9.978161248682079210e-01 2.288127889538540785e+03 9.957668987033034824e+00
9.978457182292497230e-01 2.300151181291860667e+03 1.002632454389743444e+01
9.978685681051390199e-01 2.309471921694642333e+03 1.007959674040372278e+01
9.978920154480180882e-01 2.319069814028940073e+03 1.013450002151663831e+01
9.979242710965282592e-01 2.332328154142899166e+03 1.021042510524942770e+01
9.979408528064854789e-01 2.339168445234601677e+03 1.024963576149804823e+01
9.979749878048177480e-01 2.353301234315957117e+03 1.033074145615506545e+01
9.979925724695731803e-01 2.360608671631694961e+03 1.037272738322404564e+01
9.980288529745338089e-01 2.375742620339638052e+03 1.045979457950905989e+01
9.980475867178884020e-01 2.383587719101893981e+03 1.050498702011937269e+01
9.980764821692650335e-01 2.395728855201291481e+03 1.057500866113214322e+01
9.981063982578021188e-01 2.408351258028039410e+03 1.064790968714718566e+01
9.981269508387591305e-01 2.417054046676473718e+03 1.069823431102390288e+01
9.981587598926524585e-01 2.430572331430783379e+03 1.077651123904423969e+01
9.981806669382242703e-01 2.439916808518363268e+03 1.083069816261049922e+01
9.982031749578805790e-01 2.449546056843556471e+03 1.088660867499107177e+01
9.982381475806171300e-01 2.464563575865357507e+03 1.097396167431378800e+01
9.982623346236442208e-01 2.474989531541602901e+03 1.103471917945007164e+01
9.982872737916601569e-01 2.485773675664740040e+03 1.109766308759621900e+01
9.983130182164108302e-01 2.496942145292518944e+03 1.116295807543670016e+01
9.983396273700049228e-01 2.508524328903726655e+03 1.123078910266288055e+01
9.983671684421697723e-01 2.520553107891264517e+03 1.130136568864562818e+01
9.983957179697369178e-01 2.533065370653365790e+03 1.137492702227069152e+01
9.984253637137215920e-01 2.546103331056123352e+03 1.145174799529917387e+01
9.984406293963175028e-01 2.552834625722783585e+03 1.149148010470566383e+01
9.984641183739834114e-01 2.563214213295792433e+03 1.155284785574224315e+01
9.984883613646687861e-01 2.573954793560671533e+03 1.161648346876856408e+01
9.985219528053926874e-01 2.588883859933402164e+03 1.170516248480225663e+01
9.985393346580382357e-01 2.596630493695965015e+03 1.175128148707843501e+01
9.985661963323834156e-01 2.608629891814051007e+03 1.182286724443281578e+01
9.985940768752048502e-01 2.621119562420536568e+03 1.189757501623037683e+01
9.986132751984105882e-01 2.629740094876677176e+03 1.194926114025358643e+01
9.986430633305444227e-01 2.643146189062305439e+03 1.202985288856780599e+01
9.986636340980088455e-01 2.652424947969483583e+03 1.208579019998651916e+01
9.986848179599125963e-01 2.661997023597040425e+03 1.214363842826784001e+01
9.987178338722532134e-01 2.676947923054531202e+03 1.223429490711899170e+01
9.987349444046859093e-01 2.684712075383401043e+03 1.228151868074991171e+01
9.987524851726983233e-01 2.692682131415177992e+03 1.233010213516992692e+01
9.987765844015680239e-01 2.703648716077499103e+03 1.239713750788901692e+01
9.988015577918140098e-01 2.715032221376829057e+03 1.246695776992295102e+01
9.988274800149772314e-01 2.726866916403386767e+03 1.253981492742084214e+01
9.988544362552871370e-01 2.739191577881822013e+03 1.261599773277307968e+01
9.988753905693313895e-01 2.748783353924249241e+03 1.267551664186859917e+01
9.988970266660069930e-01 2.758695968617437757e+03 1.273724885367326820e+01
9.989270221423027785e-01 2.772451045413479733e+03 1.282330240545379851e+01
9.989504550052760168e-01 2.783206162437948478e+03 1.289091380859115077e+01
9.989747628014434833e-01 2.794369426766432298e+03 1.296141124267386502e+01
9.990051947931041232e-01 2.808350662901169471e+03 1.305019560727043526e+01
9.990263205772492716e-01 2.818057895633013686e+03 1.311217762413794397e+01
9.990481762035228197e-01 2.828098901512315024e+03 1.317660475952601828e+01
9.990785530834477290e-01 2.842047612634975394e+03 1.326667081491116384e+01
9.991023505581886344e-01 2.852967230188549820e+03 1.333765804045662051e+01
9.991271012511192540e-01 2.864313746629714842e+03 1.341189454896856326e+01
9.991528929002418957e-01 2.876122319750001679e+03 1.348970047113375870e+01
9.991798280720175507e-01 2.888433326196749931e+03 1.357145115214117226e+01
9.991984794926396241e-01 2.896942767840637771e+03 1.362836095548933812e+01
9.992177328124328684e-01 2.905710336722744159e+03 1.368736895295021583e+01
9.992478392564185796e-01 2.919380187211552766e+03 1.378018023105861900e+01
9.992688036569071786e-01 2.928867558566367279e+03 1.384520583629917923e+01
9.992905497192673403e-01 2.938676861468091829e+03 1.391300660492015062e+01
9.993131439165223728e-01 2.948830468709460547e+03 1.398383689461661206e+01
9.993247827739355493e-01 2.954044259934853471e+03 1.402047930041531743e+01
9.993487959678186705e-01 2.964760132203931789e+03 1.409641870423405230e+01
9.993674973098491954e-01 2.973064074638847615e+03 1.415588222535803986e+01
9.993868412429605108e-01 2.981610708344708200e+03 1.421769098994185043e+01
9.994068783400280598e-01 2.990413119305650071e+03 1.428204444333953482e+01
9.994276648665150198e-01 2.999485185278589597e+03 1.434916717157283905e+01
9.994492639380627708e-01 3.008841692218717526e+03 1.441931423988852501e+01
9.994641497712507539e-01 3.015244969817832498e+03 1.446790253337967336e+01
9.994872678435071656e-01 3.025108303116242496e+03 1.454376424191291228e+01
9.995032449859110324e-01 3.031863147540456794e+03 1.459648796286058747e+01
9.995197091961360858e-01 3.038766008945113299e+03 1.465107718571478479e+01
9.995366937452522249e-01 3.045820250121681966e+03 1.470767321396312788e+01
9.995542352050760249e-01 3.053029156086834973e+03 1.476643388696805737e+01
9.995632269244164592e-01 3.056692355733250679e+03 1.479667990123701493e+01
9.995816803494208536e-01 3.064135783298600018e+03 1.485902493235253630e+01
9.996007985421709874e-01 3.071735135721468396e+03 1.492401792308486108e+01
9.996106220069089776e-01 3.075592511975805792e+03 1.495757954971521642e+01
9.996308346586166849e-01 3.083418187073130412e+03 1.502700344267864097e+01
9.996412368419599348e-01 3.087383999271498396e+03 1.506293526770341096e+01
9.996572341019539509e-01 3.093393918761548321e+03 1.511847573912615772e+01
9.996654165764250477e-01 3.096424076533935931e+03 1.514702348796112119e+01
9.996737268852544656e-01 3.099469204910163626e+03 1.517611725656709787e+01
9.996907478591154916e-01 3.105597018043518347e+03 1.523603402965176379e+01
9.997083254080765258e-01 3.111759918278652094e+03 1.529841290275912336e+01
9.997203659123680142e-01 3.115876336224327133e+03 1.534146823454326913e+01
9.997295716088870909e-01 3.118961199688067154e+03 1.537458146679436943e+01
9.997389315847620139e-01 3.122038570488373807e+03 1.540843590796753659e+01
9.997484485856261704e-01 3.125102625924877884e+03 1.544306663439788530e+01
9.997581247233376933e-01 3.128146479321583683e+03 1.547851167056599309e+01
9.997679612228204116e-01 3.131162047923443424e+03 1.551481321659271906e+01
9.997739394289327786e-01 3.132953768279155156e+03 1.553702236243515600e+01
9.997820000854189537e-01 3.135317436139718211e+03 1.556715736197247146e+01
9.997929051550846768e-01 3.138413864864668540e+03 1.560830992447969656e+01
9.997984214594728414e-01 3.139933375013050863e+03 1.562931637139516639e+01
9.998039795735214064e-01 3.141430747793163846e+03 1.565062073019812772e+01
9.998095779159665852e-01 3.142903394405835570e+03 1.567222656908160872e+01
9.998208912998742814e-01 3.145764235972326333e+03 1.571635767751324408e+01
9.998265973426959663e-01 3.147146365246446294e+03 1.573884833557647056e+01
9.998323339786087116e-01 3.148492947152786201e+03 1.576158707137347825e+01
9.998380985682069344e-01 3.149801690022547518e+03 1.578451558215672890e+01
9.998467947419584778e-01 3.151690831147017889e+03 1.581892715712666231e+01
9.998526250026127382e-01 3.152900412602473352e+03 1.584170355161608157e+01
9.998555514960351109e-01 3.153490572726093433e+03 1.585295087620952437e+01
9.998614299637414993e-01 3.154642637350827499e+03 1.587511443802101674e+01
9.998643847881024671e-01 3.155205139101487930e+03 1.588601662763253231e+01
9.998673512895481785e-01 3.155758950054454090e+03 1.589680062226341306e+01
9.998733233069112547e-01 3.156841395209108668e+03 1.591804469322350535e+01
9.998793574077052826e-01 3.157891590331551015e+03 1.593892278027371745e+01
9.998824016846992180e-01 3.158404950993766761e+03 1.594925385696132913e+01
9.998854656500272275e-01 3.158910565165575463e+03 1.595952783582746548e+01
9.998916573648619632e-01 3.159898551829250209e+03 1.597994532028775083e+01
9.998979452562853920e-01 3.160855285695381099e+03 1.600026604269952557e+01
9.999043416463473388e-01 3.161779760885212454e+03 1.602057777721296006e+01
9.999125084778498485e-01 3.162887210494512146e+03 1.604608927555990761e+01
9.999175115050784601e-01 3.163524207587657202e+03 1.606153874915947100e+01
9.999243130945403291e-01 3.164338350593616724e+03 1.608237961794084825e+01
9.999312785469907094e-01 3.165108316350042514e+03 1.610358409552238612e+01
9.999348281186141163e-01 3.165475149631936347e+03 1.611435368034297966e+01
9.999420696978659207e-01 3.166168367796439725e+03 1.613627921426774847e+01
9.999476355849528098e-01 3.166649416888243195e+03 1.615311528028837174e+01
9.999533256625676714e-01 3.167093084181642553e+03 1.617033446317319800e+01
9.999611203631671996e-01 3.167618991133171676e+03 1.619396860491407608e+01
9.999671357732496935e-01 3.167957838490919130e+03 1.621227056829488689e+01
9.999724755022235678e-01 3.168207891433273744e+03 1.622857953089819461e+01
9.999792197722634501e-01 3.168453052003225821e+03 1.624928284967921854e+01
9.999826680284464864e-01 3.168547087710595861e+03 1.625992074473095528e+01
9.999897257606218393e-01 3.168670997097191503e+03 1.628182025718654558e+01
9.999933403873831894e-01 3.168697962461915722e+03 1.629310881976845593e+01
9.999970151280588304e-01 3.168699271863325521e+03 1.630464005871412780e+01
9.999985024668397449e-01 3.168692203576638349e+03 1.630932383084694948e+01
