# -85 2 0.125489204291 1.15747924663e-05
# x xi_r xi_h
1.310287751119751072e-03 -1.957131836698602569e+02 -7.536895150746990168e+01
1.460995662986557019e-03 -2.004999851586474620e+02 -7.099499988260645011e+01
1.650884358646134958e-03 -2.003471578300759859e+02 -6.162424274614446063e+01
1.840773054305712029e-03 -1.936542410447506199e+02 -4.866033828475684686e+01
2.080034956818093209e-03 -1.770021147551128422e+02 -2.868349596569241555e+01
2.319296859330475039e-03 -1.528926017838481073e+02 -6.845965296278349044e+00
2.520287072229036949e-03 -1.285247820846907132e+02 1.109017359523943291e+01
2.721277285127598859e-03 -1.020537396064893585e+02 2.723644388354059132e+01
2.922267498026161203e-03 -7.498930643660705186e+01 4.040944835724868511e+01
3.112225549436466957e-03 -5.015124275705772305e+01 4.928683140726525380e+01
3.302183600846774012e-03 -2.714830222493100109e+01 5.422069053765484625e+01
3.492141652257081067e-03 -6.874482683817312534e+00 5.504018729651359365e+01
3.682099703667386821e-03 9.995592123548306063e+00 5.188306197588727287e+01
3.921500270735109317e-03 2.577481432181618715e+01 4.303478707104476086e+01
4.160900837802832680e-03 3.522390066225545269e+01 2.992662279481336185e+01
4.400301404870555176e-03 3.860903956472161980e+01 1.436171012359868016e+01
4.639701971938277672e-03 3.670474447764029691e+01 -1.659216244086897385e+00
4.869433365318841418e-03 3.096691474560790525e+01 -1.565452373516796492e+01
5.099164758699403430e-03 2.265152873990404103e+01 -2.678691707754364515e+01
5.328896152079966309e-03 1.305492444099103366e+01 -3.397759728635386978e+01
5.558627545460530055e-03 3.413097746872184590e+00 -3.665204189000528601e+01
5.787748083093968016e-03 -5.186710740561710331e+00 -3.479344748529648967e+01
6.016868620727404242e-03 -1.196148738383893217e+01 -2.891005548716654872e+01
6.245989158360841335e-03 -1.640222367024670191e+01 -1.993512961190477739e+01
6.507314466583081353e-03 -1.839296683289172663e+01 -7.564937759689914110e+00
6.768639774805322237e-03 -1.730187234496773030e+01 5.163414200634739437e+00
7.029965083027563122e-03 -1.371389428987478176e+01 1.626747321343472308e+01
7.291290391249803139e-03 -8.492900419279207469e+00 2.412679335192314412e+01
7.588259160035928062e-03 -1.854736038484197769e+00 2.787335665901363058e+01
7.885227928822052118e-03 4.242088793146699288e+00 2.576769290390131673e+01
8.182196697608175306e-03 8.702770196381658607e+00 1.858785439923052607e+01
8.479165466394300230e-03 1.087973463097997140e+01 8.073538537288786898e+00
8.776134235180425153e-03 1.063671094040285858e+01 -3.469993216076630915e+00
9.062891590263655664e-03 8.416169568493646835e+00 -1.336104222716713075e+01
9.349648945346886175e-03 4.876534839048449754e+00 -2.017962994946805821e+01
9.636406300430114952e-03 8.116153381111167464e-01 -2.279531281226172013e+01
9.923163655513347198e-03 -2.975848671411390534e+00 -2.092552755363186634e+01
1.020992101059657944e-02 -5.817718348860784872e+00 -1.514728138769037358e+01
1.049667836567980995e-02 -7.285929997420406146e+00 -6.747678892878496093e+00
1.078343572076304047e-02 -7.245217511848337288e+00 2.551641836244388895e+00
1.107585216327150977e-02 -5.811544088469433156e+00 1.108087479369899064e+01
1.136826860577998081e-02 -3.380847765795401028e+00 1.702439457343085394e+01
1.166068504828845012e-02 -5.140059439223355620e-01 1.932365140286927740e+01
1.195310149079691076e-02 2.196921026766844420e+00 1.768403370439661870e+01
1.224551793330539047e-02 4.243055977506601906e+00 1.259900787639936226e+01
1.253793437581384937e-02 5.287366998776232840e+00 5.219305073543538676e+00
1.283035081832233082e-02 5.213429682352876959e+00 -2.900794585853867069e+00
1.312276726083078972e-02 4.128629861794955502e+00 -1.012543108229389865e+01
1.341518370333926076e-02 2.325029811105822297e+00 -1.506169096387970718e+01
1.372371033175165053e-02 9.577525614257020870e-02 -1.682597533041021265e+01
1.403223696016404030e-02 -1.976312096720566736e+00 -1.483169225367742072e+01
1.434076358857643008e-02 -3.461032062727919634e+00 -9.660570089614768818e+00
1.464929021698880944e-02 -4.087081796937723333e+00 -2.562747917802557396e+00
1.495781684540119921e-02 -3.786529566311943817e+00 4.840523703866725036e+00
1.526634347381359072e-02 -2.693271391048774888e+00 1.092284731601708536e+01
1.557487010222598049e-02 -1.099356322999929025e+00 1.440564913968815119e+01
1.588339673063835986e-02 6.185100671882289847e-01 1.462238678700865790e+01
1.619192335905075136e-02 2.084713117066652188e+00 1.164026390326106508e+01
1.650044998746313940e-02 3.003915042933806845e+00 6.218554697563322797e+00
1.680897661587552050e-02 3.217614346691420213e+00 -3.812413055432535836e-01
1.711941423928450140e-02 2.723130828571596940e+00 -6.720984650692662044e+00
1.742985186269348924e-02 1.670911737315202483e+00 -1.138383401125123839e+01
1.774028948610247014e-02 3.239650491563357271e-01 -1.340332819449425550e+01
1.805072710951145104e-02 -1.009015770296545211e+00 -1.242207161746544308e+01
1.836116473292042847e-02 -2.042384604262486025e+00 -8.748946655070168887e+00
1.867160235632940937e-02 -2.572830718266400751e+00 -3.269702502764840535e+00
1.898203997973839027e-02 -2.517337635815299457e+00 2.764838374523620246e+00
1.929247760314737117e-02 -1.923183298135203723e+00 8.022872519634045574e+00
1.960291522655635901e-02 -9.496720081371339273e-01 1.138379374828067192e+01
1.991335284996533991e-02 1.727223911333281570e-01 1.217460206167621628e+01
2.022379047337432081e-02 1.195710791987890431e+00 1.030101872469869662e+01
2.053422809678330171e-02 1.906952180783635598e+00 6.248484959270633965e+00
2.083870335922823058e-02 2.172213795432510253e+00 1.059651371167582568e+00
2.114317862167315945e-02 1.977477395065431853e+00 -4.209894802630759436e+00
2.144765388411808138e-02 1.387589103276750890e+00 -8.466705910576262539e+00
2.175212914656301025e-02 5.440351484536241067e-01 -1.086130492020191163e+01
2.205660440900793912e-02 -3.682022825345713235e-01 -1.095450886882475494e+01
2.236107967145287145e-02 -1.160520142042345437e+00 -8.793320693029624380e+00
2.266555493389780032e-02 -1.678871658115193455e+00 -4.884555965643650133e+00
2.297003019634272919e-02 -1.832715837489378163e+00 -7.573973604236175494e-02
2.327450545878765112e-02 -1.609544584049795501e+00 4.628780042783033011e+00
2.357898072123257999e-02 -1.072996888126572124e+00 8.276673222383580608e+00
2.388999902351006052e-02 -3.299381130075622615e-01 1.017621265749349391e+01
2.420101732578754106e-02 4.473276960054777263e-01 9.888600141651151532e+00
2.451203562806502159e-02 1.096087115837006909e+00 7.533786497831903795e+00
2.482305393034249866e-02 1.488533484466334933e+00 3.659673436204585961e+00
2.513407223261997919e-02 1.556096947198253089e+00 -8.859897116460180300e-01
2.544509053489744932e-02 1.300291942545953816e+00 -5.141240524998282879e+00
2.575610883717492985e-02 7.886785010264719675e-01 -8.232501639735515298e+00
2.606712713945241039e-02 1.376337416217488785e-01 -9.551787479344504561e+00
2.637814544172989092e-02 -5.138125169622872468e-01 -8.873136209478012404e+00
2.668916374400737146e-02 -1.033285402079187287e+00 -6.386769614998620170e+00
2.700018204628484852e-02 -1.321442907515101517e+00 -2.647128953004516561e+00
2.731120034856232906e-02 -1.330301531031452988e+00 1.551416141874365051e+00
2.762221865083979919e-02 -1.070298380440198205e+00 5.343302317784683453e+00
2.793323695311727972e-02 -6.053091601394986476e-01 7.969214455092155980e+00
2.826513052570591919e-02 2.063691904371978060e-04 8.926671068126520225e+00
2.859702409829455866e-02 5.806058864484870963e-01 7.826686743238096433e+00
2.892891767088319119e-02 1.006390373943756522e+00 4.970080431038714330e+00
2.926081124347183066e-02 1.188753320722921059e+00 1.047025844612679002e+00
2.959270481606045972e-02 1.097375049919236512e+00 -3.030288469951389008e+00
2.992459838864909918e-02 7.643147592809930169e-01 -6.339404406007152382e+00
3.025649196123773171e-02 2.738911988326349078e-01 -8.154811387188130922e+00
3.058838553382637118e-02 -2.584684081956355461e-01 -8.104526523520767967e+00
3.092027910641501065e-02 -7.131749352453565782e-01 -6.242893159708035711e+00
3.125217267900363971e-02 -9.930014017471057164e-01 -3.026268863724039360e+00
3.158406625159228265e-02 -1.043398095793578895e+00 7.997224253659417359e-01
3.191595982418091171e-02 -8.624803067875427276e-01 4.373457581682800743e+00
3.224785339676954771e-02 -4.990399869196303073e-01 6.910836420495289900e+00
3.257974696935817677e-02 -3.962225337614696391e-02 7.875780607534727196e+00
3.291164054194681970e-02 4.119776510775225442e-01 7.091037568853751694e+00
3.324353411453546264e-02 7.579797853537845187e-01 4.767007983309681229e+00
3.357542768712409170e-02 9.274877961553590344e-01 1.445027378992350231e+00
3.390732125971272770e-02 8.905868432819114000e-01 -2.129693394512333082e+00
3.423921483230135676e-02 6.629796738143625134e-01 -5.175518353678000061e+00
3.457110840488999970e-02 3.006353148228365635e-01 -7.044598522720092681e+00
3.491112367483018009e-02 -1.235732105838116129e-01 -7.347119862873722873e+00
3.525113894477036047e-02 -5.057248808300912613e-01 -5.989657666907513445e+00
3.559115421471054780e-02 -7.623076688655991973e-01 -3.312156702120412799e+00
3.593116948465072819e-02 -8.409610294799017005e-01 5.875995541592312493e-02
3.627118475459092245e-02 -7.307092775732948464e-01 3.356904189069328748e+00
3.661120002453110284e-02 -4.626429013436533233e-01 5.850279481808061455e+00
3.695121529447128322e-02 -1.013487358334112520e-01 7.002274311619629543e+00
3.729123056441145667e-02 2.706089333158428478e-01 6.585143693722474545e+00
3.763124583435163706e-02 5.714543084779483140e-01 4.722267389280212946e+00
3.797126110429181745e-02 7.379841281298845646e-01 1.852070966297291621e+00
3.831127637423199783e-02 7.385560012606326996e-01 -1.376105677376295633e+00
3.865129164417219210e-02 5.786863191175307675e-01 -4.249351925933576801e+00
3.899130691411237248e-02 2.983819354558039927e-01 -6.148270693965224964e+00
3.933132218405255287e-02 -3.784750487406924463e-02 -6.679299233827364013e+00
3.967133745399273326e-02 -3.558207847361433696e-01 -5.754280135899164428e+00
4.001135272393290671e-02 -5.879623421736797084e-01 -3.601669828589078470e+00
4.035136799387308709e-02 -6.874798392455713225e-01 -7.090950983951159747e-01
4.069138326381326748e-02 -6.375135276751983104e-01 2.288195161031397529e+00
4.103139853375346174e-02 -4.535395064365970175e-01 4.747280611541406792e+00
4.137141380369364213e-02 -1.788238760815266393e-01 6.155014682502788936e+00
4.171142907363382252e-02 1.257943114213889990e-01 6.233687776042339479e+00
4.205144434357400290e-02 3.953788362759328434e-01 4.993473333180034501e+00
4.239145961351419023e-02 5.746513852292068902e-01 2.722335309844886808e+00
4.273147488345437062e-02 6.291356355511230625e-01 -8.230930147970780264e-02
4.307149015339455100e-02 5.514902530405237924e-01 -2.823730669386740999e+00
4.325489917444660243e-02 4.594326441598570732e-01 -4.084520961640543568e+00
4.343830819549863304e-02 3.400035486975884758e-01 -5.076355608529063090e+00
4.362171721655067058e-02 2.011597695200514069e-01 -5.740331638193543640e+00
4.380512623760270813e-02 5.190514948118699762e-02 -6.038943134433996107e+00
4.398853525865475261e-02 -9.829375933253402253e-02 -5.958051918279370973e+00
4.417194427970679016e-02 -2.401057726649228896e-01 -5.507358717226702893e+00
4.435535330075882771e-02 -3.649093930284550424e-01 -4.719380072989286745e+00
4.453876232181087219e-02 -4.653085088890106524e-01 -3.647029364767074622e+00
4.472217134286290280e-02 -5.355593261275927164e-01 -2.359984580602100479e+00
4.490558036391494035e-02 -5.718847990264123160e-01 -9.400958844897407962e-01
4.527239840601902238e-02 -5.402203936159319930e-01 1.902055641350460569e+00
4.563921644812309747e-02 -3.844546661182730030e-01 4.253141561192275155e+00
4.600603449022717950e-02 -1.444619876420486781e-01 5.580368784203950661e+00
4.637285253233124765e-02 1.221116248609912525e-01 5.601259436923642809e+00
4.673967057443533663e-02 3.537282867102207184e-01 4.340094239516331776e+00
4.710648861653941866e-02 4.990554450798038721e-01 2.112304330800711671e+00
4.747330665864348681e-02 5.280930474737451918e-01 -5.564904729343809198e-01
4.784012470074756884e-02 4.379950918336509291e-01 -3.055693987254643140e+00
4.820694274285165087e-02 2.525680423632540306e-01 -4.829220340272907919e+00
4.857376078495573291e-02 1.588818138664248661e-02 -5.497575517285359759e+00
4.894057882705980800e-02 -2.182502873208793659e-01 -4.936258396854560360e+00
4.931285321897629220e-02 -4.005181607014680623e-01 -3.265491151475496956e+00
4.968512761089276947e-02 -4.881815871464406098e-01 -8.844473356696955779e-01
5.005740200280924673e-02 -4.645120754455946410e-01 1.657821014790643810e+00
5.042967639472573094e-02 -3.381037802228338829e-01 3.790162770795115321e+00
5.080195078664220820e-02 -1.399801589890630193e-01 5.046687829653523139e+00
5.117422517855869241e-02 8.410113772718737224e-02 5.166659587279368360e+00
5.154649957047517661e-02 2.842376656339860586e-01 4.146004703988954709e+00
5.191877396239164694e-02 4.174256240311063904e-01 2.230921166599705074e+00
5.229104835430813114e-02 4.566405021824275767e-01 -1.429429987963058701e-01
5.266332274622462228e-02 3.960818428397150370e-01 -2.450569228143831602e+00
5.303559713814109261e-02 2.516274964543341319e-01 -4.193808864801939151e+00
5.340787153005757681e-02 5.661820018542499527e-02 -5.008087160402833860e+00
5.378014592197404714e-02 -1.459132727354940096e-01 -4.736930854224443266e+00
5.415242031389053134e-02 -3.127506976467211430e-01 -3.459487232575694904e+00
5.452469470580702249e-02 -4.096436167885620927e-01 -1.466868474919068355e+00
5.489696909772349281e-02 -4.181806443426519526e-01 8.057430270820105100e-01
5.526924348963997702e-02 -3.390467175971929592e-01 2.875157100742730343e+00
5.564151788155646122e-02 -1.911519782511136578e-01 4.313029412265058760e+00
5.601379227347293849e-02 -7.010105859701231193e-03 4.833604874216768543e+00
5.638606666538942269e-02 1.744944365518508178e-01 4.348583389752704420e+00
5.675834105730589996e-02 3.163296035534424733e-01 2.979022632191706599e+00
5.713557747568415168e-02 3.912401529132567002e-01 9.964082869875098281e-01
5.751281389406241035e-02 3.835321988559319273e-01 -1.161428837658161184e+00
5.789005031244066207e-02 2.971466927412947934e-01 -3.045112690144382572e+00
5.826728673081892074e-02 1.519639547597203821e-01 -4.275024000303433880e+00
5.864452314919717246e-02 -2.091228475610653129e-02 -4.616275647649097813e+00
5.902175956757541725e-02 -1.859066470728260034e-01 -4.020794962728193589e+00
5.939899598595368285e-02 -3.102823003222739406e-01 -2.629805440699176877e+00
5.977623240433192764e-02 -3.705191031416607550e-01 -7.384136470366825522e-01
6.015346882271019324e-02 -3.565541208084599956e-01 1.268564143610666051e+00
6.053070524108843803e-02 -2.731793123087213337e-01 2.995348174116418072e+00
6.090794165946669669e-02 -1.384902517348848006e-01 4.112428569641811471e+00
6.128517807784496230e-02 2.014674802029107342e-02 4.417541022390702565e+00
6.149838126173343134e-02 1.095713792632405786e-01 4.203509829407789056e+00
6.171158444562190731e-02 1.909797110146225219e-01 3.724974074280817948e+00
6.192478762951038329e-02 2.593645401189881849e-01 3.015452540307979934e+00
6.213799081339885233e-02 3.106325983819397951e-01 2.122423182277584974e+00
6.235119399728732831e-02 3.418394554130846918e-01 1.104091134999048540e+00
6.256439718117580429e-02 3.513470021210279848e-01 2.556382839402555548e-02
6.277760036506427332e-02 3.388960345805696606e-01 -1.045316442808486901e+00
6.299080354895275624e-02 3.055918970914949795e-01 -2.042218043982029663e+00
6.320400673284122528e-02 2.538065224474493897e-01 -2.904381522661234616e+00
6.341720991672969432e-02 1.870052040578142893e-01 -3.580253197344585026e+00
6.384361628450666015e-02 2.874488772972960335e-02 -4.230519127655720801e+00
6.427002265228359823e-02 -1.327696406660656692e-01 -3.886525584102477726e+00
6.469642902006055019e-02 -2.602137970305214987e-01 -2.648572163892313203e+00
6.512283538783750214e-02 -3.253135287664825626e-01 -8.197885890639416973e-01
6.554924175561444022e-02 -3.149318448662095649e-01 1.169671519411767724e+00
6.597564812339139217e-02 -2.334563761216568445e-01 2.864498606067996889e+00
6.640205449116834413e-02 -1.011329764919235152e-01 3.887999172571968476e+00
6.682846085894529609e-02 5.108061751957250485e-02 4.024296648594158476e+00
6.725486722672224804e-02 1.888205192350484452e-01 3.261419911270389882e+00
6.768127359449918612e-02 2.820525590069061783e-01 1.787313777225765010e+00
6.810767996227613807e-02 3.115081548702456904e-01 -5.831845665561469910e-02
6.854182003929965017e-02 2.712266344669490570e-01 -1.892542675081891224e+00
6.897596011632314839e-02 1.710260435238137033e-01 -3.274305986964314741e+00
6.941010019334666048e-02 3.480417630266206125e-02 -3.905405501835499393e+00
6.984424027037017257e-02 -1.063916976025544581e-01 -3.662588208809408385e+00
7.027838034739368467e-02 -2.214706855484342707e-01 -2.618463200777856326e+00
7.071252042441718288e-02 -2.860775076374663661e-01 -1.018607677330377381e+00
7.114666050144069498e-02 -2.875909548888950784e-01 7.779843769467688075e-01
7.158080057846419320e-02 -2.273603215838708447e-01 2.380405545024878666e+00
7.201494065548770529e-02 -1.198507385740579384e-01 3.450680152608722739e+00
7.244908073251121738e-02 1.095316130179914589e-02 3.773676332218370622e+00
7.288322080953472948e-02 1.369772768765610271e-01 3.298019356136212998e+00
7.331736088655822769e-02 2.320843295143122098e-01 2.140859580925547956e+00
7.375150096358173979e-02 2.774106285763756619e-01 5.573276713756722955e-01
7.419305697663924892e-02 2.642705030132899147e-01 -1.143553730022841775e+00
7.463461298969675806e-02 1.958005341245729614e-01 -2.577628358768113248e+00
7.507616900275426719e-02 8.775085908458858663e-02 -3.451075313053178384e+00
7.551772501581177632e-02 -3.646677066451968485e-02 -3.595722195901956741e+00
7.595928102886928546e-02 -1.509204086558095237e-01 -2.998810137173301360e+00
7.640083704192679459e-02 -2.325560243414502570e-01 -1.799430805198549477e+00
7.684239305498430372e-02 -2.657401099530940503e-01 -2.542827465035193968e-01
7.728394906804181286e-02 -2.450830648133457412e-01 1.318570578490460887e+00
7.772550508109932199e-02 -1.760820265446886024e-01 2.605443673232740842e+00
7.816706109415683112e-02 -7.358433136607685221e-02 3.358742349120458215e+00
7.860861710721434026e-02 4.150089192488322365e-02 3.442818330492308121e+00
7.907004175851901906e-02 1.505144162074218694e-01 2.816997543487715028e+00
7.953146640982367011e-02 2.260295796510211896e-01 1.609163161336701897e+00
7.999289106112834891e-02 2.531945213055881161e-01 8.332472525491871340e-02
8.045431571243301383e-02 2.276136393808272929e-01 -1.438384813380985117e+00
8.091574036373769263e-02 1.558389174778062880e-01 -2.643672089204618381e+00
8.137716501504235755e-02 5.361576656048384210e-02 -3.293320267740227791e+00
8.183858966634702248e-02 -5.764939152140199224e-02 -3.267155952077260395e+00
8.230001431765168740e-02 -1.554022537184833463e-01 -2.584268556405191486e+00
8.276143896895636620e-02 -2.204847755225998740e-01 -1.394557793508191201e+00
8.322286362026103113e-02 -2.408059184228395488e-01 5.545629514074629923e-02
8.368428827156570993e-02 -2.134564369088321478e-01 1.474643906451483799e+00
8.414571292287037485e-02 -1.449289607559098025e-01 2.586021132422521074e+00
8.460713757417503977e-02 -4.949514474012538245e-02 3.180375181388958694e+00
8.507417896077572317e-02 5.503431476204754397e-02 3.150470483117230991e+00
8.554122034737642044e-02 1.470757099391000466e-01 2.505799775180385325e+00
8.600826173397713159e-02 2.091263161941505355e-01 1.384889300251364697e+00
8.647530312057782886e-02 2.300106021349358210e-01 1.382968822372067537e-02
8.694234450717849838e-02 2.067611155903701925e-01 -1.340212658804097456e+00
8.740938589377920953e-02 1.448523673908707343e-01 -2.421342441098472076e+00
8.787642728037989293e-02 5.683042522331201857e-02 -3.032887150409724786e+00
8.834346866698060408e-02 -4.031799094338629069e-02 -3.072062408608506878e+00
8.881051005358128747e-02 -1.284956994378050055e-01 -2.545452686551742172e+00
8.927249613444182552e-02 -1.913713451295433465e-01 -1.575474258187729903e+00
8.973448221530234969e-02 -2.194628516322528478e-01 -3.430413561785610743e-01
9.019646829616287387e-02 -2.087658597756544832e-01 9.288156507923085448e-01
9.065845437702341192e-02 -1.621475712887349707e-01 2.018960867274777193e+00
9.112044045788392221e-02 -8.852077784316707276e-02 2.746102870275200836e+00
9.158242653874446026e-02 -1.043472107799005115e-03 2.997144070436403851e+00
9.185990558262246974e-02 5.236680704630610611e-02 2.900903119569787858e+00
9.213738462650046535e-02 1.020200448666513521e-01 2.625845134055007968e+00
9.269234271425648430e-02 1.777240010243339441e-01 1.645972571350152736e+00
9.324730080201248938e-02 2.108229064579724144e-01 2.987712790229180015e-01
9.380225888976850834e-02 1.948246988810246327e-01 -1.097048072824047260e+00
9.435721697752449955e-02 1.346519057396491914e-01 -2.221872705378146406e+00
9.491217506528051850e-02 4.504857121106559809e-02 -2.827088320441240477e+00
9.546713315303652359e-02 -5.312874982052193801e-02 -2.788187763613665826e+00
9.602209124079254254e-02 -1.378046235775161055e-01 -2.128132906460365348e+00
9.657704932854854762e-02 -1.906205018919905347e-01 -1.007012927692160442e+00
9.711274250401923103e-02 -2.012017244727571652e-01 2.738501308592032890e-01
9.764843567948991443e-02 -1.707485600046227125e-01 1.481021805707171124e+00
9.818412885496061171e-02 -1.063943316981633136e-01 2.372765950839992311e+00
9.871982203043128123e-02 -2.181559182351833215e-02 2.777652855484309846e+00
9.925551520590197851e-02 6.574189951595095505e-02 2.626023316687071230e+00
9.979120838137264804e-02 1.390010833965439341e-01 1.960003019637711397e+00
1.003269015568433037e-01 1.840317548753101218e-01 9.211094921248796918e-01
1.008625947323140010e-01 1.928181599437366889e-01 -2.810503724075604781e-01
1.013982879077846982e-01 1.645608611319120673e-01 -1.411957714911227457e+00
1.019196887189594974e-01 1.073539405225187454e-01 -2.241312804807330306e+00
1.024410895301341995e-01 3.184336045087211159e-02 -2.658368717069470311e+00
1.029624903413089987e-01 -4.817770651567136742e-02 -2.599512108778061048e+00
1.034838911524837979e-01 -1.185990477723223163e-01 -2.087012843798336625e+00
1.040052919636584999e-01 -1.674613443399689539e-01 -1.221026310020426608e+00
1.045266927748332991e-01 -1.869128782636922115e-01 -1.586591769122890905e-01
1.051400246805940936e-01 -1.691885668729081749e-01 1.085728662202438688e+00
1.057533565863548047e-01 -1.131166174275135411e-01 2.062259618908946823e+00
1.063666884921155992e-01 -3.239257500582791438e-02 2.557210544941746377e+00
1.069800203978762965e-01 5.427142838229437327e-02 2.472163753678690679e+00
1.075933523036371048e-01 1.275311106991690868e-01 1.841164015715504254e+00
1.081580523569587032e-01 1.695871274543270524e-01 9.049417580649881110e-01
1.087227524102803017e-01 1.796069921588641649e-01 -1.838154944524562628e-01
1.092874524636019973e-01 1.565802412114170039e-01 -1.221307424104396855e+00
1.098521525169235957e-01 1.055275517925743783e-01 -2.021207677405474357e+00
1.104461325367779023e-01 3.257905862028446370e-02 -2.456899098843678519e+00
1.110401125566321950e-01 -4.562755495021072333e-02 -2.406418751456450789e+00
1.116340925764865016e-01 -1.138437981831511014e-01 -1.891567295597609499e+00
1.122280725963407944e-01 -1.592584071743924357e-01 -1.022130746166043602e+00
1.128220526161951009e-01 -1.738223423226389341e-01 2.832779264432679772e-02
1.134060008840173939e-01 -1.561096201091069502e-01 1.042179886232372121e+00
1.139899491518396035e-01 -1.105836062538418096e-01 1.853627922379891269e+00
1.145738974196618964e-01 -4.602881938812386498e-02 2.323173143633503468e+00
1.151578456874842032e-01 2.571587622469287057e-02 2.376618712317001059e+00
1.157417939553063990e-01 9.196446627261224693e-02 2.015065951339201078e+00
1.163163554681377054e-01 1.408184043336147551e-01 1.324281314966332834e+00
1.168909169809689980e-01 1.656833983042995395e-01 4.243453431362446127e-01
1.174654784938004015e-01 1.630534778467527535e-01 -5.320318743208869439e-01
1.180400400066316940e-01 1.340069724438016918e-01 -1.388286622369584888e+00
1.186146015194630005e-01 8.383254610720271283e-02 -2.009371442516634243e+00
1.189682089753304056e-01 4.569708105992098535e-02 -2.233239220961853011e+00
1.193218164311977969e-01 5.080900708984635930e-03 -2.317709362790061345e+00
1.200290313429325934e-01 -7.251595562782828241e-02 -2.073597807803807758e+00
1.207362462546674037e-01 -1.322062906811027339e-01 -1.356388068734166286e+00
1.214434611664022001e-01 -1.608945023502459104e-01 -3.423959438835224578e-01
1.221403590722684035e-01 -1.533217847044431037e-01 7.179707504636142490e-01
1.228372569781346069e-01 -1.126998410547070534e-01 1.606748960764566858e+00
1.235341548840007964e-01 -4.857650956937779180e-02 2.138172449124279506e+00
1.242310527898669997e-01 2.486724584282546877e-02 2.208871398214583781e+00
1.249199642383859027e-01 9.135996680511217216e-02 1.822944442721685876e+00
1.256088756869047918e-01 1.383872874092330063e-01 1.074249531977971905e+00
1.262977871354236947e-01 1.570522824028994513e-01 1.232023681563405720e-01
1.269801736787574131e-01 1.446972177525054915e-01 -8.265826006526683090e-01
1.276625602220911870e-01 1.048717010501355601e-01 -1.600229051953330428e+00
1.283383226857451875e-01 4.647187530141503459e-02 -2.056865554616020386e+00
1.290140851493992991e-01 -1.959711048624962829e-02 -2.131406732084022426e+00
1.296898476130534106e-01 -8.119920839047443939e-02 -1.819182275542205574e+00
1.303656100767074111e-01 -1.273897044306142035e-01 -1.184578238826352603e+00
1.310334062222101026e-01 -1.502159478208248133e-01 -3.590530427490458143e-01
1.317012023677127108e-01 -1.469469070688434464e-01 5.154443135341592042e-01
1.323689985132154023e-01 -1.187859478477653330e-01 1.288993867730469534e+00
1.330315011698023075e-01 -7.149774562246441478e-02 1.831629887022165670e+00
1.336940038263891017e-01 -1.315176053216705540e-02 2.067245308919960056e+00
1.343565064829760070e-01 4.656069331807824452e-02 1.965880843233995590e+00
1.350127571636738077e-01 9.766384593861782148e-02 1.557666316361272507e+00
1.356690078443716085e-01 1.329925842855703144e-01 9.146942369284136731e-01
1.363252585250694093e-01 1.475182134867814576e-01 1.415248382459776966e-01
1.369747936614179040e-01 1.397219300232948880e-01 -6.344878283523278650e-01
1.376243287977663987e-01 1.115055234227386727e-01 -1.306918405840710173e+00
1.382738639341148101e-01 6.742574494049152767e-02 -1.780598327839451711e+00
1.389233990704633048e-01 1.417834725250849935e-02 -1.991810760881605136e+00
1.395657048814820111e-01 -3.987010911540340291e-02 -1.918712847884126438e+00
1.402080106925008007e-01 -8.776542801732024890e-02 -1.581679380444245497e+00
1.408503165035195070e-01 -1.230915011521978575e-01 -1.032942875930090709e+00
1.414926223145382134e-01 -1.413399238867090457e-01 -3.517077139383700812e-01
1.423395568821196888e-01 -1.363347523719935506e-01 5.817715719291673970e-01
1.431864914497011088e-01 -1.008592717007528033e-01 1.369600031177686361e+00
1.440334260172826120e-01 -4.359344410469863373e-02 1.841857516067578304e+00
1.448719479772087870e-01 2.173920575279204154e-02 1.906070687889316106e+00
1.457104699371351009e-01 8.154990387995809942e-02 1.566395986651312189e+00
1.465489918970613870e-01 1.234896622735518062e-01 9.052050828559103923e-01
1.473791511845158053e-01 1.393601657557276829e-01 7.618874305019741888e-02
1.482093104719703069e-01 1.271572261436805795e-01 -7.552607546089975532e-01
1.490394697594248086e-01 9.001311124397726182e-02 -1.424982015662673795e+00
1.498616400772035950e-01 3.636345489991454905e-02 -1.804795450422618464e+00
1.506838103949824093e-01 -2.345419640116075052e-02 -1.837602263194761054e+00
1.515059807127611957e-01 -7.809531118700824281e-02 -1.526421450375692324e+00
1.523205105585085095e-01 -1.173189487753037302e-01 -9.439490634517283540e-01
1.531350404042559066e-01 -1.349752633494204213e-01 -2.003935263529100508e-01
1.539495702500031926e-01 -1.284491090967732618e-01 5.682679450094915152e-01
1.547567892028325898e-01 -9.979825112500768924e-02 1.221692054415163708e+00
1.555640081556619037e-01 -5.447762685956145795e-02 1.657887685287821045e+00
1.563712271084913008e-01 -5.249444124152443780e-04 1.808498257486471417e+00
1.571714424761531115e-01 5.242549146942444144e-02 1.657562892882547434e+00
1.579716578438148944e-01 9.619559414714488887e-02 1.238359534081569624e+00
1.587718732114765940e-01 1.239261055464441763e-01 6.246769064375933267e-01
1.593682299859416895e-01 1.316358691869839170e-01 9.958825658582542983e-02
1.599645867604068128e-01 1.275277059379174849e-01 -4.272118998499144782e-01
1.607548172773561879e-01 1.052156334643828128e-01 -1.047372662076062166e+00
1.615450477943055907e-01 6.732912967065250720e-02 -1.502595044638498356e+00
1.623352783112549935e-01 1.983901503072822356e-02 -1.728794913396666466e+00
1.631192240213278077e-01 -2.966284116493775325e-02 -1.697912348381098058e+00
1.639031697314005942e-01 -7.432559785169461086e-02 -1.422395051137091970e+00
1.646871154414734917e-01 -1.078659398011778403e-01 -9.467991011566054826e-01
1.654650075841770929e-01 -1.256949045784831465e-01 -3.474614587214040484e-01
1.662428997268806941e-01 -1.259637832094164522e-01 2.930807710466237781e-01
1.670207918695844063e-01 -1.089899780897371218e-01 8.863429991325962876e-01
1.677928708154781123e-01 -7.769073986152676137e-02 1.350263860001127414e+00
1.685649497613717074e-01 -3.642390418357527998e-02 1.630682735727061905e+00
1.693370287072654135e-01 9.198176573029338138e-03 1.693596499475838346e+00
1.699128959626282909e-01 4.261724743021318845e-02 1.594796933394849958e+00
1.704887632179911960e-01 7.266662594135461783e-02 1.381125349815025771e+00
1.712525425599212003e-01 1.036659260472023031e-01 9.539335892801690253e-01
1.720163219018512046e-01 1.215208411408923578e-01 4.129578480021388054e-01
1.727801012437812922e-01 1.242727482018586571e-01 -1.741480054073997474e-01
1.735386115400147089e-01 1.119844120698372247e-01 -7.307957797753964480e-01
1.742971218362479868e-01 8.646400985973856645e-02 -1.194719202759715992e+00
1.750556321324814035e-01 5.097160522790357418e-02 -1.512732978875738432e+00
1.758090734592840931e-01 1.012747882456524473e-02 -1.649961145115644623e+00
1.765625147860866995e-01 -3.148615717621991439e-02 -1.596533490689230783e+00
1.773159561128893891e-01 -6.912200381358787893e-02 -1.362027937470617012e+00
1.780645185463007873e-01 -9.845241727289985589e-02 -9.790307027563602826e-01
1.788130809797122134e-01 -1.166375271303391331e-01 -4.915919882272158370e-01
1.795616434131235006e-01 -1.218821606367905819e-01 4.504130038980053152e-02
1.806774417515888131e-01 -1.056563386547582223e-01 8.016478210677538963e-01
1.817932400900540979e-01 -6.530283032897868378e-02 1.363762185294276508e+00
1.829022533861615063e-01 -1.093120604784462643e-02 1.607845675155173515e+00
1.840112666822688869e-01 4.519887768044226345e-02 1.491229298634976885e+00
1.851137424986991076e-01 9.049703336997379222e-02 1.051447133698073300e+00
1.862162183151294115e-01 1.157980455653526281e-01 3.909889280772940179e-01
1.873123941815151017e-01 1.162549200913364777e-01 -3.406805894367083698e-01
1.884085700479007919e-01 9.253552760357375284e-02 -9.928870737053404616e-01
1.894986740814197101e-01 5.032530516431501372e-02 -1.431677940014483674e+00
1.905887781149386007e-01 -1.531823823877164273e-03 -1.577215633876295708e+00
1.916730272722124984e-01 -5.225265013154125476e-02 -1.408605485315027162e+00
1.927572764294863961e-01 -9.221753082822521652e-02 -9.670429948460839142e-01
1.938358801601320902e-01 -1.138890447754466045e-01 -3.469602990217227623e-01
1.949144838907778954e-01 -1.137868190292894988e-01 3.321901437247403721e-01
1.959876440525072094e-01 -9.253688645704494231e-02 9.394144128150648809e-01
1.970608042142364125e-01 -5.452868211914329438e-02 1.367930301948208971e+00
1.981287147275558047e-01 -7.244992358027899440e-03 1.543285462359281324e+00
1.991966252408751137e-01 4.084272949800485386e-02 1.441721766803225835e+00
2.002594720445023124e-01 8.107537226281852361e-02 1.088711175970188183e+00
2.013223188481295112e-01 1.068614186680659911e-01 5.504133624539536696e-01
2.023802826740382921e-01 1.140709641474470792e-01 -7.445205537466022261e-02
2.034382464999472118e-01 1.019951816117795201e-01 -6.810069380679575346e-01
2.044915009253560068e-01 7.317128184448243311e-02 -1.166619432016516189e+00
2.055447553507646907e-01 3.262706528651890259e-02 -1.456558407405595279e+00
2.065934679926554884e-01 -1.264428071541780566e-02 -1.507540505300564826e+00
2.076421806345462029e-01 -5.547736679099345841e-02 -1.317288542064171564e+00
2.086865129960230880e-01 -8.902986076880189947e-02 -9.220410080203683689e-01
2.097308453575000009e-01 -1.084285588230369385e-01 -3.864717168450578777e-01
2.107709537672242117e-01 -1.109527321784239545e-01 2.023182599338416710e-01
2.118110621769483948e-01 -9.660970940067901969e-02 7.560965620473805160e-01
2.128480599636951021e-01 -6.795430133419570751e-02 1.189946447075531211e+00
2.138821136186860039e-01 -2.959084903297301214e-02 1.443249987473863127e+00
2.149161672736769058e-01 1.277020383122592570e-02 1.483815632362031955e+00
2.159459665261461991e-01 5.277898337548551921e-02 1.310010240551261917e+00
2.169742753085213971e-01 8.490380815780915191e-02 9.516677659941173983e-01
2.180025840908965951e-01 1.048074431970042603e-01 4.614463720952032277e-01
2.190272457378873994e-01 1.099086007087558825e-01 -8.815590171670180386e-02
2.200519073848782037e-01 9.982810092692545600e-02 -6.218583288640676665e-01
2.210737515503453099e-01 7.626139816205305955e-02 -1.065871705740188746e+00
2.220955957158123883e-01 4.259002553953173537e-02 -1.363040388391017155e+00
2.231133728053782961e-01 3.631342352863944738e-03 -1.475660350116135389e+00
2.241311498949442038e-01 -3.551420330400033298e-02 -1.392968426743996346e+00
2.251456680358785989e-01 -6.963132937305244186e-02 -1.129543706179722884e+00
2.261601861768129940e-01 -9.451629125131243148e-02 -7.217677595546843072e-01
2.271708474868849026e-01 -1.071046874062544785e-01 -2.265351577297769758e-01
2.281814321068081908e-01 -1.061166076614707965e-01 2.936229769420720670e-01
2.291920167267315067e-01 -9.187856097207848516e-02 7.742397261511486661e-01
2.301989120822834911e-01 -6.644985278413888252e-02 1.154916449887145369e+00
2.312058074378355865e-01 -3.306883393178787489e-02 1.392087448254233140e+00
2.322098544924325048e-01 3.997679113082175210e-03 1.458875969506664649e+00
2.332139015470293120e-01 4.034008372825387961e-02 1.350355309243073121e+00
2.342152100895429911e-01 7.157367858250772430e-02 1.082621241300963044e+00
2.352165186320565871e-01 9.420068124721539538e-02 6.891277985041408538e-01
2.362151954922880881e-01 1.056879342232362601e-01 2.186467233800538645e-01
2.372138723525195059e-01 1.049340222885815216e-01 -2.745101321634645930e-01
2.382100212913642878e-01 9.223520809086703520e-02 -7.326216733347994392e-01
2.392061702302090975e-01 6.919720302179434290e-02 -1.105581792096723026e+00
2.401998924915476896e-01 3.861785007106132567e-02 -1.352217626531998951e+00
2.411936147528863927e-01 3.939132646127204394e-03 -1.447696288488420135e+00
2.421839272173959001e-01 -3.085811608425593350e-02 -1.383788337894303222e+00
2.431741826801301909e-01 -6.210951241964447062e-02 -1.170196561577789174e+00
2.441644381428645094e-01 -8.650001168188958811e-02 -8.315249288579384945e-01
2.451525072457547971e-01 -1.014872638463945043e-01 -4.064174559080425131e-01
2.461405763486450016e-01 -1.056643918864307446e-01 5.974746190517588040e-02
2.476169690387302891e-01 -9.168145375336164693e-02 7.192213136032326037e-01
2.490986197616346931e-01 -5.708700426486199020e-02 1.213987891080740900e+00
2.500816239077278125e-01 -2.626015089664357136e-02 1.395886492313121785e+00
2.510646280538209041e-01 7.060865600387225549e-03 1.435970464979452244e+00
2.520461819638492029e-01 3.946170728422571106e-02 1.332080586588503035e+00
2.530263942354005202e-01 6.775261626958443972e-02 1.096895941713259104e+00
2.540066065069517820e-01 8.924801205315660568e-02 7.548194775320083982e-01
2.549850575566918187e-01 1.019154663766175251e-01 3.411788779434049013e-01
2.559635086064319109e-01 1.046771931225845692e-01 -1.037883705506607857e-01
2.569380179873769765e-01 9.743260686960109052e-02 -5.351128906682001141e-01
2.579152191512413816e-01 8.096122802016819664e-02 -9.147235861668482348e-01
2.588903710736741859e-01 5.698794359305122542e-02 -1.205921398329635519e+00
2.598655229961069901e-01 2.780821053419043828e-02 -1.383526388155368103e+00
2.613230664276363080e-01 -1.903069610441843543e-02 -1.408644305828769427e+00
2.627870461853180073e-01 -6.196284317113701090e-02 -1.151670079900698918e+00
2.642403887882019964e-01 -9.218487286890514332e-02 -6.713876173665683789e-01
2.657003925946191947e-01 -1.043748716702621593e-01 -6.078145981746645166e-02
2.666698680509819730e-01 -1.011708517165710031e-01 3.607719657009422209e-01
2.676393435073449178e-01 -8.915871633659787354e-02 7.493413612972301685e-01
2.686075749083224884e-01 -6.950099187801087042e-02 1.071265033152552171e+00
2.695758063093001144e-01 -4.395453788551155483e-02 1.300115670518308120e+00
2.705412474514743981e-01 -1.484361883806329697e-02 1.417124625139814409e+00
2.715098617210188192e-01 1.550657984299004880e-02 1.414213345576011749e+00
2.724758040936595127e-01 4.436777723117209249e-02 1.292811897819804212e+00
2.734417464663002062e-01 6.943895478977538116e-02 1.064313962016060211e+00
2.744049664315437731e-01 8.864594144233783890e-02 7.496620791539889694e-01
2.753714841122708035e-01 1.005848273880488586e-01 3.735939972100367212e-01
2.768122224042693924e-01 1.030366333451950278e-01 -2.262740338671821727e-01
2.782605428606568232e-01 8.732871264159736135e-02 -7.864677060203086878e-01
2.792230898017574736e-01 6.799543142322987677e-02 -1.088442254170261858e+00
2.801856367428581240e-01 4.336734940028372232e-02 -1.303751505736252092e+00
2.811473565508991190e-01 1.544663106790930551e-02 -1.416323302432329845e+00
2.821090763589401140e-01 -1.358784702419822861e-02 -1.418619948427064292e+00
2.830682204929131918e-01 -4.141769919825537272e-02 -1.311942022684278397e+00
2.840309311037308992e-01 -6.609291125726068916e-02 -1.104701279340043696e+00
2.854679267090184935e-01 -9.280671909519266904e-02 -6.507814607889236269e-01
2.869131169026136741e-01 -1.041895764506203109e-01 -8.862374685054318080e-02
2.878724078661420993e-01 -1.022088481290603090e-01 3.002392840176750788e-01
2.888316988296705801e-01 -9.270187088245818163e-02 6.658637219497193227e-01
2.897885131602004893e-01 -7.648390484112758958e-02 9.809589619580796338e-01
2.907490868313554744e-01 -5.468264017628337442e-02 1.224953132053262284e+00
2.921808661995458078e-01 -1.580427824798111627e-02 1.418838645826921985e+00
2.936212407457569062e-01 2.563656397996387504e-02 1.390235643637570684e+00
2.945767800163460737e-01 5.140618921761368199e-02 1.248391044281075057e+00
2.955362094878383750e-01 7.361317603225502049e-02 1.018905484521295035e+00
2.964933245974175069e-01 9.060121433772228006e-02 7.198109251938242803e-01
2.974504397069965833e-01 1.013050303199057312e-01 3.719432070683612590e-01
2.988819926201308208e-01 1.042748680424355479e-01 -1.821927778929332276e-01
3.003225649590904878e-01 9.164218020578676627e-02 -7.099565505492063666e-01
3.012768521985618730e-01 7.545125304179264858e-02 -1.006289153544273285e+00
3.022352021590857252e-01 5.420344690087962325e-02 -1.235968397471266078e+00
3.031913095476029274e-01 2.946762508397824179e-02 -1.382895016686502609e+00
3.041474169361201851e-01 2.850185553498556755e-03 -1.438916841493309562e+00
3.051033301085280258e-01 -2.389779082312634001e-02 -1.401315556057258327e+00
3.060592432809358110e-01 -4.905609392489884701e-02 -1.273478014588154350e+00
3.077228753413188134e-01 -8.412103880141399981e-02 -8.711894255533292331e-01
3.093993823933313125e-01 -1.035708148841500559e-01 -3.048543937074119081e-01
3.110674284137491807e-01 -1.037707076871873524e-01 3.124036937175711515e-01
3.127486617597647900e-01 -8.489681049805515578e-02 8.737534398686842563e-01
3.146597057555134969e-01 -4.523910425462569079e-02 1.309844384261590111e+00
3.165707857154991811e-01 4.692401293609990177e-03 1.443959517204172149e+00
3.184822492123998150e-01 5.346599939603952079e-02 1.251618435128327045e+00
3.203937127093003934e-01 9.023147420317301215e-02 7.817562733998139057e-01
3.223053245029371960e-01 1.071130502066326984e-01 1.428583704249521968e-01
3.237393876847550755e-01 1.044620934162232700e-01 -3.665599859929294380e-01
3.251734508665731216e-01 8.892135345146180703e-02 -8.287635754984645775e-01
3.270859409516935212e-01 5.221741202887796723e-02 -1.274803404336564805e+00
3.289988837648503139e-01 4.640911955226879534e-03 -1.452586827593988383e+00
3.309123358818485960e-01 -4.384325855366396490e-02 -1.330604659653962019e+00
3.318692480034560743e-01 -6.554907921019877126e-02 -1.161792392769511295e+00
3.337835702002405203e-01 -9.737961823532666206e-02 -6.631741100167387604e-01
3.356990749884776748e-01 -1.098161378161979645e-01 -3.499280454776455135e-02
3.376145797767149959e-01 -1.006968542631531682e-01 5.970026607820007047e-01
3.395310173018977751e-01 -7.209964099896533363e-02 1.110824684393464157e+00
3.414482662821387016e-01 -2.975574102716457489e-02 1.410755042848461205e+00
3.428870733729471043e-01 6.422924201249089436e-03 1.461735117413150986e+00
3.443258804637556181e-01 4.189840315722646175e-02 1.356578089919606933e+00
3.457657352099121062e-01 7.295399615132638904e-02 1.108528555721597364e+00
3.472055899560684833e-01 9.637072061554113889e-02 7.456900579609906377e-01
3.491265623556059072e-01 1.117917316174613790e-01 1.560384383636632122e-01
3.510485786226508753e-01 1.073449122688270307e-01 -4.586527908751635296e-01
3.524911716782869742e-01 9.134393307520920213e-02 -8.731724148150423748e-01
3.539337647339230730e-01 6.626188889126087556e-02 -1.199459615502352028e+00
3.553776513800582793e-01 3.463761077217277634e-02 -1.406958900687526715e+00
3.568215380261933745e-01 -3.595971411525362396e-04 -1.476998449975085448e+00
3.587489468669590731e-01 -4.617308464603749746e-02 -1.351861829047360963e+00
3.606763557077248272e-01 -8.435738665992348340e-02 -1.003870414369475883e+00
3.626063224667718243e-01 -1.088192660006198909e-01 -4.934066208102209083e-01
3.645362892258188769e-01 -1.157677392041862596e-01 9.391199667293265163e-02
3.664689469915051179e-01 -1.043304389910654772e-01 6.643040419512926675e-01
3.684016047571914143e-01 -7.654436739341856366e-02 1.128223711926731987e+00
3.703370865072648788e-01 -3.686704236118767269e-02 1.416686975644551261e+00
3.722725682573382877e-01 8.463789050976376974e-03 1.488654720298216549e+00
3.742110041386200181e-01 5.263708330534765112e-02 1.337331122081978130e+00
3.761494400199016930e-01 8.907141756263926846e-02 9.892888482059063460e-01
3.780909480870727757e-01 1.125961748239906052e-01 4.982581078556633791e-01
3.800324561542439139e-01 1.199500327104158909e-01 -6.199573319749757810e-02
3.819771417800634228e-01 1.102934863067261129e-01 -6.117259597294332218e-01
3.839218274058828761e-01 8.519288837313350460e-02 -1.073585888406917599e+00
3.858697944775816846e-01 4.825240976641475416e-02 -1.386272232523146908e+00
3.878177615492804930e-01 4.687522978291256553e-03 -1.509551091418788404e+00
3.897691117133387229e-01 -3.965433182397140599e-02 -1.430495272758409042e+00
3.917204618773967861e-01 -7.883630087454006341e-02 -1.163259029578153081e+00
3.941647014547489114e-01 -1.129294827793559525e-01 -6.275860334717648925e-01
3.966089410321009256e-01 -1.249104774579190974e-01 2.808228171633960976e-02
3.985682178739590187e-01 -1.170064908340570226e-01 5.562192287498773924e-01
4.005274947158171117e-01 -9.457484287114319155e-02 1.013203595635558729e+00
4.024904064316531249e-01 -6.048050323974644288e-02 1.345326611197643629e+00
4.044533181474890271e-01 -1.901714002823941610e-02 1.514314524082789104e+00
4.064199206371885142e-01 2.488056207296534400e-02 1.503311810276781513e+00
4.083865231268878904e-01 6.597138858703029130e-02 1.316810885231732620e+00
4.103568695697539792e-01 9.961391529629731734e-02 9.790799038984685509e-01
4.123272160126201236e-01 1.220022576579808948e-01 5.317319256198880240e-01
4.143013596746851213e-01 1.307849302570315009e-01 2.600330698522139092e-02
4.162755033367501190e-01 1.251206015771728630e-01 -4.803744736716483166e-01
4.182534987903078205e-01 1.057695879678098722e-01 -9.331996940834133003e-01
4.202314942438655776e-01 7.499021755923077071e-02 -1.284047430716845017e+00
4.227096292711439163e-01 2.584468957032381303e-02 -1.527084280773174152e+00
4.251877642984221994e-01 -2.763738592729940782e-02 -1.524899124705831222e+00
4.271745802569402173e-01 -6.809366804973858434e-02 -1.347949116304960393e+00
4.291613962154581796e-01 -1.018113772364044878e-01 -1.036331713756476480e+00
4.311521647704175120e-01 -1.255727798383323712e-01 -6.227267175941032518e-01
4.331429333253766778e-01 -1.371097918974638341e-01 -1.500836406138494894e-01
4.351376674815624068e-01 -1.354542176455777458e-01 3.359130788897641828e-01
4.371324016377479138e-01 -1.208997412897926255e-01 7.880059098531226880e-01
4.391311183782494187e-01 -9.491343551357277197e-02 1.165318954910600446e+00
4.411298351187508127e-01 -6.005908813307361122e-02 1.433665052029421183e+00
4.431325454458727164e-01 -1.953528888815466574e-02 1.571045821598025638e+00
4.451352557729946757e-01 2.288808988664249935e-02 1.567182934337223443e+00
4.481444270479484904e-01 8.149850235439415336e-02 1.309807560029801365e+00
4.506573177191960933e-01 1.193861795060154468e-01 9.004323203354865912e-01
4.531702083904435852e-01 1.417505626809345831e-01 3.751782427153871335e-01
4.551848815569788931e-01 1.466136543137527282e-01 -8.415027399354019222e-02
4.571995547235140900e-01 1.394116387556290915e-01 -5.347248571762410752e-01
4.592181900033455166e-01 1.208318082521184084e-01 -9.410285875415628221e-01
4.612368252831767768e-01 9.250348931489817128e-02 -1.270651080041693026e+00
4.632593922887823235e-01 5.670147352694614867e-02 -1.499586836910679732e+00
4.652819592943879257e-01 1.634407158407322549e-02 -1.611413230632181781e+00
4.673084188243976089e-01 -2.550768070500669324e-02 -1.599819842306107409e+00
4.693348783544071812e-01 -6.560531696177421268e-02 -1.467845345412219338e+00
4.713651924405172222e-01 -1.010544461799316451e-01 -1.227147982954143401e+00
4.733955065266273188e-01 -1.292367925763105441e-01 -8.976587120095391725e-01
4.759389023477624270e-01 -1.513225304215861655e-01 -4.008172632374920052e-01
4.784822981688974797e-01 -1.568910061796610078e-01 1.375210676278003363e-01
4.805211256895989269e-01 -1.490945326624408540e-01 5.606002994601992917e-01
4.825599532103003741e-01 -1.310181634346494206e-01 9.436700297940376903e-01
4.846024622203434773e-01 -1.039500893656690739e-01 1.262219597570073848e+00
4.866449712303865804e-01 -6.982447484122025760e-02 1.495647499915653267e+00
4.886910831097662222e-01 -3.089130168458474948e-02 1.630538050522434057e+00
4.907371949891458085e-01 1.022068286183810439e-02 1.659691132881358167e+00
4.927868267637741106e-01 5.093759104154653439e-02 1.583171919915651094e+00
4.948364585384024128e-01 8.863991678539351327e-02 1.407777044690274648e+00
4.989425778493357111e-01 1.455869655879622193e-01 8.259706685851285757e-01
5.020264094695874313e-01 1.672036565619061665e-01 2.530561183994440855e-01
5.051138832495274400e-01 1.672473743906593702e-01 -3.499796226108926600e-01
5.092361856145506405e-01 1.349883514667966078e-01 -1.063587409164107767e+00
5.133645520198434342e-01 7.336013327136733930e-02 -1.546385382839338130e+00
5.174987117319133079e-01 -4.289147377601943735e-03 -1.706427979756377500e+00
5.216383508218596088e-01 -8.198008624072283812e-02 -1.522876772181121385e+00
5.257831480915519107e-01 -1.444715332110801664e-01 -1.043726576557081565e+00
5.299327976174466048e-01 -1.801446435737099339e-01 -3.702785467010130116e-01
5.340869657500283418e-01 -1.829041934126013347e-01 3.667261590379238823e-01
5.382452599924625325e-01 -1.528675423488468632e-01 1.033612990685521149e+00
5.424072497157466088e-01 -9.586969948142480547e-02 1.517679845507133640e+00
5.465725012540574301e-01 -2.202322093185933236e-02 1.744579711991097515e+00
5.507405845750824591e-01 5.629436168866375906e-02 1.687084970315318566e+00
5.549110536012068495e-01 1.266114706608343077e-01 1.365012035352919595e+00
5.590834321773656690e-01 1.783171737203296248e-01 8.376051089391413074e-01
5.643010869630014081e-01 2.059613124521458005e-01 2.750922029806466412e-02
5.684758978830769527e-01 1.956823362319304871e-01 -6.321973778944135480e-01
5.726509199913500936e-01 1.582557296519756518e-01 -1.200145285220779456e+00
5.768255755389478656e-01 9.925423888140748330e-02 -1.604535826034772850e+00
5.809992666418749563e-01 2.675589606135911694e-02 -1.800129398363246924e+00
5.851713896051653485e-01 -4.990582312328781245e-02 -1.771283068979466302e+00
5.882989619740793819e-01 -1.047289808236370467e-01 -1.608325810228667274e+00
5.935085681122563850e-01 -1.793742727395307435e-01 -1.117651467051049119e+00
5.976721595114997676e-01 -2.180443996532827333e-01 -5.828310096059673429e-01
6.018315407075064405e-01 -2.334746203821552180e-01 9.303184285086455244e-03
6.059860031390628121e-01 -2.246391201811533678e-01 5.943307577065102265e-01
6.101348262532020339e-01 -1.930534881664399405e-01 1.113658732524961836e+00
6.142772761532119263e-01 -1.423822096108418866e-01 1.519961710802260058e+00
6.184126036405177551e-01 -7.787300533272281666e-02 1.780679920082834045e+00
6.225400396928169044e-01 -5.703531303824131184e-03 1.879526815464537703e+00
6.266587955232777452e-01 6.767970432217240706e-02 1.816169432673130801e+00
6.307680621340325811e-01 1.361631008837874690e-01 1.604409207820056693e+00
6.348670077734064332e-01 1.944589790917969629e-01 1.269289673628218429e+00
6.389547727646552877e-01 2.384600732160963577e-01 8.435909295181723833e-01
6.430304670771704867e-01 2.654446316870262557e-01 3.641440627620256554e-01
6.470931794239351831e-01 2.741371340897033049e-01 -1.316716674988780422e-01
6.511419830734889169e-01 2.646415977875404835e-01 -6.089752159274374188e-01
6.551759295578980513e-01 2.382732192722406550e-01 -1.037782873846017528e+00
6.591940368817645890e-01 1.973189587982329407e-01 -1.394647692219579405e+00
6.631952816224888636e-01 1.447584635017559185e-01 -1.663525443253626834e+00
6.671786041264677891e-01 8.397410348550118919e-02 -1.835935936658900314e+00
6.711429148974273895e-01 1.847457813082069994e-02 -1.910533435351295273e+00
6.750870927600961524e-01 -4.834897225411055599e-02 -1.892225197394912684e+00
6.790099725167971778e-01 -1.134216630011688765e-01 -1.790985642231998298e+00
6.829103352717456055e-01 -1.741319946291297882e-01 -1.620511543468341698e+00
6.867869018151261384e-01 -2.284261689574023646e-01 -1.396851343068543416e+00
6.906383285912754966e-01 -2.748528504339848855e-01 -1.137128855578097175e+00
6.944632064204609989e-01 -3.125651389321480456e-01 -8.584500461686951356e-01
6.982600501045075347e-01 -3.412881714458809168e-01 -5.770260509054305764e-01
7.020272815871985150e-01 -3.612625501383283089e-01 -3.075567086659099503e-01
7.038990663650485091e-01 -3.681534972253485694e-01 -1.813051613949265006e-01
7.057628000939073498e-01 -3.731362458986279274e-01 -6.266296361860815289e-02
7.094655902404470860e-01 -3.780156292811508445e-01 1.468517094528370703e-01
7.131331888985167344e-01 -3.771952080831332821e-01 3.123203714178677259e-01
7.167633315432266894e-01 -3.722167340304190497e-01 4.266807740915271041e-01
7.203534697890988658e-01 -3.648194951914393025e-01 4.813875590746733435e-01
7.239006927315578821e-01 -3.566651941132497616e-01 4.868784158026049913e-01
7.274037472512754343e-01 -3.486243110975715265e-01 4.828353052259125033e-01
7.308631569784361792e-01 -3.408268449849777837e-01 4.789180421663665754e-01
7.342794427454362172e-01 -3.332626355975866761e-01 4.751215420908247444e-01
7.376531370894844342e-01 -3.259222507634041976e-01 4.714409438613284542e-01
7.409847640846142225e-01 -3.187967270091587868e-01 4.678716311982763498e-01
7.442748211369105693e-01 -3.118776349866726472e-01 4.644092373593361467e-01
7.475237974064263824e-01 -3.051569799141383155e-01 4.610496107909506369e-01
7.507321962838469087e-01 -2.986270816010981877e-01 4.577887799770274935e-01
7.539005302043194634e-01 -2.922805745329026261e-01 4.546229490737829226e-01
7.570292970629285412e-01 -2.861104802120890134e-01 4.515485116422832124e-01
7.601189748256973466e-01 -2.801102094517187169e-01 4.485620447455810345e-01
7.631700307096180858e-01 -2.742735054399847439e-01 4.456602895628359318e-01
7.661829280312825174e-01 -2.685944011592006908e-01 4.428401358889492712e-01
7.691581275626218073e-01 -2.630671999965712438e-01 4.400986128890542193e-01
7.720960887207071188e-01 -2.576864519400507980e-01 4.374328805711500401e-01
7.749972707982543119e-01 -2.524469292617681493e-01 4.348402217807396664e-01
7.778621289318303766e-01 -2.473436324779001994e-01 4.323180392760780366e-01
7.806911033824630586e-01 -2.423718234464597721e-01 4.298638587209159811e-01
7.834846171445913887e-01 -2.375270219320513299e-01 4.274753240693157097e-01
7.862430869060449412e-01 -2.328049470124815834e-01 4.251501820222003403e-01
7.889669369237084506e-01 -2.282014579979523561e-01 4.228862652574384984e-01
7.916565982021911418e-01 -2.237125541649393479e-01 4.206814890449617206e-01
7.943124974778934533e-01 -2.193344073291678686e-01 4.185338561759366915e-01
7.969350495080719243e-01 -2.150633739664855049e-01 4.164414587024441450e-01
7.995246585495641156e-01 -2.108959761720828052e-01 4.144024721959603252e-01
8.020817215573190495e-01 -2.068288803312213209e-01 4.124151491251722979e-01
8.046066294762304061e-01 -2.028588875175014183e-01 4.104778140895483096e-01
8.070997653306969388e-01 -1.989829321827351893e-01 4.085888618724741184e-01
8.095615092888481801e-01 -1.951980667676747050e-01 4.067467502402388191e-01
8.119922431475441460e-01 -1.915014470932880630e-01 4.049499937250602422e-01
8.143923505053758394e-01 -1.878903309590394533e-01 4.031971608348852709e-01
8.167622071215497881e-01 -1.843620952906404875e-01 4.014868786100230236e-01
8.191021778306492029e-01 -1.809142366486731213e-01 3.998178320060878921e-01
8.214126187949533087e-01 -1.775443543777008859e-01 3.981887596382923666e-01
8.236938850346046115e-01 -1.742501246763760447e-01 3.965984460548477308e-01
8.259463322523640239e-01 -1.710292922618200651e-01 3.950457185150273998e-01
8.281703138888254490e-01 -1.678796834906583213e-01 3.935294470870918104e-01
8.303661724506571362e-01 -1.647992331232255858e-01 3.920485486167610834e-01
8.325342380230222883e-01 -1.617859856190552725e-01 3.906019855508719996e-01
8.346748353855768521e-01 -1.588380620089999418e-01 3.891887592255010020e-01
8.367882947421915185e-01 -1.559536213670679183e-01 3.878079011474664384e-01
8.388749484008726220e-01 -1.531308664453698565e-01 3.864584739864205809e-01
8.409351219691613144e-01 -1.503680731970492290e-01 3.851395759074869307e-01
8.429691303017050608e-01 -1.476636024050742846e-01 3.838503416202342922e-01
8.449772835243484215e-01 -1.450158790466658243e-01 3.825899369849148357e-01
8.469598912257328971e-01 -1.424233752073994497e-01 3.813575551313808099e-01
8.489172622932020795e-01 -1.398846113851258677e-01 3.801524154792805255e-01
8.508497044538249066e-01 -1.373981604589994687e-01 3.789737629462059387e-01
8.527575229688695302e-01 -1.349626459563746939e-01 3.778208676840243418e-01
8.546410160783932675e-01 -1.325767431068150259e-01 3.766930267821800848e-01
8.565004710086118189e-01 -1.302391837149204923e-01 3.755895655555895329e-01
8.583361673787008872e-01 -1.279487492331373988e-01 3.745098344230711196e-01
8.601483873498577681e-01 -1.257042489682423658e-01 3.734532019901809496e-01
8.619374190156378068e-01 -1.235045093599924371e-01 3.724190524350154408e-01
8.637035513945729992e-01 -1.213483852640858396e-01 3.714067877893936775e-01
8.654470650665438969e-01 -1.192347816179321618e-01 3.704158325933867846e-01
8.671682312272307458e-01 -1.171626555971142097e-01 3.694456335147749959e-01
8.688673159218502917e-01 -1.151310015936876374e-01 3.684956561425155597e-01
8.705445856873960109e-01 -1.131388353003755232e-01 3.675653811407559313e-01
8.722003068198478370e-01 -1.111851957624151316e-01 3.666543041220301502e-01
8.738347418094588592e-01 -1.092691562118581622e-01 3.657619370377032109e-01
8.754481467852704979e-01 -1.073898280944285410e-01 3.648878089605999131e-01
8.770407741766889087e-01 -1.055463507299696790e-01 3.640314640199398544e-01
8.786128771136945126e-01 -1.037378786049000523e-01 3.631924585202558342e-01
8.801647113007132761e-01 -1.019635787670979954e-01 3.623703595207211636e-01
8.816965317742312402e-01 -1.002226399967335591e-01 3.615647461636622984e-01
8.832085878593547434e-01 -9.851428379603847929e-02 3.607752118589195867e-01
8.847011190561783200e-01 -9.683776945403042846e-02 3.600013659090244289e-01
8.861743569071006688e-01 -9.519238756143129365e-02 3.592428319744332965e-01
8.876285293506940288e-01 -9.357744835915851600e-02 3.584992453760924014e-01
8.890638676536581908e-01 -9.199226838798195416e-02 3.577702491716879263e-01
8.904806072870743439e-01 -9.043616797794892803e-02 3.570554934825465598e-01
8.918789864151801527e-01 -8.890847534411923381e-02 3.563546359982948109e-01
8.932592404372767803e-01 -8.740853717903050712e-02 3.556673444463470668e-01
8.946215989640163846e-01 -8.593572585507465444e-02 3.549932977296897940e-01
8.959662842038009778e-01 -8.448944299573306338e-02 3.543321863419876538e-01
8.972935117732897536e-01 -8.306911757790587381e-02 3.536837115809898235e-01
8.986034927209798351e-01 -8.167420021734266011e-02 3.530475842090683436e-01
8.998964354025826839e-01 -8.030415622284962918e-02 3.524235232537535345e-01
9.011725489915097809e-01 -7.895845696649295142e-02 3.518112540594364179e-01
9.024320447860507688e-01 -7.763657649433382268e-02 3.512105074743080424e-01
9.036751353555274591e-01 -7.633799516850452160e-02 3.506210200687157053e-01
9.049020296532450658e-01 -7.506221063641231594e-02 3.500425362553564734e-01
9.061129304280890473e-01 -7.380874335569419242e-02 3.494748092467154787e-01
9.073080357373773941e-01 -7.257713203854297690e-02 3.489176000737342354e-01
9.084875419218813031e-01 -7.136692585420133239e-02 3.483706759687355548e-01
9.096516449412487271e-01 -7.017768111653618912e-02 3.478338095626297144e-01
9.108005396977110202e-01 -6.900896315778604073e-02 3.473067790307122760e-01
9.119344190251117421e-01 -6.786034902487374232e-02 3.467893683804413874e-01
9.130534727752540602e-01 -6.673142895623891679e-02 3.462813676868693458e-01
9.141578874195450677e-01 -6.562180631523831242e-02 3.457825730879189319e-01
9.152478462184302499e-01 -6.453109727593901723e-02 3.452927865312895306e-01
9.163235307136011754e-01 -6.345892545282694197e-02 3.448118149354744699e-01
9.173851213290326045e-01 -6.240492355720865525e-02 3.443394697809562532e-01
9.184327978233862710e-01 -6.136872968911015469e-02 3.438755667718852993e-01
9.194667382392092136e-01 -6.034998993241873222e-02 3.434199261781472612e-01
9.204871184823875119e-01 -5.934835922226096294e-02 3.429723728846134079e-01
9.214941118815067611e-01 -5.836350230956364321e-02 3.425327364499387017e-01
9.224878885587296518e-01 -5.739509475015847767e-02 3.421008512478317942e-01
9.234686156415649050e-01 -5.644282225459223284e-02 3.416765562397273692e-01
9.244364580894727235e-01 -5.550637806818789488e-02 3.412596944961467926e-01
9.253915805410551920e-01 -5.458545878009914837e-02 3.408501122910739811e-01
9.263341472457474746e-01 -5.367976392082073056e-02 3.404476590426644411e-01
9.272643205556930779e-01 -5.278899970896634014e-02 3.400521878631114769e-01
9.281822593195951931e-01 -5.191288348058960972e-02 3.396635561361470157e-01
9.290881192404382150e-01 -5.105114369965144810e-02 3.392816252510942321e-01
9.299820544127295197e-01 -5.020351591598564561e-02 3.389062598527491921e-01
9.308642183379219892e-01 -4.936973860247514251e-02 3.385373273315601117e-01
9.317347637709364472e-01 -4.854955195693731740e-02 3.381746978142308735e-01
9.325938419655581679e-01 -4.774269953966655405e-02 3.378182444039470878e-01
9.334416025644689530e-01 -4.694892970183028869e-02 3.374678431475400253e-01
9.342781940582032263e-01 -4.616799560484383114e-02 3.371233727701038463e-01
9.351037639763524201e-01 -4.539965465775794989e-02 3.367847145269275977e-01
9.359184581932523672e-01 -4.464367028919507402e-02 3.364517524157022987e-01
9.367224180073485673e-01 -4.389981785915216678e-02 3.361243742955675740e-01
9.375157793601903711e-01 -4.316788748941798731e-02 3.358024721055296036e-01
9.382986736089657942e-01 -4.244768146479809684e-02 3.354859414627655578e-01
9.390712321160756826e-01 -4.173900415139557285e-02 3.351746797299164915e-01
9.398335891165293665e-01 -4.104165473515280355e-02 3.348685848227483386e-01
9.405858812974943195e-01 -4.035542735294822547e-02 3.345675553574241068e-01
9.413282457717848661e-01 -3.968011490470784580e-02 3.342714914293132278e-01
9.420608178502133390e-01 -3.901551253273589231e-02 3.339802954585784356e-01
9.427837310928691705e-01 -3.836141807880197319e-02 3.336938721113955619e-01
9.434971161334501089e-01 -3.771763571681032573e-02 3.334121287089135133e-01
9.442010983676487612e-01 -3.708398184717714291e-02 3.331349760771264434e-01
9.448957981803430828e-01 -3.646028569607551867e-02 3.328623283793955001e-01
9.455813325674083947e-01 -3.584638298196698991e-02 3.325941024168587168e-01
9.462578189837917986e-01 -3.524210451609995076e-02 3.323302160715827513e-01
9.469253759203707377e-01 -3.464727186922904323e-02 3.320705880588897263e-01
9.475841219105402002e-01 -3.406170215967611881e-02 3.318151382914439340e-01
9.482341736882211602e-01 -3.348521911725575728e-02 3.315637885669410756e-01
9.488756453742962504e-01 -3.291766022700419458e-02 3.313164628401505940e-01
9.495086488587556328e-01 -3.235887656842518362e-02 3.310730870277787674e-01
9.501332951313513631e-01 -3.180873105806861917e-02 3.308335884572276564e-01
9.507496960826257171e-01 -3.126709728830172341e-02 3.305978951461724380e-01
9.513579651353069044e-01 -3.073385829551402229e-02 3.303659355393201436e-01
9.519582165945869034e-01 -3.020890015764618117e-02 3.301376387198416973e-01
9.525505625735545268e-01 -2.969210418339850513e-02 3.299129355376024808e-01
9.531351118401709677e-01 -2.918334420119345768e-02 3.296917590030122303e-01
9.537119697698679399e-01 -2.868248875754546984e-02 3.294740442747708387e-01
9.542812403202287630e-01 -2.818940196527169179e-02 3.292597278891445933e-01
9.548430270251752061e-01 -2.770394342579538677e-02 3.290487473670635210e-01
9.553974327455952986e-01 -2.722597012028359076e-02 3.288410412910072744e-01
9.559445589026865919e-01 -2.675534363075970923e-02 3.286365495745766085e-01
9.564845050053580877e-01 -2.629193679443195958e-02 3.284352136170256564e-01
9.570173690229182295e-01 -2.583563367965260177e-02 3.282369761370366734e-01
9.575432481385535155e-01 -2.538632444590414872e-02 3.280417808583149242e-01
9.580622389120657667e-01 -2.494390030816391601e-02 3.278495724211534235e-01
9.585744372418232295e-01 -2.450825206570660109e-02 3.276602963751311104e-01
9.590799381259947909e-01 -2.407927130211045402e-02 3.274738992477061461e-01
9.595788354479902749e-01 -2.365685192511683688e-02 3.272903286044729909e-01
9.600712216912781205e-01 -2.324089131507006342e-02 3.271095331349990754e-01
9.605571877573033657e-01 -2.283129053860639968e-02 3.269314626992873007e-01
9.610368233668841187e-01 -2.242795330699262277e-02 3.267560681574572246e-01
9.615102176430252445e-01 -2.203078466418403533e-02 3.265833011400981478e-01
9.619774592602109431e-01 -2.163969053434173714e-02 3.264131139783446600e-01
9.624386363595022198e-01 -2.125457771885580840e-02 3.262454597190688754e-01
9.628938363592510763e-01 -2.087535398332984737e-02 3.260802921814114352e-01
9.633431459530198415e-01 -2.050192808208966405e-02 3.259175659394691893e-01
9.637866510388649610e-01 -2.013421043856274822e-02 3.257572363335858312e-01
9.642244362725824747e-01 -1.977211444336439763e-02 3.255992596201697786e-01
9.646565852206075986e-01 -1.941555619214851980e-02 3.254435928987908788e-01
9.650831808361504116e-01 -1.906445308754070589e-02 3.252901939244363105e-01
9.655043054562382210e-01 -1.871872341213614427e-02 3.251390210977689876e-01
9.659200402356747928e-01 -1.837828735469727165e-02 3.249900336515296195e-01
9.663304647237355161e-01 -1.804306811494112497e-02 3.248431917874675667e-01
9.667356570265409621e-01 -1.771299148283511302e-02 3.246984566046465237e-01
9.671356950751521797e-01 -1.738798369221878498e-02 3.245557896364408834e-01
9.675306568648514016e-01 -1.706797074340799317e-02 3.244151527614230202e-01
9.679206204413721704e-01 -1.675287842159185053e-02 3.242765081926806681e-01
9.683056632759791116e-01 -1.644263258597058672e-02 3.241398186928710068e-01
9.686858619411236049e-01 -1.613715918085281698e-02 3.240050476694827375e-01
9.690612920205190495e-01 -1.583638447939337071e-02 3.238721591977963832e-01
9.694320280361357067e-01 -1.554023597791558478e-02 3.237411180409729416e-01
9.697981436541373013e-01 -1.524864288087287092e-02 3.236118895680574203e-01
9.701597119736792285e-01 -1.496153550188904051e-02 3.234844396481647566e-01
9.705168057640763957e-01 -1.467884440469875186e-02 3.233587345526223178e-01
9.708694969864466451e-01 -1.440050073470874707e-02 3.232347411102829970e-01
9.712178563702503764e-01 -1.412643717645770819e-02 3.231124268448043457e-01
9.715619532024425409e-01 -1.385658838464148487e-02 3.229917600380007303e-01
9.719018559824413872e-01 -1.359088917980575892e-02 3.228727094925651353e-01
9.722376334334535963e-01 -1.332927215696391894e-02 3.227552441712372988e-01
9.725693544860373185e-01 -1.307166750806799949e-02 3.226393331969596989e-01
9.728970879945362249e-01 -1.281800398116768498e-02 3.225249459472662172e-01
9.732209017546173957e-01 -1.256821029273577986e-02 3.224120523838175933e-01
9.735408623544371531e-01 -1.232221517108349727e-02 3.223006230924720383e-01
9.738570353791702328e-01 -1.207994688344577773e-02 3.221906291999684369e-01
9.741694855365269357e-01 -1.184133362893551727e-02 3.220820423293820345e-01
9.744782765863391205e-01 -1.160630448953121722e-02 3.219748346253303861e-01
9.747834712405878399e-01 -1.137478990918684013e-02 3.218689787711938033e-01
9.750851311684266554e-01 -1.114672122195517305e-02 3.217644479785684575e-01
9.753833174776915804e-01 -1.092202930830473220e-02 3.216612158280968137e-01
9.756780908428658305e-01 -1.070064425960347287e-02 3.215592561982186792e-01
9.759695114299516971e-01 -1.048249569102539629e-02 3.214585432911599705e-01
9.762576389021463408e-01 -1.026751188257393581e-02 3.213590516251721985e-01
9.765425324979953858e-01 -1.005561830624185880e-02 3.212607559822115433e-01
9.768242509432418785e-01 -9.846737151877825792e-03 3.211636314399308190e-01
9.771028522833710150e-01 -9.640788509380989607e-03 3.210676534215615163e-01
9.773783933517848910e-01 -9.437693214654001642e-03 3.209727978727963671e-01
9.776509296593629550e-01 -9.237374501191648532e-03 3.208790413149306686e-01
9.779205156231944862e-01 -9.039757641904873700e-03 3.207863607610733081e-01
9.781872047434609918e-01 -8.844768764337446881e-03 3.206947336118796676e-01
9.784510495060143587e-01 -8.652333898108332394e-03 3.206041377067559428e-01
9.787121011965591588e-01 -8.462379073027674961e-03 3.205145513773340338e-01
9.789704097928612070e-01 -8.274830633231393048e-03 3.204259534512376995e-01
9.792260248675913603e-01 -8.089614085065154753e-03 3.203383229445666558e-01
9.794789964416771300e-01 -7.906652755114635875e-03 3.202516387939217113e-01
9.797293750085785957e-01 -7.725867470843016463e-03 3.201658798263480321e-01
9.799772111141689113e-01 -7.547178016619825180e-03 3.200810248974665373e-01
9.802225538059048393e-01 -7.370506508052045505e-03 3.199970534285099810e-01
9.804654503645000574e-01 -7.195781122598051555e-03 3.199139454754612588e-01
9.807059465012439858e-01 -7.022922365011135051e-03 3.198316816695769838e-01
9.809440869290046994e-01 -6.851872618717252082e-03 3.197502429978892891e-01
9.811799158740861504e-01 -6.682557088284513808e-03 3.196696106225035416e-01
9.814134771051555850e-01 -6.514907665241207076e-03 3.195897658581577372e-01
9.816448139740299172e-01 -6.348857334650456069e-03 3.195106901514875863e-01
9.818739695684386426e-01 -6.184340655088794818e-03 3.194323650496444511e-01
9.821009867550495320e-01 -6.021294923398737634e-03 3.193547721949988039e-01
9.823259081899210488e-01 -5.859660053600819138e-03 3.192778933397142360e-01
9.825487766341645113e-01 -5.699378413765999497e-03 3.192017101846648108e-01
9.827696354372893461e-01 -5.540394510092482711e-03 3.191262042275644917e-01
9.829885289087769706e-01 -5.382654692619669688e-03 3.190513566655818201e-01
9.832055018255810852e-01 -5.226108085483239553e-03 3.189771485306772680e-01
9.834205977716130587e-01 -5.070708789666418352e-03 3.189035612252807406e-01
9.836338588957453943e-01 -4.916416575367743742e-03 3.188305765456155849e-01
9.838453264273652188e-01 -4.763196389727346672e-03 3.187581765510076326e-01
9.840550431756610594e-01 -4.611016018197099109e-03 3.186863427780473601e-01
9.842630544299338924e-01 -4.459844814929809532e-03 3.186150559148495098e-01
9.844694079699815026e-01 -4.309654124008082017e-03 3.185442957613410231e-01
9.846741527711339037e-01 -4.160420097484308563e-03 3.184740417203772433e-01
9.848773386240422534e-01 -4.012125685646909974e-03 3.184042729109408110e-01
9.850790165882933325e-01 -3.864759635674596024e-03 3.183349679626497064e-01
9.852792397559874127e-01 -3.718312792017664219e-03 3.182661047332892568e-01
9.854780637322345660e-01 -3.572775288359699222e-03 3.181976600886834428e-01
9.856755468082143423e-01 -3.428136992002381745e-03 3.181296098110041881e-01
9.858717495053704871e-01 -3.284390418108824351e-03 3.180619287602172163e-01
9.860667343401825491e-01 -3.141527932437909731e-03 3.179945910369518791e-01
9.862605662335471868e-01 -2.999561617228669198e-03 3.179275697294655645e-01
9.864533145194630537e-01 -2.858479832348697052e-03 3.178608362152514077e-01
9.866450541503118954e-01 -2.718279124298124839e-03 3.177943598353815124e-01
9.867880381885917318e-01 -2.613864604475701729e-03 3.177447234486057703e-01
9.869309532600107904e-01 -2.509637454164998904e-03 3.176950535710794110e-01
9.871205341790296739e-01 -2.371629799234851576e-03 3.176290715404851417e-01
9.872620466585018129e-01 -2.268841280231787168e-03 3.175797458754445746e-01
9.874036170961336678e-01 -2.166232009608983454e-03 3.175303337685283500e-01
9.875916216718324536e-01 -2.030351733046282647e-03 3.174646068203065830e-01
9.877556032248382412e-01 -1.912249291128265789e-03 3.174071720245358885e-01
9.878728339090028232e-01 -1.828082792584329302e-03 3.173660477994479923e-01
9.880364164951689343e-01 -1.711036850472609852e-03 3.173085698412757005e-01
9.881766700670048253e-01 -1.611091220091961191e-03 3.172591980008644397e-01
9.882701561032216642e-01 -1.544698277020586106e-03 3.172262404923310575e-01
9.884161744165290697e-01 -1.441378283061164021e-03 3.171746820839304593e-01
9.885274938018725477e-01 -1.362941842357233988e-03 3.171353064245965858e-01
9.886441702430321943e-01 -1.281055939221769279e-03 3.170939688866935557e-01
9.887615048409820195e-01 -1.199059572232932195e-03 3.170523263116233892e-01
9.888671405303265383e-01 -1.125554492507637068e-03 3.170147716968910179e-01
9.889964814527246739e-01 -1.035979536126119867e-03 3.169687036953572346e-01
9.891379956535801821e-01 -9.385388982866597288e-04 3.169181868230749877e-01
9.892563647329785104e-01 -8.575133559349098697e-04 3.168758373827262886e-01
9.893750463211569146e-01 -7.767302203010020487e-04 3.168332856921541318e-01
9.894943121748573933e-01 -6.960261436441459284e-04 3.167904294549085398e-01
9.896140207055634797e-01 -6.155209620330195875e-04 3.167473142942786035e-01
9.897159914823099314e-01 -5.473491062930786483e-04 3.167105054979373890e-01
9.898434705941348000e-01 -4.626614240212553438e-04 3.166643780155641852e-01
9.899375585064562610e-01 -4.005457114395902718e-04 3.166302506457954746e-01
9.900878310668779214e-01 -3.020397308212476343e-04 3.165755925657977032e-01
9.901743200970993808e-01 -2.457445612556377742e-04 3.165440461575171338e-01
9.902609137873940037e-01 -1.896797410971327424e-04 3.165123945306433928e-01
9.903612026626938958e-01 -1.251244387909563726e-04 3.164756500745392054e-01
9.904874739384739168e-01 -4.443262421768323677e-05 3.164292479090569099e-01
9.905894425236058121e-01 2.024188970086339553e-05 3.163916591433303949e-01
9.907182233334840271e-01 1.012884382459347640e-04 3.163440296806886431e-01
9.907962672147299088e-01 1.500593649148415025e-04 3.163150761709698222e-01
9.909212141403226370e-01 2.275978065714043209e-04 3.162685757649105200e-01
9.910108377596256179e-01 2.828053411823586920e-04 3.162351055494248553e-01
9.911016878566011323e-01 3.384194758281705529e-04 3.162010742119070184e-01
9.912137238991562960e-01 4.065213655434798371e-04 3.161589577374260274e-01
9.913000989104370220e-01 4.586613314135626817e-04 3.161263704181217493e-01
9.913838631252052114e-01 5.089215973429290964e-04 3.160946664169226872e-01
9.914506465589315587e-01 5.487784199980358987e-04 3.160693151699628944e-01
9.915146713824002367e-01 5.868111048692766906e-04 3.160449471063372373e-01
9.916340109879260289e-01 6.572371153382219064e-04 3.159993523693610529e-01
9.917072197375820242e-01 7.001417563398410621e-04 3.159712656836241029e-01
9.918113459853242775e-01 7.607769560132863389e-04 3.159311576726503423e-01
9.918788921488236321e-01 7.998717633260196474e-04 3.159050352141579698e-01
9.919787124284612512e-01 8.573063945666154449e-04 3.158662740486724019e-01
9.920446367295224777e-01 8.950197573887188436e-04 3.158405680042408181e-01
9.921335618592820316e-01 9.456213965262834928e-04 3.158057527383185681e-01
9.922483388488775313e-01 1.010477002629505197e-03 3.157605669617200572e-01
9.923140323712106303e-01 1.047364416634619664e-03 3.157345722979555402e-01
9.923808176287334248e-01 1.084692339182149329e-03 3.157080428509618231e-01
9.924653149416101661e-01 1.131674165947363971e-03 3.156743233610644905e-01
9.925519742114751187e-01 1.179574473084155257e-03 3.156395546887448833e-01
9.926400143689063649e-01 1.227947556826389100e-03 3.156040298378109954e-01
9.927300306504682759e-01 1.277110989864723963e-03 3.155674870973975144e-01
9.928223552515691441e-01 1.327229414003336903e-03 3.155297647101442671e-01
9.928790071570852138e-01 1.357833369221021942e-03 3.155064907300259014e-01
9.929749283407137694e-01 1.409395998387078224e-03 3.154668548123790717e-01
9.930338309415541742e-01 1.440900837552016190e-03 3.154423668943630576e-01
9.931134822473388635e-01 1.483311443155083554e-03 3.154090659232530736e-01
9.931957520679123297e-01 1.526883005249306128e-03 3.153744350531464957e-01
9.932581794112547158e-01 1.559785189440515089e-03 3.153479907072552768e-01
9.933222453859934520e-01 1.593409777599167189e-03 3.153206975852254068e-01
9.934096186032961295e-01 1.639037235831996382e-03 3.152832129538747918e-01
9.934541404540199183e-01 1.662186405072411553e-03 3.152639915258363956e-01
9.935457954224757859e-01 1.709633514090639532e-03 3.152241546699161012e-01
9.936160469382104843e-01 1.745810115480045215e-03 3.151933676522066241e-01
9.936880935992783437e-01 1.782734890482029488e-03 3.151615562420597150e-01
9.937495894572796473e-01 1.814108743551662772e-03 3.151342054931175474e-01
9.938121488219817667e-01 1.845888709803158697e-03 3.151061875584326155e-01
9.939160796672812381e-01 1.898371998391890038e-03 3.150591894959803296e-01
9.939694945657114866e-01 1.925189333110243926e-03 3.150348059796826417e-01
9.940375730092885220e-01 1.959216381263410769e-03 3.150034941637429031e-01
9.941079133971814086e-01 1.994195921127934600e-03 3.149708557968887157e-01
9.941512836844985657e-01 2.015673623495641345e-03 3.149505817086510895e-01
9.942245924467123519e-01 2.051824181887377391e-03 3.149160434457732860e-01
9.942849783485653292e-01 2.081456589688843520e-03 3.148873305951149781e-01
9.943630951281491326e-01 2.119590543856169490e-03 3.148498201460142587e-01
9.944439687478419110e-01 2.158823253799728881e-03 3.148105306890175425e-01
9.944937414949477361e-01 2.182838569983301322e-03 3.147861104249046749e-01
9.945448254080581085e-01 2.207384483184719401e-03 3.147608498407085675e-01
9.946141837795062779e-01 2.240547254691359867e-03 3.147262222962461942e-01
9.946679242963347711e-01 2.266112116461802255e-03 3.146991209488053665e-01
9.947232555508067620e-01 2.292315823043163201e-03 3.146709612571161885e-01
9.947802947091887171e-01 2.319202923657653209e-03 3.146416509767396841e-01
9.948193345282794198e-01 2.337531590317608928e-03 3.146214198495538850e-01
9.948788033927520313e-01 2.365334415528829847e-03 3.145903280139972225e-01
9.949193304565996376e-01 2.384198958711021728e-03 3.145689438164460117e-01
9.949819063874423275e-01 2.413190824415058309e-03 3.145356034955451574e-01
9.950248963278948144e-01 2.433011614029476251e-03 3.145124643008979093e-01
9.950914392447394174e-01 2.463533662129721667e-03 3.144762580431988419e-01
9.951257033035670885e-01 2.479176073656231324e-03 3.144574238374506225e-01
9.951843888488717260e-01 2.505853934751417923e-03 3.144248540890764443e-01
9.952322115084688559e-01 2.527489630491601587e-03 3.143980125392292768e-01
9.952814503025246839e-01 2.549668339466556587e-03 3.143700844542398065e-01
9.953322073685838545e-01 2.572426896018505972e-03 3.143409747802500820e-01
9.953845960308196350e-01 2.595804764328559812e-03 3.143105758710513231e-01
9.954519586706931378e-01 2.625691031286353158e-03 3.142709392215737307e-01
9.954937886889216880e-01 2.644148092010050865e-03 3.142460026982861199e-01
9.955367586705249350e-01 2.663027404258689560e-03 3.142201193402179848e-01
9.955809446208156999e-01 2.682358193836271391e-03 3.141932120391024985e-01
9.956414875400296793e-01 2.708711474009042452e-03 3.141558472873446362e-01
9.956882115261579402e-01 2.728946350260557426e-03 3.141266034161643850e-01
9.957364305507077074e-01 2.749735122127565119e-03 3.140960376042868374e-01
9.957694647789196996e-01 2.763922857071964435e-03 3.140748633582710059e-01
9.958204391530577348e-01 2.785727285016879450e-03 3.140418043213514254e-01
9.958554331825923978e-01 2.800632469935204847e-03 3.140188293566412714e-01
9.959095524598978733e-01 2.823579831226967138e-03 3.139828333766352397e-01
9.959562594527735513e-01 2.843282679852739570e-03 3.139512968622860667e-01
9.960045505597787674e-01 2.863554543248825624e-03 3.139182147600863559e-01
9.960343411253066437e-01 2.876011776026251437e-03 3.138975570452887665e-01
9.960854494326569775e-01 2.897301789294123246e-03 3.138616592419125051e-01
9.961277448285118519e-01 2.914845067898617394e-03 3.138314992450115248e-01
9.961713919593757627e-01 2.932878039268743079e-03 3.137999304425698743e-01
9.962161918280310058e-01 2.951311432890904845e-03 3.137670408387250864e-01
9.962505693319740896e-01 2.965402060730787381e-03 3.137414563043968707e-01
9.962858572444537320e-01 2.979815492871302606e-03 3.137148711167586645e-01
9.963221125104277931e-01 2.994570505835445363e-03 3.136872057264249447e-01
9.963593986330890884e-01 3.009688930008668547e-03 3.136583706777537617e-01
9.963977866504906133e-01 3.025196901685053407e-03 3.136282648888639724e-01
9.964373559441993544e-01 3.041123509832917380e-03 3.135967739188844083e-01
9.964644356591672025e-01 3.051990324494553274e-03 3.135749461274536243e-01
9.965061743102501257e-01 3.068689132041112298e-03 3.135408492082523702e-01
9.965347929889251111e-01 3.080103641307571985e-03 3.135171427965081636e-01
9.965789926785999508e-01 3.097674857635118219e-03 3.134799894110469887e-01
9.966093636738425632e-01 3.109707065371743791e-03 3.134540670844904175e-01
9.966559567315705914e-01 3.128098018979592367e-03 3.134136543488060811e-01
9.966880427217708061e-01 3.140714436912449541e-03 3.133853542259411040e-01
9.967378328212044281e-01 3.160215412154775225e-03 3.133406510762693498e-01
9.967809783515868549e-01 3.177042390394234014e-03 3.133011079211543981e-01
9.968257684029371291e-01 3.194443856287791476e-03 3.132592340627990968e-01
9.968534955838771472e-01 3.205184431646646622e-03 3.132328763404964023e-01
9.969012406558794837e-01 3.223623777298611874e-03 3.131866804336455590e-01
9.969308756731882770e-01 3.235031647968492855e-03 3.131574730020368902e-01
9.969613046775022136e-01 3.246714180915995663e-03 3.131270428636372949e-01
9.969925771600518516e-01 3.258687803241268766e-03 3.130952901736013816e-01
9.970247479264872092e-01 3.270970996182835655e-03 3.130621028184090715e-01
9.970691443777704999e-01 3.287866021161471846e-03 3.130154027326819688e-01
9.971036607767090887e-01 3.300957849895210829e-03 3.129783464978505014e-01
9.971393088047536546e-01 3.314441625786313829e-03 3.129393631346469307e-01
9.971637472447061334e-01 3.323665535416206115e-03 3.129122068725412320e-01
9.972014842903836884e-01 3.337878854313191222e-03 3.128695627141692692e-01
9.972274093111264115e-01 3.347621422328681418e-03 3.128397505831968517e-01
9.972575290295068173e-01 3.358916896793176596e-03 3.128045700199028611e-01
9.972922000224022643e-01 3.371886974017553832e-03 3.127633243862266155e-01
9.973280657224116164e-01 3.385265865218324653e-03 3.127197832293858726e-01
9.973558081309227275e-01 3.395588276985695830e-03 3.126854725125493561e-01
9.973843238065247530e-01 3.406176450917185877e-03 3.126496137467553171e-01
9.974136641173761975e-01 3.417049862344799429e-03 3.126120736085059026e-01
9.974438858290636256e-01 3.428229620459165902e-03 3.125727019079103663e-01
9.974750515538618467e-01 3.439739435027007724e-03 3.125313285553992237e-01
9.975181926553605694e-01 3.455639220785826186e-03 3.124727161372620743e-01
9.975404964969021293e-01 3.463842846954148704e-03 3.124417787391409185e-01
9.975740710655780497e-01 3.476170564816259516e-03 3.123943625187176609e-01
9.976084019075507348e-01 3.488747708920049775e-03 3.123447898691371072e-01
9.976319905302465374e-01 3.497372913872427713e-03 3.123100683251081588e-01
9.976685048465973038e-01 3.510701428323245547e-03 3.122552254280067108e-01
9.976936576052695127e-01 3.519868835522725441e-03 3.122166474743076070e-01
9.977327010428558296e-01 3.534080288923950076e-03 3.121554279946237020e-01
9.977596755686080066e-01 3.543886247090200729e-03 3.121121475861060035e-01
9.977874647642224204e-01 3.553977715061185875e-03 3.120666886160372577e-01
9.978161248682079210e-01 3.564373945384644287e-03 3.120188467637380891e-01
9.978457182292497230e-01 3.575094693939582461e-03 3.119683893821529330e-01
9.978685681051390199e-01 3.583362046030215756e-03 3.119286693797265198e-01
9.978920154480180882e-01 3.591837267188677067e-03 3.118872013577383973e-01
9.979242710965282592e-01 3.603484497526847959e-03 3.118289459931062324e-01
9.979408528064854789e-01 3.609467770289203400e-03 3.117984372424662531e-01
9.979749878048177480e-01 3.621779260498403982e-03 3.117343978218740097e-01
9.979925724695731803e-01 3.628119481113657556e-03 3.117007396316681112e-01
9.980288529745338089e-01 3.641197367271642883e-03 3.116298137600880813e-01
9.980475867178884020e-01 3.647948092709797988e-03 3.115923812656883340e-01
9.980764821692650335e-01 3.658357949290076336e-03 3.115335270393999045e-01
9.981063982578021188e-01 3.669130897938327907e-03 3.114711145057373898e-01
9.981269508387591305e-01 3.676528887059682307e-03 3.114273331856642346e-01
9.981587598926524585e-01 3.687976435244340496e-03 3.113580749789741087e-01
9.981806669382242703e-01 3.695860312213111298e-03 3.113092833911053070e-01
9.982031749578805790e-01 3.703962955737382778e-03 3.112581973526480916e-01
9.982381475806171300e-01 3.716562272389038919e-03 3.111768370812499906e-01
9.982623346236442208e-01 3.725282689299311539e-03 3.111191020193992962e-01
9.982872737916601569e-01 3.734280258867410125e-03 3.110582693752795280e-01
9.983130182164108302e-01 3.743574909418719530e-03 3.109940361802733810e-01
9.983396273700049228e-01 3.753188622398808023e-03 3.109260557167976002e-01
9.983671684421697723e-01 3.763147408896859621e-03 3.108539290248958364e-01
9.983957179697369178e-01 3.773482867621136272e-03 3.107771947968221982e-01
9.984253637137215920e-01 3.784231553399017896e-03 3.106953157936919729e-01
9.984406293963175028e-01 3.789774449638352687e-03 3.106522503376277777e-01
9.984641183739834114e-01 3.798316738781809098e-03 3.105847546260284142e-01
9.984883613646687861e-01 3.807152176972636477e-03 3.105134777507608246e-01
9.985219528053926874e-01 3.819425280749959729e-03 3.104118974342267023e-01
9.985393346580382357e-01 3.825789212149799043e-03 3.103579957541750534e-01
9.985661963323834156e-01 3.835644411747744873e-03 3.102728364566198493e-01
9.985940768752048502e-01 3.845901568686102643e-03 3.101819696811557447e-01
9.986132751984105882e-01 3.852982932844798390e-03 3.101178789928819013e-01
9.986430633305444227e-01 3.864006039408479209e-03 3.100158993093947712e-01
9.986636340980088455e-01 3.871645867248487381e-03 3.099436107095479564e-01
9.986848179599125963e-01 3.879539907432873625e-03 3.098675227789117193e-01
9.987178338722532134e-01 3.891900117479552348e-03 3.097454842181450174e-01
9.987349444046859093e-01 3.898332268271899933e-03 3.096805113497910211e-01
9.987524851726983233e-01 3.904946086621695345e-03 3.096126391688351354e-01
9.987765844015680239e-01 3.914068535149270965e-03 3.095172354675373438e-01
9.988015577918140098e-01 3.923568346444973945e-03 3.094156464901482995e-01
9.988274800149772314e-01 3.933484161522789180e-03 3.093071529402475761e-01
9.988544362552871370e-01 3.943861091946777343e-03 3.091909123595181774e-01
9.988753905693313895e-01 3.951977309445043988e-03 3.090980504009362972e-01
9.988970266660069930e-01 3.960407285464437668e-03 3.089997857296181705e-01
9.989270221423027785e-01 3.972182604368395056e-03 3.088593890885354409e-01
9.989504550052760168e-01 3.981454439976932214e-03 3.087461804318577530e-01
9.989747628014434833e-01 3.991145249043078456e-03 3.086253295392688001e-01
9.990051947931041232e-01 4.003392104937062226e-03 3.084689166539101857e-01
9.990263205772492716e-01 4.011974164211899035e-03 3.083568423357227473e-01
9.990481762035228197e-01 4.020929394472595557e-03 3.082377680032487577e-01
9.990785530834477290e-01 4.033516828813535175e-03 3.080667655665325078e-01
9.991023505581886344e-01 4.043497172058476904e-03 3.079281032536181351e-01
9.991271012511192540e-01 4.053995636617344252e-03 3.077792916921631150e-01
9.991528929002418957e-01 4.065073279659201823e-03 3.076189941976610331e-01
9.991798280720175507e-01 4.076803332644422795e-03 3.074456161872805016e-01
9.991984794926396241e-01 4.085029431312892090e-03 3.073218197628849735e-01
9.992177328124328684e-01 4.093618242267623754e-03 3.071906989052221593e-01
9.992478392564185796e-01 4.107262496610510072e-03 3.069786007457142585e-01
9.992688036569071786e-01 4.116924265048266425e-03 3.068255388061573719e-01
9.992905497192673403e-01 4.127096498609580076e-03 3.066618800054806138e-01
9.993131439165223728e-01 4.137837106601116935e-03 3.064863046952611136e-01
9.993247827739355493e-01 4.143441617386924881e-03 3.063935621329670900e-01
9.993487959678186705e-01 4.155172681493843508e-03 3.061971048534802287e-01
9.993674973098491954e-01 4.164473459124842444e-03 3.060391191393773136e-01
9.993868412429605108e-01 4.174256461477688848e-03 3.058709125926470374e-01
9.994068783400280598e-01 4.184576479709231286e-03 3.056913074902082861e-01
9.994276648665150198e-01 4.195496242448388570e-03 3.054989142821028514e-01
9.994492639380627708e-01 4.207088103029369211e-03 3.052920783036298102e-01
9.994641497712507539e-01 4.215231416960157212e-03 3.051451902802901350e-01
9.994872678435071656e-01 4.228148224765854515e-03 3.049096979644049243e-01
9.995032449859110324e-01 4.237277829099629460e-03 3.047413900378593832e-01
9.995197091961360858e-01 4.246871846654487123e-03 3.045629573321737560e-01
9.995366937452522249e-01 4.256980380466682083e-03 3.043733029955407732e-01
9.995542352050760249e-01 4.267659456562242909e-03 3.041711379729857834e-01
9.995632269244164592e-01 4.273232598613807033e-03 3.040648903322397123e-01
9.995816803494208536e-01 4.284896779064600869e-03 3.038410355085908732e-01
9.996007985421709874e-01 4.297319583963130421e-03 3.036002764431616208e-01
9.996106220069089776e-01 4.303844424116318700e-03 3.034727982918714040e-01
9.996308346586166849e-01 4.317598082272343200e-03 3.032019423034532091e-01
9.996412368419599348e-01 4.324856990820454515e-03 3.030576730085637327e-01
9.996572341019539509e-01 4.336278917627271745e-03 3.028288784341052753e-01
9.996654165764250477e-01 4.342248068148263015e-03 3.027083461364660222e-01
9.996737268852544656e-01 4.348403554011482340e-03 3.025833652755929859e-01
9.996907478591154916e-01 4.361323036402408281e-03 3.023188140624020193e-01
9.997083254080765258e-01 4.375134857569365487e-03 3.020320447539121544e-01
9.997203659123680142e-01 4.384893010243457075e-03 3.018265181467761904e-01
9.997295716088870909e-01 4.392529154688247506e-03 3.016638145318265019e-01
9.997389315847620139e-01 4.400459089294604491e-03 3.014929598707664637e-01
9.997484485856261704e-01 4.408703402218385262e-03 3.013130626399250778e-01
9.997581247233376933e-01 4.417284435170500817e-03 3.011230590921961103e-01
9.997679612228204116e-01 4.426226182222540995e-03 3.009216422094742605e-01
9.997739394289327786e-01 4.431774166851689886e-03 3.007946595847771354e-01
9.997820000854189537e-01 4.439398838121741929e-03 3.006174694345195575e-01
9.997929051550846768e-01 4.449993193471633857e-03 3.003655081810971961e-01
9.997984214594728414e-01 4.455481058421806306e-03 3.002319348856502534e-01
9.998039795735214064e-01 4.461102843800036563e-03 3.000928365548484744e-01
9.998095779159665852e-01 4.466862735058953204e-03 2.999479188684937014e-01
9.998208912998742814e-01 4.478817224652273735e-03 2.996396654986057673e-01
9.998265973426959663e-01 4.485012442959952599e-03 2.994765660970043486e-01
9.998323339786087116e-01 4.491357826210109518e-03 2.993084610576508542e-01
9.998380985682069344e-01 4.497854853826616095e-03 2.991370926973557220e-01
9.998467947419584778e-01 4.507887350916407396e-03 2.988853181610758858e-01
9.998526250026127382e-01 4.514768383526255625e-03 2.987271481166201559e-01
9.998555514960351109e-01 4.518268541892470763e-03 2.986543166618831902e-01
9.998614299637414993e-01 4.525390511793562186e-03 2.985231694872881869e-01
9.998643847881024671e-01 4.529015764999968705e-03 2.984656509683021874e-01
9.998673512895481785e-01 4.532685309898859018e-03 2.984135863581647841e-01
9.998733233069112547e-01 4.540162112426098309e-03 2.983251776925618381e-01
9.998793574077052826e-01 4.547836982010390085e-03 2.982565231799973460e-01
9.998824016846992180e-01 4.551754794145964136e-03 2.982290117889401238e-01
9.998854656500272275e-01 4.555728778181980868e-03 2.982056923601660303e-01
9.998916573648619632e-01 4.563853854510777769e-03 2.981707192248420624e-01
9.998979452562853920e-01 4.572235764314431204e-03 2.981498237339700319e-01
9.999043416463473388e-01 4.580899470257044498e-03 2.981412912510330027e-01
9.999125084778498485e-01 4.592166873875707864e-03 2.981453741342602881e-01
9.999175115050784601e-01 4.599186419422141882e-03 2.981542488087925991e-01
9.999243130945403291e-01 4.608876251893225494e-03 2.981721358075182793e-01
9.999312785469907094e-01 4.618980276161780037e-03 2.981954536852062243e-01
9.999348281186141163e-01 4.624201645637905644e-03 2.982086598746295225e-01
9.999420696978659207e-01 4.635010323129445248e-03 2.982373196226282275e-01
9.999476355849528098e-01 4.643464626709289424e-03 2.982600065751239149e-01
9.999533256625676714e-01 4.652243944877574970e-03 2.982830238809276446e-01
9.999611203631671996e-01 4.664502437998809155e-03 2.983130729528432057e-01
9.999671357732496935e-01 4.674152431850928276e-03 2.983341592278839216e-01
9.999724755022235678e-01 4.682862034384865056e-03 2.983507406378424487e-01
9.999792197722634501e-01 4.694062353807592312e-03 2.983680960030091200e-01
9.999826680284464864e-01 4.699877396912784631e-03 2.983751571725340446e-01
9.999897257606218393e-01 4.711972869489001667e-03 2.983852319388292096e-01
9.999933403873831894e-01 4.718270534519309993e-03 2.983878676930779572e-01
9.999970151280588304e-01 4.724746513518677388e-03 2.983886348001444366e-01
9.999985024668397449e-01 4.727389052069728981e-03 2.983883687870441670e-01
