# -79 2 0.135193960231 1.43898872068e-05
# x xi_r xi_h
1.310287751119751072e-03 -1.860073090168533838e+02 -7.480695129726973391e+01
1.460995662986557019e-03 -1.929888834429452515e+02 -7.260315040092255856e+01
1.650884358646134958e-03 -1.965126072887460680e+02 -6.635470697759645020e+01
1.840773054305712029e-03 -1.943036311675655270e+02 -5.666616163498881775e+01
2.080034956818093209e-03 -1.839795258656130272e+02 -4.054469850366272965e+01
2.319296859330475039e-03 -1.663469255190967999e+02 -2.162526205236127907e+01
2.520287072229036949e-03 -1.470232039256543715e+02 -4.970136401550663940e+00
2.721277285127598859e-03 -1.247915350393533203e+02 1.121123977790981385e+01
2.922267498026161203e-03 -1.008256999588195129e+02 2.585478398495745367e+01
3.112225549436466957e-03 -7.764109076150808164e+01 3.742858542335299887e+01
3.302183600846774012e-03 -5.492229865572339520e+01 4.618279297680294349e+01
3.492141652257081067e-03 -3.353441042431947494e+01 5.169807692147671219e+01
3.682099703667386821e-03 -1.421907549869034071e+01 5.377302264614585425e+01
3.921500270735109317e-03 6.269009296111537566e+00 5.164270080188487100e+01
4.160900837802832680e-03 2.179252503056039103e+01 4.461609704790268438e+01
4.400301404870555176e-03 3.199755175032856869e+01 3.367737689505447918e+01
4.639701971938277672e-03 3.696942898130943433e+01 2.016156234177444517e+01
4.869433365318841418e-03 3.725413062183101687e+01 6.182378125692821413e+00
5.099164758699403430e-03 3.385376595356771645e+01 -7.365755884190853031e+00
5.328896152079966309e-03 2.765955328441585337e+01 -1.920430959475120503e+01
5.558627545460530055e-03 1.966610683987166652e+01 -2.828283740271276514e+01
5.787748083093968016e-03 1.090624093176389486e+01 -3.386281440429885947e+01
6.016868620727404242e-03 2.296104709666448862e+00 -3.562723396433219136e+01
6.245989158360841335e-03 -5.365013654396510567e+00 -3.362453674076237320e+01
6.507314466583081353e-03 -1.216675154490828881e+01 -2.733609102654500944e+01
6.768639774805322237e-03 -1.640312412165868139e+01 -1.781287305547195388e+01
7.029965083027563122e-03 -1.789602602194901237e+01 -6.510788267278627472e+00
7.291290391249803139e-03 -1.682257996918859178e+01 4.963235630532601306e+00
7.588259160035928062e-03 -1.311189071494442970e+01 1.625365688446866130e+01
7.885227928822052118e-03 -7.691580466738405342e+00 2.399384130857955810e+01
8.182196697608175306e-03 -1.682996417921287735e+00 2.707216249640143246e+01
8.479165466394300230e-03 3.842935815450787107e+00 2.523618182708078450e+01
8.776134235180425153e-03 8.027210924555923555e+00 1.908965021166987341e+01
9.062891590263655664e-03 1.028791051785921518e+01 1.027806650680876821e+01
9.349648945346886175e-03 1.063683859761301775e+01 2.512652310517072829e-01
9.636406300430114952e-03 9.231483135693281383e+00 -9.291044535359166190e+00
9.923163655513347198e-03 6.483893396090722128e+00 -1.681368049720758506e+01
1.020992101059657944e-02 2.971336447417186832e+00 -2.118570889803043755e+01
1.049667836567980995e-02 -6.689303345832240399e-01 -2.184411298748370811e+01
1.078343572076304047e-02 -3.843651307662682814e+00 -1.885837658449836951e+01
1.107585216327150977e-02 -6.123228028104664489e+00 -1.275446515623986166e+01
1.136826860577998081e-02 -7.154893590183993624e+00 -4.738346254968518245e+00
1.166068504828845012e-02 -6.884575035340701810e+00 3.734252435804018777e+00
1.195310149079691076e-02 -5.476871008253125339e+00 1.119542661944877260e+01
1.224551793330539047e-02 -3.268428588648732092e+00 1.641383072024644463e+01
1.253793437581384937e-02 -6.978625790615153868e-01 1.859283332999284966e+01
1.283035081832233082e-02 1.774623106412405615e+00 1.748689028893411290e+01
1.312276726083078972e-02 3.744214528304549372e+00 1.341994647403763530e+01
1.341518370333926076e-02 4.923028541478231546e+00 7.206818452695670452e+00
1.372371033175165053e-02 5.165806844892019356e+00 -3.938965718829157137e-01
1.403223696016404030e-02 4.424453184749902235e+00 -7.622728607381906052e+00
1.434076358857643008e-02 2.915506717614781085e+00 -1.312731968382103531e+01
1.464929021698880944e-02 9.787918454526627343e-01 -1.593364583883355046e+01
1.495781684540119921e-02 -9.942038036102319731e-01 -1.561373238026758337e+01
1.526634347381359072e-02 -2.635619987749950432e+00 -1.234467350704133892e+01
1.557487010222598049e-02 -3.666407667520445557e+00 -6.852108272820508716e+00
1.588339673063835986e-02 -3.940470781096857333e+00 -2.531352469254058435e-01
1.619192335905075136e-02 -3.461407516575988552e+00 6.168115018616152412e+00
1.650044998746313940e-02 -2.370871135768821691e+00 1.120768331593193778e+01
1.680897661587552050e-02 -9.127361535366178558e-01 1.396462054374287476e+01
1.711941423928450140e-02 6.275231034344352921e-01 1.399097061230101247e+01
1.742985186269348924e-02 1.949497743495850033e+00 1.135054883966487260e+01
1.774028948610247014e-02 2.820990986697105463e+00 6.632794792110167315e+00
1.805072710951145104e-02 3.108766303264973718e+00 7.998424259174580220e-01
1.836116473292042847e-02 2.796453356039648508e+00 -5.007463270989925164e+00
1.867160235632940937e-02 1.979864219413898674e+00 -9.690621117742635349e+00
1.898203997973839027e-02 8.420585595440981397e-01 -1.239914470903750221e+01
1.929247760314737117e-02 -3.859714628060332831e-01 -1.268261342884932041e+01
1.960291522655635901e-02 -1.470878850754459233e+00 -1.056221102241846133e+01
1.991335284996533991e-02 -2.220056975055790804e+00 -6.510968629031888888e+00
2.022379047337432081e-02 -2.514518281033574443e+00 -1.349581542323302408e+00
2.053422809678330171e-02 -2.326187254193199827e+00 3.919570655929364822e+00
2.083870335922823058e-02 -1.731831956779100290e+00 8.237816668201485726e+00
2.114317862167315945e-02 -8.603919677083704531e-01 1.095396960864026958e+01
2.144765388411808138e-02 1.186124197247649670e-01 1.162838555760985315e+01
2.175212914656301025e-02 1.026413364628154135e+00 1.020089754228648715e+01
2.205660440900793912e-02 1.706869270547018091e+00 6.988189609295754501e+00
2.236107967145287145e-02 2.052424237513513106e+00 2.614273098193050426e+00
2.266555493389780032e-02 2.020025026657645828e+00 -2.110845419847845239e+00
2.297003019634272919e-02 1.634880063325254484e+00 -6.340741577559536601e+00
2.327450545878765112e-02 9.821811878388601036e-01 -9.342917081200186047e+00
2.357898072123257999e-02 1.889691410762681378e-01 -1.062351863056965051e+01
2.388999902351006052e-02 -6.155421177997835169e-01 -9.973832005912521836e+00
2.420101732578754106e-02 -1.271170636788416131e+00 -7.520776250737955415e+00
2.451203562806502159e-02 -1.667521249116663551e+00 -3.760069687461659260e+00
2.482305393034249866e-02 -1.746287630691200743e+00 5.910777995247844530e-01
2.513407223261997919e-02 -1.508767035566994874e+00 4.730689787008021341e+00
2.544509053489744932e-02 -1.012399846124877545e+00 7.918991394772681325e+00
2.575610883717492985e-02 -3.576006319203764439e-01 9.608921605711532976e+00
2.606712713945241039e-02 3.322307906368696107e-01 9.537557683004358466e+00
2.637814544172989092e-02 9.336173734346747688e-01 7.763718017870204768e+00
2.668916374400737146e-02 1.344662235313147436e+00 4.647157026623572662e+00
2.700018204628484852e-02 1.501757062960510591e+00 7.752654796613851484e-01
2.731120034856232906e-02 1.388723796185215908e+00 -3.147818324603906870e+00
2.762221865083979919e-02 1.037235688467208039e+00 -6.428798275915218241e+00
2.793323695311727972e-02 5.189346107139976016e-01 -8.506550224441578933e+00
2.826513052570591919e-02 -1.070367333611532829e-01 -9.026732048636711525e+00
2.859702409829455866e-02 -6.858169688226564142e-01 -7.748057662520450251e+00
2.892891767088319119e-02 -1.106491302338997063e+00 -4.967928122109426248e+00
2.926081124347183066e-02 -1.294107697108618282e+00 -1.270284891004913153e+00
2.959270481606045972e-02 -1.222379545919779043e+00 2.597343819582577318e+00
2.992459838864909918e-02 -9.163613704084210276e-01 5.874598664960152483e+00
3.025649196123773171e-02 -4.451307245558979719e-01 7.936615728163669559e+00
3.058838553382637118e-02 9.358746930101674577e-02 8.411291875455907174e+00
3.092027910641501065e-02 5.934931741264919403e-01 7.243910704549405999e+00
3.125217267900363971e-02 9.604133707751217885e-01 4.698481545450495567e+00
3.158406625159228265e-02 1.129671191913642181e+00 1.297696140498511674e+00
3.191595982418091171e-02 1.077005301930787473e+00 -2.284889466638772682e+00
3.224785339676954771e-02 8.213084785628221862e-01 -5.358190990214596994e+00
3.257974696935817677e-02 4.190878837246995170e-01 -7.346125652977279152e+00
3.291164054194681970e-02 -4.788986178155670709e-02 -7.894116020751291707e+00
3.324353411453546264e-02 -4.891058922271477316e-01 -6.930205680954410141e+00
3.357542768712409170e-02 -8.226501121499854019e-01 -4.670729936658216452e+00
3.390732125971272770e-02 -9.901522445065874534e-01 -1.571335077987785933e+00
3.423921483230135676e-02 -9.666241157105981419e-01 1.765578899011579272e+00
3.457110840488999970e-02 -7.636385993929545313e-01 4.708120632807068162e+00
3.491112367483018009e-02 -4.164758020356922885e-01 6.747226285230269127e+00
3.525113894477036047e-02 -4.578097707364859117e-04 7.429429647784605351e+00
3.559115421471054780e-02 4.014799188552422571e-01 6.651434673166251699e+00
3.593116948465072819e-02 7.124387629028940960e-01 4.595513435659992041e+00
3.627118475459092245e-02 8.760180858027503126e-01 1.686568761337490674e+00
3.661120002453110284e-02 8.662165848351809361e-01 -1.496178865594526730e+00
3.695121529447128322e-02 6.911121319968351884e-01 -4.334541139895174311e+00
3.729123056441145667e-02 3.899152375751951949e-01 -6.290853249767938138e+00
3.763124583435163706e-02 2.426059577927621586e-02 -7.008670641583075955e+00
3.797126110429181745e-02 -3.343557684335821123e-01 -6.376060212586136977e+00
3.831127637423199783e-02 -6.184533601187400809e-01 -4.540591488370823825e+00
3.865129164417219210e-02 -7.770925783769239148e-01 -1.874657075981642329e+00
3.899130691411237248e-02 -7.847632239345924132e-01 1.100788919933927801e+00
3.933132218405255287e-02 -6.451393414563341144e-01 3.818382774209752473e+00
3.967133745399273326e-02 -3.892324311961272709e-01 5.772329146378115894e+00
4.001135272393290671e-02 -6.854003332578662011e-02 6.611709830849757275e+00
4.035136799387308709e-02 2.553123634734463243e-01 6.202074691884571500e+00
4.069138326381326748e-02 5.223601830452355710e-01 4.644796153868164801e+00
4.103139853375346174e-02 6.852789168964561473e-01 2.251934873322060326e+00
4.137141380369364213e-02 7.175706609999419339e-01 -5.172540337911277764e-01
4.171142907363382252e-02 6.175848459692936387e-01 -3.145124142365776976e+00
4.205144434357400290e-02 4.078306111690460645e-01 -5.152476618040463308e+00
4.239145961351419023e-02 1.299251493119246981e-01 -6.185312069493906328e+00
4.273147488345437062e-02 -1.637002345950031301e-01 -6.075913803876759722e+00
4.307149015339455100e-02 -4.196827124394266750e-01 -4.867994928795843279e+00
4.325489917444660243e-02 -5.267502852096556110e-01 -3.824488803469598075e+00
4.343830819549863304e-02 -6.036460007318268373e-01 -2.583667849633079605e+00
4.362171721655067058e-02 -6.467667842123669963e-01 -1.215128134889643663e+00
4.380512623760270813e-02 -6.544011464072886364e-01 2.056675454442713213e-01
4.398853525865475261e-02 -6.267773758664617612e-01 1.601566767051928464e+00
4.417194427970679016e-02 -5.660064421636570309e-01 2.897910765673363365e+00
4.435535330075882771e-02 -4.759256672912279273e-01 4.026498103434252407e+00
4.453876232181087219e-02 -3.618543491612588037e-01 4.929120699908304815e+00
4.472217134286290280e-02 -2.302768726771947660e-01 5.560492716444758621e+00
4.490558036391494035e-02 -8.847221598527049702e-02 5.890430090295597054e+00
4.527239840601902238e-02 1.917906721819529203e-01 5.623475363505285429e+00
4.563921644812309747e-02 4.257284124048526519e-01 4.225946017058546111e+00
4.600603449022717950e-02 5.681423480226232003e-01 2.004190093645606741e+00
4.637285253233124765e-02 5.937325834302119576e-01 -5.793425241760811195e-01
4.673967057443533663e-02 5.012391134442131246e-01 -3.003246282428438274e+00
4.710648861653941866e-02 3.126569676676035359e-01 -4.792194583183780665e+00
4.747330665864348681e-02 6.794302341823516000e-02 -5.608839124752813987e+00
4.784012470074756884e-02 -1.835153847055037701e-01 -5.315180445672285536e+00
4.820694274285165087e-02 -3.928484432368025692e-01 -3.992828446787425101e+00
4.857376078495573291e-02 -5.210811958568687396e-01 -1.920047467343111824e+00
4.894057882705980800e-02 -5.461778032211214162e-01 4.881134537976911658e-01
4.931285321897629220e-02 -4.646987344350076987e-01 2.793206527305448716e+00
4.968512761089276947e-02 -2.947046980933922256e-01 4.513714977506572801e+00
5.005740200280924673e-02 -7.187287358091405676e-02 5.326815183826829170e+00
5.042967639472573094e-02 1.591855914623445389e-01 5.093650470050262946e+00
5.080195078664220820e-02 3.538325628591443839e-01 3.880571948686840855e+00
5.117422517855869241e-02 4.759253769854971949e-01 1.940396335737934574e+00
5.154649957047517661e-02 5.043581970521001656e-01 -3.412801621933866936e-01
5.191877396239164694e-02 4.364798090864027702e-01 -2.523251543970386646e+00
5.229104835430813114e-02 2.878896371946926269e-01 -4.193901865139109120e+00
5.266332274622462228e-02 8.881731541593150536e-02 -5.048065294940858649e+00
5.303559713814109261e-02 -1.220804736317425282e-01 -4.941378717483873473e+00
5.340787153005757681e-02 -3.052319766093639641e-01 -3.912734137901349829e+00
5.378014592197404714e-02 -4.275168609524728769e-01 -2.171779123334613537e+00
5.415242031389053134e-02 -4.681316838709214667e-01 -5.506321742935477853e-02
5.452469470580702249e-02 -4.219431182567006111e-01 2.039873085545519160e+00
5.489696909772349281e-02 -2.998303349173483956e-01 3.729447086414650503e+00
5.526924348963997702e-02 -1.260948812026573829e-01 4.713859608469756601e+00
5.564151788155646122e-02 6.645217343885637118e-02 4.829172097775865424e+00
5.601379227347293849e-02 2.427250859856620313e-01 4.072809333102395790e+00
5.638606666538942269e-02 3.717324310472334137e-01 2.598912338968981661e+00
5.675834105730589996e-02 4.319312094601480689e-01 6.856238012563160567e-01
5.713557747568415168e-02 4.139435183947011154e-01 -1.343522277136727228e+00
5.751281389406241035e-02 3.220172745752939991e-01 -3.097838043576621736e+00
5.789005031244066207e-02 1.746768331910945604e-01 -4.269457623546792036e+00
5.826728673081892074e-02 -3.868833961422638783e-04 -4.663717600776307037e+00
5.864452314919717246e-02 -1.715940070499744896e-01 -4.229392358631851145e+00
5.902175956757541725e-02 -3.091707401922156317e-01 -3.062164215663415678e+00
5.939899598595368285e-02 -3.902412158167600231e-01 -1.382223783880563772e+00
5.977623240433192764e-02 -4.024700821706171383e-01 5.086330340833192798e-01
6.015346882271019324e-02 -3.457170805781643597e-01 2.281861562206142668e+00
6.053070524108843803e-02 -2.315402550679649674e-01 3.638966155899502120e+00
6.090794165946669669e-02 -8.075783097908664776e-02 4.360575808176784030e+00
6.128517807784496230e-02 8.041216640817840100e-02 4.340067323697211599e+00
6.149838126173343134e-02 1.665247476909605118e-01 3.997327725391544462e+00
6.171158444562190731e-02 2.424935124945498954e-01 3.438949588994046458e+00
6.192478762951038329e-02 3.043428739684468920e-01 2.698064823695217829e+00
6.213799081339885233e-02 3.489390769669037939e-01 1.817156611646178144e+00
6.235119399728732831e-02 3.741399448340586020e-01 8.455920857786594080e-01
6.256439718117580429e-02 3.788876312791460421e-01 -1.631579333922675290e-01
6.277760036506427332e-02 3.632410891328752833e-01 -1.154456853111950565e+00
6.299080354895275624e-02 3.283482542634281187e-01 -2.075438485854621984e+00
6.320400673284122528e-02 2.763611191276009738e-01 -2.877786434336540022e+00
6.341720991672969432e-02 2.102997752596932057e-01 -3.520213927655781561e+00
6.384361628450666015e-02 5.345904579760748371e-02 -4.206076492074149797e+00
6.427002265228359823e-02 -1.107254936132440193e-01 -4.031505042709572884e+00
6.469642902006055019e-02 -2.491829568696383168e-01 -3.049774515926450213e+00
6.512283538783750214e-02 -3.350747601786958629e-01 -1.473824837556491518e+00
6.554924175561444022e-02 -3.528563137567203301e-01 3.711808570630951154e-01
6.597564812339139217e-02 -3.008909773235483032e-01 2.115678673261541576e+00
6.640205449116834413e-02 -1.912265991886090977e-01 3.419714145090992918e+00
6.682846085894529609e-02 -4.671912222217387139e-02 4.038385296460884177e+00
6.725486722672224804e-02 1.038072962283900225e-01 3.866316757947940275e+00
6.768127359449918612e-02 2.313321572458184039e-01 2.953420986974912843e+00
6.810767996227613807e-02 3.121880298202788229e-01 1.490135870927220552e+00
6.854182003929965017e-02 3.321237499996050890e-01 -2.643080704983378770e-01
6.897596011632314839e-02 2.870897167950499096e-01 -1.940400317348558001e+00
6.941010019334666048e-02 1.875519680705800829e-01 -3.215399960740443763e+00
6.984424027037017257e-02 5.407100992999289146e-02 -3.853152836913152690e+00
7.027838034739368467e-02 -8.703031422744998691e-02 -3.746145926086846600e+00
7.071252042441718288e-02 -2.088842679793491974e-01 -2.931275247346529778e+00
7.114666050144069498e-02 -2.891489597814312917e-01 -1.577646824523736502e+00
7.158080057846419320e-02 -3.139909787200049762e-01 4.989946107838699046e-02
7.201494065548770529e-02 -2.802989992233079763e-01 1.643515075317361962e+00
7.244908073251121738e-02 -1.958166104945990305e-01 2.910723820427888686e+00
7.288322080953472948e-02 -7.728414174847887674e-02 3.627426509492025275e+00
7.331736088655822769e-02 5.296307082664776511e-02 3.676116516802631740e+00
7.375150096358173979e-02 1.712406537150761576e-01 3.063128415858219711e+00
7.419305697663924892e-02 2.578502651015193159e-01 1.890505462043090557e+00
7.463461298969675806e-02 2.957662178614768322e-01 3.904061174306592275e-01
7.507616900275426719e-02 2.794251389940404784e-01 -1.157207086381783379e+00
7.551772501581177632e-02 2.132108959582741103e-01 -2.472617119983831824e+00
7.595928102886928546e-02 1.102483784973188746e-01 -3.326489439706393547e+00
7.640083704192679459e-02 -1.029341368227209598e-02 -3.578574869101298184e+00
7.684239305498430372e-02 -1.268240346067757707e-01 -3.198793428649971737e+00
7.728394906804181286e-02 -2.191917067212281744e-01 -2.268042886452813267e+00
7.772550508109932199e-02 -2.720990229167510877e-01 -9.597853857254419196e-01
7.816706109415683112e-02 -2.775157497800895823e-01 4.933057305699513617e-01
7.860861710721434026e-02 -2.357388863683697600e-01 1.841117073736220133e+00
7.907004175851901906e-02 -1.508010292366348815e-01 2.892988017631159980e+00
7.953146640982367011e-02 -4.001407392020951692e-02 3.402665479961587192e+00
7.999289106112834891e-02 7.597254880248592579e-02 3.290021688519482179e+00
8.045431571243301383e-02 1.762541643314011752e-01 2.588644369986392579e+00
8.091574036373769263e-02 2.433921407262606140e-01 1.435905829660983457e+00
8.137716501504235755e-02 2.663556072753650028e-01 4.515497085250985004e-02
8.183858966634702248e-02 2.422090023902266909e-01 -1.334311371226915233e+00
8.230001431765168740e-02 1.763146419104051621e-01 -2.461986524453923408e+00
8.276143896895636620e-02 8.108897583875251946e-02 -3.147625436628799456e+00
8.322286362026103113e-02 -2.640147109936151482e-02 -3.282410797973662753e+00
8.368428827156570993e-02 -1.275344804922179109e-01 -2.854884269942373098e+00
8.414571292287037485e-02 -2.053540305279481781e-01 -1.949571679747151398e+00
8.460713757417503977e-02 -2.473657594641150703e-01 -7.293062828069488690e-01
8.507417896077572317e-02 -2.472029088123448570e-01 6.104476411420723947e-01
8.554122034737642044e-02 -2.052322419917183005e-01 1.827431574846791751e+00
8.600826173397713159e-02 -1.295351795576930864e-01 2.719857541223856146e+00
8.647530312057782886e-02 -3.354774592444268594e-02 3.146155117222535491e+00
8.694234450717849838e-02 6.637902155303439244e-02 3.046284366589949055e+00
8.740938589377920953e-02 1.537846953375601455e-01 2.448637338841159306e+00
8.787642728037989293e-02 2.147904045731272860e-01 1.462060833675255411e+00
8.834346866698060408e-02 2.402407676736987296e-01 2.550262420851151512e-01
8.881051005358128747e-02 2.269776806969944771e-01 -9.739997424713972007e-01
8.927249613444182552e-02 1.787629757984263434e-01 -2.019995813617349256e+00
8.973448221530234969e-02 1.039451039447158442e-01 -2.739639849583884512e+00
9.019646829616287387e-02 1.455985674101040184e-02 -3.032429283386232299e+00
9.065845437702341192e-02 -7.561023521641417611e-02 -2.866246087964654077e+00
9.112044045788392221e-02 -1.531759292914829929e-01 -2.278313803353260170e+00
9.158242653874446026e-02 -2.070842820545285567e-01 -1.365856966840088615e+00
9.185990558262246974e-02 -2.249602467506131298e-01 -7.136238058147436059e-01
9.213738462650046535e-02 -2.306359193483496217e-01 -2.927487316701768427e-02
9.269234271425648430e-02 -2.062403438662293309e-01 1.274361258031257771e+00
9.324730080201248938e-02 -1.406847847439582078e-01 2.299994735723196904e+00
9.380225888976850834e-02 -4.817677550093285577e-02 2.849756531166542928e+00
9.435721697752449955e-02 5.224588221881531352e-02 2.825981121437284749e+00
9.491217506528051850e-02 1.406458594633064885e-01 2.246464838398086972e+00
9.546713315303652359e-02 2.001013077454515954e-01 1.236813351472889844e+00
9.602209124079254254e-02 2.198545005829080357e-01 2.275439982125170447e-03
9.657704932854854762e-02 1.971284699568330856e-01 -1.214704136228096143e+00
9.711274250401923103e-02 1.398264539026216613e-01 -2.156042617537230921e+00
9.764843567948991443e-02 5.882760973901390855e-02 -2.703653373677759486e+00
9.818412885496061171e-02 -3.113051042145590849e-02 -2.770606144339094357e+00
9.871982203043128123e-02 -1.142388390003300086e-01 -2.355977185569852583e+00
9.925551520590197851e-02 -1.763798679055636753e-01 -1.541833094074727351e+00
9.979120838137264804e-02 -2.074714089974809550e-01 -4.761143168004022819e-01
1.003269015568433037e-01 -2.030141621231497939e-01 6.549983812990020082e-01
1.008625947323140010e-01 -1.646228698956584691e-01 1.660028533764726033e+00
1.013982879077846982e-01 -9.950562784976352271e-02 2.374603270900963459e+00
1.019196887189594974e-01 -2.120903441125945171e-02 2.685228568326648801e+00
1.024410895301341995e-01 5.919006312797749775e-02 2.575852473771019113e+00
1.029624903413089987e-01 1.293252354284562811e-01 2.073770689535481271e+00
1.034838911524837979e-01 1.788179851943950127e-01 1.265147803095519885e+00
1.040052919636584999e-01 2.007528643263612189e-01 2.791142653692130216e-01
1.045266927748332991e-01 1.925493866974061496e-01 -7.335471889412618074e-01
1.051400246805940936e-01 1.475019626222444924e-01 -1.753775092984047212e+00
1.057533565863548047e-01 7.395535141497190657e-02 -2.409626380995884443e+00
1.063666884921155992e-01 -1.288758814323897814e-02 -2.582020443850127744e+00
1.069800203978762965e-01 -9.580263290542707921e-02 -2.250061842410831847e+00
1.075933523036371048e-01 -1.589591550070003911e-01 -1.491056822560742789e+00
1.081580523569587032e-01 -1.896910193850852022e-01 -5.459367689805341151e-01
1.087227524102803017e-01 -1.894984734010505545e-01 4.714868983468072927e-01
1.092874524636019973e-01 -1.592168997593224056e-01 1.397436090805165287e+00
1.098521525169235957e-01 -1.043830011796982732e-01 2.089193442741853701e+00
1.104461325367779023e-01 -3.039342735404057874e-02 2.453969633655783245e+00
1.110401125566321950e-01 4.761050012488364513e-02 2.397716467816850106e+00
1.116340925764865016e-01 1.164509815962538053e-01 1.940396623278771049e+00
1.122280725963407944e-01 1.649290466609542316e-01 1.167723647840350543e+00
1.128220526161951009e-01 1.855809620747836119e-01 2.145675567606226963e-01
1.134060008840173939e-01 1.761395047570592232e-01 -7.438006552214078138e-01
1.139899491518396035e-01 1.393837815779180311e-01 -1.571876070549262483e+00
1.145738974196618964e-01 8.165962008323518484e-02 -2.145057395146159784e+00
1.151578456874842032e-01 1.229932774912220229e-02 -2.382212412268861268e+00
1.157417939553063990e-01 -5.792826396287797941e-02 -2.255985749171694810e+00
1.163163554681377054e-01 -1.176697088960835802e-01 -1.803882372696868241e+00
1.168909169809689980e-01 -1.596995858817738534e-01 -1.099719037753166928e+00
1.174654784938004015e-01 -1.784727830051838215e-01 -2.497942640216531396e-01
1.180400400066316940e-01 -1.719057064614061270e-01 6.228066883184472102e-01
1.186146015194630005e-01 -1.415143385346495919e-01 1.396147971122798648e+00
1.189682089753304056e-01 -1.126734546152251271e-01 1.778740622460146747e+00
1.193218164311977969e-01 -7.810015219999452696e-02 2.063386318031408262e+00
1.200290313429325934e-01 -5.949883934330216922e-04 2.291817657085834181e+00
1.207362462546674037e-01 7.579519905360745935e-02 2.058516671613205062e+00
1.214434611664022001e-01 1.360082713900347406e-01 1.422602635451844177e+00
1.221403590722684035e-01 1.684867956477149320e-01 5.331255827906274947e-01
1.228372569781346069e-01 1.688334845936922401e-01 -4.426015091967923087e-01
1.235341548840007964e-01 1.378228424060013724e-01 -1.321085951856394436e+00
1.242310527898669997e-01 8.196989321769841685e-02 -1.943195613781339981e+00
1.249199642383859027e-01 1.288130607682989176e-02 -2.201843402349448642e+00
1.256088756869047918e-01 -5.744582806367014294e-02 -2.069863707225223060e+00
1.262977871354236947e-01 -1.167735408089122517e-01 -1.581239175977584788e+00
1.269801736787574131e-01 -1.550084541370634061e-01 -8.390321171032193437e-01
1.276625602220911870e-01 -1.670207029290997069e-01 2.710358526800791049e-02
1.283383226857451875e-01 -1.518658631799278402e-01 8.658942046050133179e-01
1.290140851493992991e-01 -1.128859629027273714e-01 1.555529957981145683e+00
1.296898476130534106e-01 -5.675674259166689495e-02 1.992266888348462883e+00
1.303656100767074111e-01 7.407363273103242420e-03 2.113511867701015845e+00
1.310334062222101026e-01 6.887834751190219373e-02 1.911898062961052913e+00
1.317012023677127108e-01 1.192685569190871653e-01 1.429168303843466159e+00
1.323689985132154023e-01 1.514437521051313074e-01 7.440462528426668998e-01
1.330315011698023075e-01 1.611964800059753622e-01 -3.240120935415365805e-02
1.336940038263891017e-01 1.480172855614996230e-01 -7.924638056200123959e-01
1.343565064829760070e-01 1.143124016402383286e-01 -1.430246847910488617e+00
1.350127571636738077e-01 6.574811081953159386e-02 -1.857911415150029555e+00
1.356690078443716085e-01 8.987547948059332673e-03 -2.030035629113025042e+00
1.363252585250694093e-01 -4.824081988033430968e-02 -1.930703878521011330e+00
1.369747936614179040e-01 -9.797502189044150767e-02 -1.584538401189238055e+00
1.376243287977663987e-01 -1.346305837057813204e-01 -1.041687712567427093e+00
1.382738639341148101e-01 -1.538840898405411384e-01 -3.748937158733956498e-01
1.389233990704633048e-01 -1.537195152474295501e-01 3.298637582737670160e-01
1.395657048814820111e-01 -1.348898421329030040e-01 9.779214197667709385e-01
1.402080106925008007e-01 -1.001609721697402228e-01 1.500466980312146870e+00
1.408503165035195070e-01 -5.399503926851962482e-02 1.838546332035928321e+00
1.414926223145382134e-01 -2.053775969871204487e-03 1.956851581546281249e+00
1.423395568821196888e-01 6.445006145486698035e-02 1.768971020399582095e+00
1.431864914497011088e-01 1.174341207657280256e-01 1.240447213578993013e+00
1.440334260172826120e-01 1.470976981218583279e-01 4.827876092880442060e-01
1.448719479772087870e-01 1.485824849815820248e-01 -3.458709507220705803e-01
1.457104699371351009e-01 1.227757704480158668e-01 -1.097649832381268675e+00
1.465489918970613870e-01 7.508847373837566896e-02 -1.638572112046503548e+00
1.473791511845158053e-01 1.525113299433226641e-02 -1.877161616999883931e+00
1.482093104719703069e-01 -4.639822027861912473e-02 -1.786766734587292627e+00
1.490394697594248086e-01 -9.925100482090370990e-02 -1.391957206733663188e+00
1.498616400772035950e-01 -1.343593770067616766e-01 -7.744042014342232827e-01
1.506838103949824093e-01 -1.469468832738023145e-01 -3.910722092628709373e-02
1.515059807127611957e-01 -1.355380914574466356e-01 6.916173377215307783e-01
1.523205105585085095e-01 -1.029399754685227236e-01 1.296167009992656993e+00
1.531350404042559066e-01 -5.475021753554674270e-02 1.690403941409300836e+00
1.539495702500031926e-01 1.236640326175703422e-03 1.819099333160717036e+00
1.547567892028325898e-01 5.586106390907786406e-02 1.671840110354610554e+00
1.555640081556619037e-01 1.015334403412046921e-01 1.279457240164718401e+00
1.563712271084913008e-01 1.317805882885585977e-01 7.052233392299062098e-01
1.571714424761531115e-01 1.425709032743706639e-01 4.203186934566943700e-02
1.579716578438148944e-01 1.331263481981194152e-01 -6.195588419832124272e-01
1.587718732114765940e-01 1.052028663084798588e-01 -1.186306944461287038e+00
1.593682299859416895e-01 7.467484444210796546e-02 -1.500887140972655853e+00
1.599645867604068128e-01 3.866847566741358350e-02 -1.695632817648959234e+00
1.607548172773561879e-01 -1.233898774646427152e-02 -1.750905261546391367e+00
1.615450477943055907e-01 -6.113786389893153400e-02 -1.577306012688479919e+00
1.623352783112549935e-01 -1.014675927561042301e-01 -1.201599680767528877e+00
1.631192240213278077e-01 -1.281888940410521593e-01 -6.807880944663842193e-01
1.639031697314005942e-01 -1.385932840832954094e-01 -8.106050240460602185e-02
1.646871154414734917e-01 -1.317340297380160119e-01 5.216650909851231477e-01
1.654650075841770929e-01 -1.090368675392664327e-01 1.049884588804214758e+00
1.662428997268806941e-01 -7.355293093264557436e-02 1.446512786479076329e+00
1.670207918695844063e-01 -2.974586116740716643e-02 1.667301627810081177e+00
1.677928708154781123e-01 1.673447132630804732e-02 1.690507508200503217e+00
1.685649497613717074e-01 6.079329742663961561e-02 1.519322079753575805e+00
1.693370287072654135e-01 9.746296585233388265e-02 1.176978926147352444e+00
1.699128959626282909e-01 1.176506697334663704e-01 8.340965106339695012e-01
1.704887632179911960e-01 1.302760433434614340e-01 4.427771260497987416e-01
1.712525425599212003e-01 1.343278718823328333e-01 -1.057394115858640710e-01
1.720163219018512046e-01 1.239581168032590219e-01 -6.373740201275966966e-01
1.727801012437812922e-01 1.005275464431411719e-01 -1.096651284251918490e+00
1.735386115400147089e-01 6.699287029112269143e-02 -1.433975243869829885e+00
1.742971218362479868e-01 2.688276282763018762e-02 -1.619964806832913551e+00
1.750556321324814035e-01 -1.557958542558064707e-02 -1.638393599413337398e+00
1.758090734592840931e-01 -5.579535915552705228e-02 -1.491989755164677911e+00
1.765625147860866995e-01 -9.008643007649262680e-02 -1.199004161102328547e+00
1.773159561128893891e-01 -1.151872524183358698e-01 -7.909737303240662598e-01
1.780645185463007873e-01 -1.287680640579998426e-01 -3.129973254090986923e-01
1.788130809797122134e-01 -1.299259411011846055e-01 1.902450655716307337e-01
1.795616434131235006e-01 -1.187712437948617999e-01 6.706452950004578861e-01
1.806774417515888131e-01 -8.272787781049106837e-02 1.245536035252119644e+00
1.817932400900540979e-01 -3.060591423171880529e-02 1.563720743355779597e+00
1.829022533861615063e-01 2.656731122707220102e-02 1.569608461124999632e+00
1.840112666822688869e-01 7.789373499300950021e-02 1.272359908520741101e+00
1.851137424986991076e-01 1.135727953566567916e-01 7.395800214114762738e-01
1.862162183151294115e-01 1.276310761801132676e-01 7.540522588003338578e-02
1.873123941815151017e-01 1.180980149040854743e-01 -5.910942830130285763e-01
1.884085700479007919e-01 8.737504539627638511e-02 -1.142981155774566160e+00
1.894986740814197101e-01 4.169980130379648264e-02 -1.483251030737177789e+00
1.905887781149386007e-01 -1.072653651817270619e-02 -1.560539388498668689e+00
1.916730272722124984e-01 -6.045999105738553842e-02 -1.368985606631974550e+00
1.927572764294863961e-01 -9.940621484891125348e-02 -9.479419394358564732e-01
1.938358801601320902e-01 -1.212207162994116544e-01 -3.759477944527924165e-01
1.949144838907778954e-01 -1.229184001272772137e-01 2.515751877147548998e-01
1.959876440525072094e-01 -1.047835036019041516e-01 8.290348336753131653e-01
1.970608042142364125e-01 -7.017223615039164253e-02 1.268540725734874419e+00
1.981287147275558047e-01 -2.510562488086254262e-02 1.503091597219615050e+00
1.991966252408751137e-01 2.336920718442742073e-02 1.502987209612002495e+00
2.002594720445023124e-01 6.758468615920081024e-02 1.274421072956251511e+00
2.013223188481295112e-01 1.012071306190930609e-01 8.566833909464959262e-01
2.023802826740382921e-01 1.194044569363323649e-01 3.180865751797640195e-01
2.034382464999472118e-01 1.199953175115151954e-01 -2.619338196516914907e-01
2.044915009253560068e-01 1.033394454245203237e-01 -7.966092644447771987e-01
2.055447553507646907e-01 7.216887424045825838e-02 -1.213273646521328741e+00
2.065934679926554884e-01 3.132616649075426613e-02 -1.454828898858550934e+00
2.076421806345462029e-01 -1.346521699873299421e-02 -1.493004976073697199e+00
2.086865129960230880e-01 -5.583555066750166274e-02 -1.327204375695205885e+00
2.097308453575000009e-01 -9.029637374376833781e-02 -9.838247415800693840e-01
2.107709537672242117e-01 -1.123252427706483703e-01 -5.136214442090744070e-01
2.118110621769483948e-01 -1.193911256053617892e-01 2.073148651656077021e-02
2.128480599636951021e-01 -1.108867637770254849e-01 5.459208761250006203e-01
2.138821136186860039e-01 -8.831231097094760507e-02 9.953177736545631982e-01
2.149161672736769058e-01 -5.475918097193229611e-02 1.315850520064777207e+00
2.159459665261461991e-01 -1.478456712175907871e-02 1.468240643250211308e+00
2.169742753085213971e-01 2.662547433128587687e-02 1.438395984169255293e+00
2.180025840908965951e-01 6.444878408013195170e-02 1.233176107955090695e+00
2.190272457378873994e-01 9.408205907629228759e-02 8.814120651702970211e-01
2.200519073848782037e-01 1.122612058275029023e-01 4.268906606619808364e-01
2.210737515503453099e-01 1.170239937682636955e-01 -7.369608871272435857e-02
2.220955957158123883e-01 1.080901689031908697e-01 -5.622847885772471743e-01
2.231133728053782961e-01 8.681223943064567128e-02 -9.810230783593005821e-01
2.241311498949442038e-01 5.579679088726870878e-02 -1.285104763674964845e+00
2.251456680358785989e-01 1.882113610707676285e-02 -1.441530250419805759e+00
2.261601861768129940e-01 -1.998344379122132461e-02 -1.435970142291320695e+00
2.271708474868849026e-01 -5.616933261959036749e-02 -1.272295409340919781e+00
2.281814321068081908e-01 -8.597633434237322847e-02 -9.711858755341920002e-01
2.291920167267315067e-01 -1.062806811843325233e-01 -5.666545063133532345e-01
2.301989120822834911e-01 -1.150291895788292107e-01 -1.052453333687321246e-01
2.312058074378355865e-01 -1.115507744184681821e-01 3.646424322603593615e-01
2.322098544924325048e-01 -9.644118941484451646e-02 7.924250714630514114e-01
2.332139015470293120e-01 -7.143707706908132560e-02 1.135579816857923419e+00
2.342152100895429911e-01 -3.934153597694173971e-02 1.359471603927253192e+00
2.352165186320565871e-01 -3.457909561915492765e-03 1.443931102513079434e+00
2.362151954922880881e-01 3.245478304013588861e-02 1.382577568040951554e+00
2.372138723525195059e-01 6.490946548685852524e-02 1.183781626672895770e+00
2.382100212913642878e-01 9.069190128399143291e-02 8.698354233245142453e-01
2.392061702302090975e-01 1.074596797414615057e-01 4.725105506218933993e-01
2.401998924915476896e-01 1.137045413323881371e-01 3.238656237210358474e-02
2.411936147528863927e-01 1.090152056115069323e-01 -4.087490315814545916e-01
2.421839272173959001e-01 9.404981034897921810e-02 -8.071626170996047955e-01
2.431741826801301909e-01 7.035598411182707179e-02 -1.127579181926544383e+00
2.441644381428645094e-01 4.025141903142138988e-02 -1.341554106865781693e+00
2.451525072457547971e-01 6.671326373171001037e-03 -1.430430280563195877e+00
2.461405763486450016e-01 -2.733248418951931755e-02 -1.388082245895383871e+00
2.476169690387302891e-01 -7.194230750184901768e-02 -1.099129531658599168e+00
2.490986197616346931e-01 -1.022759783089326469e-01 -5.960141207512141825e-01
2.500816239077278125e-01 -1.115608841773052251e-01 -1.889269334421100899e-01
2.510646280538209041e-01 -1.110597633221123426e-01 2.329792320396551764e-01
2.520461819638492029e-01 -1.009569598975393473e-01 6.320087936220939451e-01
2.530263942354005202e-01 -8.227636258812176528e-02 9.744018222871752011e-01
2.540066065069517820e-01 -5.670071667310548624e-02 1.232590611189722019e+00
2.549850575566918187e-01 -2.652264887506243854e-02 1.385520542740211303e+00
2.559635086064319109e-01 5.725632522666444443e-03 1.422082099652205889e+00
2.569380179873769765e-01 3.722689070836657926e-02 1.341090320164800787e+00
2.579152191512413816e-01 6.561461230720504190e-02 1.150339316226545394e+00
2.588903710736741859e-01 8.848698275813285385e-02 8.673471190160914057e-01
2.598655229961069901e-01 1.041268509875984821e-01 5.154930565474207249e-01
2.613230664276363080e-01 1.116748693457794428e-01 -7.010058812009423157e-02
2.627870461853180073e-01 9.981913054559379828e-02 -6.424250036519216778e-01
2.642403887882019964e-01 7.110011895245829661e-02 -1.098154301608147643e+00
2.657003925946191947e-01 3.040162248345961230e-02 -1.367380376177849799e+00
2.666698680509819730e-01 -2.903906692645781879e-05 -1.419375587348247203e+00
2.676393435073449178e-01 -3.033705510549211323e-02 -1.364220058003234426e+00
2.686075749083224884e-01 -5.822420574941185312e-02 -1.207406285914815136e+00
2.695758063093001144e-01 -8.168832018351106228e-02 -9.615952762148315403e-01
2.705412474514743981e-01 -9.901036985090004572e-02 -6.468625907635368044e-01
2.715098617210188192e-01 -1.090906634495301536e-01 -2.850642811609011007e-01
2.724758040936595127e-01 -1.112130401016972192e-01 9.514839121414039869e-02
2.734417464663002062e-01 -1.053443467588469906e-01 4.673199903677582312e-01
2.744049664315437731e-01 -9.203101305812762256e-02 8.040367711360497660e-01
2.753714841122708035e-01 -7.220504791539034128e-02 1.083778747325873093e+00
2.768122224042693924e-01 -3.416164632915534571e-02 1.351943235332338622e+00
2.782605428606568232e-01 9.103630813760050372e-03 1.413627728557595331e+00
2.792230898017574736e-01 3.758425877043176239e-02 1.333862756288259455e+00
2.801856367428581240e-01 6.341739337053033110e-02 1.163564195594719131e+00
2.811473565508991190e-01 8.486786026923852366e-02 9.153530020028988190e-01
2.821090763589401140e-01 1.005642276593181478e-01 6.065090555104228898e-01
2.830682204929131918e-01 1.095034086901728182e-01 2.591580593612898276e-01
2.840309311037308992e-01 1.112047068178771692e-01 -1.055365355112005132e-01
2.854679267090184935e-01 1.003480692576020628e-01 -6.245406918700774357e-01
2.869131169026136741e-01 7.508539976978458041e-02 -1.054515827376272474e+00
2.878724078661420993e-01 5.200197663437339940e-02 -1.259880993084250056e+00
2.888316988296705801e-01 2.567144895107940569e-02 -1.384472213013948849e+00
2.897885131602004893e-01 -2.140591729631856517e-03 -1.421204468044015234e+00
2.907490868313554744e-01 -2.985199448264577379e-02 -1.368688618081195685e+00
2.921808661995458078e-01 -6.686288064912003504e-02 -1.136677519519804003e+00
2.936212407457569062e-01 -9.485842553569652502e-02 -7.497763012053625387e-01
2.945767800163460737e-01 -1.065257840197701700e-01 -4.320419961353138549e-01
2.955362094878383750e-01 -1.117635498271044026e-01 -8.786369526165696553e-02
2.964933245974175069e-01 -1.102694549872059171e-01 2.597652224265112886e-01
2.974504397069965833e-01 -1.022147735789280532e-01 5.909390951269061221e-01
2.988819926201308208e-01 -7.934964372771674546e-02 1.011762731356089740e+00
3.003225649590904878e-01 -4.613329057477209144e-02 1.302169999163959480e+00
3.012768521985618730e-01 -2.044885444314449574e-02 1.403245179343161064e+00
3.022352021590857252e-01 6.465235171679409136e-03 1.423805577348429496e+00
3.031913095476029274e-01 3.289704585757418503e-02 1.363154059399150686e+00
3.041474169361201851e-01 5.741938830119600740e-02 1.225671620113456983e+00
3.051033301085280258e-01 7.867073691058798501e-02 1.019891562323883116e+00
3.060592432809358110e-01 9.550330400338245818e-02 7.579448232739591784e-01
3.077228753413188134e-01 1.117029540333328019e-01 2.194072596952859611e-01
3.093993823933313125e-01 1.098199389671003778e-01 -3.559498606792269038e-01
3.110674284137491807e-01 9.038292545637563458e-02 -8.689708089382360834e-01
3.127486617597647900e-01 5.645025989973460195e-02 -1.244886427887695657e+00
3.146597057555134969e-01 7.710125816440077835e-03 -1.429547633440297671e+00
3.165707857154991811e-01 -4.244915517971491192e-02 -1.329250309992239032e+00
3.184822492123998150e-01 -8.418127867590025071e-02 -9.691058926980988808e-01
3.203937127093003934e-01 -1.095491980464914361e-01 -4.236084037899238153e-01
3.223053245029371960e-01 -1.139870962693949608e-01 1.996686191108567321e-01
3.237393876847550755e-01 -1.030183348145341238e-01 6.496233054403738327e-01
3.251734508665731216e-01 -8.106680664931442681e-02 1.028489806140379770e+00
3.270859409516935212e-01 -3.938166078366779621e-02 1.356209715521989878e+00
3.289988837648503139e-01 9.393157361800396135e-03 1.436712379935008999e+00
3.309123358818485960e-01 5.643422074313600434e-02 1.260342006898535816e+00
3.318692480034560743e-01 7.687664701074177487e-02 1.083142279936332830e+00
3.337835702002405203e-01 1.063098394650096312e-01 6.001703773225794958e-01
3.356990749884776748e-01 1.173785337535001860e-01 1.593772386069033237e-02
3.376145797767149959e-01 1.084662440706904984e-01 -5.681337358984032138e-01
3.395310173018977751e-01 8.136175716947761927e-02 -1.054363148260315297e+00
3.414482662821387016e-01 4.080871598589980859e-02 -1.364232881315451174e+00
3.428870733729471043e-01 5.392408354535176834e-03 -1.451273260101911600e+00
3.443258804637556181e-01 -3.050447567763963502e-02 -1.404125588454447238e+00
3.457657352099121062e-01 -6.362277805744376291e-02 -1.228971194852158444e+00
3.472055899560684833e-01 -9.097836844572873560e-02 -9.435700583740692649e-01
3.491265623556059072e-01 -1.144068238375031826e-01 -4.424210713357639713e-01
3.510485786226508753e-01 -1.202179431258174891e-01 1.244716188954444330e-01
3.524911716782869742e-01 -1.124582242160280243e-01 5.426056340210823059e-01
3.539337647339230730e-01 -9.503580257104403406e-02 9.126041305918437541e-01
3.553776513800582793e-01 -6.951650099207865030e-02 1.204029138880250205e+00
3.568215380261933745e-01 -3.815021267936198612e-02 1.393262623196438676e+00
3.587489468669590731e-01 7.918941686072832747e-03 1.463810008292193432e+00
3.606763557077248272e-01 5.286967923795989760e-02 1.324414401397042917e+00
3.626063224667718243e-01 9.041176758997418461e-02 9.984312686004527260e-01
3.645362892258188769e-01 1.153618319096168937e-01 5.350545984655200593e-01
3.664689469915051179e-01 1.244819888149488601e-01 -1.655898134552739008e-04
3.684016047571914143e-01 1.167267516688258733e-01 -5.328050877038449373e-01
3.703370865072648788e-01 9.333520249287581561e-02 -9.925188000030149560e-01
3.722725682573382877e-01 5.761640255679725819e-02 -1.319542633964039924e+00
3.742110041386200181e-01 1.431446295871798523e-02 -1.474299791220757605e+00
3.761494400199016930e-01 -3.087163308764355463e-02 -1.439903650524291479e+00
3.780909480870727757e-01 -7.227758892424576698e-02 -1.224053949637935457e+00
3.800324561542439139e-01 -1.047356286558772664e-01 -8.571644346141074067e-01
3.819771417800634228e-01 -1.244175980399451487e-01 -3.863750277437950631e-01
3.839218274058828761e-01 -1.290659359711559540e-01 1.288698304156799812e-01
3.858697944775816846e-01 -1.183113730023475779e-01 6.271851712109448584e-01
3.878177615492804930e-01 -9.361702177113158385e-02 1.049600038916521427e+00
3.897691117133387229e-01 -5.796992549176956111e-02 1.349238071643542813e+00
3.917204618773967861e-01 -1.562838633307800720e-02 1.493631446468970392e+00
3.941647014547489114e-01 3.912986991031692369e-02 1.438381419589383592e+00
3.966089410321009256e-01 8.736034045705338980e-02 1.139124078901896597e+00
3.985682178739590187e-01 1.159928397115407850e-01 7.575516783695287470e-01
4.005274947158171117e-01 1.322443769607160036e-01 2.967047299182454800e-01
4.024904064316531249e-01 1.345638217710763418e-01 -1.941658199415183528e-01
4.044533181474890271e-01 1.228610005405495059e-01 -6.626450022947488749e-01
4.064199206371885142e-01 9.847256305023216472e-02 -1.061908066511132454e+00
4.083865231268878904e-01 6.404926802911450889e-02 -1.352149247958930323e+00
4.103568695697539792e-01 2.307560509018345349e-02 -1.506898268028817434e+00
4.123272160126201236e-01 -2.027477248937668147e-02 -1.513095772868843003e+00
4.143013596746851213e-01 -6.184966851982277164e-02 -1.372788852713202612e+00
4.162755033367501190e-01 -9.762037798789831300e-02 -1.102213858733223528e+00
4.182534987903078205e-01 -1.243429570119764793e-01 -7.286410588441860625e-01
4.202314942438655776e-01 -1.395834446606970258e-01 -2.892003724620031413e-01
4.227096292711439163e-01 -1.407166853178211108e-01 2.883130835360670496e-01
4.251877642984221994e-01 -1.223038592630991545e-01 8.228725746284227816e-01
4.271745802569402173e-01 -9.512939074371062897e-02 1.172921798862950116e+00
4.291613962154581796e-01 -5.958276239091547105e-02 1.419615097641697909e+00
4.311521647704175120e-01 -1.873457286542607250e-02 1.544102284244760925e+00
4.331429333253766778e-01 2.383036149580482210e-02 1.537797149612385006e+00
4.351376674815624068e-01 6.462524567617140836e-02 1.403514456125095178e+00
4.371324016377479138e-01 1.002402689031893779e-01 1.154767323402396295e+00
4.391311183782494187e-01 1.279097316194530154e-01 8.132146863764637690e-01
4.411298351187508127e-01 1.454531649437963425e-01 4.083375779220518864e-01
4.431325454458727164e-01 1.516243050668977799e-01 -2.770478839852023867e-02
4.451352557729946757e-01 1.460463862379000610e-01 -4.597939304081158918e-01
4.481444270479484904e-01 1.173532955458436583e-01 -1.026606903731124953e+00
4.506573177191960933e-01 7.798026011516986933e-02 -1.372728365897676550e+00
4.531702083904435852e-01 2.954633872994518254e-02 -1.561625942642317799e+00
4.551848815569788931e-01 -1.224731747379548784e-02 -1.587252613456063610e+00
4.571995547235140900e-01 -5.332980468360845605e-02 -1.500207795329945304e+00
4.592181900033455166e-01 -9.090553503204666652e-02 -1.308386969898653218e+00
4.612368252831767768e-01 -1.223437474585585411e-01 -1.027195622947787434e+00
4.632593922887823235e-01 -1.456215222173185553e-01 -6.767853618172248176e-01
4.652819592943879257e-01 -1.592128004876363079e-01 -2.824719563698185332e-01
4.673084188243976089e-01 -1.623364185941839344e-01 1.296662039292578172e-01
4.693348783544071812e-01 -1.548829020913100596e-01 5.317609580403078740e-01
4.713651924405172222e-01 -1.374179088727601472e-01 8.989315457990828540e-01
4.733955065266273188e-01 -1.111727790926805709e-01 1.207930417487195429e+00
4.759389023477624270e-01 -6.873766942762429832e-02 1.485216543072149786e+00
4.784822981688974797e-01 -1.953886818955142754e-02 1.620690480813361534e+00
4.805211256895989269e-01 2.175037746874699043e-02 1.620194602670647299e+00
4.825599532103003741e-01 6.193068828126828407e-02 1.523963005698338646e+00
4.846024622203434773e-01 9.873682290404676987e-02 1.339126375194728880e+00
4.866449712303865804e-01 1.300210568476196926e-01 1.078176691414106658e+00
4.886910831097662222e-01 1.541158102889295667e-01 7.567907514724701024e-01
4.907371949891458085e-01 1.697035100211994052e-01 3.944959101365423937e-01
4.927868267637741106e-01 1.760330231581009597e-01 1.133100097428798962e-02
4.948364585384024128e-01 1.728384889507461886e-01 -3.709674015620873511e-01
4.989425778493357111e-01 1.399718352952371292e-01 -1.046491513650799066e+00
5.020264094695874313e-01 9.570602276418010979e-02 -1.421788434393970846e+00
5.051138832495274400e-01 4.029545319947570869e-02 -1.636333594962577465e+00
5.092361856145506405e-01 -3.952519058526823142e-02 -1.643024033218636548e+00
5.133645520198434342e-01 -1.129046981737235333e-01 -1.346100913261456089e+00
5.174987117319133079e-01 -1.667140088090794947e-01 -8.095598478661729658e-01
5.216383508218596088e-01 -1.918804266738230735e-01 -1.354393252120374702e-01
5.257831480915519107e-01 -1.846492952225000650e-01 5.572781685434875509e-01
5.299327976174466048e-01 -1.468110848157758441e-01 1.154196984781174162e+00
5.340869657500283418e-01 -8.498906323782495775e-02 1.563728386557658778e+00
5.382452599924625325e-01 -9.225893708974211571e-03 1.729475513694127775e+00
5.424072497157466088e-01 6.881728706451825661e-02 1.635625512142591553e+00
5.465725012540574301e-01 1.377198047966289862e-01 1.305494785432309124e+00
5.507405845750824591e-01 1.879285777543896474e-01 7.944439172485727729e-01
5.549110536012068495e-01 2.129451888647314606e-01 1.790425371532038124e-01
5.590834321773656690e-01 2.099626234596231045e-01 -4.554213056515210023e-01
5.643010869630014081e-01 1.689457733830618258e-01 -1.148020778051104474e+00
5.684758978830769527e-01 1.116166014596642886e-01 -1.548405556457589816e+00
5.726509199913500936e-01 4.029222080299266207e-02 -1.762253699424301878e+00
5.768255755389478656e-01 -3.650421698380337115e-02 -1.772539155627411933e+00
5.809992666418749563e-01 -1.100958465835961964e-01 -1.586504813496889099e+00
5.851713896051653485e-01 -1.726327673797072859e-01 -1.232375289827512654e+00
5.882989619740793819e-01 -2.085788991978709817e-01 -8.810932267565612097e-01
5.935085681122563850e-01 -2.416024635748367788e-01 -2.065947625537506716e-01
5.976721595114997676e-01 -2.422431142940747184e-01 3.568561563062905839e-01
6.018315407075064405e-01 -2.201803452196824940e-01 8.814922171207220103e-01
6.059860031390628121e-01 -1.779790810236183407e-01 1.321706225677650393e+00
6.101348262532020339e-01 -1.198290937185842731e-01 1.643070680372021419e+00
6.142772761532119263e-01 -5.102095601653767326e-02 1.824231357784058760e+00
6.184126036405177551e-01 2.261279467632584458e-02 1.857327406440483886e+00
6.225400396928169044e-01 9.523430213866196370e-02 1.747145199178775865e+00
6.266587955232777452e-01 1.614699884098314830e-01 1.509284196351070806e+00
6.307680621340325811e-01 2.167818314581297090e-01 1.167656844208924349e+00
6.348670077734064332e-01 2.577233532587734910e-01 7.516502675904248587e-01
6.389547727646552877e-01 2.820766226069113536e-01 2.932501343479136935e-01
6.430304670771704867e-01 2.888775712807536977e-01 -1.756278906866351464e-01
6.470931794239351831e-01 2.783447567192577909e-01 -6.254221925148004679e-01
6.511419830734889169e-01 2.517316601153955502e-01 -1.030714145618232047e+00
6.551759295578980513e-01 2.111255559513985913e-01 -1.371461695053815433e+00
6.591940368817645890e-01 1.592164910211726347e-01 -1.633661670927640142e+00
6.631952816224888636e-01 9.905809016817859747e-02 -1.809484403708798705e+00
6.671786041264677891e-01 3.383837257631696488e-02 -1.896966563579745912e+00
6.711429148974273895e-01 -3.332510689414422411e-02 -1.899362583335959975e+00
6.750870927600961524e-01 -9.955575584024466129e-02 -1.824259355224498114e+00
6.790099725167971778e-01 -1.623484624313082103e-01 -1.682555462789748990e+00
6.829103352717456055e-01 -2.196586967952493530e-01 -1.487398662878453015e+00
6.867869018151261384e-01 -2.699517844028328506e-01 -1.253163680675636993e+00
6.906383285912754966e-01 -3.122165938445244926e-01 -9.945443653550543051e-01
6.944632064204609989e-01 -3.459498467527283849e-01 -7.258095185564886753e-01
6.982600501045075347e-01 -3.711178008612187051e-01 -4.602291939655734354e-01
7.020272815871985150e-01 -3.881032214313054896e-01 -2.096998820682123288e-01
7.038990663650485091e-01 -3.937309136376719310e-01 -9.330538620860848176e-02
7.057628000939073498e-01 -3.976071729240814312e-01 1.560912241989380160e-02
7.094655902404470860e-01 -4.007178749150152597e-01 2.070218134831637857e-01
7.131331888985167344e-01 -3.986507886833958736e-01 3.574474792585588534e-01
7.167633315432266894e-01 -3.928290554543810709e-01 4.609935908306769248e-01
7.203534697890988658e-01 -3.848426396977415731e-01 5.101619414910929518e-01
7.239006927315578821e-01 -3.762052339576906212e-01 5.145494676195988548e-01
7.274037472512754343e-01 -3.677082318351458379e-01 5.102800991045259860e-01
7.308631569784361792e-01 -3.594683830376658173e-01 5.061436552315898840e-01
7.342794427454362172e-01 -3.514749551249944370e-01 5.021347639275097752e-01
7.376531370894844342e-01 -3.437179846339831757e-01 4.982482896767163605e-01
7.409847640846142225e-01 -3.361880032118957362e-01 4.944793558327348904e-01
7.442748211369105693e-01 -3.288761067312779840e-01 4.908233494537364017e-01
7.475237974064263824e-01 -3.217738501082199054e-01 4.872758849943897297e-01
7.507321962838469087e-01 -3.148731205546004830e-01 4.838327671588520951e-01
7.539005302043194634e-01 -3.081661376695222221e-01 4.804899862708297276e-01
7.570292970629285412e-01 -3.016455298692944931e-01 4.772437327585870581e-01
7.601189748256973466e-01 -2.953043368121269774e-01 4.740903909091869761e-01
7.631700307096180858e-01 -2.891359492498589145e-01 4.710265183881544582e-01
7.661829280312825174e-01 -2.831340640438493872e-01 4.680488298636406030e-01
7.691581275626218073e-01 -2.772926636824395996e-01 4.651541872367170316e-01
7.720960887207071188e-01 -2.716059911361954904e-01 4.623395906318513160e-01
7.749972707982543119e-01 -2.660685241722589023e-01 4.596021699396036775e-01
7.778621289318303766e-01 -2.606749816518777463e-01 4.569391817240540110e-01
7.806911033824630586e-01 -2.554203584978314567e-01 4.543480123785192393e-01
7.834846171445913887e-01 -2.502999220670004132e-01 4.518261732485747695e-01
7.862430869060449412e-01 -2.453091502515428457e-01 4.493712842171844191e-01
7.889669369237084506e-01 -2.404436690621262196e-01 4.469810559955928464e-01
7.916565982021911418e-01 -2.356992523465952505e-01 4.446532865468036944e-01
7.943124974778934533e-01 -2.310718562040890989e-01 4.423858662871318348e-01
7.969350495080719243e-01 -2.265576317947178286e-01 4.401767799202085385e-01
7.995246585495641156e-01 -2.221529052267434690e-01 4.380241003723451265e-01
8.020817215573190495e-01 -2.178541550247994896e-01 4.359259817985358665e-01
8.046066294762304061e-01 -2.136580019863986157e-01 4.338806545477980614e-01
8.070997653306969388e-01 -2.095612077996523992e-01 4.318864231056367964e-01
8.095615092888481801e-01 -2.055606587825866693e-01 4.299416584892475912e-01
8.119922431475441460e-01 -2.016533504477300565e-01 4.280447916822037735e-01
8.143923505053758394e-01 -1.978363860205081814e-01 4.261943106868728570e-01
8.167622071215497881e-01 -1.941069945609838754e-01 4.243887653335121635e-01
8.191021778306492029e-01 -1.904625315041417744e-01 4.226267666268407330e-01
8.214126187949533087e-01 -1.869004608598370254e-01 4.209069822514414638e-01
8.236938850346046115e-01 -1.834183278175178511e-01 4.192281284131488261e-01
8.259463322523640239e-01 -1.800137499399650509e-01 4.175889664363655607e-01
8.281703138888254490e-01 -1.766844310234188531e-01 4.159883028661411908e-01
8.303661724506571362e-01 -1.734281893736140945e-01 4.144249936562773851e-01
8.325342380230222883e-01 -1.702429591749362869e-01 4.128979429259972966e-01
8.346748353855768521e-01 -1.671267554944471656e-01 4.114060958731234896e-01
8.367882947421915185e-01 -1.640776335782141715e-01 4.099484295690992708e-01
8.388749484008726220e-01 -1.610936948064351781e-01 4.085239540054409479e-01
8.409351219691613144e-01 -1.581731178831138340e-01 4.071317166663886988e-01
8.429691303017050608e-01 -1.553141711216437515e-01 4.057708036351715397e-01
8.449772835243484215e-01 -1.525151906434094318e-01 4.044403338991369168e-01
8.469598912257328971e-01 -1.497745623278334548e-01 4.031394552518850483e-01
8.489172622932020795e-01 -1.470907231891337152e-01 4.018673432581272298e-01
8.508497044538249066e-01 -1.444621655679162453e-01 4.006232004169636984e-01
8.527575229688695302e-01 -1.418874353023352741e-01 3.994062558830163145e-01
8.546410160783932675e-01 -1.393651328472607087e-01 3.982157672637047785e-01
8.565004710086118189e-01 -1.368939184254150954e-01 3.970510219778972671e-01
8.583361673787008872e-01 -1.344725047066912260e-01 3.959113339597680747e-01
8.601483873498577681e-01 -1.320996337786409791e-01 3.947960363563146613e-01
8.619374190156378068e-01 -1.297740658193696495e-01 3.937044787673715240e-01
8.637035513945729992e-01 -1.274945910195778576e-01 3.926360296530871374e-01
8.654470650665438969e-01 -1.252600524751927291e-01 3.915900812465620273e-01
8.671682312272307458e-01 -1.230693484655380615e-01 3.905660491516546040e-01
8.688673159218502917e-01 -1.209214165837176197e-01 3.895633689579229286e-01
8.705445856873960109e-01 -1.188152169209104048e-01 3.885814921804833233e-01
8.722003068198478370e-01 -1.167497342339843952e-01 3.876198861254171457e-01
8.738347418094588592e-01 -1.147239893914819564e-01 3.866780353564480688e-01
8.754481467852704979e-01 -1.127370436294213157e-01 3.857554425202767701e-01
8.770407741766889087e-01 -1.107879876285900456e-01 3.848516261664780558e-01
8.786128771136945126e-01 -1.088759280887987291e-01 3.839661177064460640e-01
8.801647113007132761e-01 -1.069999849749873611e-01 3.830984599140195290e-01
8.816965317742312402e-01 -1.051593012061251275e-01 3.822482083275029474e-01
8.832085878593547434e-01 -1.033530542674707398e-01 3.814149335547402098e-01
8.847011190561783200e-01 -1.015804615646650338e-01 3.805982229877997725e-01
8.861743569071006688e-01 -9.984077357257309382e-02 3.797976791823839404e-01
8.876285293506940288e-01 -9.813326152487754361e-02 3.790129170103244127e-01
8.890638676536581908e-01 -9.645720330598286929e-02 3.782435595179784449e-01
8.904806072870743439e-01 -9.481188079854323270e-02 3.774892372156152809e-01
8.918789864151801527e-01 -9.319658421061571829e-02 3.767495886098302660e-01
8.932592404372767803e-01 -9.161062326901858732e-02 3.760242628095614714e-01
8.946215989640163846e-01 -9.005333482913979726e-02 3.753129207266175382e-01
8.959662842038009778e-01 -8.852408664823363527e-02 3.746152355135749512e-01
8.972935117732897536e-01 -8.702227538011432506e-02 3.739308917333585280e-01
8.986034927209798351e-01 -8.554732053757645172e-02 3.732595839452057529e-01
8.998964354025826839e-01 -8.409865715498969496e-02 3.726010154383408435e-01
9.011725489915097809e-01 -8.267572667025234467e-02 3.719548961754469696e-01
9.024320447860507688e-01 -8.127797334387244776e-02 3.713209419343966866e-01
9.036751353555274591e-01 -7.990484810604217558e-02 3.706988745385935147e-01
9.049020296532450658e-01 -7.855582014683505643e-02 3.700884240943831394e-01
9.061129304280890473e-01 -7.723038275402756281e-02 3.694893300012553894e-01
9.073080357373773941e-01 -7.592804850012968565e-02 3.689013399159318807e-01
9.084875419218813031e-01 -7.464834100406006479e-02 3.683242080455553791e-01
9.096516449412487271e-01 -7.339079143132670735e-02 3.677576943002426879e-01
9.108005396977110202e-01 -7.215494047354374663e-02 3.672015644467399587e-01
9.119344190251117421e-01 -7.094034119701655983e-02 3.666555904119077058e-01
9.130534727752540602e-01 -6.974656060348176367e-02 3.661195505310085307e-01
9.141578874195450677e-01 -6.857317956030378747e-02 3.655932295425580736e-01
9.152478462184302499e-01 -6.741979246834332862e-02 3.650764183210536418e-01
9.163235307136011754e-01 -6.628600158898459438e-02 3.645689129914204130e-01
9.173851213290326045e-01 -6.517141879216284406e-02 3.640705144974709651e-01
9.184327978233862710e-01 -6.407566164016757770e-02 3.635810282447444752e-01
9.194667382392092136e-01 -6.299835612946647068e-02 3.631002644613168795e-01
9.204871184823875119e-01 -6.193913760717321970e-02 3.626280382496273047e-01
9.214941118815067611e-01 -6.089765179015704799e-02 3.621641696483733908e-01
9.224878885587296518e-01 -5.987355581035769952e-02 3.617084837814061316e-01
9.234686156415649050e-01 -5.886651752784873709e-02 3.612608106177322975e-01
9.244364580894727235e-01 -5.787621276308944906e-02 3.608209844662881305e-01
9.253915805410551920e-01 -5.690232086877546752e-02 3.603888430201507287e-01
9.263341472457474746e-01 -5.594452430493145056e-02 3.599642272938830545e-01
9.272643205556930779e-01 -5.500251259745204263e-02 3.595469822036969076e-01
9.281822593195951931e-01 -5.407598701746427899e-02 3.591369571767406010e-01
9.290881192404382150e-01 -5.316466059175253833e-02 3.587340058703559209e-01
9.299820544127295197e-01 -5.226825383233556221e-02 3.583379853803774218e-01
9.308642183379219892e-01 -5.138649033935101251e-02 3.579487557030334166e-01
9.317347637709364472e-01 -5.051909553620389376e-02 3.575661797249215512e-01
9.325938419655581679e-01 -4.966579839979787941e-02 3.571901234764691679e-01
9.334416025644689530e-01 -4.882633296890621921e-02 3.568204560972634831e-01
9.342781940582032263e-01 -4.800043836387522106e-02 3.564570495559113983e-01
9.351037639763524201e-01 -4.718785819224020212e-02 3.560997784937017796e-01
9.359184581932523672e-01 -4.638834242074388325e-02 3.557485204484073238e-01
9.367224180073485673e-01 -4.560165362205670370e-02 3.554031570348146207e-01
9.375157793601903711e-01 -4.482756996452293141e-02 3.550635741750322039e-01
9.382986736089657942e-01 -4.406588246688964566e-02 3.547296616744652353e-01
9.390712321160756826e-01 -4.331638434596549875e-02 3.544013111825982665e-01
9.398335891165293665e-01 -4.257886334489348334e-02 3.540784149350240662e-01
9.405858812974943195e-01 -4.185310187225385614e-02 3.537608659088076757e-01
9.413282457717848661e-01 -4.113888103038571692e-02 3.534485586442618343e-01
9.420608178502133390e-01 -4.043598429263826205e-02 3.531413901370741848e-01
9.427837310928691705e-01 -3.974419798590003716e-02 3.528392597552054144e-01
9.434971161334501089e-01 -3.906331512806170136e-02 3.525420696703515100e-01
9.442010983676487612e-01 -3.839314165532555639e-02 3.522497257543504845e-01
9.448957981803430828e-01 -3.773349705451345404e-02 3.519621374024620719e-01
9.455813325674083947e-01 -3.708420767316721045e-02 3.516792167952895731e-01
9.462578189837917986e-01 -3.644509467710720096e-02 3.514008772566426519e-01
9.469253759203707377e-01 -3.581596947419367349e-02 3.511270329925900713e-01
9.475841219105402002e-01 -3.519663877145323000e-02 3.508575994752867189e-01
9.482341736882211602e-01 -3.458691625995168051e-02 3.505924941673236872e-01
9.488756453742962504e-01 -3.398663015881229349e-02 3.503316368078564502e-01
9.495086488587556328e-01 -3.339562304481962646e-02 3.500749492063598423e-01
9.501332951313513631e-01 -3.281374999466239034e-02 3.498223546604931622e-01
9.507496960826257171e-01 -3.224087735592325032e-02 3.495737771953666972e-01
9.513579651353069044e-01 -3.167688144543939766e-02 3.493291412853731792e-01
9.519582165945869034e-01 -3.112164179025990116e-02 3.490883720789719202e-01
9.525505625735545268e-01 -3.057503288554240181e-02 3.488513965916417714e-01
9.531351118401709677e-01 -3.003692133397112621e-02 3.486181441227801381e-01
9.537119697698679399e-01 -2.950716816699782558e-02 3.483885462425153068e-01
9.542812403202287630e-01 -2.898562973726546629e-02 3.481625359777741346e-01
9.548430270251752061e-01 -2.847215763498408062e-02 3.479400473973014440e-01
9.553974327455952986e-01 -2.796660068508769262e-02 3.477210156921885509e-01
9.559445589026865919e-01 -2.746881257284189415e-02 3.475053774591400080e-01
9.564845050053580877e-01 -2.697865887052016201e-02 3.472930708622044560e-01
9.570173690229182295e-01 -2.649601701139195006e-02 3.470840354567082953e-01
9.575432481385535155e-01 -2.602077086143887372e-02 3.468782118585344576e-01
9.580622389120657667e-01 -2.555280540224369804e-02 3.466755416518038646e-01
9.585744372418232295e-01 -2.509200517769742678e-02 3.464759673814722385e-01
9.590799381259947909e-01 -2.463825556139770043e-02 3.462794326257634392e-01
9.595788354479902749e-01 -2.419144438283533580e-02 3.460858820595010266e-01
9.600712216912781205e-01 -2.375146314041492665e-02 3.458952615443108836e-01
9.605571877573033657e-01 -2.331820722736163004e-02 3.457075181774384998e-01
9.610368233668841187e-01 -2.289157483124013362e-02 3.455226001124790947e-01
9.615102176430252445e-01 -2.247146554781117439e-02 3.453404563169874542e-01
9.619774592602109431e-01 -2.205777990303927141e-02 3.451610364987464652e-01
9.624386363595022198e-01 -2.165041935008370569e-02 3.449842911218999886e-01
9.628938363592510763e-01 -2.124928636144335359e-02 3.448101714661856443e-01
9.633431459530198415e-01 -2.085428445483462900e-02 3.446386296091127899e-01
9.637866510388649610e-01 -2.046531891167106820e-02 3.444696184377478709e-01
9.642244362725824747e-01 -2.008229814834591037e-02 3.443030918061545931e-01
9.646565852206075986e-01 -1.970513343919471153e-02 3.441390044587495090e-01
9.650831808361504116e-01 -1.933373743959544699e-02 3.439773118326085455e-01
9.655043054562382210e-01 -1.896802373512799719e-02 3.438179700469189970e-01
9.659200402356747928e-01 -1.860790792598038257e-02 3.436609361000182439e-01
9.663304647237355161e-01 -1.825330879410019813e-02 3.435061680137186935e-01
9.667356570265409621e-01 -1.790414785873462727e-02 3.433536247575793565e-01
9.671356950751521797e-01 -1.756034710816163982e-02 3.432032657603956149e-01
9.675306568648514016e-01 -1.722182828408710953e-02 3.430550508156041678e-01
9.679206204413721704e-01 -1.688851290109164016e-02 3.429089400710176316e-01
9.683056632759791116e-01 -1.656032255292198829e-02 3.427648942552778411e-01
9.686858619411236049e-01 -1.623717892473081417e-02 3.426228747796417617e-01
9.690612920205190495e-01 -1.591900405056494855e-02 3.424828437619262811e-01
9.694320280361357067e-01 -1.560572125773442183e-02 3.423447640469755582e-01
9.697981436541373013e-01 -1.529725567851493266e-02 3.422085991200300437e-01
9.701597119736792285e-01 -1.499353361727989546e-02 3.420743129943920047e-01
9.705168057640763957e-01 -1.469448164309505346e-02 3.419418701090966572e-01
9.708694969864466451e-01 -1.440002694056380893e-02 3.418112354932935082e-01
9.712178563702503764e-01 -1.411009832142558554e-02 3.416823749111781994e-01
9.715619532024425409e-01 -1.382462667998378934e-02 3.415552549288272677e-01
9.719018559824413872e-01 -1.354354308700001300e-02 3.414298426639357786e-01
9.722376334334535963e-01 -1.326677626316019945e-02 3.413061054056169552e-01
9.725693544860373185e-01 -1.299425239165808224e-02 3.411840106147689400e-01
9.728970879945362249e-01 -1.272589613136109778e-02 3.410635260234194388e-01
9.732209017546173957e-01 -1.246163210957374444e-02 3.409446199829066493e-01
9.735408623544371531e-01 -1.220138496811245740e-02 3.408272615065929267e-01
9.738570353791702328e-01 -1.194507886365007467e-02 3.407114201827164957e-01
9.741694855365269357e-01 -1.169263788239993315e-02 3.405970661265634303e-01
9.744782765863391205e-01 -1.144398704430888564e-02 3.404841700058866549e-01
9.747834712405878399e-01 -1.119905280907517765e-02 3.403727030604883352e-01
9.750851311684266554e-01 -1.095776257791330512e-02 3.402626370913491294e-01
9.753833174776915804e-01 -1.072004327406799601e-02 3.401539442909677358e-01
9.756780908428658305e-01 -1.048582098835325847e-02 3.400465971714514701e-01
9.759695114299516971e-01 -1.025502130964368354e-02 3.399405685911582320e-01
9.762576389021463408e-01 -1.002756841792252877e-02 3.398358317466452783e-01
9.765425324979953858e-01 -9.803383529070263877e-03 3.397323601205711752e-01
9.768242509432418785e-01 -9.582384394385806345e-03 3.396301275145808263e-01
9.771028522833710150e-01 -9.364486549043668159e-03 3.395291081023094626e-01
9.773783933517848910e-01 -9.149606317796030175e-03 3.394292766157321894e-01
9.776509296593629550e-01 -8.937662558949916597e-03 3.393306083979973353e-01
9.779205156231944862e-01 -8.728576285821080388e-03 3.392330793150395984e-01
9.781872047434609918e-01 -8.522269415504532541e-03 3.391366656512367350e-01
9.784510495060143587e-01 -8.318663763275878711e-03 3.390413441600389488e-01
9.787121011965591588e-01 -8.117681146475864279e-03 3.389470921209759013e-01
9.789704097928612070e-01 -7.919243716345888279e-03 3.388538873476282243e-01
9.792260248675913603e-01 -7.723272740107330232e-03 3.387617078631258716e-01
9.794789964416771300e-01 -7.529687182668204533e-03 3.386705316143674982e-01
9.797293750085785957e-01 -7.338403369374395940e-03 3.385803364433129237e-01
9.799772111141689113e-01 -7.149336524005032133e-03 3.384911002327926077e-01
9.802225538059048393e-01 -6.962404334018059034e-03 3.384028014699663189e-01
9.804654503645000574e-01 -6.777530889919784057e-03 3.383154193213218641e-01
9.807059465012439858e-01 -6.594632183398217197e-03 3.382289335683007492e-01
9.809440869290046994e-01 -6.413647308047055497e-03 3.381433243790514798e-01
9.811799158740861504e-01 -6.234497219860211936e-03 3.380585721186821213e-01
9.814134771051555850e-01 -6.057109935764665165e-03 3.379746573272361387e-01
9.816448139740299172e-01 -5.881414627756855786e-03 3.378915606983317610e-01
9.818739695684386426e-01 -5.707342129434467282e-03 3.378092630428336518e-01
9.821009867550495320e-01 -5.534826165730825399e-03 3.377277452815623526e-01
9.823259081899210488e-01 -5.363803225055766878e-03 3.376469884576589475e-01
9.825487766341645113e-01 -5.194212386557467594e-03 3.375669735745016609e-01
9.827696354372893461e-01 -5.025994985784366237e-03 3.374876814340549980e-01
9.829885289087769706e-01 -4.859094303378029729e-03 3.374090925302818400e-01
9.832055018255810852e-01 -4.693456548089215870e-03 3.373311871957340169e-01
9.834205977716130587e-01 -4.529033185235537863e-03 3.372539461681328676e-01
9.836338588957453943e-01 -4.365781668141705159e-03 3.371773506225156924e-01
9.838453264273652188e-01 -4.203664917559633493e-03 3.371013820271084316e-01
9.840550431756610594e-01 -4.042648848439593136e-03 3.370260213086091472e-01
9.842630544299338924e-01 -3.882701027992615291e-03 3.369512485130218282e-01
9.844694079699815026e-01 -3.723791120462916285e-03 3.368770427692692748e-01
9.846741527711339037e-01 -3.565893864700502274e-03 3.368033827978412775e-01
9.848773386240422534e-01 -3.408991176281257491e-03 3.367302470317367069e-01
9.850790165882933325e-01 -3.253071089560499816e-03 3.366576134077721716e-01
9.852792397559874127e-01 -3.098123850195633449e-03 3.365854590733291518e-01
9.854780637322345660e-01 -2.944138949484762739e-03 3.365137601635177500e-01
9.856755468082143423e-01 -2.791105593323126629e-03 3.364424917098812196e-01
9.858717495053704871e-01 -2.639015780034223609e-03 3.363716278091624101e-01
9.860667343401825491e-01 -2.487861347221085283e-03 3.363011417828101757e-01
9.862605662335471868e-01 -2.337654947200078128e-03 3.362310059273759255e-01
9.864533145194630537e-01 -2.188384177608652861e-03 3.361611907846515646e-01
9.866450541503118954e-01 -2.040045271667811390e-03 3.360916647891648013e-01
9.867880381885917318e-01 -1.929569502356967125e-03 3.360397648989899566e-01
9.869309532600107904e-01 -1.819291655288371532e-03 3.359878419815876538e-01
9.871205341790296739e-01 -1.673271652348613109e-03 3.359188861219398747e-01
9.872620466585018129e-01 -1.564514987494396939e-03 3.358673520622257325e-01
9.874036170961336678e-01 -1.455947468898523929e-03 3.358157407226160518e-01
9.875916216718324536e-01 -1.312176102972007841e-03 3.357471092644598309e-01
9.877556032248382412e-01 -1.187214052148075592e-03 3.356871565567350890e-01
9.878728339090028232e-01 -1.098158404507471909e-03 3.356442413886867038e-01
9.880364164951689343e-01 -9.743124696354827025e-04 3.355842774570773623e-01
9.881766700670048253e-01 -8.685593935892026553e-04 3.355327866847710450e-01
9.882701561032216642e-01 -7.983081067237312667e-04 3.354984233953927086e-01
9.884161744165290697e-01 -6.889829326243027477e-04 3.354446800978562737e-01
9.885274938018725477e-01 -6.059868454719363664e-04 3.354036478738082749e-01
9.886441702430321943e-01 -5.193400330656885045e-04 3.353605827527729732e-01
9.887615048409820195e-01 -4.325755343192764710e-04 3.353172120675967371e-01
9.888671405303265383e-01 -3.547953761089792275e-04 3.352781097619838002e-01
9.889964814527246739e-01 -2.600097416516955256e-04 3.352301575212282003e-01
9.891379956535801821e-01 -1.568995790035111282e-04 3.351775930526260106e-01
9.892563647329785104e-01 -7.115851978031411198e-05 3.351335424833155607e-01
9.893750463211569146e-01 1.432707227938941528e-05 3.350892960891953543e-01
9.894943121748573933e-01 9.973009973570643772e-05 3.350447481531608762e-01
9.896140207055634797e-01 1.849238006696233259e-04 3.349999468061234387e-01
9.897159914823099314e-01 2.570668332509015133e-04 3.349617112802948937e-01
9.898434705941348000e-01 3.466890259939243665e-04 3.349138129902721195e-01
9.899375585064562610e-01 4.124249485880979844e-04 3.348783880763706589e-01
9.900878310668779214e-01 5.166736639591655795e-04 3.348216748088372885e-01
9.901743200970993808e-01 5.762516808189548784e-04 3.347889554407931234e-01
9.902609137873940037e-01 6.355866151863452749e-04 3.347561369065041870e-01
9.903612026626938958e-01 7.039081437741800040e-04 3.347180506117807264e-01
9.904874739384739168e-01 7.893089914167301371e-04 3.346699741259251404e-01
9.905894425236058121e-01 8.577589455716645023e-04 3.346310460568591161e-01
9.907182233334840271e-01 9.435381696309841229e-04 3.345817420530500796e-01
9.907962672147299088e-01 9.951578697457643275e-04 3.345517832701642713e-01
9.909212141403226370e-01 1.077226726086470384e-03 3.345036889847357031e-01
9.910108377596256179e-01 1.135660902336621796e-03 3.344690877051598732e-01
9.911016878566011323e-01 1.194526275853638768e-03 3.344339206277963661e-01
9.912137238991562960e-01 1.266610597812453014e-03 3.343904190904631313e-01
9.913000989104370220e-01 1.321800451452055354e-03 3.343567760863244143e-01
9.913838631252052114e-01 1.375001381559948395e-03 3.343240587704486844e-01
9.914506465589315587e-01 1.417190691025557118e-03 3.342979072389707373e-01
9.915146713824002367e-01 1.457449538070629052e-03 3.342727784726356455e-01
9.916340109879260289e-01 1.531998904016253693e-03 3.342257834401607397e-01
9.917072197375820242e-01 1.577416272951506554e-03 3.341968495213093471e-01
9.918113459853242775e-01 1.641603532492996688e-03 3.341555525199789711e-01
9.918788921488236321e-01 1.682989117612558984e-03 3.341286692268284342e-01
9.919787124284612512e-01 1.743789971446382684e-03 3.340887993369143771e-01
9.920446367295224777e-01 1.783714220695915365e-03 3.340623716646239361e-01
9.921335618592820316e-01 1.837282944041523100e-03 3.340265968618121861e-01
9.922483388488775313e-01 1.905942516795649990e-03 3.339801970957477217e-01
9.923140323712106303e-01 1.944994034487434629e-03 3.339535205419790764e-01
9.923808176287334248e-01 1.984512312229002543e-03 3.339263079014027635e-01
9.924653149416101661e-01 2.034251552180390762e-03 3.338917390255964346e-01
9.925519742114751187e-01 2.084963844041055371e-03 3.338561173074985344e-01
9.926400143689063649e-01 2.136177344258933814e-03 3.338197453468813025e-01
9.927300306504682759e-01 2.188228285741653390e-03 3.337823577137696840e-01
9.928223552515691441e-01 2.241291009629331477e-03 3.337437920466737595e-01
9.928790071570852138e-01 2.273693190286780932e-03 3.337200127593731303e-01
9.929749283407137694e-01 2.328286109980925132e-03 3.336795431431915371e-01
9.930338309415541742e-01 2.361642814447628431e-03 3.336545574187362861e-01
9.931134822473388635e-01 2.406546757720560634e-03 3.336206010546582945e-01
9.931957520679123297e-01 2.452680426364125046e-03 3.335853155268335701e-01
9.932581794112547158e-01 2.487517685974548285e-03 3.335583901149063446e-01
9.933222453859934520e-01 2.523120143469431437e-03 3.335306178912680886e-01
9.934096186032961295e-01 2.571432001178387047e-03 3.334925045569773205e-01
9.934541404540199183e-01 2.595943318538336195e-03 3.334729741200962438e-01
9.935457954224757859e-01 2.646182759368080964e-03 3.334325261391879458e-01
9.936160469382104843e-01 2.684488799765352533e-03 3.334012943955517172e-01
9.936880935992783437e-01 2.723587415884455316e-03 3.333690491128222799e-01
9.937495894572796473e-01 2.756808608439554296e-03 3.333413464996360376e-01
9.938121488219817667e-01 2.790460103185420093e-03 3.333129887080971132e-01
9.939160796672812381e-01 2.846034778009631436e-03 3.332654680261866176e-01
9.939694945657114866e-01 2.874432026694667859e-03 3.332408371784273959e-01
9.940375730092885220e-01 2.910464041529654041e-03 3.332092318756798566e-01
9.941079133971814086e-01 2.947505016163969472e-03 3.331763167722229246e-01
9.941512836844985657e-01 2.970248625494321254e-03 3.331558859285452256e-01
9.942245924467123519e-01 3.008530202648924696e-03 3.331211075513140774e-01
9.942849783485653292e-01 3.039909660288341291e-03 3.330922211805254496e-01
9.943630951281491326e-01 3.080292255545043125e-03 3.330545200597544442e-01
9.944439687478419110e-01 3.121838843530834635e-03 3.330150750964300799e-01
9.944937414949477361e-01 3.147270775179148924e-03 3.329905811892750478e-01
9.945448254080581085e-01 3.173264782301940968e-03 3.329652631126176487e-01
9.946141837795062779e-01 3.208384284298202490e-03 3.329305878170686350e-01
9.946679242963347711e-01 3.235457788982341008e-03 3.329034743165140697e-01
9.947232555508067620e-01 3.263208029953703227e-03 3.328753255638888242e-01
9.947802947091887171e-01 3.291682197640841828e-03 3.328460523016342210e-01
9.948193345282794198e-01 3.311092866306570605e-03 3.328258620531401868e-01
9.948788033927520313e-01 3.340537164265767849e-03 3.327948575151595256e-01
9.949193304565996376e-01 3.360515590374489429e-03 3.327735506632731877e-01
9.949819063874423275e-01 3.391219527020711798e-03 3.327403591327686705e-01
9.950248963278948144e-01 3.412210945816879400e-03 3.327173435044442074e-01
9.950914392447394174e-01 3.444535877174742002e-03 3.326813640009374518e-01
9.951257033035670885e-01 3.461102359627358464e-03 3.326626639339347880e-01
9.951843888488717260e-01 3.489356356217583957e-03 3.326303522625060349e-01
9.952322115084688559e-01 3.512270420941393349e-03 3.326037483304699616e-01
9.952814503025246839e-01 3.535759696807307031e-03 3.325760913872110036e-01
9.953322073685838545e-01 3.559863199360487670e-03 3.325472902929201280e-01
9.953845960308196350e-01 3.584622732553050320e-03 3.325172419392829481e-01
9.954519586706931378e-01 3.616275504183417630e-03 3.324781057895544456e-01
9.954937886889216880e-01 3.635823620549234660e-03 3.324535093491147175e-01
9.955367586705249350e-01 3.655819027329651385e-03 3.324279995274282973e-01
9.955809446208156999e-01 3.676292672440906184e-03 3.324015026974688758e-01
9.956414875400296793e-01 3.704204085552511693e-03 3.323647452717054529e-01
9.956882115261579402e-01 3.725635408650861558e-03 3.323360069277174755e-01
9.957364305507077074e-01 3.747653426983803011e-03 3.323059976863176335e-01
9.957694647789196996e-01 3.762680109800213644e-03 3.322852258545079818e-01
9.958204391530577348e-01 3.785773910983890409e-03 3.322528225443523997e-01
9.958554331825923978e-01 3.801560515531338374e-03 3.322303229648596590e-01
9.959095524598978733e-01 3.825864907544444110e-03 3.321951040343810724e-01
9.959562594527735513e-01 3.846732942137218343e-03 3.321642805208351867e-01
9.960045505597787674e-01 3.868203657951313403e-03 3.321319784394332064e-01
9.960343411253066437e-01 3.881397593887542848e-03 3.321118243605434284e-01
9.960854494326569775e-01 3.903946648458074715e-03 3.320768317403916536e-01
9.961277448285118519e-01 3.922527360749755894e-03 3.320474614848956119e-01
9.961713919593757627e-01 3.941626681927772220e-03 3.320167476266076556e-01
9.962161918280310058e-01 3.961150052777466513e-03 3.319847792738089831e-01
9.962505693319740896e-01 3.976073832010442420e-03 3.319599327584077941e-01
9.962858572444537320e-01 3.991339468926739451e-03 3.319341341169735893e-01
9.963221125104277931e-01 4.006966843681028512e-03 3.319073083443433436e-01
9.963593986330890884e-01 4.022979067478234250e-03 3.318793711177679961e-01
9.963977866504906133e-01 4.039403806151266839e-03 3.318502271863009168e-01
9.964373559441993544e-01 4.056271850564894740e-03 3.318197687559843456e-01
9.964644356591672025e-01 4.067780958333183650e-03 3.317986723535190641e-01
9.965061743102501257e-01 4.085466669823432234e-03 3.317657432957227814e-01
9.965347929889251111e-01 4.097555707554202849e-03 3.317428669292116772e-01
9.965789926785999508e-01 4.116165159207869732e-03 3.317070438111273667e-01
9.966093636738425632e-01 4.128908229937272058e-03 3.316820706844998412e-01
9.966559567315705914e-01 4.148385581396320937e-03 3.316431717250459266e-01
9.966880427217708061e-01 4.161747175427891327e-03 3.316159560402451856e-01
9.967378328212044281e-01 4.182399773465930899e-03 3.315730060124754686e-01
9.967809783515868549e-01 4.200220258679623030e-03 3.315350539043356304e-01
9.968257684029371291e-01 4.218648930371909911e-03 3.314949051660734947e-01
9.968534955838771472e-01 4.230023395287769820e-03 3.314696542176831517e-01
9.969012406558794837e-01 4.249550764656119181e-03 3.314254362013209776e-01
9.969308756731882770e-01 4.261631609063918323e-03 3.313975039817485535e-01
9.969613046775022136e-01 4.274003194331933535e-03 3.313684224025658098e-01
9.969925771600518516e-01 4.286682901736970676e-03 3.313380982789821405e-01
9.970247479264872092e-01 4.299690285175218618e-03 3.313064270081429452e-01
9.970691443777704999e-01 4.317581143299693315e-03 3.312618992388448036e-01
9.971036607767090887e-01 4.331444412034883042e-03 3.312265984391201123e-01
9.971393088047536546e-01 4.345722505844298519e-03 3.311894913276590136e-01
9.971637472447061334e-01 4.355489651637275104e-03 3.311636596202880423e-01
9.972014842903836884e-01 4.370539828885795612e-03 3.311231238414841793e-01
9.972274093111264115e-01 4.380855860503763202e-03 3.310948059248615127e-01
9.972575290295068173e-01 4.392816035936068265e-03 3.310614096564293285e-01
9.972922000224022643e-01 4.406549129025338213e-03 3.310222843408138216e-01
9.973280657224116164e-01 4.420714821715664329e-03 3.309810140340964657e-01
9.973558081309227275e-01 4.431644094240233880e-03 3.309485157513225584e-01
9.973843238065247530e-01 4.442854571686905701e-03 3.309145723234709346e-01
9.974136641173761975e-01 4.454366850548825349e-03 3.308790599389862530e-01
9.974438858290636256e-01 4.466203254791281142e-03 3.308418391686835380e-01
9.974750515538618467e-01 4.478388857656812570e-03 3.308027521799283832e-01
9.975181926553605694e-01 4.495221768803874494e-03 3.307474232094282374e-01
9.975404964969021293e-01 4.503906653693471977e-03 3.307182394315605900e-01
9.975740710655780497e-01 4.516957313936216696e-03 3.306735376206494381e-01
9.976084019075507348e-01 4.530271707098025742e-03 3.306268365770522188e-01
9.976319905302465374e-01 4.539402312227830937e-03 3.305941463536049008e-01
9.976685048465973038e-01 4.553511502700506759e-03 3.305425444317359185e-01
9.976936576052695127e-01 4.563215627317718411e-03 3.305062694800840473e-01
9.977327010428558296e-01 4.578258721925483783e-03 3.304487425809520817e-01
9.977596755686080066e-01 4.588638231615673607e-03 3.304081000142055080e-01
9.977874647642224204e-01 4.599319704984137190e-03 3.303654352272217820e-01
9.978161248682079210e-01 4.610323493859458908e-03 3.303205593981806687e-01
9.978457182292497230e-01 4.621670480591932167e-03 3.302732575949157701e-01
9.978685681051390199e-01 4.630420557334863699e-03 3.302360409170956856e-01
9.978920154480180882e-01 4.639390455254642325e-03 3.301972039809815129e-01
9.979242710965282592e-01 4.651717194146477198e-03 3.301426742609708254e-01
9.979408528064854789e-01 4.658049391483626810e-03 3.301141300080014385e-01
9.979749878048177480e-01 4.671078539433427129e-03 3.300542429299387348e-01
9.979925724695731803e-01 4.677788175356299358e-03 3.300227823940104499e-01
9.980288529745338089e-01 4.691627694853845766e-03 3.299565205848907778e-01
9.980475867178884020e-01 4.698771377975833816e-03 3.299215672826089629e-01
9.980764821692650335e-01 4.709786934397662203e-03 3.298666348111443658e-01
9.981063982578021188e-01 4.721186379981973449e-03 3.298084119634018818e-01
9.981269508387591305e-01 4.729014399553153718e-03 3.297675879679917155e-01
9.981587598926524585e-01 4.741127057653527280e-03 3.297030376891660897e-01
9.981806669382242703e-01 4.749468766869243200e-03 3.296575839258810148e-01
9.982031749578805790e-01 4.758041755821688402e-03 3.296100107037339133e-01
9.982381475806171300e-01 4.771372062482541129e-03 3.295342815924310331e-01
9.982623346236442208e-01 4.780598146944019071e-03 3.294805688439579883e-01
9.982872737916601569e-01 4.790117222391401287e-03 3.294239970237837767e-01
9.983130182164108302e-01 4.799950351064450824e-03 3.293642872711377012e-01
9.983396273700049228e-01 4.810120764936993282e-03 3.293011205008633535e-01
9.983671684421697723e-01 4.820655956905624262e-03 3.292341295850194638e-01
9.983957179697369178e-01 4.831589329202093386e-03 3.291628900496454957e-01
9.984253637137215920e-01 4.842959524595127734e-03 3.290869075841830194e-01
9.984406293963175028e-01 4.848822799150933824e-03 3.290469568106739739e-01
9.984641183739834114e-01 4.857858677680516359e-03 3.289843604010908584e-01
9.984883613646687861e-01 4.867204452373240404e-03 3.289182800065164058e-01
9.985219528053926874e-01 4.880186144601235398e-03 3.288241440394716331e-01
9.985393346580382357e-01 4.886917355430713678e-03 3.287742103041614850e-01
9.985661963323834156e-01 4.897341151428770065e-03 3.286953438915403702e-01
9.985940768752048502e-01 4.908189880990139649e-03 3.286112227712736367e-01
9.986132751984105882e-01 4.915679535081558978e-03 3.285519083829805953e-01
9.986430633305444227e-01 4.927338031813173480e-03 3.284575584622039246e-01
9.986636340980088455e-01 4.935418117162550938e-03 3.283906994901383269e-01
9.986848179599125963e-01 4.943766981117411752e-03 3.283203447099691252e-01
9.987178338722532134e-01 4.956839201830299212e-03 3.282075386891237234e-01
9.987349444046859093e-01 4.963641811581277416e-03 3.281474990764103317e-01
9.987524851726983233e-01 4.970636518087123180e-03 3.280847929812974462e-01
9.987765844015680239e-01 4.980284288093338001e-03 3.279966720101006872e-01
9.988015577918140098e-01 4.990331123389423439e-03 3.279028638051196820e-01
9.988274800149772314e-01 5.000817916967752880e-03 3.278027077669031786e-01
9.988544362552871370e-01 5.011792415243596609e-03 3.276954302252554352e-01
9.988753905693313895e-01 5.020376063062528295e-03 3.276097498764509730e-01
9.988970266660069930e-01 5.029291612139015662e-03 3.275191041352606969e-01
9.989270221423027785e-01 5.041745371254945443e-03 3.273896260978269579e-01
9.989504550052760168e-01 5.051551571401798751e-03 3.272852484691045616e-01
9.989747628014434833e-01 5.061801091230595448e-03 3.271738496238776883e-01
9.990051947931041232e-01 5.074754387439545621e-03 3.270297059273444273e-01
9.990263205772492716e-01 5.083831762281594210e-03 3.269264461206269345e-01
9.990481762035228197e-01 5.093304134456340046e-03 3.268167567732724876e-01
9.990785530834477290e-01 5.106619040773884011e-03 3.266592657686866463e-01
9.991023505581886344e-01 5.117176702231111124e-03 3.265315869834476414e-01
9.991271012511192540e-01 5.128283017327326179e-03 3.263945883559566385e-01
9.991528929002418957e-01 5.140002735306329132e-03 3.262470432045418423e-01
9.991798280720175507e-01 5.152413530436726445e-03 3.260874881201900610e-01
9.991984794926396241e-01 5.161117584035388416e-03 3.259735793770816015e-01
9.992177328124328684e-01 5.170205967377368081e-03 3.258529462507231966e-01
9.992478392564185796e-01 5.184645091870908329e-03 3.256578433302319553e-01
9.992688036569071786e-01 5.194870677458189243e-03 3.255170680197524424e-01
9.992905497192673403e-01 5.205637442121519888e-03 3.253665653164293237e-01
9.993131439165223728e-01 5.217006887607939132e-03 3.252051242778768447e-01
9.993247827739355493e-01 5.222939985659374659e-03 3.251198557000400391e-01
9.993487959678186705e-01 5.235359929016489798e-03 3.249392475484841336e-01
9.993674973098491954e-01 5.245207947058865353e-03 3.247940229540236534e-01
9.993868412429605108e-01 5.255567640371436484e-03 3.246394172928293020e-01
9.994068783400280598e-01 5.266497249089906879e-03 3.244743497826434453e-01
9.994276648665150198e-01 5.278063467569981369e-03 3.242975453073683179e-01
9.994492639380627708e-01 5.290343244201983590e-03 3.241074855271996458e-01
9.994641497712507539e-01 5.298970871138639592e-03 3.239725215431141225e-01
9.994872678435071656e-01 5.312657751234582497e-03 3.237561622579206433e-01
9.995032449859110324e-01 5.322333027764887883e-03 3.236015403502432997e-01
9.995197091961360858e-01 5.332501750331560680e-03 3.234376266745223050e-01
9.995366937452522249e-01 5.343217250576484841e-03 3.232634147239678568e-01
9.995542352050760249e-01 5.354539182209635574e-03 3.230777216740809976e-01
9.995632269244164592e-01 5.360448481398837756e-03 3.229801351475374838e-01
9.995816803494208536e-01 5.372817745383034159e-03 3.227745376968320090e-01
9.996007985421709874e-01 5.385993770185483476e-03 3.225534280219725103e-01
9.996106220069089776e-01 5.392915164189985254e-03 3.224363592773119569e-01
9.996308346586166849e-01 5.407506904233337804e-03 3.221876322217825384e-01
9.996412368419599348e-01 5.415209313648294658e-03 3.220551561421700071e-01
9.996572341019539509e-01 5.427330779909842612e-03 3.218450731081967664e-01
9.996654165764250477e-01 5.433666325362102034e-03 3.217344026424947545e-01
9.996737268852544656e-01 5.440200235704946950e-03 3.216196506796110133e-01
9.996907478591154916e-01 5.453915959157474083e-03 3.213767615583570936e-01
9.997083254080765258e-01 5.468581969304368677e-03 3.211134897165657254e-01
9.997203659123680142e-01 5.478945445080115814e-03 3.209248143004761467e-01
9.997295716088870909e-01 5.487056345098386204e-03 3.207754572609197719e-01
9.997389315847620139e-01 5.495480298902106694e-03 3.206186240904839724e-01
9.997484485856261704e-01 5.504239298048214761e-03 3.204534976148040726e-01
9.997581247233376933e-01 5.513357214522267985e-03 3.202791028838058440e-01
9.997679612228204116e-01 5.522859696347721427e-03 3.200942421062408783e-01
9.997739394289327786e-01 5.528756251161287202e-03 3.199777025326737134e-01
9.997820000854189537e-01 5.536860800850740109e-03 3.198150914276150503e-01
9.997929051550846768e-01 5.548123554496930433e-03 3.195838755881206805e-01
9.997984214594728414e-01 5.553958382768887231e-03 3.194613071125701476e-01
9.998039795735214064e-01 5.559936126485805902e-03 3.193336738477386971e-01
9.998095779159665852e-01 5.566061277881133654e-03 3.192007061383647093e-01
9.998208912998742814e-01 5.578775682662391253e-03 3.189178880857032605e-01
9.998265973426959663e-01 5.585365668447302839e-03 3.187682540949013932e-01
9.998323339786087116e-01 5.592116065286979222e-03 3.186140310843059154e-01
9.998380985682069344e-01 5.599028484170218492e-03 3.184568151672287351e-01
9.998467947419584778e-01 5.609703728558401714e-03 3.182258195361850062e-01
9.998526250026127382e-01 5.617026447031272900e-03 3.180806852166856435e-01
9.998555514960351109e-01 5.620751510188801148e-03 3.180138453383755115e-01
9.998614299637414993e-01 5.628331509524736077e-03 3.178934603371337264e-01
9.998643847881024671e-01 5.632190093045375684e-03 3.178406454567071493e-01
9.998673512895481785e-01 5.636095920573688280e-03 3.177928258373666770e-01
9.998733233069112547e-01 5.644054402708345748e-03 3.177115850663571051e-01
9.998793574077052826e-01 5.652223965623290151e-03 3.176484367500397865e-01
9.998824016846992180e-01 5.656394372124783597e-03 3.176231049063409917e-01
9.998854656500272275e-01 5.660624599312955550e-03 3.176016121624659627e-01
9.998916573648619632e-01 5.669273615687905020e-03 3.175693100526288393e-01
9.998979452562853920e-01 5.678196010476453844e-03 3.175498992970092749e-01
9.999043416463473388e-01 5.687418277530036786e-03 3.175418086650736438e-01
9.999125084778498485e-01 5.699411859481616667e-03 3.175451978364235428e-01
9.999175115050784601e-01 5.706883635474214317e-03 3.175531121859689887e-01
9.999243130945403291e-01 5.717197468164838745e-03 3.175692045244633555e-01
9.999312785469907094e-01 5.727951818190179893e-03 3.175902643665576841e-01
9.999348281186141163e-01 5.733509107041033503e-03 3.176022086245750553e-01
9.999420696978659207e-01 5.745012846802273129e-03 3.176281494560322938e-01
9.999476355849528098e-01 5.754010514952014564e-03 3.176486911512741984e-01
9.999533256625676714e-01 5.763353815271663252e-03 3.176695300052627680e-01
9.999611203631671996e-01 5.776399346927076246e-03 3.176967192329466783e-01
9.999671357732496935e-01 5.786668558212668817e-03 3.177157751423573817e-01
9.999724755022235678e-01 5.795936790778304613e-03 3.177307337257596620e-01
9.999792197722634501e-01 5.807855179223124845e-03 3.177463408555293856e-01
9.999826680284464864e-01 5.814042903612846175e-03 3.177526604809234878e-01
9.999897257606218393e-01 5.826913312153044269e-03 3.177615854079907654e-01
9.999933403873831894e-01 5.833614333213585183e-03 3.177638444082757085e-01
9.999970151280588304e-01 5.840505010319139816e-03 3.177643892387509439e-01
9.999985024668397449e-01 5.843316746059023896e-03 3.177640817146029639e-01
