# -82 2 0.130169493143 1.29454436997e-05
# x xi_r xi_h
1.310287751119751072e-03 1.907043107749903186e+02 7.511125513585105296e+01
1.460995662986557019e-03 1.966455167965440296e+02 7.186641616456410020e+01
1.650884358646134958e-03 1.984126340553771684e+02 6.410705275584562912e+01
1.840773054305712029e-03 1.940442267455009642e+02 5.281420886798294845e+01
2.080034956818093209e-03 1.806421172581109715e+02 3.476776420234664045e+01
2.319296859330475039e-03 1.598165540704218301e+02 1.433307822334114157e+01
2.520287072229036949e-03 1.379638783735921663e+02 -3.060241692427273730e+00
2.721277285127598859e-03 1.135566142043610967e+02 -1.936294640260180699e+01
2.922267498026161203e-03 8.793534154225761768e+01 -3.343990869316020564e+01
3.112225549436466957e-03 6.378149725784766844e+01 -4.383650609453815861e+01
3.302183600846774012e-03 4.074586981757911275e+01 -5.084336455139118272e+01
3.492141652257081067e-03 1.972070674767048359e+01 -5.414446722522980338e+01
3.682099703667386821e-03 1.429948191807524305e+00 -5.368729634966400965e+01
3.921500270735109317e-03 -1.693048217223203622e+01 -4.820646710919928779e+01
4.160900837802832680e-03 -2.958694303158022265e+01 -3.801699867766651408e+01
4.400301404870555176e-03 -3.646503725928314310e+01 -2.450660179942388339e+01
4.639701971938277672e-03 -3.797328390220159378e+01 -9.359062189651648822e+00
4.869433365318841418e-03 -3.511195886588035364e+01 5.070742268708291256e+00
5.099164758699403430e-03 -2.901655669735543697e+01 1.787961514774533711e+01
5.328896152079966309e-03 -2.079913673836385613e+01 2.782828893497273270e+01
5.558627545460530055e-03 -1.160466867741920538e+01 3.404089803495940458e+01
5.787748083093968016e-03 -2.532209017955414865e+00 3.608228161029310854e+01
6.016868620727404242e-03 5.527790164686355645e+00 3.400712612048645411e+01
6.245989158360841335e-03 1.188018735161152861e+01 2.828650483457433040e+01
6.507314466583081353e-03 1.649466130333916070e+01 1.844215442404252769e+01
6.768639774805322237e-03 1.811962609500663390e+01 6.587277100801521179e+00
7.029965083027563122e-03 1.694631395410215902e+01 -5.461101576189596685e+00
7.291290391249803139e-03 1.350896396456300863e+01 -1.596181050569131266e+01
7.588259160035928062e-03 7.856851333639267132e+00 -2.423865947804428345e+01
7.885227928822052118e-03 1.545261790850571693e+00 -2.744573552041662978e+01
8.182196697608175306e-03 -4.215702148348318801e+00 -2.529898710685678154e+01
8.479165466394300230e-03 -8.467456335143801027e+00 -1.851717463453538670e+01
8.776134235180425153e-03 -1.063499419802987411e+01 -8.635858064793064059e+00
9.062891590263655664e-03 -1.061417654717855896e+01 1.958531877685966149e+00
9.349648945346886175e-03 -8.754900756145907792e+00 1.163782522617409931e+01
9.636406300430114952e-03 -5.577419145398201827e+00 1.874657321012539413e+01
9.923163655513347198e-03 -1.766227455591213635e+00 2.216264242295740061e+01
1.020992101059657944e-02 1.959875137411769774e+00 2.146670651986432787e+01
1.049667836567980995e-02 4.970279684530077624e+00 1.698184039036194548e+01
1.078343572076304047e-02 6.818606026225086936e+00 9.682058042081132854e+00
1.107585216327150977e-02 7.295436819506249115e+00 8.221612718415517440e-01
1.136826860577998081e-02 6.403851794105600348e+00 -7.787656735958308651e+00
1.166068504828845012e-02 4.431847216936291467e+00 -1.457478435396556549e+01
1.195310149079691076e-02 1.831944356092509718e+00 -1.837057479270253424e+01
1.224551793330539047e-02 -8.730003424048039529e-01 -1.860555767779047542e+01
1.253793437581384937e-02 -3.187797656287125303e+00 -1.538736539729028330e+01
1.283035081832233082e-02 -4.729566065642871742e+00 -9.452192081538692392e+00
1.312276726083078972e-02 -5.285549718751033410e+00 -2.003886117565624847e+00
1.341518370333926076e-02 -4.836358408833364209e+00 5.525427356772865117e+00
1.372371033175165053e-02 -3.456607187311873552e+00 1.202176416463253794e+01
1.403223696016404030e-02 -1.493255360559161637e+00 1.580872177569057158e+01
1.434076358857643008e-02 6.159254235394832078e-01 1.622178387153623547e+01
1.464929021698880944e-02 2.439481282350252300e+00 1.330648400164383816e+01
1.495781684540119921e-02 3.636285228654386525e+00 7.781212970154245845e+00
1.526634347381359072e-02 4.015359463338999291e+00 8.659626681993202180e-01
1.557487010222598049e-02 3.561820712107789166e+00 -5.983399083320615652e+00
1.588339673063835986e-02 2.426508923764557846e+00 -1.137822830312505573e+01
1.619192335905075136e-02 8.840451201693918515e-01 -1.427511716892958304e+01
1.650044998746313940e-02 -7.301873872172892632e-01 -1.417377199957075007e+01
1.680897661587552050e-02 -2.090335287573819034e+00 -1.119794519509081177e+01
1.711941423928450140e-02 -2.946711019512203045e+00 -6.012366056736167863e+00
1.742985186269348924e-02 -3.152483795968909597e+00 2.404215535697378503e-01
1.774028948610247014e-02 -2.709131393270159283e+00 6.248975240435947320e+00
1.805072710951145104e-02 -1.747482180805522312e+00 1.079561930156408067e+01
1.836116473292042847e-02 -4.931488647808242032e-01 1.300015491488984232e+01
1.867160235632940937e-02 7.844267029536449165e-01 1.248706626345922110e+01
1.898203997973839027e-02 1.828233977970629143e+00 9.444903359971741352e+00
1.929247760314737117e-02 2.443849493304110609e+00 4.569367515537536839e+00
1.960291522655635901e-02 2.534006543826476054e+00 -1.094480653079017873e+00
1.991335284996533991e-02 2.111767904591905332e+00 -6.375459921923001261e+00
2.022379047337432081e-02 1.291075251629616227e+00 -1.021739634185336421e+01
2.053422809678330171e-02 2.579862534082686398e-01 -1.188859178083722234e+01
2.083870335922823058e-02 -7.526736147496857487e-01 -1.115341914627693320e+01
2.114317862167315945e-02 -1.566118031199987604e+00 -8.277448121752449595e+00
2.144765388411808138e-02 -2.038241272191428699e+00 -3.879233341976653815e+00
2.175212914656301025e-02 -2.097805915450075886e+00 1.149715294784602104e+00
2.205660440900793912e-02 -1.755561523832540161e+00 5.825476123333434231e+00
2.236107967145287145e-02 -1.097412621101530483e+00 9.263088253547678619e+00
2.266555493389780032e-02 -2.639339436074931711e-01 1.084182450404595599e+01
2.297003019634272919e-02 5.790812652067161004e-01 1.031403878607579117e+01
2.327450545878765112e-02 1.273000874594669263e+00 7.839286837120267748e+00
2.357898072123257999e-02 1.695477962321042087e+00 3.940317203905479904e+00
2.388999902351006052e-02 1.779298315593205837e+00 -7.027973881029613290e-01
2.420101732578754106e-02 1.513691505800859982e+00 -5.093605654672771266e+00
2.451203562806502159e-02 9.671991635980340396e-01 -8.381123593065295196e+00
2.482305393034249866e-02 2.587896975659635945e-01 -9.954971728032470324e+00
2.513407223261997919e-02 -4.676450324286369198e-01 -9.555727634757182898e+00
2.544509053489744932e-02 -1.072080831708181137e+00 -7.313482938092399799e+00
2.575610883717492985e-02 -1.444789239784011192e+00 -3.709997290806816839e+00
2.606712713945241039e-02 -1.525549440733044104e+00 5.253153086247343007e-01
2.637814544172989092e-02 -1.312447690963058466e+00 4.563116890579471452e+00
2.668916374400737146e-02 -8.592161512376500498e-01 7.635749131504595333e+00
2.700018204628484852e-02 -2.622695410862495580e-01 9.181466419173807125e+00
2.731120034856232906e-02 3.595507697260070246e-01 8.944624599905537821e+00
2.762221865083979919e-02 8.883390915114571795e-01 7.014548540912931784e+00
2.793323695311727972e-02 1.229079267440281953e+00 3.798034890798750673e+00
2.826513052570591919e-02 1.323764186682572230e+00 -3.220730022710855955e-01
2.859702409829455866e-02 1.135361318636574079e+00 -4.282731857592714242e+00
2.892891767088319119e-02 7.159742738888126290e-01 -7.248360404057921258e+00
2.926081124347183066e-02 1.635137947109503720e-01 -8.616601484461144267e+00
2.959270481606045972e-02 -4.009307321495842458e-01 -8.137899640224599551e+00
2.992459838864909918e-02 -8.593403465808734376e-01 -5.957263021654889634e+00
3.025649196123773171e-02 -1.121032984648559827e+00 -2.572229610830148783e+00
3.058838553382637118e-02 -1.140066073608619890e+00 1.281297135197498882e+00
3.092027910641501065e-02 -9.225706873427711452e-01 4.789141294456473297e+00
3.125217267900363971e-02 -5.230460531789902223e-01 7.230123365753047260e+00
3.158406625159228265e-02 -3.094658699832034815e-02 8.122708734611260084e+00
3.191595982418091171e-02 4.492041597566100442e-01 7.317614249426979356e+00
3.224785339676954771e-02 8.197988442297277079e-01 5.019133811745824403e+00
3.257974696935817677e-02 1.009666418337562099e+00 1.733198492658917234e+00
3.291164054194681970e-02 9.873038338053210516e-01 -1.844736106468626291e+00
3.324353411453546264e-02 7.654667697662078663e-01 -4.977058664306425406e+00
3.357542768712409170e-02 3.966289806331570467e-01 -7.035421082043967544e+00
3.390732125971272770e-02 -3.932217108667889621e-02 -7.625302401791824281e+00
3.423921483230135676e-02 -4.523042204104503194e-01 -6.659374063767864449e+00
3.457110840488999970e-02 -7.604903365612331045e-01 -4.366558875459435107e+00
3.491112367483018009e-02 -9.074999599173458886e-01 -1.158260481414830734e+00
3.525113894477036047e-02 -8.602608295080210743e-01 2.233803050290003700e+00
3.559115421471054780e-02 -6.357936884243465814e-01 5.095941499678019682e+00
3.593116948465072819e-02 -2.870787479091941874e-01 6.842287982963737747e+00
3.627118475459092245e-02 1.093803814036401062e-01 7.132925747073557865e+00
3.661120002453110284e-02 4.702515536100639326e-01 5.937714629187506254e+00
3.695121529447128322e-02 7.227210160048056498e-01 3.534374254810102922e+00
3.729123056441145667e-02 8.189304777213750608e-01 4.432548114277519713e-01
3.763124583435163706e-02 7.447058839677986875e-01 -2.685873135702179670e+00
3.797126110429181745e-02 5.210703285686503206e-01 -5.210353786474068549e+00
3.831127637423199783e-02 1.985643488342609120e-01 -6.625881533442790960e+00
3.865129164417219210e-02 -1.541530805763569323e-01 -6.665821376499418527e+00
3.899130691411237248e-02 -4.648678896467347554e-01 -5.349365567504363206e+00
3.933132218405255287e-02 -6.724689882373521277e-01 -2.970309696576606040e+00
3.967133745399273326e-02 -7.387581454125562441e-01 -3.055162931426922204e-02
4.001135272393290671e-02 -6.551784462538763343e-01 2.866526087241093812e+00
4.035136799387308709e-02 -4.433487912157973998e-01 5.140033213144604041e+00
4.069138326381326748e-02 -1.495784530516879041e-01 6.347424956889192948e+00
4.103139853375346174e-02 1.652770028224393728e-01 6.269258350042634653e+00
4.137141380369364213e-02 4.384000588456752889e-01 4.946916195988110942e+00
4.171142907363382252e-02 6.174432090935605411e-01 2.667331325569060940e+00
4.205144434357400290e-02 6.703726880213755068e-01 -1.004770316850567557e-01
4.239145961351419023e-02 5.909162096055757818e-01 -2.802846010467019866e+00
4.273147488345437062e-02 3.987568817797322862e-01 -4.912486521187002353e+00
4.307149015339455100e-02 1.346828366363961860e-01 -6.030772472163265618e+00
4.325489917444660243e-02 -2.093050674569081268e-02 -6.141083974950869440e+00
4.343830819549863304e-02 -1.729043959430032473e-01 -5.891256302578542048e+00
4.362171721655067058e-02 -3.124690908016756752e-01 -5.300283205356526750e+00
4.380512623760270813e-02 -4.317546756569091704e-01 -4.406744536315589045e+00
4.398853525865475261e-02 -5.242258013017468965e-01 -3.266218838723911499e+00
4.417194427970679016e-02 -5.850281150739088387e-01 -1.947760347790659097e+00
4.435535330075882771e-02 -6.112288841544508688e-01 -5.296668098201970931e-01
4.453876232181087219e-02 -6.019409703520569588e-01 9.052002145005995093e-01
4.472217134286290280e-02 -5.583263656617294401e-01 2.274261878188454933e+00
4.490558036391494035e-02 -4.834825249545193770e-01 3.499952522204595073e+00
4.527239840601902238e-02 -2.644373752773317432e-01 5.248518376537279373e+00
4.563921644812309747e-02 5.626924178100219630e-03 5.828149992401391088e+00
4.600603449022717950e-02 2.670738452461530743e-01 5.140127273439197175e+00
4.637285253233124765e-02 4.643618599024487148e-01 3.360653983990623317e+00
4.673967057443533663e-02 5.576635785843746529e-01 8.941033473063020320e-01
4.710648861653941866e-02 5.306063383104232534e-01 -1.720436123075694601e+00
4.747330665864348681e-02 3.927141767556153185e-01 -3.927485714026967223e+00
4.784012470074756884e-02 1.763224885888279025e-01 -5.272401346123587906e+00
4.820694274285165087e-02 -7.110106018242923209e-02 -5.493050880404673819e+00
4.857376078495573291e-02 -2.974009495135096492e-01 -4.568017543987900275e+00
4.894057882705980800e-02 -4.566529729863473830e-01 -2.713264398132523070e+00
4.931285321897629220e-02 -5.184096506286179906e-01 -2.945092359462935794e-01
4.968512761089276947e-02 -4.699463078528723359e-01 2.147352558814886958e+00
5.005740200280924673e-02 -3.247156343843302650e-01 4.100627680784655560e+00
5.042967639472573094e-02 -1.157581896345847156e-01 5.168332934104318710e+00
5.080195078664220820e-02 1.118799193096646633e-01 5.146935473150546336e+00
5.117422517855869241e-02 3.108587548107064058e-01 4.062655871134680297e+00
5.154649957047517661e-02 4.413063799605706494e-01 2.159464499823328776e+00
5.191877396239164694e-02 4.786464387466912163e-01 -1.570261328377157151e-01
5.229104835430813114e-02 4.179972026248705563e-01 -2.406769897741162456e+00
5.266332274622462228e-02 2.744127623497265578e-01 -4.134790474385532377e+00
5.303559713814109261e-02 7.910835629346985032e-02 -5.002413972994361302e+00
5.340787153005757681e-02 -1.273908209565884908e-01 -4.852130771476875992e+00
5.378014592197404714e-02 -3.036699595232991156e-01 -3.733998648878301463e+00
5.415242031389053134e-02 -4.156688441463265993e-01 -1.889692270278231057e+00
5.452469470580702249e-02 -4.431260760281506283e-01 3.010663922120975222e-01
5.489696909772349281e-02 -3.830361801428457946e-01 2.399648917832845285e+00
5.526924348963997702e-02 -2.495803310448494738e-01 3.996594272976612849e+00
5.564151788155646122e-02 -7.071043797355504312e-02 4.790901581200400550e+00
5.601379227347293849e-02 1.177892727316328103e-01 4.645314926368862452e+00
5.638606666538942269e-02 2.794914797832624975e-01 3.607755440888156251e+00
5.675834105730589996e-02 3.843193171030212518e-01 1.896121135479657216e+00
5.713557747568415168e-02 4.138785431160448280e-01 -1.758755584591048804e-01
5.751281389406241035e-02 3.628875743180936531e-01 -2.180518545763586946e+00
5.789005031244066207e-02 2.434317900639148546e-01 -3.733409774175766582e+00
5.826728673081892074e-02 8.021844216739182354e-02 -4.548281218286312821e+00
5.864452314919717246e-02 -9.464560764406655669e-02 -4.487877597734427404e+00
5.902175956757541725e-02 -2.480114027968199353e-01 -3.584187014177357522e+00
5.939899598595368285e-02 -3.519198958826302848e-01 -2.025902686718799028e+00
5.977623240433192764e-02 -3.885561502253564448e-01 -1.173008975441863638e-01
6.015346882271019324e-02 -3.530879074003697715e-01 1.782249434594385562e+00
6.053070524108843803e-02 -2.539946579141545979e-01 3.325992187500008690e+00
6.090794165946669669e-02 -1.109742538887840413e-01 4.242053308346728002e+00
6.128517807784496230e-02 4.905792764151305912e-02 4.379432726062957748e+00
6.149838126173343134e-02 1.368225104460215613e-01 4.098682602169093414e+00
6.171158444562190731e-02 2.154675355279411231e-01 3.578772484268061493e+00
6.192478762951038329e-02 2.805230223037937787e-01 2.853231359752054441e+00
6.213799081339885233e-02 3.283987621108244714e-01 1.967053618977774532e+00
6.235119399728732831e-02 3.565728933563093728e-01 9.738666445047458042e-01
6.256439718117580429e-02 3.637138965910508559e-01 -6.733601351659686263e-02
6.277760036506427332e-02 3.497309343235477375e-01 -1.095698067791774255e+00
6.299080354895275624e-02 3.157517019196735553e-01 -2.052034659124554405e+00
6.320400673284122528e-02 2.640311015351968216e-01 -2.882195156745529285e+00
6.341720991672969432e-02 1.977978716240172685e-01 -3.540067533523050258e+00
6.384361628450666015e-02 4.065553226822662958e-02 -4.208539846436932130e+00
6.427002265228359823e-02 -1.218759750746777754e-01 -3.953024178363973018e+00
6.469642902006055019e-02 -2.546853979371466181e-01 -2.848082304629197647e+00
6.512283538783750214e-02 -3.301923549755302334e-01 -1.148467249453494432e+00
6.554924175561444022e-02 -3.339130308954162962e-01 7.710282333125445531e-01
6.597564812339139217e-02 -2.670098277717271040e-01 2.498945206152252130e+00
6.640205449116834413e-02 -1.454385590930545036e-01 3.675163484160409499e+00
6.682846085894529609e-02 3.959741547092792205e-03 4.064826755421141691e+00
6.725486722672224804e-02 1.494569616696702630e-01 3.603294668802060841e+00
6.768127359449918612e-02 2.611790765766139333e-01 2.403978744499294606e+00
6.810767996227613807e-02 3.171634310387448918e-01 7.290323345304433600e-01
6.854182003929965017e-02 3.067778524135104656e-01 -1.099809905731675697e+00
6.897596011632314839e-02 2.325139969433388243e-01 -2.670547680993037520e+00
6.941010019334666048e-02 1.115119469517538708e-01 -3.662085749905996668e+00
6.984424027037017257e-02 -3.003822546412534406e-02 -3.882399081836476640e+00
7.027838034739368467e-02 -1.626296775950006324e-01 -3.303376478987625209e+00
7.071252042441718288e-02 -2.595750329979146787e-01 -2.060659559181786005e+00
7.114666050144069498e-02 -3.022806094231126894e-01 -4.202417617342122935e-01
7.158080057846419320e-02 -2.836444533452330830e-01 1.279772614814745024e+00
7.201494065548770529e-02 -2.090015359815892981e-01 2.699326017386487475e+00
7.244908073251121738e-02 -9.456237269573504467e-02 3.563910615878898458e+00
7.288322080953472948e-02 3.621059928788097210e-02 3.716201626738939723e+00
7.331736088655822769e-02 1.574677063007534628e-01 3.142487011483829029e+00
7.375150096358173979e-02 2.460657506685520191e-01 1.970023349523370326e+00
7.419305697663924892e-02 2.860991137490541125e-01 4.106671328244370645e-01
7.463461298969675806e-02 2.692580924622721139e-01 -1.205466660894511488e+00
7.507616900275426719e-02 2.003326269414168193e-01 -2.561715229853348319e+00
7.551772501581177632e-02 9.401383990769839050e-02 -3.401711641923679252e+00
7.595928102886928546e-02 -2.834585079824129480e-02 -3.576379807050383608e+00
7.640083704192679459e-02 -1.430797559673559483e-01 -3.068100682694069992e+00
7.684239305498430372e-02 -2.287710648297871241e-01 -1.988778264163378440e+00
7.728394906804181286e-02 -2.701642402780499164e-01 -5.536920045039049887e-01
7.772550508109932199e-02 -2.607352133086954238e-01 9.625835292275251032e-01
7.816706109415683112e-02 -2.035264939576414966e-01 2.279030699218178579e+00
7.860861710721434026e-02 -1.101967974504305947e-01 3.159676098964445234e+00
7.907004175851901906e-02 6.400200377966774185e-03 3.453146643827273099e+00
7.953146640982367011e-02 1.196222142370577807e-01 3.066498676529421541e+00
7.999289106112834891e-02 2.075975348509575824e-01 2.089628247845124687e+00
8.045431571243301383e-02 2.540243690621179495e-01 7.234696211012625611e-01
8.091574036373769263e-02 2.510639856110672419e-01 -7.622243623369585608e-01
8.137716501504235755e-02 2.005000784429400718e-01 -2.082439130328288535e+00
8.183858966634702248e-02 1.130342884252307778e-01 -2.991216107812001646e+00
8.230001431765168740e-02 5.942944467302477447e-03 -3.326518888332318458e+00
8.276143896895636620e-02 -1.003873001650798930e-01 -3.037680980014092924e+00
8.322286362026103113e-02 -1.863474498255416334e-01 -2.191084446537160169e+00
8.368428827156570993e-02 -2.366797180701847025e-01 -9.539653743679962217e-01
8.414571292287037485e-02 -2.430964332825490681e-01 4.397019816414288740e-01
8.460713757417503977e-02 -2.055139559957985806e-01 1.734170069126389491e+00
8.507417896077572317e-02 -1.307128435603470418e-01 2.707755966115858559e+00
8.554122034737642044e-02 -3.340445053780276286e-02 3.174283786080076553e+00
8.600826173397713159e-02 6.829702201531741290e-02 3.060728804598679353e+00
8.647530312057782886e-02 1.560795185443039634e-01 2.400368546354324284e+00
8.694234450717849838e-02 2.147006796403662932e-01 1.322947920407909539e+00
8.740938589377920953e-02 2.345584108110166377e-01 2.808911327528806900e-02
8.787642728037989293e-02 2.131470372231716037e-01 -1.252533039991133412e+00
8.834346866698060408e-02 1.552024725649405468e-01 -2.297006341521974360e+00
8.881051005358128747e-02 7.158203657608888659e-02 -2.931406836585769948e+00
8.927249613444182552e-02 -2.186235631393610573e-02 -3.059282786129148057e+00
8.973448221530234969e-02 -1.102371375742399184e-01 -2.681456341213424466e+00
9.019646829616287387e-02 -1.792732902115269644e-01 -1.873321803870251268e+00
9.065845437702341192e-02 -2.183513712143599905e-01 -7.770683806870556376e-01
9.112044045788392221e-02 -2.220250826479131800e-01 4.248439382119542085e-01
9.158242653874446026e-02 -1.906275965839230591e-01 1.540564896820559859e+00
9.185990558262246974e-02 -1.567840672869894869e-01 2.100222332552987403e+00
9.213738462650046535e-02 -1.142333870635164061e-01 2.533656976871585087e+00
9.269234271425648430e-02 -1.505736705057084297e-02 2.939203302622736214e+00
9.324730080201248938e-02 8.562720208467741734e-02 2.700733877157578178e+00
9.380225888976850834e-02 1.661518814047833470e-01 1.885167022517766799e+00
9.435721697752449955e-02 2.098944891960601022e-01 6.796368142495323728e-01
9.491217506528051850e-02 2.085605941206495895e-01 -6.522794900852095790e-01
9.546713315303652359e-02 1.635727371666279850e-01 -1.828406617951725766e+00
9.602209124079254254e-02 8.537867431244530736e-02 -2.607375859028786991e+00
9.657704932854854762e-02 -9.073103064743870752e-03 -2.837233581815973960e+00
9.711274250401923103e-02 -9.728027082034466921e-02 -2.504218972012111522e+00
9.764843567948991443e-02 -1.656238010784145953e-01 -1.701043706071567296e+00
9.818412885496061171e-02 -2.017495438378507089e-01 -5.892128425565517080e-01
9.871982203043128123e-02 -1.997089556811350031e-01 6.170415580769499364e-01
9.925551520590197851e-02 -1.608022695090525755e-01 1.692390640599862328e+00
9.979120838137264804e-02 -9.304967060017126090e-02 2.442309500956979740e+00
1.003269015568433037e-01 -9.459656791895627512e-03 2.737538088038937278e+00
1.008625947323140010e-01 7.452642259829554694e-02 2.535140582282602306e+00
1.013982879077846982e-01 1.439065767528956707e-01 1.882959344448783989e+00
1.019196887189594974e-01 1.860627927567968243e-01 9.353997283213807412e-01
1.024410895301341995e-01 1.966405452111304186e-01 -1.535438297042035216e-01
1.029624903413089987e-01 1.746773284468055298e-01 -1.200606766424586525e+00
1.034838911524837979e-01 1.245618704192389542e-01 -2.035940939251128956e+00
1.040052919636584999e-01 5.508110241207359731e-02 -2.530069422306840732e+00
1.045266927748332991e-01 -2.218510837339930653e-02 -2.612630900856485194e+00
1.051400246805940936e-01 -1.058961505455387198e-01 -2.186612324605382351e+00
1.057533565863548047e-01 -1.656598895104565705e-01 -1.301337394756448607e+00
1.063666884921155992e-01 -1.895094117691259183e-01 -1.554911929156494454e-01
1.069800203978762965e-01 -1.734190235551172077e-01 1.004728016660239254e+00
1.075933523036371048e-01 -1.217755646383082146e-01 1.938757083828350325e+00
1.081580523569587032e-01 -5.240967324692071688e-02 2.438360677444699309e+00
1.087227524102803017e-01 2.497693922443527947e-02 2.508977788538642173e+00
1.092874524636019973e-01 9.695542323135840357e-02 2.150229007853574625e+00
1.098521525169235957e-01 1.515040804788766460e-01 1.434288510670826078e+00
1.104461325367779023e-01 1.805959957568293861e-01 4.390710364798326437e-01
1.110401125566321950e-01 1.763766622070139511e-01 -6.209091490393277013e-01
1.116340925764865016e-01 1.404412043226501428e-01 -1.553303301196517605e+00
1.122280725963407944e-01 7.998701439111881306e-02 -2.194835530879456265e+00
1.128220526161951009e-01 6.301417998271587051e-03 -2.439056291851741776e+00
1.134060008840173939e-01 -6.625736296438224093e-02 -2.259327153055878501e+00
1.139899491518396035e-01 -1.266593346860983849e-01 -1.703604412461512396e+00
1.145738974196618964e-01 -1.651791449232611897e-01 -8.736079268152985300e-01
1.151578456874842032e-01 -1.760270571593418321e-01 8.737847299513057386e-02
1.157417939553063990e-01 -1.581169872237783991e-01 1.019829750520122147e+00
1.163163554681377054e-01 -1.158647631868428562e-01 1.764651638038488235e+00
1.168909169809689980e-01 -5.631663285412370074e-02 2.226305958454159128e+00
1.174654784938004015e-01 1.101483647820287147e-02 2.341238044724432310e+00
1.180400400066316940e-01 7.576042570746016613e-02 2.100616553801655240e+00
1.186146015194630005e-01 1.282875474641951563e-01 1.549160524531936645e+00
1.189682089753304056e-01 1.513033929635188013e-01 1.088509060323760824e+00
1.193218164311977969e-01 1.654612022656610504e-01 5.697766504725556569e-01
1.200290313429325934e-01 1.653709163819480632e-01 -5.048025306538923562e-01
1.207362462546674037e-01 1.297677542708704779e-01 -1.453138497709806076e+00
1.214434611664022001e-01 6.718219231976842176e-02 -2.077568199442024088e+00
1.221403590722684035e-01 -7.437346630641591960e-03 -2.256923414029640362e+00
1.228372569781346069e-01 -7.941263669288717297e-02 -1.978062925266532712e+00
1.235341548840007964e-01 -1.344416639799218272e-01 -1.308608561770725043e+00
1.242310527898669997e-01 -1.620976355198162355e-01 -3.912260742361972077e-01
1.249199642383859027e-01 -1.579216395411910390e-01 5.773350090086811770e-01
1.256088756869047918e-01 -1.239934271569145124e-01 1.421567474880652382e+00
1.262977871354236947e-01 -6.742947644751454139e-02 1.986818769457882494e+00
1.269801736787574131e-01 9.320347027328050398e-05 2.176665584962916178e+00
1.276625602220911870e-01 6.664560705817097752e-02 1.976012886773739208e+00
1.283383226857451875e-01 1.201404444951932743e-01 1.439047984660182911e+00
1.290140851493992991e-01 1.524301447062667292e-01 6.647833338430115813e-01
1.296898476130534106e-01 1.585628929019591293e-01 -2.118395652190930012e-01
1.303656100767074111e-01 1.381067464779731635e-01 -1.041727845380036266e+00
1.310334062222101026e-01 9.566748691292441265e-02 -1.681172595109414747e+00
1.317012023677127108e-01 3.849079347184844457e-02 -2.041952254254904897e+00
1.323689985132154023e-01 -2.400876103969497993e-02 -2.074430219415005272e+00
1.330315011698023075e-01 -8.151788499408128830e-02 -1.785787954881498774e+00
1.336940038263891017e-01 -1.258661243906338545e-01 -1.229956394316281898e+00
1.343565064829760070e-01 -1.507001856224069458e-01 -4.976464779712921893e-01
1.350127571636738077e-01 -1.528880091630525351e-01 2.901949205943662458e-01
1.356690078443716085e-01 -1.329826259726344106e-01 1.024111596605924213e+00
1.363252585250694093e-01 -9.436175580327496593e-02 1.601001907086927911e+00
1.369747936614179040e-01 -4.347476519134294698e-02 1.941841172550224037e+00
1.376243287977663987e-01 1.272613260748922323e-02 2.012492229557644841e+00
1.382738639341148101e-01 6.650700780945356660e-02 1.809665942529390836e+00
1.389233990704633048e-01 1.107052962609276076e-01 1.366801388624834246e+00
1.395657048814820111e-01 1.394423458054581677e-01 7.557610687475447842e-01
1.402080106925008007e-01 1.498919626877031896e-01 5.563648499490451288e-02
1.408503165035195070e-01 1.411247139137357665e-01 -6.422644047414358681e-01
1.414926223145382134e-01 1.146677958029427707e-01 -1.249972964824552779e+00
1.423395568821196888e-01 5.969990171932394729e-02 -1.789225215821092618e+00
1.431864914497011088e-01 -6.938225590306642231e-03 -1.945814018179358618e+00
1.440334260172826120e-01 -7.117319156875599739e-02 -1.698688390373046753e+00
1.448719479772087870e-01 -1.196225261725195055e-01 -1.116841029556233433e+00
1.457104699371351009e-01 -1.437814519960925741e-01 -3.241897826543276850e-01
1.465489918970613870e-01 -1.395907487832589444e-01 5.189056493021371175e-01
1.473791511845158053e-01 -1.090172569205440783e-01 1.242875590296619537e+00
1.482093104719703069e-01 -5.854475834431455833e-02 1.724074810264988766e+00
1.490394697594248086e-01 2.015555485568072767e-03 1.880618555476591736e+00
1.498616400772035950e-01 6.087043534160856140e-02 1.696136234907185347e+00
1.506838103949824093e-01 1.081958260005228406e-01 1.215268224595123181e+00
1.515059807127611957e-01 1.360251382000988718e-01 5.296848327117767985e-01
1.523205105585085095e-01 1.401177856780536080e-01 -2.302543096361159281e-01
1.531350404042559066e-01 1.207079041635629180e-01 -9.407887340463685355e-01
1.539495702500031926e-01 8.157672846746341633e-02 -1.485686359121050515e+00
1.547567892028325898e-01 3.008540749330708072e-02 -1.778690281270476570e+00
1.555640081556619037e-01 -2.554170737295768587e-02 -1.784893864486135406e+00
1.563712271084913008e-01 -7.645404884921640221e-02 -1.510235733342045750e+00
1.571714424761531115e-01 -1.145746279613735763e-01 -1.008931816673191095e+00
1.579716578438148944e-01 -1.348474390687951219e-01 -3.601457089299840431e-01
1.587718732114765940e-01 -1.346107985009394881e-01 3.346631355181519107e-01
1.593682299859416895e-01 -1.211792119877091733e-01 8.208511144847739915e-01
1.599645867604068128e-01 -9.780479858602840471e-02 1.232338365432257499e+00
1.607548172773561879e-01 -5.546589169069341546e-02 1.608842299287453370e+00
1.615450477943055907e-01 -5.845431269583849926e-03 1.755256969265899025e+00
1.623352783112549935e-01 4.400815645445115692e-02 1.655980968000118292e+00
1.631192240213278077e-01 8.692776405808071150e-02 1.332886555078214963e+00
1.639031697314005942e-01 1.176748350067978455e-01 8.343930788313329572e-01
1.646871154414734917e-01 1.324083206179473560e-01 2.306219944766123575e-01
1.654650075841770929e-01 1.296033779802444608e-01 -3.919786080858478350e-01
1.662428997268806941e-01 1.101500758509874611e-01 -9.570370715306637521e-01
1.670207918695844063e-01 7.686597107489839820e-02 -1.393720459784558940e+00
1.677928708154781123e-01 3.456469695043692947e-02 -1.648470445460054723e+00
1.685649497613717074e-01 -1.155176376918049322e-02 -1.697050814963940280e+00
1.693370287072654135e-01 -5.576371894052223332e-02 -1.537142235457558570e+00
1.699128959626282909e-01 -8.441138963985712895e-02 -1.294586196008152612e+00
1.704887632179911960e-01 -1.071095095198734276e-01 -9.672007025332131080e-01
1.712525425599212003e-01 -1.256371288572245004e-01 -4.452006289057204858e-01
1.720163219018512046e-01 -1.294959114145951828e-01 1.228534440642380238e-01
1.727801012437812922e-01 -1.185069868032698065e-01 6.719650822510686572e-01
1.735386115400147089e-01 -9.438307004014455381e-02 1.136674264279231128e+00
1.742971218362479868e-01 -6.001793819980264649e-02 1.470470853140628531e+00
1.750556321324814035e-01 -1.938371042342427325e-02 1.638994962766490815e+00
1.758090734592840931e-01 2.269552992616316947e-02 1.627571235513345149e+00
1.765625147860866995e-01 6.194459989535362754e-02 1.442381444887701480e+00
1.773159561128893891e-01 9.425765824924013658e-02 1.106245033523109766e+00
1.780645185463007873e-01 1.162628544657384327e-01 6.603331854323187811e-01
1.788130809797122134e-01 1.261081378109795148e-01 1.508190925637843682e-01
1.795616434131235006e-01 1.230044055059902608e-01 -3.692042148968163739e-01
1.806774417515888131e-01 9.624085797699435951e-02 -1.045524510492493953e+00
1.817932400900540979e-01 4.913816566526543056e-02 -1.488272012767096975e+00
1.829022533861615063e-01 -7.463847999951961527e-03 -1.609495242872710508e+00
1.840112666822688869e-01 -6.181182639183931821e-02 -1.395193244855050141e+00
1.851137424986991076e-01 -1.026342876732355136e-01 -9.008426887748063328e-01
1.862162183151294115e-01 -1.223834830492217252e-01 -2.319105814012631939e-01
1.873123941815151017e-01 -1.177275022612196270e-01 4.711662554145804038e-01
1.884085700479007919e-01 -9.029709465442298244e-02 1.074514722999523775e+00
1.894986740814197101e-01 -4.613874632216922317e-02 1.463294189305759829e+00
1.905887781149386007e-01 6.171816808281811381e-03 1.572850432671716092e+00
1.916730272722124984e-01 5.649806056717134040e-02 1.390663633844172908e+00
1.927572764294863961e-01 9.598486784608900590e-02 9.575008367977245749e-01
1.938358801601320902e-01 1.177025443535473226e-01 3.599616471605802115e-01
1.949144838907778954e-01 1.184282234324603306e-01 -2.946987613700046138e-01
1.959876440525072094e-01 9.862038550460813791e-02 -8.884132871179029056e-01
1.970608042142364125e-01 6.214918952315823947e-02 -1.323924222493548797e+00
1.981287147275558047e-01 1.576784696795465249e-02 -1.530269041349157755e+00
1.991966252408751137e-01 -3.275254995398022700e-02 -1.480189393011867249e+00
2.002594720445023124e-01 -7.521533291904750063e-02 -1.188808940437268591e+00
2.013223188481295112e-01 -1.051060441201885631e-01 -7.082029719392058942e-01
2.023802826740382921e-01 -1.178762677076058696e-01 -1.215813310194631125e-01
2.034382464999472118e-01 -1.120145406688459050e-01 4.786961909780269586e-01
2.044915009253560068e-01 -8.892193140319604172e-02 9.970331123864886180e-01
2.055447553507646907e-01 -5.246547205319208873e-02 1.358315113345162972e+00
2.065934679926554884e-01 -8.604192051315620246e-03 1.510511951634784023e+00
2.076421806345462029e-01 3.612803502195750804e-02 1.436550520774084738e+00
2.086865129960230880e-01 7.498216676360326682e-02 1.152815706919683603e+00
2.097308453575000009e-01 1.026132989867193646e-01 7.041676463087838123e-01
2.107709537672242117e-01 1.152293467387627973e-01 1.599416589026852187e-01
2.118110621769483948e-01 1.114328528532686213e-01 -4.029688723090468772e-01
2.128480599636951021e-01 9.212303195765070285e-02 -9.028367434936118707e-01
2.138821136186860039e-01 6.036448919752784859e-02 -1.272846974905535333e+00
2.149161672736769058e-01 2.065898337959770972e-02 -1.467056010571534008e+00
2.159459665261461991e-01 -2.133780892146432476e-02 -1.461877269376806510e+00
2.169742753085213971e-01 -6.010719797229422540e-02 -1.263111079327877695e+00
2.180025840908965951e-01 -9.067197845623863051e-02 -8.997084392643126538e-01
2.190272457378873994e-01 -1.091415887590941325e-01 -4.232433615200330013e-01
2.200519073848782037e-01 -1.134583264861892260e-01 1.043160212500759548e-01
2.210737515503453099e-01 -1.033422002552302765e-01 6.137028832808191225e-01
2.220955957158123883e-01 -8.032068451536490683e-02 1.042495520103124074e+00
2.231133728053782961e-01 -4.760522693952681794e-02 1.337565698031285333e+00
2.241311498949442038e-01 -9.293223054456888413e-03 1.466444258957836366e+00
2.251456680358785989e-01 2.974664716772114706e-02 1.416196634594499848e+00
2.261601861768129940e-01 6.492599807849834537e-02 1.195897802473676608e+00
2.271708474868849026e-01 9.203085169879560157e-02 8.361994258003090374e-01
2.281814321068081908e-01 1.081487520735167351e-01 3.810438411044628770e-01
2.291920167267315067e-01 1.115701167311358571e-01 -1.160090026181110207e-01
2.301989120822834911e-01 1.021345363798682598e-01 -5.952337824847182546e-01
2.312058074378355865e-01 8.113280869717608146e-02 -1.003870215452481895e+00
2.322098544924325048e-01 5.119466820519576883e-02 -1.295992473383141164e+00
2.332139015470293120e-01 1.574269393353995225e-02 -1.441739238525886480e+00
2.342152100895429911e-01 -2.112335223931027448e-02 -1.427120685407919032e+00
2.352165186320565871e-01 -5.544144231084219276e-02 -1.256398260398673195e+00
2.362151954922880881e-01 -8.346053588120838640e-02 -9.510539150784983464e-01
2.372138723525195059e-01 -1.023554361375012128e-01 -5.453092356976410038e-01
2.382100212913642878e-01 -1.102336261544757390e-01 -8.479866259536060491e-02
2.392061702302090975e-01 -1.064723072863303782e-01 3.822549397352629219e-01
2.401998924915476896e-01 -9.166479415607044212e-02 8.061210250105004249e-01
2.411936147528863927e-01 -6.748578615023782812e-02 1.144720297684101329e+00
2.421839272173959001e-01 -3.664724840902450903e-02 1.363536264498670603e+00
2.431741826801301909e-01 -2.288349000882615447e-03 1.443418781017628660e+00
2.441644381428645094e-01 3.210428356097792119e-02 1.378203299624886746e+00
2.451525072457547971e-01 6.304767694476921813e-02 1.176595956345597216e+00
2.461405763486450016e-01 8.761554007528414567e-02 8.600343861883549268e-01
2.476169690387302891e-01 1.075523180780144361e-01 2.519087094466606058e-01
2.490986197616346931e-01 1.047780696541401324e-01 -4.069459188410926576e-01
2.500816239077278125e-01 9.045600155515974572e-02 -8.063611550710155784e-01
2.510646280538209041e-01 6.770353475993381998e-02 -1.128266612903409793e+00
2.520461819638492029e-01 3.879122796374778748e-02 -1.342981836087155489e+00
2.530263942354005202e-01 6.483748219423914050e-03 -1.432506346022711430e+00
2.540066065069517820e-01 -2.625823607242017133e-02 -1.390556615120474238e+00
2.549850575566918187e-01 -5.640673394527168094e-02 -1.222762532155964310e+00
2.559635086064319109e-01 -8.133935428701971615e-02 -9.456161570483212486e-01
2.569380179873769765e-01 -9.883945757757578443e-02 -5.868387302508729642e-01
2.579152191512413816e-01 -1.075792896123140552e-01 -1.770430413262953084e-01
2.588903710736741859e-01 -1.068508041910478656e-01 2.456299670942014568e-01
2.598655229961069901e-01 -9.685241004250629004e-02 6.453870257814982025e-01
2.613230664276363080e-01 -6.723038912698797720e-02 1.123759818798719445e+00
2.627870461853180073e-01 -2.512190673207651687e-02 1.391411822564427414e+00
2.642403887882019964e-01 2.106367237690674396e-02 1.400690453257591450e+00
2.657003925946191947e-01 6.334076490704690365e-02 1.155085632230969939e+00
2.666698680509819730e-01 8.551600980217030634e-02 8.700277035668043668e-01
2.676393435073449178e-01 1.006645012999844019e-01 5.153721297904958476e-01
2.686075749083224884e-01 1.076372725260265478e-01 1.209304019257192719e-01
2.695758063093001144e-01 1.059876310831574936e-01 -2.818018810145929698e-01
2.705412474514743981e-01 9.597769413791622239e-02 -6.596613895832639241e-01
2.715098617210188192e-01 7.842051633020617751e-02 -9.853660935066841375e-01
2.724758040936595127e-01 5.485980034355476820e-02 -1.232231367571258618e+00
2.734417464663002062e-01 2.714073022648565842e-02 -1.382977404937100863e+00
2.744049664315437731e-01 -2.482695090662625018e-03 -1.426966205975781721e+00
2.753714841122708035e-01 -3.191172172042645860e-02 -1.362091722697825746e+00
2.768122224042693924e-01 -7.021983439871697097e-02 -1.080826584973536786e+00
2.782605428606568232e-01 -9.699572198577732784e-02 -6.218277659476301178e-01
2.792230898017574736e-01 -1.061706299711300122e-01 -2.532455607457881896e-01
2.801856367428581240e-01 -1.075345071231085525e-01 1.327940925192121202e-01
2.811473565508991190e-01 -1.010727386343974882e-01 5.077017485041933620e-01
2.821090763589401140e-01 -8.733184975977112408e-02 8.448255182961371679e-01
2.830682204929131918e-01 -6.742719186290535571e-02 1.119687243325171444e+00
2.840309311037308992e-01 -4.270442368120466042e-02 1.314888403557669783e+00
2.854679267090184935e-01 -1.205558731435019343e-03 1.429580211541681800e+00
2.869131169026136741e-01 4.053134549348609561e-02 1.323789986498710824e+00
2.878724078661420993e-01 6.524235291381975943e-02 1.137549245397713404e+00
2.888316988296705801e-01 8.541381608562131911e-02 8.738360262759339303e-01
2.897885131602004893e-01 9.968722536757385067e-02 5.522589022465685948e-01
2.907490868313554744e-01 1.072306346319147896e-01 1.930375282703709339e-01
2.921808661995458078e-01 1.050895162885322198e-01 -3.533212330596887107e-01
2.936212407457569062e-01 8.756693697455344982e-02 -8.487561430538466123e-01
2.945767800163460737e-01 6.856414834387765389e-02 -1.113466954936807696e+00
2.955362094878383750e-01 4.505844102404874679e-02 -1.305799512918577765e+00
2.964933245974175069e-01 1.874691326886030254e-02 -1.412673957007018810e+00
2.974504397069965833e-01 -8.708515811599648604e-03 -1.428634176411540446e+00
2.988819926201308208e-01 -4.785932967174976599e-02 -1.285791631083180508e+00
3.003225649590904878e-01 -8.044680873390844256e-02 -9.634371051963965815e-01
3.012768521985618730e-01 -9.614809727837221598e-02 -6.714056084346464726e-01
3.022352021590857252e-01 -1.059282804038685216e-01 -3.374991352140070955e-01
3.031913095476029274e-01 -1.091632393083573349e-01 1.536864964218619123e-02
3.041474169361201851e-01 -1.057452136379377627e-01 3.662938982778978780e-01
3.051033301085280258e-01 -9.594333817852349067e-02 6.940081420282840918e-01
3.060592432809358110e-01 -8.040299704096352806e-02 9.791445933539884017e-01
3.077228753413188134e-01 -4.313754992466607013e-02 1.324444002123427166e+00
3.093993823933313125e-01 1.831000187452006336e-03 1.439224068227400011e+00
3.110674284137491807e-01 4.616383395000098200e-02 1.305533393775582196e+00
3.127486617597647900e-01 8.279813332617455557e-02 9.480130335455051460e-01
3.146597057555134969e-01 1.069636135029261997e-01 3.558378333471865496e-01
3.165707857154991811e-01 1.082114555715147780e-01 -3.091526680757116230e-01
3.184822492123998150e-01 8.664956346131291731e-02 -9.057137484605986000e-01
3.203937127093003934e-01 4.712472093693988173e-02 -1.311313825173037406e+00
3.223053245029371960e-01 -1.983483446918976947e-03 -1.446512872460936627e+00
3.237393876847550755e-01 -3.932529514673600152e-02 -1.353531495083313940e+00
3.251734508665731216e-01 -7.209316448984211256e-02 -1.105496759131958218e+00
3.270859409516935212e-01 -1.023152762520557479e-01 -5.926589719319487193e-01
3.289988837648503139e-01 -1.125522273159466902e-01 3.299161968842791171e-02
3.309123358818485960e-01 -1.011423434558769013e-01 6.492838763452719597e-01
3.318692480034560743e-01 -8.777096426183220168e-02 9.196068939148290822e-01
3.337835702002405203e-01 -4.961480935091840128e-02 1.309996735942857704e+00
3.356990749884776748e-01 -2.267446835701994370e-03 1.455946698354634750e+00
3.376145797767149959e-01 4.545259643487410683e-02 1.335287691479564609e+00
3.395310173018977751e-01 8.495849622919150745e-02 9.747748506398530299e-01
3.414482662821387016e-01 1.093443100445917471e-01 4.429528554690416176e-01
3.428870733729471043e-01 1.151543730171671748e-01 -1.409460485209894365e-02
3.443258804637556181e-01 1.095077717862985162e-01 -4.679847621411561964e-01
3.457657352099121062e-01 9.308017702009695193e-02 -8.744452271594675974e-01
3.472055899560684833e-01 6.759742448270716908e-02 -1.194349236342504783e+00
3.491265623556059072e-01 2.429723097163262457e-02 -1.436385037031904899e+00
3.510485786226508753e-01 -2.304766308440312980e-02 -1.439813846284999199e+00
3.524911716782869742e-01 -5.670796057383373223e-02 -1.285242701759850004e+00
3.539337647339230730e-01 -8.511802722544985211e-02 -1.012495799880838820e+00
3.553776513800582793e-01 -1.057558103640522246e-01 -6.479556139997513231e-01
3.568215380261933745e-01 -1.168159767965465529e-01 -2.262039185805926056e-01
3.587489468669590731e-01 -1.153198112229062433e-01 3.556256555731770463e-01
3.606763557077248272e-01 -9.601670017634046650e-02 8.798788280911334914e-01
3.626063224667718243e-01 -6.205242179323829099e-02 1.268534895664015894e+00
3.645362892258188769e-01 -1.875232210934375116e-02 1.465368975472148838e+00
3.664689469915051179e-01 2.741186095030144834e-02 1.445025166917925485e+00
3.684016047571914143e-01 6.961299648325493250e-02 1.214434314692345973e+00
3.703370865072648788e-01 1.018861738567923697e-01 8.102142162705117112e-01
3.722725682573382877e-01 1.197373124223040930e-01 2.932611329231161745e-01
3.742110041386200181e-01 1.208729581011592641e-01 -2.629288396831472863e-01
3.761494400199016930e-01 1.053405838384501719e-01 -7.803447699031210716e-01
3.780909480870727757e-01 7.543172790123085780e-02 -1.190204684927677059e+00
3.800324561542439139e-01 3.537041756289771577e-02 -1.439033354471586090e+00
3.819771417800634228e-01 -9.488085578160622077e-03 -1.497264677147641443e+00
3.839218274058828761e-01 -5.317802623152227681e-02 -1.360662739960488032e+00
3.858697944775816846e-01 -9.016907392066525473e-02 -1.050021442872711486e+00
3.878177615492804930e-01 -1.158006848679225820e-01 -6.081913272481089816e-01
3.897691117133387229e-01 -1.270457684587746883e-01 -9.188132365172040072e-02
3.917204618773967861e-01 -1.226695782277279628e-01 4.333439570610038705e-01
3.941647014547489114e-01 -9.665955040096653461e-02 1.004349417705957315e+00
3.966089410321009256e-01 -5.285900953977600708e-02 1.388775194979116723e+00
3.985682178739590187e-01 -1.011445591626856759e-02 1.517559972647411826e+00
4.005274947158171117e-01 3.389051757058222231e-02 1.471039006260966620e+00
4.024904064316531249e-01 7.420887695277283980e-02 1.257537824430343010e+00
4.044533181474890271e-01 1.062908124081644728e-01 9.042912334765651483e-01
4.064199206371885142e-01 1.267343380120990737e-01 4.521694156845327273e-01
4.083865231268878904e-01 1.334034981986698398e-01 -4.710043866906180043e-02
4.103568695697539792e-01 1.257431310679275049e-01 -5.399922322694590271e-01
4.123272160126201236e-01 1.047335186904520682e-01 -9.736428644037623537e-01
4.143013596746851213e-01 7.267517793750537247e-02 -1.304661170187631614e+00
4.162755033367501190e-01 3.304341758729484324e-02 -1.500266766102584581e+00
4.182534987903078205e-01 -1.013055012966426402e-02 -1.543389803484879419e+00
4.202314942438655776e-01 -5.241293870729662324e-02 -1.432340125500429329e+00
4.227096292711439163e-01 -9.764612942374850668e-02 -1.100440646755279639e+00
4.251877642984221994e-01 -1.284555228999173238e-01 -6.064876377254613260e-01
4.271745802569402173e-01 -1.397931949587467582e-01 -1.422916564070257073e-01
4.291613962154581796e-01 -1.380475313639252244e-01 3.332140128443747962e-01
4.311521647704175120e-01 -1.235111228018371671e-01 7.768374261522414947e-01
4.331429333253766778e-01 -9.766603020188481532e-02 1.147985365487943499e+00
4.351376674815624068e-01 -6.290051047743089319e-02 1.415345909887081088e+00
4.371324016377479138e-01 -2.244664557024544579e-02 1.556625337631375450e+00
4.391311183782494187e-01 2.018366895424619084e-02 1.561991535767677464e+00
4.411298351187508127e-01 6.122310724763187911e-02 1.433353992479462713e+00
4.431325454458727164e-01 9.728494761448487627e-02 1.183704352199748122e+00
4.451352557729946757e-01 1.253383439645351927e-01 8.364445024919936467e-01
4.481444270479484904e-01 1.477265124326609669e-01 2.050660264442181191e-01
4.506573177191960933e-01 1.464679976924906923e-01 -3.544853205092148851e-01
4.531702083904435852e-01 1.272597037218731464e-01 -8.680322916687991386e-01
4.551848815569788931e-01 1.004698649833131313e-01 -1.206494305082590479e+00
4.571995547235140900e-01 6.587153596635775266e-02 -1.451403416372191613e+00
4.592181900033455166e-01 2.608863488708421108e-02 -1.586382423472990411e+00
4.612368252831767768e-01 -1.579494311864381925e-02 -1.603069640248687699e+00
4.632593922887823235e-01 -5.676374925594732807e-02 -1.502333483310583029e+00
4.652819592943879257e-01 -9.378992790451562422e-02 -1.293669702731884419e+00
4.673084188243976089e-01 -1.243402758252468571e-01 -9.934222933833720681e-01
4.693348783544071812e-01 -1.462758848596161509e-01 -6.247734615705234917e-01
4.713651924405172222e-01 -1.581998936329860606e-01 -2.137228304274568780e-01
4.733955065266273188e-01 -1.593723320585146985e-01 2.102719248400918839e-01
4.759389023477624270e-01 -1.458754685652186300e-01 7.144870586515583710e-01
4.784822981688974797e-01 -1.173733447343068281e-01 1.143513348825352383e+00
4.805211256895989269e-01 -8.562745195179645441e-02 1.405744791718632758e+00
4.825599532103003741e-01 -4.826808084526238579e-02 1.577439913865327448e+00
4.846024622203434773e-01 -7.634152887947551376e-03 1.649699537872298061e+00
4.866449712303865804e-01 3.365551785001392321e-02 1.619676986899785565e+00
4.886910831097662222e-01 7.314241200149397548e-02 1.490958976263745184e+00
4.907371949891458085e-01 1.084014803388890502e-01 1.273238811897966505e+00
4.927868267637741106e-01 1.374401298004759298e-01 9.806323798504333888e-01
4.948364585384024128e-01 1.585735468886236843e-01 6.320155288239691638e-01
4.989425778493357111e-01 1.731552305885174226e-01 -1.375644901280374532e-01
5.020264094695874313e-01 1.594014090158684671e-01 -7.057015198691651836e-01
5.051138832495274400e-01 1.262164727631392980e-01 -1.186262807957424670e+00
5.092361856145506405e-01 5.977977896601104763e-02 -1.597452257073076698e+00
5.133645520198434342e-01 -1.940217842302025680e-02 -1.688843955948337472e+00
5.174987117319133079e-01 -9.573296428374858391e-02 -1.453965690059609850e+00
5.216383508218596088e-01 -1.548811651481422080e-01 -9.483592939834485369e-01
5.257831480915519107e-01 -1.863426546771381198e-01 -2.736545985293135086e-01
5.299327976174466048e-01 -1.850428617727253588e-01 4.449587872985493742e-01
5.340869657500283418e-01 -1.518117076812449673e-01 1.082801565095803387e+00
5.382452599924625325e-01 -9.279391467513671554e-02 1.536845490111800938e+00
5.424072497157466088e-01 -1.803047626004857656e-02 1.740708660174081324e+00
5.465725012540574301e-01 6.044682992828879359e-02 1.671857203677673986e+00
5.507405845750824591e-01 1.306348545515478854e-01 1.350963120261465145e+00
5.549110536012068495e-01 1.823595134630954240e-01 8.346729813653388508e-01
5.590834321773656690e-01 2.086119830490337224e-01 2.038545541870702693e-01
5.643010869630014081e-01 2.013858411555760064e-01 -6.017993849555670627e-01
5.684758978830769527e-01 1.652475782118957293e-01 -1.163257949053660978e+00
5.726509199913500936e-01 1.074362627847692264e-01 -1.571965216468619086e+00
5.768255755389478656e-01 3.559502945464664697e-02 -1.783495986917514209e+00
5.809992666418749563e-01 -4.134653253911071275e-02 -1.780646113700967481e+00
5.851713896051653485e-01 -1.143516217639427984e-01 -1.572682552894737684e+00
5.882989619740793819e-01 -1.617852150392840582e-01 -1.299418161166016050e+00
5.935085681122563850e-01 -2.178484405040228278e-01 -6.875655684095487441e-01
5.976721595114997676e-01 -2.382125991317984026e-01 -1.158725624621724237e-01
6.018315407075064405e-01 -2.347394094970070844e-01 4.616845551139907022e-01
6.059860031390628121e-01 -2.083687560403179595e-01 9.886883629131463236e-01
6.101348262532020339e-01 -1.621627928791541107e-01 1.418055392113217961e+00
6.142772761532119263e-01 -1.008154868158566558e-01 1.715582020013136644e+00
6.184126036405177551e-01 -3.006505945214425074e-02 1.861724982717573695e+00
6.225400396928169044e-01 4.391805770459864672e-02 1.851733509491977792e+00
6.266587955232777452e-01 1.151054444654725645e-01 1.694383478706112722e+00
6.307680621340325811e-01 1.780989517874004557e-01 1.409659047410920296e+00
6.348670077734064332e-01 2.285014531081539790e-01 1.025770171364502437e+00
6.389547727646552877e-01 2.631552258465053029e-01 5.758892800240756893e-01
6.430304670771704867e-01 2.802479767022450496e-01 9.494311870914988460e-02
6.470931794239351831e-01 2.792980977319255431e-01 -3.832778379158985893e-01
6.511419830734889169e-01 2.610388138860322838e-01 -8.285096824334255983e-01
6.551759295578980513e-01 2.272263389549852852e-01 -1.215789116606816656e+00
6.591940368817645890e-01 1.803994613484286580e-01 -1.526555743546240684e+00
6.631952816224888636e-01 1.236171460557581314e-01 -1.749104733545692847e+00
6.671786041264677891e-01 6.019742955929571065e-02 -1.878472375524679050e+00
6.711429148974273895e-01 -6.523345327228339749e-03 -1.915864487947993133e+00
6.750870927600961524e-01 -7.339686570996034609e-02 -1.867750583109889728e+00
6.790099725167971778e-01 -1.376259952972174738e-01 -1.744747763951971731e+00
6.829103352717456055e-01 -1.968811700779760088e-01 -1.560412541751530879e+00
6.867869018151261384e-01 -2.493704825681281323e-01 -1.330046248538939713e+00
6.906383285912754966e-01 -2.938673910240152676e-01 -1.069609157879899408e+00
6.944632064204609989e-01 -3.297026471493242905e-01 -7.948103121046701247e-01
6.982600501045075347e-01 -3.567280631936523005e-01 -5.203913035723511937e-01
7.020272815871985150e-01 -3.752611626682556545e-01 -2.596392376814207759e-01
7.038990663650485091e-01 -3.815386338807764122e-01 -1.379966806887835684e-01
7.057628000939073498e-01 -3.859815528429479392e-01 -2.393372007439753882e-02
7.094655902404470860e-01 -3.899916253529334687e-01 1.770023412052574852e-01
7.131331888985167344e-01 -3.885503092455134255e-01 3.353006225478838975e-01
7.167633315432266894e-01 -3.831438732771643152e-01 4.444886706181123137e-01
7.203534697890988658e-01 -3.754407008096385945e-01 4.965376780976443194e-01
7.239006927315578821e-01 -3.670318802186454121e-01 5.014894010907262611e-01
7.274037472512754343e-01 -3.587500980191013489e-01 4.973265843326877822e-01
7.308631569784361792e-01 -3.507189924501419864e-01 4.932933572346453466e-01
7.342794427454362172e-01 -3.429281008134622000e-01 4.893844832894300168e-01
7.376531370894844342e-01 -3.353677100788561294e-01 4.855949563251792389e-01
7.409847640846142225e-01 -3.280285898768083297e-01 4.819200224282545464e-01
7.442748211369105693e-01 -3.209020598742826635e-01 4.783551847085433240e-01
7.475237974064263824e-01 -3.139798872444128919e-01 4.748961679155754845e-01
7.507321962838469087e-01 -3.072541631121357142e-01 4.715388822323158258e-01
7.539005302043194634e-01 -3.007173026421149364e-01 4.682794187707379208e-01
7.570292970629285412e-01 -2.943621195404796387e-01 4.651140637031382363e-01
7.601189748256973466e-01 -2.881818284174137434e-01 4.620392921784111651e-01
7.631700307096180858e-01 -2.821699861537106391e-01 4.590517483575453639e-01
7.661829280312825174e-01 -2.763204480497064019e-01 4.561482294504082824e-01
7.691581275626218073e-01 -2.706273478581567860e-01 4.533256761932292767e-01
7.720960887207071188e-01 -2.650850732713785352e-01 4.505811640663823781e-01
7.749972707982543119e-01 -2.596882408808866005e-01 4.479118950501200236e-01
7.778621289318303766e-01 -2.544317023156213442e-01 4.453151946112534065e-01
7.806911033824630586e-01 -2.493105783277115017e-01 4.427885147823922840e-01
7.834846171445913887e-01 -2.443202552555398255e-01 4.403294294084754701e-01
7.862430869060449412e-01 -2.394563246833399106e-01 4.379356181423443850e-01
7.889669369237084506e-01 -2.347145225974479610e-01 4.356048491779470067e-01
7.916565982021911418e-01 -2.300907291121516152e-01 4.333349757642221411e-01
7.943124974778934533e-01 -2.255810020155086526e-01 4.311239412785631830e-01
7.969350495080719243e-01 -2.211815892539271411e-01 4.289697810166065439e-01
7.995246585495641156e-01 -2.168889093246381128e-01 4.268706162798743264e-01
8.020817215573190495e-01 -2.126995293108141782e-01 4.248246475569223968e-01
8.046066294762304061e-01 -2.086101549935078514e-01 4.228301496151415928e-01
8.070997653306969388e-01 -2.046176295032696157e-01 4.208854694953957920e-01
8.095615092888481801e-01 -2.007189174705326928e-01 4.189890190974404072e-01
8.119922431475441460e-01 -1.969110899801368719e-01 4.171392687786850684e-01
8.143923505053758394e-01 -1.931913231274419440e-01 4.153347444808011546e-01
8.167622071215497881e-01 -1.895569156804070565e-01 4.135740324200565809e-01
8.191021778306492029e-01 -1.860052896047448279e-01 4.118557784511786557e-01
8.214126187949533087e-01 -1.825339727112763877e-01 4.101786836852773233e-01
8.236938850346046115e-01 -1.791405719517196460e-01 4.085414965346712557e-01
8.259463322523640239e-01 -1.758227648343508032e-01 4.069430093953135263e-01
8.281703138888254490e-01 -1.725783129357463530e-01 4.053820587470183812e-01
8.303661724506571362e-01 -1.694050894638990667e-01 4.038575292383345117e-01
8.325342380230222883e-01 -1.663010805926037894e-01 4.023683524747824758e-01
8.346748353855768521e-01 -1.632643513461867757e-01 4.009135001085781802e-01
8.367882947421915185e-01 -1.602930059216631509e-01 3.994919748626592493e-01
8.388749484008726220e-01 -1.573851934927502083e-01 3.981028115516201393e-01
8.409351219691613144e-01 -1.545391386136344691e-01 3.967450815414719778e-01
8.429691303017050608e-01 -1.517531531948465851e-01 3.954178938290459078e-01
8.449772835243484215e-01 -1.490256152516329091e-01 3.941203894888474224e-01
8.469598912257328971e-01 -1.463549513085413423e-01 3.928517376772740488e-01
8.489172622932020795e-01 -1.437396377418875271e-01 3.916111346235828794e-01
8.508497044538249066e-01 -1.411782048665076172e-01 3.903978028142780499e-01
8.527575229688695302e-01 -1.386692351519177580e-01 3.892109907214862385e-01
8.546410160783932675e-01 -1.362113643103721738e-01 3.880499745560645475e-01
8.565004710086118189e-01 -1.338032863165527775e-01 3.869140595930119497e-01
8.583361673787008872e-01 -1.314437462725926709e-01 3.858025769574997543e-01
8.601483873498577681e-01 -1.291315179617491538e-01 3.847148765037728402e-01
8.619374190156378068e-01 -1.268653928069569670e-01 3.836503241237237405e-01
8.637035513945729992e-01 -1.246441914913879456e-01 3.826083040950347125e-01
8.654470650665438969e-01 -1.224667862723384792e-01 3.815882238724077613e-01
8.671682312272307458e-01 -1.203321032020153863e-01 3.805895136955737001e-01
8.688673159218502917e-01 -1.182391066577205413e-01 3.796116232883204877e-01
8.705445856873960109e-01 -1.161867829505612987e-01 3.786540178990778771e-01
8.722003068198478370e-01 -1.141741424384821457e-01 3.777161781700231202e-01
8.738347418094588592e-01 -1.122002306838277980e-01 3.767976015679682655e-01
8.754481467852704979e-01 -1.102641326010837253e-01 3.758978031896569316e-01
8.770407741766889087e-01 -1.083649618091007266e-01 3.750163136357850813e-01
8.786128771136945126e-01 -1.065018475440499407e-01 3.741526760452150713e-01
8.801647113007132761e-01 -1.046739319757977182e-01 3.733064446326285202e-01
8.816965317742312402e-01 -1.028803796525047942e-01 3.724771860559932257e-01
8.832085878593547434e-01 -1.011203888192292594e-01 3.716644816648918548e-01
8.847011190561783200e-01 -9.939319663534285088e-02 3.708679291731430960e-01
8.861743569071006688e-01 -9.769807249598257137e-02 3.700871410786180093e-01
8.876285293506940288e-01 -9.603430603240381558e-02 3.693217418863427026e-01
8.890638676536581908e-01 -9.440119336145641471e-02 3.685713640693873971e-01
8.904806072870743439e-01 -9.279803450003103193e-02 3.678356473758843115e-01
8.918789864151801527e-01 -9.122413758308144105e-02 3.671142393484233546e-01
8.932592404372767803e-01 -8.967882977345317808e-02 3.664067978658770985e-01
8.946215989640163846e-01 -8.816146467952502841e-02 3.657129923144414874e-01
8.959662842038009778e-01 -8.667142603320004968e-02 3.650325040148433287e-01
8.972935117732897536e-01 -8.520812573538658063e-02 3.643650254125482268e-01
8.986034927209798351e-01 -8.377099797075091003e-02 3.637102586988131825e-01
8.998964354025826839e-01 -8.235949205492990033e-02 3.630679145758283211e-01
9.011725489915097809e-01 -8.097306354677508144e-02 3.624377102510982218e-01
9.024320447860507688e-01 -7.961117075782318808e-02 3.618193686004477216e-01
9.036751353555274591e-01 -7.827327850275297982e-02 3.612126183927304446e-01
9.049020296532450658e-01 -7.695886939665529114e-02 3.606171964721432421e-01
9.061129304280890473e-01 -7.566744954526812006e-02 3.600328487436346148e-01
9.073080357373773941e-01 -7.439854385333415088e-02 3.594593291626703713e-01
9.084875419218813031e-01 -7.315168799417115508e-02 3.588963980706354473e-01
9.096516449412487271e-01 -7.192642499823896640e-02 3.583438213683968754e-01
9.108005396977110202e-01 -7.072230718278536832e-02 3.578013706662708793e-01
9.119344190251117421e-01 -6.953889892862903654e-02 3.572688235801395606e-01
9.130534727752540602e-01 -6.837577820129980832e-02 3.567459639737075583e-01
9.141578874195450677e-01 -6.723253648270803573e-02 3.562325819535694937e-01
9.152478462184302499e-01 -6.610877844747811705e-02 3.557284736086074317e-01
9.163235307136011754e-01 -6.500411643266071349e-02 3.552334401463493330e-01
9.173851213290326045e-01 -6.391817214268667724e-02 3.547472874721250835e-01
9.184327978233862710e-01 -6.285057283120548677e-02 3.542698258407732670e-01
9.194667382392092136e-01 -6.180095397373470967e-02 3.538008702086481438e-01
9.204871184823875119e-01 -6.076896016097303732e-02 3.533402402842493184e-01
9.214941118815067611e-01 -5.975424609218338290e-02 3.528877605886673874e-01
9.224878885587296518e-01 -5.875647759397865239e-02 3.524432606009056390e-01
9.234686156415649050e-01 -5.777533095071480523e-02 3.520065745238510901e-01
9.244364580894727235e-01 -5.681049020643060693e-02 3.515775407915525674e-01
9.253915805410551920e-01 -5.586164284858437246e-02 3.511560011370212786e-01
9.263341472457474746e-01 -5.492847939369626536e-02 3.507418005311638831e-01
9.272643205556930779e-01 -5.401069724602382965e-02 3.503347877487117956e-01
9.281822593195951931e-01 -5.310800525902777125e-02 3.499348159625729759e-01
9.290881192404382150e-01 -5.222012374586089412e-02 3.495417424700557607e-01
9.299820544127295197e-01 -5.134678031664675207e-02 3.491554279207190192e-01
9.308642183379219892e-01 -5.048770559178656497e-02 3.487757357915746148e-01
9.317347637709364472e-01 -4.964263196851328996e-02 3.484025323773615179e-01
9.325938419655581679e-01 -4.881129530740256628e-02 3.480356870377939171e-01
9.334416025644689530e-01 -4.799343640308010445e-02 3.476750721637550390e-01
9.342781940582032263e-01 -4.718880100382256970e-02 3.473205629040999609e-01
9.351037639763524201e-01 -4.639713923215517399e-02 3.469720370132112208e-01
9.359184581932523672e-01 -4.561820740967712645e-02 3.466293750693576481e-01
9.367224180073485673e-01 -4.485177414578474242e-02 3.462924616263419186e-01
9.375157793601903711e-01 -4.409762325232446240e-02 3.459611854382293461e-01
9.382986736089657942e-01 -4.335555106738187697e-02 3.456354390458242776e-01
9.390712321160756826e-01 -4.262535607209542998e-02 3.453151167875120886e-01
9.398335891165293665e-01 -4.190683141239735787e-02 3.450001135721257883e-01
9.405858812974943195e-01 -4.119976503429984699e-02 3.446903250305097810e-01
9.413282457717848661e-01 -4.050394361020305534e-02 3.443856483171069405e-01
9.420608178502133390e-01 -3.981915612272194510e-02 3.440859829802168091e-01
9.427837310928691705e-01 -3.914519433524434738e-02 3.437912308809283335e-01
9.434971161334501089e-01 -3.848185653285153551e-02 3.435012966140110202e-01
9.442010983676487612e-01 -3.782895359263586943e-02 3.432160883824710296e-01
9.448957981803430828e-01 -3.718630960047258210e-02 3.429355178251721759e-01
9.455813325674083947e-01 -3.655375532910359188e-02 3.426594992968474140e-01
9.462578189837917986e-01 -3.593111649880541270e-02 3.423879482660248108e-01
9.469253759203707377e-01 -3.531820931559167404e-02 3.421207810603021926e-01
9.475841219105402002e-01 -3.471484540155760079e-02 3.418579152409165212e-01
9.482341736882211602e-01 -3.412084318722268667e-02 3.415992703099047234e-01
9.488756453742962504e-01 -3.353603526701653958e-02 3.413447679896459697e-01
9.495086488587556328e-01 -3.296026823346893952e-02 3.410943320218509656e-01
9.501332951313513631e-01 -3.239340086683959591e-02 3.408478875999600421e-01
9.507496960826257171e-01 -3.183530293822123963e-02 3.406053606273737322e-01
9.513579651353069044e-01 -3.128585394085427879e-02 3.403666774463119382e-01
9.519582165945869034e-01 -3.074493649887575369e-02 3.401317650562711847e-01
9.525505625735545268e-01 -3.021242832791986438e-02 3.399005522764837472e-01
9.531351118401709677e-01 -2.968819944480531950e-02 3.396729701519454747e-01
9.537119697698679399e-01 -2.917211443092568648e-02 3.394489519406768130e-01
9.542812403202287630e-01 -2.866403330407778921e-02 3.392284323201181229e-01
9.548430270251752061e-01 -2.816381143773767984e-02 3.390113469825376535e-01
9.553974327455952986e-01 -2.767130150827951801e-02 3.387976327138683130e-01
9.559445589026865919e-01 -2.718636093007987392e-02 3.385872276705791939e-01
9.564845050053580877e-01 -2.670885870685910449e-02 3.383800715380685387e-01
9.570173690229182295e-01 -2.623867540664219164e-02 3.381761053592440280e-01
9.575432481385535155e-01 -2.577569786926484779e-02 3.379752712114368340e-01
9.580622389120657667e-01 -2.531981402178645410e-02 3.377775121158763660e-01
9.585744372418232295e-01 -2.487091136383931880e-02 3.375827720303254398e-01
9.590799381259947909e-01 -2.442887820327565088e-02 3.373909959197089470e-01
9.595788354479902749e-01 -2.399360524169241379e-02 3.372021298180098436e-01
9.600712216912781205e-01 -2.356498675701956466e-02 3.370161209164333482e-01
9.605571877573033657e-01 -2.314292082365577985e-02 3.368329176111254930e-01
9.610368233668841187e-01 -2.272730823972202510e-02 3.366524693280956715e-01
9.615102176430252445e-01 -2.231805117591367099e-02 3.364747262868177935e-01
9.619774592602109431e-01 -2.191505270953363060e-02 3.362996394282858348e-01
9.624386363595022198e-01 -2.151821682148919931e-02 3.361271604307041194e-01
9.628938363592510763e-01 -2.112744848598669192e-02 3.359572417674621114e-01
9.633431459530198415e-01 -2.074265369576481360e-02 3.357898366895404885e-01
9.637866510388649610e-01 -2.036374016263145167e-02 3.356248992370676754e-01
9.642244362725824747e-01 -1.999061865424039269e-02 3.354623843932014737e-01
9.646565852206075986e-01 -1.962320272407996197e-02 3.353022480092330837e-01
9.650831808361504116e-01 -1.926140727173647482e-02 3.351444466115564569e-01
9.655043054562382210e-01 -1.890514810327506220e-02 3.349889373915082014e-01
9.659200402356747928e-01 -1.855434298818181907e-02 3.348356783973980844e-01
9.663304647237355161e-01 -1.820891279711132904e-02 3.346846286753659139e-01
9.667356570265409621e-01 -1.786878106862790569e-02 3.345357481955520407e-01
9.671356950751521797e-01 -1.753387179845742466e-02 3.343889973755703737e-01
9.675306568648514016e-01 -1.720410874189656075e-02 3.342443369885078619e-01
9.679206204413721704e-01 -1.687941543276383696e-02 3.341017281524306659e-01
9.683056632759791116e-01 -1.655971548154588913e-02 3.339611325514983964e-01
9.686858619411236049e-01 -1.624493258706289148e-02 3.338225125346426236e-01
9.690612920205190495e-01 -1.593499078747408204e-02 3.336858311390601406e-01
9.694320280361357067e-01 -1.562981538108045368e-02 3.335510521105261028e-01
9.697981436541373013e-01 -1.532933342546315483e-02 3.334181398189447476e-01
9.701597119736792285e-01 -1.503347312060977076e-02 3.332870591491013390e-01
9.705168057640763957e-01 -1.474216292429324920e-02 3.331577754004036440e-01
9.708694969864466451e-01 -1.445533189378577291e-02 3.330302544469879722e-01
9.712178563702503764e-01 -1.417291067192536121e-02 3.329044628790528981e-01
9.715619532024425409e-01 -1.389483193103339433e-02 3.327803680680585519e-01
9.719018559824413872e-01 -1.362102851480149861e-02 3.326579379225628741e-01
9.722376334334535963e-01 -1.335143097549057987e-02 3.325371405171020367e-01
9.725693544860373185e-01 -1.308596739116641566e-02 3.324179440924528439e-01
9.728970879945362249e-01 -1.282456435341134716e-02 3.323003171526566768e-01
9.732209017546173957e-01 -1.256714842211301836e-02 3.321842288044274949e-01
9.735408623544371531e-01 -1.231364617027053306e-02 3.320696487986078971e-01
9.738570353791702328e-01 -1.206398369694961642e-02 3.319565474447979669e-01
9.741694855365269357e-01 -1.181808703175247013e-02 3.318448955650967203e-01
9.744782765863391205e-01 -1.157588311395839863e-02 3.317346645194603760e-01
9.747834712405878399e-01 -1.133730028586457834e-02 3.316258262241281174e-01
9.750851311684266554e-01 -1.110226780695906107e-02 3.315183531408970596e-01
9.753833174776915804e-01 -1.087071447017089534e-02 3.314122181124453670e-01
9.756780908428658305e-01 -1.064256825634133340e-02 3.313073942906273883e-01
9.759695114299516971e-01 -1.041775665642941107e-02 3.312038551628343486e-01
9.762576389021463408e-01 -1.019620578714340413e-02 3.311015745440758495e-01
9.765425324979953858e-01 -9.977838874511587436e-03 3.310005265246757644e-01
9.768242509432418785e-01 -9.762575765794707927e-03 3.309006855027660787e-01
9.771028522833710150e-01 -9.550334146733785445e-03 3.308020262358132846e-01
9.773783933517848910e-01 -9.341032471996441044e-03 3.307045240225301441e-01
9.776509296593629550e-01 -9.134591665653593942e-03 3.306081547559584499e-01
9.779205156231944862e-01 -8.930934752247991076e-03 3.305128948372421660e-01
9.781872047434609918e-01 -8.729985636862135079e-03 3.304187210711364009e-01
9.784510495060143587e-01 -8.531668124475871515e-03 3.303256107170167155e-01
9.787121011965591588e-01 -8.335906021114876038e-03 3.302335415442085309e-01
9.789704097928612070e-01 -8.142623457342314935e-03 3.301424918378533802e-01
9.792260248675913603e-01 -7.951743701416033594e-03 3.300524400823876547e-01
9.794789964416771300e-01 -7.763187777018694564e-03 3.299633646842252133e-01
9.797293750085785957e-01 -7.576874134431269003e-03 3.298752439423181526e-01
9.799772111141689113e-01 -7.392720149898699550e-03 3.297880561903577257e-01
9.802225538059048393e-01 -7.210645600834527866e-03 3.297017803479245224e-01
9.804654503645000574e-01 -7.030576506897018470e-03 3.296163959926678433e-01
9.807059465012439858e-01 -6.852430989326005299e-03 3.295318832982854218e-01
9.809440869290046994e-01 -6.676149695367896222e-03 3.294482228102771915e-01
9.811799158740861504e-01 -6.501655585906684562e-03 3.293653952604172486e-01
9.814134771051555850e-01 -6.328878506677989950e-03 3.292833815444804468e-01
9.816448139740299172e-01 -6.157749429478453357e-03 3.292021627011587070e-01
9.818739695684386426e-01 -5.988200946216343072e-03 3.291217198781611897e-01
9.821009867550495320e-01 -5.820168468063342121e-03 3.290420343259154445e-01
9.823259081899210488e-01 -5.653590100783889918e-03 3.289630874110696657e-01
9.825487766341645113e-01 -5.488406476556649538e-03 3.288848604546202314e-01
9.827696354372893461e-01 -5.324560428359451092e-03 3.288073345749039089e-01
9.829885289087769706e-01 -5.161996686716181608e-03 3.287304905854548931e-01
9.832055018255810852e-01 -5.000662837821643128e-03 3.286543091361879831e-01
9.834205977716130587e-01 -4.840511592639339979e-03 3.285787712654168469e-01
9.836338588957453943e-01 -4.681501499922392784e-03 3.285038584276115392e-01
9.838453264273652188e-01 -4.523596439016073015e-03 3.284295523557854146e-01
9.840550431756610594e-01 -4.366763210269157189e-03 3.283558342499201532e-01
9.842630544299338924e-01 -4.210970227242798007e-03 3.282826844439578617e-01
9.844694079699815026e-01 -4.056187950401185863e-03 3.282100823676729062e-01
9.846741527711339037e-01 -3.902391789442159493e-03 3.281380070473943755e-01
9.848773386240422534e-01 -3.749564152721526333e-03 3.280664372232630077e-01
9.850790165882933325e-01 -3.597693415999319091e-03 3.279953511417774137e-01
9.852792397559874127e-01 -3.446770112890199834e-03 3.279247262674507279e-01
9.854780637322345660e-01 -3.296784043451612186e-03 3.278545390609394206e-01
9.856755468082143423e-01 -3.147724731592990797e-03 3.277847648873839503e-01
9.858717495053704871e-01 -2.999584425850642527e-03 3.277153781817871980e-01
9.860667343401825491e-01 -2.852355219588383929e-03 3.276463526105036772e-01
9.862605662335471868e-01 -2.706049504187020126e-03 3.275776608194564399e-01
9.864533145194630537e-01 -2.560655243985222439e-03 3.275092737188275427e-01
9.866450541503118954e-01 -2.416168828199919891e-03 3.274411601434541463e-01
9.867880381885917318e-01 -2.308562376466180392e-03 3.273903080539907196e-01
9.869309532600107904e-01 -2.201148872496859477e-03 3.273394276192009289e-01
9.871205341790296739e-01 -2.058921878691633792e-03 3.272718469906349958e-01
9.872620466585018129e-01 -1.952990541648303401e-03 3.272213336015987739e-01
9.874036170961336678e-01 -1.847243699006281391e-03 3.271707381731838171e-01
9.875916216718324536e-01 -1.707208088274225375e-03 3.271034475758228255e-01
9.877556032248382412e-01 -1.585493538362574674e-03 3.270446564339229978e-01
9.878728339090028232e-01 -1.498752569941365917e-03 3.270025669752097963e-01
9.880364164951689343e-01 -1.378126029847966680e-03 3.269437484840262975e-01
9.881766700670048253e-01 -1.275122498769855339e-03 3.268932333480785157e-01
9.882701561032216642e-01 -1.206697986017425325e-03 3.268595169685722390e-01
9.884161744165290697e-01 -1.100216087391625835e-03 3.268067785052328755e-01
9.885274938018725477e-01 -1.019378909351584955e-03 3.267665076252180278e-01
9.886441702430321943e-01 -9.349863507045847941e-04 3.267242359941514573e-01
9.887615048409820195e-01 -8.504795801137508869e-04 3.266816585138784812e-01
9.888671405303265383e-01 -7.747237367049525239e-04 3.266432661325206488e-01
9.889964814527246739e-01 -6.824055041652095496e-04 3.265961775648659193e-01
9.891379956535801821e-01 -5.819801088016772570e-04 3.265445508269407271e-01
9.892563647329785104e-01 -4.984721278054465854e-04 3.265012786323187588e-01
9.893750463211569146e-01 -4.152135012431910476e-04 3.264578070200833126e-01
9.894943121748573933e-01 -3.320358548216616450e-04 3.264140318074300051e-01
9.896140207055634797e-01 -2.490626741718623060e-04 3.263699999476115110e-01
9.897159914823099314e-01 -1.788004875442118530e-04 3.263324149156451859e-01
9.898434705941348000e-01 -9.151548553624138738e-05 3.262853232003921633e-01
9.899375585064562610e-01 -2.749430889999678298e-05 3.262504887064734405e-01
9.900878310668779214e-01 7.403419292356449655e-05 3.261947095209887237e-01
9.901743200970993808e-01 1.320571283219219491e-04 3.261625226297094060e-01
9.902609137873940037e-01 1.898429638736141595e-04 3.261302333417794852e-01
9.903612026626938958e-01 2.563803163761169362e-04 3.260927550058853597e-01
9.904874739384739168e-01 3.395502542861561371e-04 3.260454361227027587e-01
9.905894425236058121e-01 4.062115083620882285e-04 3.260071132174432451e-01
9.907182233334840271e-01 4.897484144654124308e-04 3.259585647159548016e-01
9.907962672147299088e-01 5.400183219883633460e-04 3.259290588328742078e-01
9.909212141403226370e-01 6.199405064883981280e-04 3.258816815581899728e-01
9.910108377596256179e-01 6.768457153545421245e-04 3.258475882400443946e-01
9.911016878566011323e-01 7.341704063615795035e-04 3.258129304623175737e-01
9.912137238991562960e-01 8.043674686868833084e-04 3.257700489215162865e-01
9.913000989104370220e-01 8.581119294168752191e-04 3.257368775978007336e-01
9.913838631252052114e-01 9.099191769855073317e-04 3.257046122663833643e-01
9.914506465589315587e-01 9.510030029630849252e-04 3.256788171353554584e-01
9.915146713824002367e-01 9.902067281774762017e-04 3.256540266543393458e-01
9.916340109879260289e-01 1.062801688714829027e-03 3.256076530047861683e-01
9.917072197375820242e-01 1.107028012044712368e-03 3.255790941456836451e-01
9.918113459853242775e-01 1.169531508975189815e-03 3.255383222496036622e-01
9.918788921488236321e-01 1.209831167639258132e-03 3.255117741471628690e-01
9.919787124284612512e-01 1.269036228059775354e-03 3.254723914621799330e-01
9.920446367295224777e-01 1.307912344509591478e-03 3.254462800326862193e-01
9.921335618592820316e-01 1.360074390237865204e-03 3.254109245898453295e-01
9.922483388488775313e-01 1.426930442759537232e-03 3.253650533401288847e-01
9.923140323712106303e-01 1.464955883269859586e-03 3.253386725440505223e-01
9.923808176287334248e-01 1.503435606121557907e-03 3.253117553525124994e-01
9.924653149416101661e-01 1.551867376996050873e-03 3.252775524689450748e-01
9.925519742114751187e-01 1.601246272837655643e-03 3.252422966913705582e-01
9.926400143689063649e-01 1.651112842832011367e-03 3.252062863262551451e-01
9.927300306504682759e-01 1.701794469732754609e-03 3.251692573405709497e-01
9.928223552515691441e-01 1.753460892286526655e-03 3.251310473848265103e-01
9.928790071570852138e-01 1.785010257600563996e-03 3.251074800380729934e-01
9.929749283407137694e-01 1.838166004268068773e-03 3.250673578709940004e-01
9.930338309415541742e-01 1.870644397754853009e-03 3.250425781308289297e-01
9.931134822473388635e-01 1.914365754946237373e-03 3.250088910455161129e-01
9.931957520679123297e-01 1.959284178349801012e-03 3.249738720302977057e-01
9.932581794112547158e-01 1.993203573861054845e-03 3.249471406657787331e-01
9.933222453859934520e-01 2.027867843263311213e-03 3.249195599728084138e-01
9.934096186032961295e-01 2.074906333807634371e-03 3.248816949670818577e-01
9.934541404540199183e-01 2.098771486728603745e-03 3.248622851465676753e-01
9.935457954224757859e-01 2.147686286829366027e-03 3.248220724226240641e-01
9.936160469382104843e-01 2.184982118726435611e-03 3.247910086403240637e-01
9.936880935992783437e-01 2.223049430149006637e-03 3.247589240191641746e-01
9.937495894572796473e-01 2.255394189669364825e-03 3.247313489023119781e-01
9.938121488219817667e-01 2.288157750766273233e-03 3.247031113712272599e-01
9.939160796672812381e-01 2.342265682248436624e-03 3.246557685676706995e-01
9.939694945657114866e-01 2.369913294550655535e-03 3.246312180410432791e-01
9.940375730092885220e-01 2.404993966786723395e-03 3.245997037616089598e-01
9.941079133971814086e-01 2.441056773005336432e-03 3.245668688734987817e-01
9.941512836844985657e-01 2.463199682503065899e-03 3.245464802469203436e-01
9.942245924467123519e-01 2.500470018350866262e-03 3.245117602579796201e-01
9.942849783485653292e-01 2.531020415050226971e-03 3.244829093148924870e-01
9.943630951281491326e-01 2.570335883987690320e-03 3.244452363796706540e-01
9.944439687478419110e-01 2.610784342135606846e-03 3.244057987241258378e-01
9.944937414949477361e-01 2.635543947155240263e-03 3.243812977957689081e-01
9.945448254080581085e-01 2.660850669630361338e-03 3.243559630671297156e-01
9.946141837795062779e-01 2.695041451937266706e-03 3.243212493366688931e-01
9.946679242963347711e-01 2.721398888735064581e-03 3.242940930817663769e-01
9.947232555508067620e-01 2.748415055941096953e-03 3.242658880623799922e-01
9.947802947091887171e-01 2.776135888535550145e-03 3.242365433535415731e-01
9.948193345282794198e-01 2.795032948930036790e-03 3.242162960873149480e-01
9.948788033927520313e-01 2.823698046542401797e-03 3.241851916236674347e-01
9.949193304565996376e-01 2.843147702450419308e-03 3.241638073491366345e-01
9.949819063874423275e-01 2.873038879596786534e-03 3.241304809364122241e-01
9.950248963278948144e-01 2.893474556690983288e-03 3.241073614933019931e-01
9.950914392447394174e-01 2.924943563633581808e-03 3.240712027597201228e-01
9.951257033035670885e-01 2.941071327618684315e-03 3.240524013256650404e-01
9.951843888488717260e-01 2.968577007208685493e-03 3.240199012381286825e-01
9.952322115084688559e-01 2.990884110556034023e-03 3.239931294983648402e-01
9.952814503025246839e-01 3.013751121008742800e-03 3.239652859402246676e-01
9.953322073685838545e-01 3.037216017063826181e-03 3.239362772852472649e-01
9.953845960308196350e-01 3.061319489913259979e-03 3.239059979501827669e-01
9.954519586706931378e-01 3.092133437029811159e-03 3.238665388064100870e-01
9.954937886889216880e-01 3.111163448593653666e-03 3.238417264932937911e-01
9.955367586705249350e-01 3.130628846845518072e-03 3.238159822781246922e-01
9.955809446208156999e-01 3.150559761478747504e-03 3.237892306450148583e-01
9.956414875400296793e-01 3.177731211238076121e-03 3.237521006259724277e-01
9.956882115261579402e-01 3.198594320536090208e-03 3.237230554895610957e-01
9.957364305507077074e-01 3.220028533113086441e-03 3.236927114169099173e-01
9.957694647789196996e-01 3.234656766102991625e-03 3.236716991612555994e-01
9.958204391530577348e-01 3.257138178663960063e-03 3.236389066858619268e-01
9.958554331825923978e-01 3.272506142500874061e-03 3.236161267581998402e-01
9.959095524598978733e-01 3.296165980468048970e-03 3.235804523857084281e-01
9.959562594527735513e-01 3.316480566636814849e-03 3.235492136577381994e-01
9.960045505597787674e-01 3.337381827809735198e-03 3.235164598873688235e-01
9.960343411253066437e-01 3.350225822788711807e-03 3.234960154310001501e-01
9.960854494326569775e-01 3.372176809311911490e-03 3.234605031306976852e-01
9.961277448285118519e-01 3.390264711000732720e-03 3.234306815589443329e-01
9.961713919593757627e-01 3.408857476156295762e-03 3.233994810683146204e-01
9.962161918280310058e-01 3.427863057115294876e-03 3.233669903699419312e-01
9.962505693319740896e-01 3.442391043476990178e-03 3.233417267740898438e-01
9.962858572444537320e-01 3.457251829431695362e-03 3.233154848535039205e-01
9.963221125104277931e-01 3.472464770345027978e-03 3.232881871749265223e-01
9.963593986330890884e-01 3.488052368610735417e-03 3.232597466736527037e-01
9.963977866504906133e-01 3.504041563447180246e-03 3.232300649848176000e-01
9.964373559441993544e-01 3.520462337218384537e-03 3.231990307661479211e-01
9.964644356591672025e-01 3.531666291927271564e-03 3.231775273694341144e-01
9.965061743102501257e-01 3.548883120839418405e-03 3.231439497942579786e-01
9.965347929889251111e-01 3.560651683589822081e-03 3.231206134481151571e-01
9.965789926785999508e-01 3.578767853977148604e-03 3.230840546531503210e-01
9.966093636738425632e-01 3.591173178978619273e-03 3.230585576464210518e-01
9.966559567315705914e-01 3.610134353655708103e-03 3.230188248718259270e-01
9.966880427217708061e-01 3.623141889933088455e-03 3.229910130258611956e-01
9.967378328212044281e-01 3.643247307071945194e-03 3.229471011104728118e-01
9.967809783515868549e-01 3.660595732857891121e-03 3.229082778807679799e-01
9.968257684029371291e-01 3.678536328957911737e-03 3.228671864070211672e-01
9.968534955838771472e-01 3.689609600510015790e-03 3.228413315413367624e-01
9.969012406558794837e-01 3.708619991924517155e-03 3.227960359009905966e-01
9.969308756731882770e-01 3.720381069111716385e-03 3.227674099319983170e-01
9.969613046775022136e-01 3.732425245893743020e-03 3.227375955174779931e-01
9.969925771600518516e-01 3.744769450170256329e-03 3.227064959431213964e-01
9.970247479264872092e-01 3.757432726242368980e-03 3.226740026265709216e-01
9.970691443777704999e-01 3.774850401266821153e-03 3.226282985120105806e-01
9.971036607767090887e-01 3.788347109571294381e-03 3.225920483303216235e-01
9.971393088047536546e-01 3.802247772336775182e-03 3.225539276061997196e-01
9.971637472447061334e-01 3.811756792682168080e-03 3.225273809793269275e-01
9.972014842903836884e-01 3.826409327796270830e-03 3.224857082521289109e-01
9.972274093111264115e-01 3.836452873196740786e-03 3.224565853054042752e-01
9.972575290295068173e-01 3.848097211179225992e-03 3.224222284659215565e-01
9.972922000224022643e-01 3.861467753073313282e-03 3.223819626758120394e-01
9.973280657224116164e-01 3.875259593992444896e-03 3.223394720479566544e-01
9.973558081309227275e-01 3.885900515435159255e-03 3.223060005704667663e-01
9.973843238065247530e-01 3.896815305717078477e-03 3.222710294006788101e-01
9.974136641173761975e-01 3.908024029358808313e-03 3.222344297014727021e-01
9.974438858290636256e-01 3.919548433881519384e-03 3.221960563593406213e-01
9.974750515538618467e-01 3.931412945620603103e-03 3.221557450685732515e-01
9.975181926553605694e-01 3.947802502159411531e-03 3.220986592927419512e-01
9.975404964969021293e-01 3.956258730103433263e-03 3.220685378859909909e-01
9.975740710655780497e-01 3.968965907717512780e-03 3.220223855572468263e-01
9.976084019075507348e-01 3.981930025422105238e-03 3.219741510270927032e-01
9.976319905302465374e-01 3.990820511968360892e-03 3.219403766480286033e-01
9.976685048465973038e-01 4.004558804037522401e-03 3.218870459245176674e-01
9.976936576052695127e-01 4.014007939207211127e-03 3.218495431901906567e-01
9.977327010428558296e-01 4.028655936893995454e-03 3.217900487986982694e-01
9.977596755686080066e-01 4.038762969309739673e-03 3.217480015147846095e-01
9.977874647642224204e-01 4.049164154011522347e-03 3.217038494250472613e-01
9.978161248682079210e-01 4.059879321178224386e-03 3.216573955393689510e-01
9.978457182292497230e-01 4.070928818367913066e-03 3.216084155907106834e-01
9.978685681051390199e-01 4.079449584663882161e-03 3.215698681682399585e-01
9.978920154480180882e-01 4.088184498492715771e-03 3.215296330505887368e-01
9.979242710965282592e-01 4.100188460557160387e-03 3.214731242864665717e-01
9.979408528064854789e-01 4.106354916961696237e-03 3.214435368590810582e-01
9.979749878048177480e-01 4.119043181953767341e-03 3.213814455938251435e-01
9.979925724695731803e-01 4.125577352471668235e-03 3.213488188774780152e-01
9.980288529745338089e-01 4.139055120215748805e-03 3.212800829531539670e-01
9.980475867178884020e-01 4.146012166191111355e-03 3.212438149835263324e-01
9.980764821692650335e-01 4.156740049646081431e-03 3.211868034870646871e-01
9.981063982578021188e-01 4.167841953811770271e-03 3.211263603543057510e-01
9.981269508387591305e-01 4.175465744866856295e-03 3.210839696094567874e-01
9.981587598926524585e-01 4.187262540304916014e-03 3.210169258692718852e-01
9.981806669382242703e-01 4.195386830359206475e-03 3.209697048094945493e-01
9.982031749578805790e-01 4.203736463927292000e-03 3.209202720728142610e-01
9.982381475806171300e-01 4.216719654594366408e-03 3.208415629747504716e-01
9.982623346236442208e-01 4.225705628523967854e-03 3.207857222571593447e-01
9.982872737916601569e-01 4.234977080828859243e-03 3.207268968168472401e-01
9.983130182164108302e-01 4.244554536122302144e-03 3.206647951063668622e-01
9.983396273700049228e-01 4.254460633416169181e-03 3.205990834994956740e-01
9.983671684421697723e-01 4.264722163116800753e-03 3.205293781173756407e-01
9.983957179697369178e-01 4.275371672660684130e-03 3.204552351027707413e-01
9.984253637137215920e-01 4.286446815223775818e-03 3.203761375542981127e-01
9.984406293963175028e-01 4.292157999869471510e-03 3.203345416140941371e-01
9.984641183739834114e-01 4.300959568822640064e-03 3.202693577878229503e-01
9.984883613646687861e-01 4.310063093155572927e-03 3.202005335142614206e-01
9.985219528053926874e-01 4.322708442116760495e-03 3.201024675447462498e-01
9.985393346580382357e-01 4.329265324366716322e-03 3.200504394293436916e-01
9.985661963323834156e-01 4.339419245958941324e-03 3.199682519640745237e-01
9.985940768752048502e-01 4.349987207429721441e-03 3.198805714677334100e-01
9.986132751984105882e-01 4.357283088775164293e-03 3.198187372077546109e-01
9.986430633305444227e-01 4.368640043408115667e-03 3.197203625722124798e-01
9.986636340980088455e-01 4.376511200698690769e-03 3.196506398682452121e-01
9.986848179599125963e-01 4.384644231277412194e-03 3.195772616122334875e-01
9.987178338722532134e-01 4.397378586668282928e-03 3.194595873385547291e-01
9.987349444046859093e-01 4.404005411864967377e-03 3.193969467800477080e-01
9.987524851726983233e-01 4.410819389675023870e-03 3.193315172112763389e-01
9.987765844015680239e-01 4.420217905878991334e-03 3.192395572774818224e-01
9.988015577918140098e-01 4.430005199021405139e-03 3.191416480209711692e-01
9.988274800149772314e-01 4.440221094581792323e-03 3.190370979558777575e-01
9.988544362552871370e-01 4.450912089920940930e-03 3.189250972142754770e-01
9.988753905693313895e-01 4.459273982816767783e-03 3.188356327505338372e-01
9.988970266660069930e-01 4.467959176134453023e-03 3.187409727620549860e-01
9.989270221423027785e-01 4.480091093176420854e-03 3.186057424430436269e-01
9.989504550052760168e-01 4.489643806019669170e-03 3.184967127220332817e-01
9.989747628014434833e-01 4.499628295588122863e-03 3.183803349812181493e-01
9.990051947931041232e-01 4.512246492547082252e-03 3.182297289216370895e-01
9.990263205772492716e-01 4.521088919919504651e-03 3.181218266710743592e-01
9.990481762035228197e-01 4.530315995291081359e-03 3.180071946555881879e-01
9.990785530834477290e-01 4.543285843742089422e-03 3.178425881318269197e-01
9.991023505581886344e-01 4.553569672269271000e-03 3.177091253759118938e-01
9.991271012511192540e-01 4.564387674044540280e-03 3.175659062475782446e-01
9.991528929002418957e-01 4.575802846051493095e-03 3.174116461523110999e-01
9.991798280720175507e-01 4.587890753735137522e-03 3.172448126156616199e-01
9.991984794926396241e-01 4.596368103956304484e-03 3.171256976330747990e-01
9.992177328124328684e-01 4.605219528407745316e-03 3.169995423977154947e-01
9.992478392564185796e-01 4.619281621187194820e-03 3.167954910961210402e-01
9.992688036569071786e-01 4.629239765148734573e-03 3.166482466578567911e-01
9.992905497192673403e-01 4.639724512704377669e-03 3.164908170656390296e-01
9.993131439165223728e-01 4.650795658985142599e-03 3.163219341196594203e-01
9.993247827739355493e-01 4.656572882473139149e-03 3.162327303674462575e-01
9.993487959678186705e-01 4.668666026338175699e-03 3.160437773525767158e-01
9.993674973098491954e-01 4.678254426970093575e-03 3.158918337263514897e-01
9.993868412429605108e-01 4.688340520024654456e-03 3.157300667939934580e-01
9.994068783400280598e-01 4.698980906465166987e-03 3.155573446935786008e-01
9.994276648665150198e-01 4.710240395490073069e-03 3.153723320098335559e-01
9.994492639380627708e-01 4.722193750681422802e-03 3.151734385657382065e-01
9.994641497712507539e-01 4.730591554489368619e-03 3.150321957290035391e-01
9.994872678435071656e-01 4.743912984962848564e-03 3.148057612917840031e-01
9.995032449859110324e-01 4.753329286318284767e-03 3.146439323338580674e-01
9.995197091961360858e-01 4.763225237628792783e-03 3.144723727454928341e-01
9.995366937452522249e-01 4.773652634717156194e-03 3.142900283963840913e-01
9.995542352050760249e-01 4.784669405178252136e-03 3.140956604639750793e-01
9.995632269244164592e-01 4.790419122364317217e-03 3.139935124869411842e-01
9.995816803494208536e-01 4.802453643799060000e-03 3.137782993708896351e-01
9.996007985421709874e-01 4.815272039505786444e-03 3.135468404901395334e-01
9.996106220069089776e-01 4.822005135615850882e-03 3.134242890070058629e-01
9.996308346586166849e-01 4.836198891107087311e-03 3.131639060428498822e-01
9.996412368419599348e-01 4.843690674859927811e-03 3.130252179422620684e-01
9.996572341019539509e-01 4.855479892255322796e-03 3.128052784004159981e-01
9.996654165764250477e-01 4.861641404364571220e-03 3.126894129629295138e-01
9.996737268852544656e-01 4.867995558097147450e-03 3.125692725655485615e-01
9.996907478591154916e-01 4.881333024815612959e-03 3.123149718468261615e-01
9.997083254080765258e-01 4.895593202166017600e-03 3.120393210632415038e-01
9.997203659123680142e-01 4.905669053603417366e-03 3.118417678215611999e-01
9.997295716088870909e-01 4.913554351931282392e-03 3.116853791692475451e-01
9.997389315847620139e-01 4.921743533424817463e-03 3.115211586830343715e-01
9.997484485856261704e-01 4.930257920516928696e-03 3.113482500132729869e-01
9.997581247233376933e-01 4.939120655427937587e-03 3.111656314252884137e-01
9.997679612228204116e-01 4.948356597211760188e-03 3.109720475846347587e-01
9.997739394289327786e-01 4.954087451130900245e-03 3.108500057421078044e-01
9.997820000854189537e-01 4.961963865003430653e-03 3.106797131397073808e-01
9.997929051550846768e-01 4.972908831399805614e-03 3.104375667788922266e-01
9.997984214594728414e-01 4.978578684379795019e-03 3.103091999772609744e-01
9.998039795735214064e-01 4.984387166330332165e-03 3.101755258879965726e-01
9.998095779159665852e-01 4.990338622755134332e-03 3.100362618629298184e-01
9.998208912998742814e-01 5.002691625463713022e-03 3.097400422443492007e-01
9.998265973426959663e-01 5.009093849168594001e-03 3.095833134766273198e-01
9.998323339786087116e-01 5.015651597808211230e-03 3.094217761433848968e-01
9.998380985682069344e-01 5.022366418970378686e-03 3.092571033425965954e-01
9.998467947419584778e-01 5.032735889553606977e-03 3.090151588839656904e-01
9.998526250026127382e-01 5.039848469258026951e-03 3.088631552748336007e-01
9.998555514960351109e-01 5.043466526282372638e-03 3.087931578127598997e-01
9.998614299637414993e-01 5.050828595661059801e-03 3.086671004607289825e-01
9.998643847881024671e-01 5.054576157943939038e-03 3.086118060736857127e-01
9.998673512895481785e-01 5.058369558089526041e-03 3.085617484247566988e-01
9.998733233069112547e-01 5.066098846077565429e-03 3.084767276754783460e-01
9.998793574077052826e-01 5.074033021264224251e-03 3.084106742656188560e-01
9.998824016846992180e-01 5.078083237199611244e-03 3.083841918467583043e-01
9.998854656500272275e-01 5.082191538324333686e-03 3.083617343061021976e-01
9.998916573648619632e-01 5.090591256096527878e-03 3.083280197888890739e-01
9.998979452562853920e-01 5.099256486475804880e-03 3.083078211661045565e-01
9.999043416463473388e-01 5.108212997387161572e-03 3.082994916826370391e-01
9.999125084778498485e-01 5.119861089332514333e-03 3.083032381993460191e-01
9.999175115050784601e-01 5.127117720200424084e-03 3.083116533383190028e-01
9.999243130945403291e-01 5.137134703443555807e-03 3.083286840184203959e-01
9.999312785469907094e-01 5.147579698034748276e-03 3.083509260127529905e-01
9.999348281186141163e-01 5.152977199511002762e-03 3.083635312597409750e-01
9.999420696978659207e-01 5.164150333318797206e-03 3.083908966217007719e-01
9.999476355849528098e-01 5.172889564900287097e-03 3.084125624234276275e-01
9.999533256625676714e-01 5.181964635669025071e-03 3.084345427341151358e-01
9.999611203631671996e-01 5.194635874168055181e-03 3.084632301277486222e-01
9.999671357732496935e-01 5.204610620484266537e-03 3.084833491973628106e-01
9.999724755022235678e-01 5.213613212487971417e-03 3.084991570228327040e-01
9.999792197722634501e-01 5.225190160171462248e-03 3.085156780588627634e-01
9.999826680284464864e-01 5.231200682119595269e-03 3.085223847634571137e-01
9.999897257606218393e-01 5.243702638457131172e-03 3.085319082389698653e-01
9.999933403873831894e-01 5.250211886488417683e-03 3.085343620977319956e-01
9.999970151280588304e-01 5.256905402876378176e-03 3.085350203976723882e-01
9.999985024668397449e-01 5.259636698224216984e-03 3.085347332890325256e-01
