# -80 2 0.133479001738 1.3893908012e-05
# x xi_r xi_h
1.310287751119751072e-03 1.875585023303889898e+02 7.492063811378822891e+01
1.460995662986557019e-03 1.942059977367320585e+02 7.237901645547546536e+01
1.650884358646134958e-03 1.971618970930529144e+02 6.563723505046975504e+01
1.840773054305712029e-03 1.942506485260046531e+02 5.542053753767464741e+01
2.080034956818093209e-03 1.829184331329410611e+02 3.865728789058089632e+01
2.319296859330475039e-03 1.642304556484625095e+02 1.921999671105080765e+01
2.520287072229036949e-03 1.440614258362129192e+02 2.297135902056796297e+00
2.721277285127598859e-03 1.210915327007775346e+02 -1.395550094315055567e+01
2.922267498026161203e-03 9.654977344218211499e+01 -2.844794822461244266e+01
3.112225549436466957e-03 7.300980548127243708e+01 -3.966825147868182455e+01
3.302183600846774012e-03 5.014560001351646434e+01 -4.787803333054540644e+01
3.492141652257081067e-03 2.883386081397559053e+01 -5.268798109354703740e+01
3.682099703667386821e-03 9.813601931167109882e+00 -5.394181068168067839e+01
3.921500270735109317e-03 -1.002023123066237353e+01 -5.070352054460447278e+01
4.160900837802832680e-03 -2.463221877500486912e+01 -4.260364259208861881e+01
4.400301404870555176e-03 -3.375463805844997012e+01 -3.075834080674835391e+01
4.639701971938277672e-03 -3.757523040270908865e+01 -1.662081419449622643e+01
4.869433365318841418e-03 -3.678999021597123686e+01 -2.396053257552816618e+00
5.099164758699403430e-03 -3.244621344850791900e+01 1.101147897373366291e+01
5.328896152079966309e-03 -2.551164267359524729e+01 2.232393850853980055e+01
5.558627545460530055e-03 -1.703650776090156782e+01 3.053535826363910033e+01
5.787748083093968016e-03 -8.083523348859909419e+00 3.499496262111630074e+01
6.016868620727404242e-03 4.311009263451680007e-01 3.549904415708446948e+01
6.245989158360841335e-03 7.733634267791533290e+00 3.223005541541608210e+01
6.507314466583081353e-03 1.387152495924672913e+01 2.466753331263507221e+01
6.768639774805322237e-03 1.726892061435698267e+01 1.422339185194784683e+01
7.029965083027563122e-03 1.786552670367927220e+01 2.490797369562563368e+00
7.291290391249803139e-03 1.595753567271398587e+01 -8.853751609816013612e+00
7.588259160035928062e-03 1.150702851531150372e+01 -1.933946522269006962e+01
7.885227928822052118e-03 5.669694080455466079e+00 -2.570552204960564424e+01
8.182196697608175306e-03 -3.826329167928775865e-01 -2.708249599748355152e+01
8.479165466394300230e-03 -5.593885893139357357e+00 -2.352454882455471719e+01
8.776134235180425153e-03 -9.179590315583730842e+00 -1.595047392048465795e+01
9.062891590263655664e-03 -1.070330370575478440e+01 -6.289377074199427931e+00
9.349648945346886175e-03 -1.028804841834178951e+01 3.912663106891482556e+00
9.636406300430114952e-03 -8.216397490220261446e+00 1.291969935407423264e+01
9.923163655513347198e-03 -5.003586610955434999e+00 1.928235804535612630e+01
1.020992101059657944e-02 -1.292622556417682755e+00 2.206389491148724957e+01
1.049667836567980995e-02 2.259829257032783811e+00 2.097120009481925962e+01
1.078343572076304047e-02 5.088494370900768615e+00 1.637327360416295363e+01
1.107585216327150977e-02 6.821009263391057509e+00 9.055979382269436329e+00
1.136826860577998081e-02 7.211141665388538513e+00 4.772061004331609735e-01
1.166068504828845012e-02 6.318550898054142273e+00 -7.803601763826421234e+00
1.195310149079691076e-02 4.413289326061321738e+00 -1.434883231655347835e+01
1.224551793330539047e-02 1.911694578123679600e+00 -1.808665434737581279e+01
1.253793437581384937e-02 -7.061084973603348747e-01 -1.848122054070346820e+01
1.283035081832233082e-02 -2.982045174025107048e+00 -1.560286615480652905e+01
1.312276726083078972e-02 -4.554923546723760097e+00 -1.009035196004479040e+01
1.341518370333926076e-02 -5.212885401733097446e+00 -3.016151672713716092e+00
1.372371033175165053e-02 -4.876472475140067431e+00 4.692218102455640860e+00
1.403223696016404030e-02 -3.633892535062885454e+00 1.118631391212800175e+01
1.434076358857643008e-02 -1.793785436285769697e+00 1.525505018296319726e+01
1.464929021698880944e-02 2.477065852880547814e-01 1.620348449667614332e+01
1.495781684540119921e-02 2.087773790052154244e+00 1.396605108219456248e+01
1.526634347381359072e-02 3.392632580011135879e+00 9.094667683810101266e+00
1.557487010222598049e-02 3.954560356368674423e+00 2.628801411508696617e+00
1.588339673063835986e-02 3.721187633865501443e+00 -4.123089940330250336e+00
1.619192335905075136e-02 2.793729513156767652e+00 -9.845446033737129454e+00
1.650044998746313940e-02 1.396792451834040438e+00 -1.346892601184186944e+01
1.680897661587552050e-02 -1.725674295645657774e-01 -1.436688214846690137e+01
1.711941423928450140e-02 -1.613228629734702269e+00 -1.244055527982698806e+01
1.742985186269348924e-02 -2.649624253650930239e+00 -8.146418894696626722e+00
1.774028948610247014e-02 -3.110251306194520726e+00 -2.397921288440121756e+00
1.805072710951145104e-02 -2.944398263452245423e+00 3.640570449027022093e+00
1.836116473292042847e-02 -2.223638981647800161e+00 8.787196659380983377e+00
1.867160235632940937e-02 -1.120270992322597747e+00 1.207153805672908398e+01
1.898203997973839027e-02 1.317555864567011015e-01 1.291507340734594855e+01
1.929247760314737117e-02 1.284963535529259016e+00 1.122991808852125040e+01
1.960291522655635901e-02 2.125920865287546757e+00 7.419479336241276535e+00
1.991335284996533991e-02 2.513368118767683068e+00 2.284214730211303390e+00
2.022379047337432081e-02 2.400346883443129187e+00 -3.146011081282893418e+00
2.053422809678330171e-02 1.837198014168679228e+00 -7.817970348488444188e+00
2.083870335922823058e-02 9.743017021732615079e-01 -1.081981204952046127e+01
2.114317862167315945e-02 -2.097088476779742500e-02 -1.174225610688060506e+01
2.144765388411808138e-02 -9.607555575162151085e-01 -1.047754494080945875e+01
2.175212914656301025e-02 -1.677931342189174613e+00 -7.322379566070711832e+00
2.205660440900793912e-02 -2.054906651580274968e+00 -2.909489715660509734e+00
2.236107967145287145e-02 -2.041774488619183092e+00 1.919419945012216466e+00
2.266555493389780032e-02 -1.661286726014386428e+00 6.273848717700172273e+00
2.297003019634272919e-02 -1.000604382119255398e+00 9.377449413950866841e+00
2.327450545878765112e-02 -1.921203595515866835e-01 1.070424772590713047e+01
2.357898072123257999e-02 6.125753828508241350e-01 1.006474082370511169e+01
2.388999902351006052e-02 1.281908592817629033e+00 7.562202814125100758e+00
2.420101732578754106e-02 1.682658270663790034e+00 3.707923294779069678e+00
2.451203562806502159e-02 1.754335875601243933e+00 -7.430157750388503013e-01
2.482305393034249866e-02 1.499870383694921427e+00 -4.947916740116803602e+00
2.513407223261997919e-02 9.816075630485161518e-01 -8.135105733361946534e+00
2.544509053489744932e-02 3.067638482893011997e-01 -9.743730279383649773e+00
2.575610883717492985e-02 -3.944090839138115756e-01 -9.519820480744222380e+00
2.606712713945241039e-02 -9.933870703742889718e-01 -7.552763730670227105e+00
2.637814544172989092e-02 -1.386447444952178865e+00 -4.247859556222131516e+00
2.668916374400737146e-02 -1.512023183449064723e+00 -2.424031328401131391e-01
2.700018204628484852e-02 -1.359570127669079032e+00 3.717346938169397763e+00
2.731120034856232906e-02 -9.688543132178641937e-01 6.914621692954007415e+00
2.762221865083979919e-02 -4.203283319115629912e-01 8.790516457199721856e+00
2.793323695311727972e-02 1.812001740844872699e-01 9.039626959291767960e+00
2.826513052570591919e-02 7.574831112871560634e-01 7.517712435315942798e+00
2.859702409829455866e-02 1.157414627613478242e+00 4.504391888693153767e+00
2.892891767088319119e-02 1.308820147704075731e+00 6.459589297595973445e-01
2.926081124347183066e-02 1.192418295138723661e+00 -3.259234066336632374e+00
2.959270481606045972e-02 8.430122949262499610e-01 -6.425408049603595018e+00
2.992459838864909918e-02 3.399536116034011513e-01 -8.236053577968039718e+00
3.025649196123773171e-02 -2.106674624669893914e-01 -8.361813302112855339e+00
3.058838553382637118e-02 -6.981716330277524252e-01 -6.817515326594596914e+00
3.092027910641501065e-02 -1.029221352957819358e+00 -3.949170379697961142e+00
3.125217267900363971e-02 -1.145267777943483889e+00 -3.559053370057104204e-01
3.158406625159228265e-02 -1.032353897262266340e+00 3.235561477875490866e+00
3.191595982418091171e-02 -7.217672680656398443e-01 6.117610385969318720e+00
3.224785339676954771e-02 -2.818869611818554666e-01 7.740084583111281447e+00
3.257974696935817677e-02 1.967497429700647560e-01 7.813532025486971122e+00
3.291164054194681970e-02 6.199379122863365454e-01 6.358352127895915196e+00
3.324353411453546264e-02 9.081176054516276741e-01 3.692094487731449881e+00
3.357542768712409170e-02 1.011005150289468135e+00 3.594530555144406780e-01
3.390732125971272770e-02 9.159282080514524749e-01 -2.979559055051082428e+00
3.423921483230135676e-02 6.485881323990948522e-01 -5.680245515134740408e+00
3.457110840488999970e-02 2.664808325995550731e-01 -7.236873463012622132e+00
3.491112367483018009e-02 -1.631371104012789564e-01 -7.361819319589626431e+00
3.525113894477036047e-02 -5.455746673253841772e-01 -6.010146436875801967e+00
3.559115421471054780e-02 -8.068873307436055242e-01 -3.483460751341888706e+00
3.593116948465072819e-02 -8.999633372686052235e-01 -3.093597255331381191e-01
3.627118475459092245e-02 -8.126179063650622592e-01 2.869047461453146930e+00
3.661120002453110284e-02 -5.685020640279500048e-01 5.423124913760910992e+00
3.695121529447128322e-02 -2.209897625334376892e-01 6.862076003564613558e+00
3.729123056441145667e-02 1.584418576826349678e-01 6.925723122663436371e+00
3.763124583435163706e-02 4.948337051733521230e-01 5.629494485257767522e+00
3.797126110429181745e-02 7.244040062651021517e-01 3.254297074192727734e+00
3.831127637423199783e-02 8.064170806056578655e-01 2.849313432680301572e-01
3.865129164417219210e-02 7.301048249499423326e-01 -2.689404327219681701e+00
3.899130691411237248e-02 5.155363643908176252e-01 -5.092049262861502612e+00
3.933132218405255287e-02 2.085430950532429217e-01 -6.470074083125872733e+00
3.967133745399273326e-02 -1.290624033387952896e-01 -6.578424083952461032e+00
4.001135272393290671e-02 -4.318963880858375237e-01 -5.421634716599665005e+00
4.035136799387308709e-02 -6.435644715546887662e-01 -3.246431328160765961e+00
4.069138326381326748e-02 -7.269842032618669680e-01 -4.881921639157025261e-01
4.103139853375346174e-02 -6.706198069522147920e-01 2.317004465685824854e+00
4.137141380369364213e-02 -4.896404833957521130e-01 4.636858148498949284e+00
4.171142907363382252e-02 -2.220176627782081968e-01 6.043444707263017079e+00
4.205144434357400290e-02 7.947399358094814348e-02 6.291006299342768671e+00
4.239145961351419023e-02 3.576680387331611088e-01 5.357024525993069552e+00
4.273147488345437062e-02 5.617801592208602202e-01 3.440125209041986931e+00
4.307149015339455100e-02 6.565302615843013889e-01 9.167359655704976351e-01
4.325489917444660243e-02 6.560746499334406678e-01 -5.454286177242054778e-01
4.343830819549863304e-02 6.192156862258711980e-01 -1.962993211674876726e+00
4.362171721655067058e-02 5.486499038301994036e-01 -3.257807649256213800e+00
4.380512623760270813e-02 4.488785435878451802e-01 -4.359687834275549179e+00
4.398853525865475261e-02 3.259179106351826616e-01 -5.210161619919795761e+00
4.417194427970679016e-02 1.869338432953739637e-01 -5.765490554418337688e+00
4.435535330075882771e-02 3.982254263248848764e-02 -5.998817180078171774e+00
4.453876232181087219e-02 -1.072377382958617509e-01 -5.901339900269015892e+00
4.472217134286290280e-02 -2.462388190362332363e-01 -5.482473632078882275e+00
4.490558036391494035e-02 -3.697737914831979444e-01 -4.769011300411903242e+00
4.527239840601902238e-02 -5.447351091701105874e-01 -2.676021651782290789e+00
4.563921644812309747e-02 -6.027243063219617225e-01 -6.605472439037578247e-02
4.600603449022717950e-02 -5.357193071824457586e-01 2.512153416386238014e+00
4.637285253233124765e-02 -3.614427612987909932e-01 4.531698939935350445e+00
4.673967057443533663e-02 -1.186653227314619502e-01 5.594111153714644402e+00
4.710648861653941866e-02 1.415040821413356409e-01 5.505790408517686529e+00
4.747330665864348681e-02 3.663808170836251321e-01 4.310207852476998447e+00
4.784012470074756884e-02 5.122661158416063065e-01 2.271372983590905559e+00
4.820694274285165087e-02 5.527261117658908152e-01 -1.859863720992802338e-01
4.857376078495573291e-02 4.830780887823701852e-01 -2.565784582525501012e+00
4.894057882705980800e-02 3.204042426384562381e-01 -4.400599350566879231e+00
4.931285321897629220e-02 9.593298403865495316e-02 -5.348428992330243048e+00
4.968512761089276947e-02 -1.419330050364903950e-01 -5.207380555395904054e+00
5.005740200280924673e-02 -3.455111711749572212e-01 -4.028463409673692652e+00
5.042967639472573094e-02 -4.755711113241096188e-01 -2.067304306600945996e+00
5.080195078664220820e-02 -5.087069409767366324e-01 2.723620714589189973e-01
5.117422517855869241e-02 -4.412971128509224350e-01 2.522351564244242006e+00
5.154649957047517661e-02 -2.894444972503661950e-01 4.243520574571273407e+00
5.191877396239164694e-02 -8.509657722048394324e-02 5.110544698152565068e+00
5.229104835430813114e-02 1.307286773085324094e-01 4.971854281368420558e+00
5.266332274622462228e-02 3.161757548212413282e-01 3.874023283290620956e+00
5.303559713814109261e-02 4.365993850686363253e-01 2.047177968598888231e+00
5.340787153005757681e-02 4.708995187241567515e-01 -1.443746568057861501e-01
5.378014592197404714e-02 4.150171528261992204e-01 -2.275586854128816228e+00
5.415242031389053134e-02 2.820589789695474026e-01 -3.943279967558094956e+00
5.452469470580702249e-02 9.918274831773070399e-02 -4.841866057478791063e+00
5.489696909772349281e-02 -9.802089117967094367e-02 -4.818079583731083915e+00
5.526924348963997702e-02 -2.724813193559886271e-01 -3.895174359423319466e+00
5.564151788155646122e-02 -3.925766927833814757e-01 -2.263208992599325953e+00
5.601379227347293849e-02 -4.377540935549127377e-01 -2.385724162319194652e-01
5.638606666538942269e-02 -4.018664843350545079e-01 1.798467545429566217e+00
5.675834105730589996e-02 -2.937252111021583234e-01 3.475697258244807131e+00
5.713557747568415168e-02 -1.326500046370392427e-01 4.504742489747213696e+00
5.751281389406241035e-02 4.927738392681735302e-02 4.685799531946833518e+00
5.789005031244066207e-02 2.182106982902547454e-01 4.005158212284896990e+00
5.826728673081892074e-02 3.438678381516869775e-01 2.606912728130125423e+00
5.864452314919717246e-02 4.048538494737810578e-01 7.607537306720653092e-01
5.902175956757541725e-02 3.921168772697589677e-01 -1.191480990160070919e+00
5.939899598595368285e-02 3.100272468551958926e-01 -2.899671426604544688e+00
5.977623240433192764e-02 1.750283476832148466e-01 -4.067722800572554753e+00
6.015346882271019324e-02 1.223980879144004157e-02 -4.503422011121128499e+00
6.053070524108843803e-02 -1.492752951554318364e-01 -4.147860537676034021e+00
6.090794165946669669e-02 -2.816854219108382851e-01 -3.080506543417987242e+00
6.128517807784496230e-02 -3.630989322607344194e-01 -1.500423306188690242e+00
6.149838126173343134e-02 -3.814105010851231436e-01 -4.743554682784713594e-01
6.171158444562190731e-02 -3.781284015542961119e-01 5.690880479486434274e-01
6.192478762951038329e-02 -3.537759265714195966e-01 1.571409192798941090e+00
6.213799081339885233e-02 -3.100371458621211662e-01 2.477334952878735841e+00
6.235119399728732831e-02 -2.496374485300248969e-01 3.237806260523163449e+00
6.256439718117580429e-02 -1.761699776781091298e-01 3.812559535840216451e+00
6.277760036506427332e-02 -9.387899098137576781e-02 4.172170502592475572e+00
6.299080354895275624e-02 -7.413167143053662686e-03 4.299462487840285618e+00
6.320400673284122528e-02 7.843690235176294101e-02 4.190218286499593603e+00
6.341720991672969432e-02 1.590023818077921647e-01 3.853173759481707705e+00
6.384361628450666015e-02 2.864590478773025306e-01 2.613170093372580105e+00
6.427002265228359823e-02 3.520181376235756443e-01 8.508182889030099227e-01
6.469642902006055019e-02 3.439509402499669188e-01 -1.060233273445668756e+00
6.512283538783750214e-02 2.659303571303351377e-01 -2.725986941109354245e+00
6.554924175561444022e-02 1.356808871935041017e-01 -3.812869964528618372e+00
6.597564812339139217e-02 -1.914221389601383772e-02 -4.113257546436995149e+00
6.640205449116834413e-02 -1.668805440032278542e-01 -3.583184478377834825e+00
6.682846085894529609e-02 -2.783343690569186069e-01 -2.345847429279554142e+00
6.725486722672224804e-02 -3.324488415191811375e-01 -6.616420878766448022e-01
6.768127359449918612e-02 -3.201396247415401186e-01 1.127880440920728367e+00
6.810767996227613807e-02 -2.455990699615801798e-01 2.669917471042980939e+00
6.854182003929965017e-02 -1.225685439518876402e-01 3.681298789896570334e+00
6.897596011632314839e-02 2.236569291842500570e-02 3.942147676039218673e+00
6.941010019334666048e-02 1.599416537327902621e-01 3.417384336975905601e+00
6.984424027037017257e-02 2.633403870194229168e-01 2.227819964541925213e+00
7.027838034739368467e-02 3.133233259337648846e-01 6.208642283370598980e-01
7.071252042441718288e-02 3.016527849771044600e-01 -1.082196194307720516e+00
7.114666050144069498e-02 2.322282000744336494e-01 -2.550954548906121833e+00
7.158080057846419320e-02 1.198445852329718259e-01 -3.509599059635672091e+00
7.201494065548770529e-02 -1.306058762245470434e-02 -3.787448560568860145e+00
7.244908073251121738e-02 -1.409469597833289678e-01 -3.347371874629702315e+00
7.288322080953472948e-02 -2.400745888171726683e-01 -2.287847924618343409e+00
7.331736088655822769e-02 -2.928371431399172664e-01 -8.196174112472889295e-01
7.375150096358173979e-02 -2.907546222636785416e-01 7.774405008076746837e-01
7.419305697663924892e-02 -2.343479732670050997e-01 2.228983593680104125e+00
7.463461298969675806e-02 -1.351868669411405155e-01 3.240622088415560764e+00
7.507616900275426719e-02 -1.280891325235649844e-02 3.634442005257213282e+00
7.551772501581177632e-02 1.096448059438588224e-01 3.352302490220552933e+00
7.595928102886928546e-02 2.098186439939929981e-01 2.461736855742002295e+00
7.640083704192679459e-02 2.701655859635124779e-01 1.138620140919889057e+00
7.684239305498430372e-02 2.808990227793916050e-01 -3.688933993189056904e-01
7.728394906804181286e-02 2.414085987164053260e-01 -1.787591959730402857e+00
7.772550508109932199e-02 1.599807225825319035e-01 -2.868550696752772300e+00
7.816706109415683112e-02 5.197341102522028827e-02 -3.429812477306440233e+00
7.860861710721434026e-02 -6.314629723187015209e-02 -3.385380549920595783e+00
7.907004175851901906e-02 -1.692084631433394548e-01 -2.717267986518558942e+00
7.953146640982367011e-02 -2.418199451529698951e-01 -1.552009258457139440e+00
7.999289106112834891e-02 -2.684130511929810337e-01 -1.161044506177533187e-01
8.045431571243301383e-02 -2.452707537821507966e-01 1.320794757902532313e+00
8.091574036373769263e-02 -1.778547978975604238e-01 2.496445458621343150e+00
8.137716501504235755e-02 -7.946233344879609362e-02 3.203204324034726991e+00
8.183858966634702248e-02 3.146354642010150415e-02 3.323543296518707724e+00
8.230001431765168740e-02 1.348224148700646885e-01 2.848059141797617766e+00
8.276143896895636620e-02 2.124853802267160363e-01 1.873532038614640349e+00
8.322286362026103113e-02 2.514161488085882024e-01 5.822424815578010060e-01
8.368428827156570993e-02 2.457605940756124596e-01 -7.929825178280989206e-01
8.414571292287037485e-02 1.975904427010980458e-01 -2.011212659400177571e+00
8.460713757417503977e-02 1.162390393263384586e-01 -2.865569447540622594e+00
8.507417896077572317e-02 1.519409947969763142e-02 -3.218664128140538150e+00
8.554122034737642044e-02 -8.677111846405838325e-02 -3.008058749377533037e+00
8.600826173397713159e-02 -1.720987966938760660e-01 -2.282610459369021960e+00
8.647530312057782886e-02 -2.266440722094410221e-01 -1.177806500458533190e+00
8.694234450717849838e-02 -2.419381530527498214e-01 1.104763672449576295e-01
8.740938589377920953e-02 -2.163865553377268547e-01 1.361348547801884079e+00
8.787642728037989293e-02 -1.552567394715117788e-01 2.366989560049263197e+00
8.834346866698060408e-02 -6.952173586265691929e-02 2.966866152085588570e+00
8.881051005358128747e-02 2.618541798567464857e-02 3.072509024090561258e+00
8.927249613444182552e-02 1.152520692233807709e-01 2.685706706109729502e+00
8.973448221530234969e-02 1.848299650661882343e-01 1.883956231380121693e+00
9.019646829616287387e-02 2.246265047400732573e-01 8.033502711064027801e-01
9.065845437702341192e-02 2.293157585727754466e-01 -3.823215678211998036e-01
9.112044045788392221e-02 1.991084371368284922e-01 -1.490273996026968195e+00
9.158242653874446026e-02 1.394490079967320717e-01 -2.356567610448092598e+00
9.185990558262246974e-02 9.293553350909052047e-02 -2.709474075829632955e+00
9.213738462650046535e-02 4.177524594390327056e-02 -2.910504360407413671e+00
9.269234271425648430e-02 -6.168415585142139612e-02 -2.837322741545728277e+00
9.324730080201248938e-02 -1.505587927225960632e-01 -2.178407935617063806e+00
9.380225888976850834e-02 -2.070353477987849078e-01 -1.082915422054318233e+00
9.435721697752449955e-02 -2.204943528126574737e-01 2.165556338930515190e-01
9.491217506528051850e-02 -1.893326212396729269e-01 1.453585327023150464e+00
9.546713315303652359e-02 -1.209085814843854079e-01 2.382216551429198859e+00
9.602209124079254254e-02 -2.971820018950487724e-02 2.825042783928516155e+00
9.657704932854854762e-02 6.575039453584663462e-02 2.705860380814848032e+00
9.711274250401923103e-02 1.444806918574202403e-01 2.089908846430564626e+00
9.764843567948991443e-02 1.958374924883133084e-01 1.104964330090339786e+00
9.818412885496061171e-02 2.112959014939649049e-01 -6.419591238637584185e-02
9.871982203043128123e-02 1.889854757630645699e-01 -1.205601403677395211e+00
9.925551520590197851e-02 1.337522514899478487e-01 -2.118520935347762535e+00
9.979120838137264804e-02 5.604105951036746081e-02 -2.648284852799760447e+00
1.003269015568433037e-01 -3.014470109351155558e-02 -2.711566286371229317e+00
1.008625947323140010e-01 -1.098027867648617151e-01 -2.308152551808840602e+00
1.013982879077846982e-01 -1.695412346728865094e-01 -1.517799789565669411e+00
1.019196887189594974e-01 -1.994190426384547243e-01 -5.119185965684264206e-01
1.024410895301341995e-01 -1.972408456594321735e-01 5.599612236548486832e-01
1.029624903413089987e-01 -1.641427642207089199e-01 1.527578054331265367e+00
1.034838911524837979e-01 -1.060372307094866184e-01 2.243066926097608604e+00
1.040052919636584999e-01 -3.248301419832273773e-02 2.602777358871269708e+00
1.045266927748332991e-01 4.493819805612776080e-02 2.560906680725957063e+00
1.051400246805940936e-01 1.247682659819036449e-01 2.026947847503798972e+00
1.057533565863548047e-01 1.779249538972276223e-01 1.089651412412341758e+00
1.063666884921155992e-01 1.944328047286086325e-01 -5.195972268320159237e-02
1.069800203978762965e-01 1.719825357154715628e-01 -1.165117687814647418e+00
1.075933523036371048e-01 1.160363227264401553e-01 -2.030849947501264463e+00
1.081580523569587032e-01 4.480085817867598963e-02 -2.468359761752327852e+00
1.087227524102803017e-01 -3.274530946487238386e-02 -2.492711920687140204e+00
1.092874524636019973e-01 -1.038127910360694822e-01 -2.111236341970221808e+00
1.098521525169235957e-01 -1.571267960254201512e-01 -1.396304480292084538e+00
1.104461325367779023e-01 -1.852663378967533137e-01 -4.205687759608431331e-01
1.110401125566321950e-01 -1.808392040689903446e-01 6.132064089646681593e-01
1.116340925764865016e-01 -1.454245994883624216e-01 1.526294666757773255e+00
1.122280725963407944e-01 -8.581477253405787875e-02 2.166358126506777282e+00
1.128220526161951009e-01 -1.264709617801819570e-02 2.432107753909523051e+00
1.134060008840173939e-01 6.038225141611751334e-02 2.293959555409530893e+00
1.139899491518396035e-01 1.227051051635064116e-01 1.791498909518471905e+00
1.145738974196618964e-01 1.647294800711615326e-01 1.013409732467612789e+00
1.151578456874842032e-01 1.803777946237760665e-01 8.848369244517552412e-02
1.157417939553063990e-01 1.678737385136808979e-01 -8.362892472001226540e-01
1.163163554681377054e-01 1.305863944210339245e-01 -1.608606610718180452e+00
1.168909169809689980e-01 7.461622577319625138e-02 -2.133111519421317936e+00
1.174654784938004015e-01 8.559498719153652013e-03 -2.339570913784398964e+00
1.180400400066316940e-01 -5.782399439103504818e-02 -2.206101515399348401e+00
1.186146015194630005e-01 -1.150573314992622137e-01 -1.760082884004491088e+00
1.189682089753304056e-01 -1.423867223275777361e-01 -1.355873188268217566e+00
1.193218164311977969e-01 -1.617246767120698314e-01 -8.815245257889701147e-01
1.200290313429325934e-01 -1.733496216069827511e-01 1.547678658998805912e-01
1.207362462546674037e-01 -1.492946654270300155e-01 1.142068921234933754e+00
1.214434611664022001e-01 -9.540915295542072572e-02 1.882035342515558707e+00
1.221403590722684035e-01 -2.436324278165973023e-02 2.231722069932876806e+00
1.228372569781346069e-01 5.027533344766182966e-02 2.146642251355635356e+00
1.235341548840007964e-01 1.142064211418704345e-01 1.654367794369468347e+00
1.242310527898669997e-01 1.556743335321786326e-01 8.584482209173125433e-01
1.249199642383859027e-01 1.675924747875992826e-01 -7.373264874674159697e-02
1.256088756869047918e-01 1.491768548587614762e-01 -9.777875150679222749e-01
1.262977871354236947e-01 1.045068295781394901e-01 -1.693063810802600599e+00
1.269801736787574131e-01 4.276669201823194572e-02 -2.096535137372826707e+00
1.276625602220911870e-01 -2.535765135438280624e-02 -2.136993333283569108e+00
1.283383226857451875e-01 -8.773712560070699717e-02 -1.824313440377281825e+00
1.290140851493992991e-01 -1.350021856526809338e-01 -1.220160613718024978e+00
1.296898476130534106e-01 -1.599080818839168638e-01 -4.274859048519986660e-01
1.303656100767074111e-01 -1.589962135299995971e-01 4.230614339389837664e-01
1.310334062222101026e-01 -1.334452936001005452e-01 1.186492896782774809e+00
1.317012023677127108e-01 -8.789256441114239038e-02 1.757364595316522227e+00
1.323689985132154023e-01 -2.970634044893861320e-02 2.054704435160835452e+00
1.330315011698023075e-01 3.165894292844319974e-02 2.042975950885806746e+00
1.336940038263891017e-01 8.762515623256185437e-02 1.735439532606160018e+00
1.343565064829760070e-01 1.302993496989890698e-01 1.184031939357346186e+00
1.350127571636738077e-01 1.538381158133886872e-01 4.804282388472694842e-01
1.356690078443716085e-01 1.559244782011901809e-01 -2.783321166484695741e-01
1.363252585250694093e-01 1.367976663864325093e-01 -9.878034921716837280e-01
1.369747936614179040e-01 9.998176231836737593e-02 -1.549697224414406937e+00
1.376243287977663987e-01 5.059621090706348245e-02 -1.902075957125014094e+00
1.382738639341148101e-01 -4.703798699796765161e-03 -2.004444276645074741e+00
1.389233990704633048e-01 -5.872024272982798859e-02 -1.849418509360702290e+00
1.395657048814820111e-01 -1.042110016955767604e-01 -1.467879124959985182e+00
1.402080106925008007e-01 -1.363821566737368207e-01 -9.116031315708664762e-01
1.408503165035195070e-01 -1.516229906930867677e-01 -2.522005828119062154e-01
1.414926223145382134e-01 -1.484747647062604481e-01 4.287082247805271140e-01
1.423395568821196888e-01 -1.181406797419752297e-01 1.218052441703947331e+00
1.431864914497011088e-01 -6.471260740853806981e-02 1.751662840305211910e+00
1.440334260172826120e-01 6.599777027714053739e-04 1.932147092005920497e+00
1.448719479772087870e-01 6.438077852391235756e-02 1.738413097074514413e+00
1.457104699371351009e-01 1.150813486060128926e-01 1.221106886140538306e+00
1.465489918970613870e-01 1.436926946708527164e-01 4.855126501749155166e-01
1.473791511845158053e-01 1.456665614707332024e-01 -3.196176962623941131e-01
1.482093104719703069e-01 1.217326787944544852e-01 -1.055449834919038876e+00
1.490394697594248086e-01 7.676502726518136255e-02 -1.594816142751760202e+00
1.498616400772035950e-01 1.967049280730666025e-02 -1.848699235806519292e+00
1.506838103949824093e-01 -3.996390457472619173e-02 -1.788051549832839537e+00
1.515059807127611957e-01 -9.216103576708087330e-02 -1.431308111100116021e+00
1.523205105585085095e-01 -1.282913013903846933e-01 -8.508657166706456998e-01
1.531350404042559066e-01 -1.434913308436277513e-01 -1.431366246189082203e-01
1.539495702500031926e-01 -1.358721005135224980e-01 5.771143384129857612e-01
1.547567892028325898e-01 -1.074996776670768123e-01 1.192680256312971920e+00
1.555640081556619037e-01 -6.319583410198346962e-02 1.619163283373720175e+00
1.563712271084913008e-01 -9.975058244054101769e-03 1.797258050199067370e+00
1.571714424761531115e-01 4.362302710235892167e-02 1.708295879859257571e+00
1.579716578438148944e-01 9.025580170832249449e-02 1.373298086909581883e+00
1.587718732114765940e-01 1.233990213769772248e-01 8.458792679765410050e-01
1.593682299859416895e-01 1.366632209417603105e-01 3.729686382166764735e-01
1.599645867604068128e-01 1.389997813341712629e-01 -1.229039444828752686e-01
1.607548172773561879e-01 1.255588676555144390e-01 -7.468268346828417226e-01
1.615450477943055907e-01 9.550397037847054016e-02 -1.263579983760096503e+00
1.623352783112549935e-01 5.315611063618022603e-02 -1.607526738581078529e+00
1.631192240213278077e-01 4.709618379019546268e-03 -1.736339695234459857e+00
1.639031697314005942e-01 -4.378829173767586486e-02 -1.641297921587331121e+00
1.646871154414734917e-01 -8.618530211310466982e-02 -1.339213659005573875e+00
1.654650075841770929e-01 -1.170989094577792600e-01 -8.763987055953724736e-01
1.662428997268806941e-01 -1.333176842467171663e-01 -3.114412377412398847e-01
1.670207918695844063e-01 -1.331700669636061152e-01 2.849716700925194468e-01
1.677928708154781123e-01 -1.171716480906335733e-01 8.369487273319394793e-01
1.685649497613717074e-01 -8.756149861873087359e-02 1.285239336399034649e+00
1.693370287072654135e-01 -4.804909685499422767e-02 1.578755187741123001e+00
1.699128959626282909e-01 -1.480253470908225732e-02 1.677374889347786446e+00
1.704887632179911960e-01 1.913383799595334833e-02 1.666794652393995824e+00
1.712525425599212003e-01 6.133964624611618760e-02 1.491408726742721180e+00
1.720163219018512046e-01 9.637995335368401695e-02 1.154066449516680803e+00
1.727801012437812922e-01 1.205661570630309765e-01 6.938281497674420040e-01
1.735386115400147089e-01 1.314511799863278541e-01 1.667638461408873507e-01
1.742971218362479868e-01 1.283275697836570306e-01 -3.726353582134069864e-01
1.750556321324814035e-01 1.117810709236943811e-01 -8.675318787356672834e-01
1.758090734592840931e-01 8.399340620097121846e-02 -1.265057689289918130e+00
1.765625147860866995e-01 4.793088110497055465e-02 -1.529933308594464858e+00
1.773159561128893891e-01 7.380626700019777761e-03 -1.637881862190664339e+00
1.780645185463007873e-01 -3.326875622122454912e-02 -1.581858636168221866e+00
1.788130809797122134e-01 -7.027960073015000753e-02 -1.371496608764396719e+00
1.795616434131235006e-01 -1.001231679071989539e-01 -1.029990643567094466e+00
1.806774417515888131e-01 -1.255236532366824087e-01 -3.631047317284687992e-01
1.817932400900540979e-01 -1.248787619164662410e-01 3.693945390141786800e-01
1.829022533861615063e-01 -9.917540241231055653e-02 1.014265628467387881e+00
1.840112666822688869e-01 -5.417688425884452375e-02 1.450243155215589885e+00
1.851137424986991076e-01 5.342416929694764754e-04 1.597184032937936093e+00
1.862162183151294115e-01 5.447570780922702388e-02 1.436978763915600199e+00
1.873123941815151017e-01 9.727957285388309783e-02 1.010082707728107820e+00
1.884085700479007919e-01 1.215931587162780159e-01 4.015137176201090674e-01
1.894986740814197101e-01 1.234447183781306467e-01 -2.697512089922015077e-01
1.905887781149386007e-01 1.031882679630528876e-01 -8.850038406597612317e-01
1.916730272722124984e-01 6.513523098528971322e-02 -1.334802246629001488e+00
1.927572764294863961e-01 1.622144147021470709e-02 -1.548164702368395096e+00
1.938358801601320902e-01 -3.467981504646187874e-02 -1.494515645738948129e+00
1.949144838907778954e-01 -7.919479879577240311e-02 -1.190194425520874733e+00
1.959876440525072094e-01 -1.099459160264430746e-01 -6.938408964458608885e-01
1.970608042142364125e-01 -1.224418093274656782e-01 -8.945200976272459081e-02
1.981287147275558047e-01 -1.151231985823875509e-01 5.204311789120279474e-01
1.991966252408751137e-01 -8.965481567958352715e-02 1.041768954063808428e+00
2.002594720445023124e-01 -5.059802344199279545e-02 1.393422967426676040e+00
2.013223188481295112e-01 -4.153439236721315382e-03 1.527213911351244846e+00
2.023802826740382921e-01 4.226011111786406871e-02 1.427877861439915019e+00
2.034382464999472118e-01 8.189409175527326279e-02 1.115758584894955829e+00
2.044915009253560068e-01 1.089217742167752356e-01 6.433850123942927990e-01
2.055447553507646907e-01 1.198358462176513650e-01 8.156041744702982599e-02
2.065934679926554884e-01 1.134269167429284575e-01 -4.847722763198779039e-01
2.076421806345462029e-01 9.100271442565821545e-02 -9.774514735101408336e-01
2.086865129960230880e-01 5.616615305961947247e-02 -1.327509275015698931e+00
2.097308453575000009e-01 1.389037738737401197e-02 -1.491224586369619853e+00
2.107709537672242117e-01 -2.973795972175272140e-02 -1.449866044495630391e+00
2.118110621769483948e-01 -6.897102932815940557e-02 -1.213227033268658550e+00
2.128480599636951021e-01 -9.858211020744162001e-02 -8.181081425759534342e-01
2.138821136186860039e-01 -1.149513962087850560e-01 -3.203703192363856478e-01
2.149161672736769058e-01 -1.162733033519365161e-01 2.159190344447571297e-01
2.159459665261461991e-01 -1.027102972263337216e-01 7.179978796980640565e-01
2.169742753085213971e-01 -7.632031767795892374e-02 1.124477046053812712e+00
2.180025840908965951e-01 -4.060803663238504030e-02 1.387609642839861657e+00
2.190272457378873994e-01 -2.910496150624364590e-04 1.476702463342002947e+00
2.200519073848782037e-01 3.974028708511087582e-02 1.384542074117623089e+00
2.210737515503453099e-01 7.455454307140396697e-02 1.125887508754705779e+00
2.220955957158123883e-01 1.001777697983668586e-01 7.341562494045658083e-01
2.231133728053782961e-01 1.136851145445415545e-01 2.597452318132851823e-01
2.241311498949442038e-01 1.138024239463845538e-01 -2.419827508551645467e-01
2.251456680358785989e-01 1.007784835708321336e-01 -7.111628322971105254e-01
2.261601861768129940e-01 7.631768616211431766e-02 -1.096153429502161991e+00
2.271708474868849026e-01 4.350365815104616229e-02 -1.353143087787323839e+00
2.281814321068081908e-01 6.066177658752233172e-03 -1.457088659335149528e+00
2.291920167267315067e-01 -3.177918325084376494e-02 -1.398853480490293899e+00
2.301989120822834911e-01 -6.575407522406127858e-02 -1.187919259398164895e+00
2.312058074378355865e-01 -9.236607458467016585e-02 -8.492792749183488699e-01
2.322098544924325048e-01 -1.088261977639017192e-01 -4.223663150072163863e-01
2.332139015470293120e-01 -1.136135043330775418e-01 4.702924191129678050e-02
2.342152100895429911e-01 -1.064216464644273663e-01 5.076364594663828056e-01
2.352165186320565871e-01 -8.819395341236072050e-02 9.127851167043810054e-01
2.362151954922880881e-01 -6.104559194292909219e-02 1.220646722403081919e+00
2.372138723525195059e-01 -2.783577990257312534e-02 1.402141182368836336e+00
2.382100212913642878e-01 7.899518634316772189e-03 1.440551884210605760e+00
2.392061702302090975e-01 4.262529636436534347e-02 1.334423980751248129e+00
2.401998924915476896e-01 7.283903096379312769e-02 1.096769388039463999e+00
2.411936147528863927e-01 9.571596229926830623e-02 7.523867271416667668e-01
2.421839272173959001e-01 1.090962841522163662e-01 3.381015221460634823e-01
2.431741826801301909e-01 1.119146513968542617e-01 -1.062771442148425921e-01
2.441644381428645094e-01 1.040409471606506264e-01 -5.385132529880538588e-01
2.451525072457547971e-01 8.640157700191597456e-02 -9.169822605636885893e-01
2.461405763486450016e-01 6.076413596633170600e-02 -1.207735985178577831e+00
2.476169690387302891e-01 1.354546120186886880e-02 -1.424526096774864303e+00
2.490986197616346931e-01 -3.618481470851502707e-02 -1.354640315918280713e+00
2.500816239077278125e-01 -6.582267898230098613e-02 -1.153766856367996807e+00
2.510646280538209041e-01 -8.941683637683618679e-02 -8.503813198570119303e-01
2.520461819638492029e-01 -1.049297071431603418e-01 -4.735196240162366510e-01
2.530263942354005202e-01 -1.111363750192275873e-01 -5.747151779937614835e-02
2.540066065069517820e-01 -1.076353738043531877e-01 3.618857311951438893e-01
2.549850575566918187e-01 -9.487224793192011729e-02 7.475870788122235266e-01
2.559635086064319109e-01 -7.404821949041698326e-02 1.067696928914787957e+00
2.569380179873769765e-01 -4.714398309118161823e-02 1.294840508606507790e+00
2.579152191512413816e-01 -1.633070617635868499e-02 1.412637851946925815e+00
2.588903710736741859e-01 1.564067741651837748e-02 1.411995726268400864e+00
2.598655229961069901e-01 4.617620637684226315e-02 1.294629610323518421e+00
2.613230664276363080e-01 8.356924379958365068e-02 9.316483139968956273e-01
2.627870461853180073e-01 1.060154621381794310e-01 4.035335301891805337e-01
2.642403887882019964e-01 1.096630550121366621e-01 -1.885986224891808560e-01
2.657003925946191947e-01 9.429338535890290085e-02 -7.471630062238543424e-01
2.666698680509819730e-01 7.469499284481190271e-02 -1.052495613947686870e+00
2.676393435073449178e-01 4.940460873228590816e-02 -1.275393172063910230e+00
2.686075749083224884e-01 2.046047967994247055e-02 -1.399517992011023670e+00
2.695758063093001144e-01 -9.928143966938543508e-03 -1.416781229099761008e+00
2.705412474514743981e-01 -3.937224367625489357e-02 -1.327390182971361909e+00
2.715098617210188192e-01 -6.585116803521547102e-02 -1.138606679011220590e+00
2.724758040936595127e-01 -8.727694309954206475e-02 -8.664599237961655431e-01
2.734417464663002062e-01 -1.022013181834840329e-01 -5.313662443940098123e-01
2.744049664315437731e-01 -1.095901119309940774e-01 -1.595912861434576890e-01
2.753714841122708035e-01 -1.090222580747434722e-01 2.237283418488745790e-01
2.768122224042693924e-01 -9.390996594018907739e-02 7.512827987632401117e-01
2.782605428606568232e-01 -6.409488394704451752e-02 1.161373553476762188e+00
2.792230898017574736e-01 -3.828073980870359827e-02 1.336578505462781008e+00
2.801856367428581240e-01 -9.878000367001685614e-03 1.417979578376061589e+00
2.811473565508991190e-01 1.909636061074542965e-02 1.400890151462541144e+00
2.821090763589401140e-01 4.666941088615991079e-02 1.287536940620933379e+00
2.830682204929131918e-01 7.091453337270393897e-02 1.087230167159494165e+00
2.840309311037308992e-01 9.036454346373987145e-02 8.130440861169899724e-01
2.854679267090184935e-01 1.075987535845874393e-01 3.137200913122026313e-01
2.869131169026136741e-01 1.090371424847289966e-01 -2.322642029270410302e-01
2.878724078661420993e-01 1.010287787573825591e-01 -5.817771896157059031e-01
2.888316988296705801e-01 8.644916970740082474e-02 -8.923158069496524014e-01
2.897885131602004893e-01 6.636211449718402988e-02 -1.143547501945993750e+00
2.907490868313554744e-01 4.197577097830747228e-02 -1.321318118726485746e+00
2.921808661995458078e-01 1.539942757693736836e-03 -1.426423591138011870e+00
2.936212407457569062e-01 -3.919509017578312604e-02 -1.332865468544639942e+00
2.945767800163460737e-01 -6.361947632903877659e-02 -1.165789130678283270e+00
2.955362094878383750e-01 -8.413378930956391666e-02 -9.261957259262311171e-01
2.964933245974175069e-01 -9.937515637911124855e-02 -6.308682568894197207e-01
2.974504397069965833e-01 -1.085160676755399650e-01 -2.978738654082586090e-01
2.988819926201308208e-01 -1.098588897801833913e-01 2.222714767276574854e-01
3.003225649590904878e-01 -9.660859782245784233e-02 7.137373053828665048e-01
3.012768521985618730e-01 -8.053343575341297134e-02 9.913302027934743910e-01
3.022352021590857252e-01 -5.967786355752868060e-02 1.210806047458224066e+00
3.031913095476029274e-01 -3.542341932289415352e-02 1.358394622031679599e+00
3.041474169361201851e-01 -9.162868952591945657e-03 1.426866463997752410e+00
3.051033301085280258e-01 1.757034049389112618e-02 1.413082488400408065e+00
3.060592432809358110e-01 4.325148944342840224e-02 1.318680292588898961e+00
3.077228753413188134e-01 8.092026965148765849e-02 9.869640771329745155e-01
3.093993823933313125e-01 1.052770888492182144e-01 4.902704229486702370e-01
3.110674284137491807e-01 1.121997188701879117e-01 -8.204201369490388140e-02
3.127486617597647900e-01 1.008327214172503039e-01 -6.423363201869731753e-01
3.146597057555134969e-01 6.850826546116009497e-02 -1.144011037834057998e+00
3.165707857154991811e-01 2.229853006852767702e-02 -1.410166944665441680e+00
3.184822492123998150e-01 -2.829815324002544347e-02 -1.391968344443807792e+00
3.203937127093003934e-01 -7.318326731272492558e-02 -1.098413047516415331e+00
3.223053245029371960e-01 -1.036907394470536203e-01 -5.921460043756757718e-01
3.237393876847550755e-01 -1.136364005136664690e-01 -1.295369725800528948e-01
3.251734508665731216e-01 -1.111293045461404227e-01 3.453896350451834962e-01
3.270859409516935212e-01 -8.953838263500953076e-02 9.060030739847099168e-01
3.289988837648503139e-01 -5.133426488913112040e-02 1.295704903231445604e+00
3.309123358818485960e-01 -3.766300625287433580e-03 1.446483738653784767e+00
3.318692480034560743e-01 2.109586462722431999e-02 1.422571550733008561e+00
3.337835702002405203e-01 6.627862643933316034e-02 1.186060962406145114e+00
3.356990749884776748e-01 9.971627064878399449e-02 7.411651236209360061e-01
3.376145797767149959e-01 1.157370805096857302e-01 1.694432310492247074e-01
3.395310173018977751e-01 1.118558521014320212e-01 -4.287004651229064378e-01
3.414482662821387016e-01 8.901690742909292020e-02 -9.514717340539535773e-01
3.428870733729471043e-01 6.161829529853547760e-02 -1.242982119939704200e+00
3.443258804637556181e-01 2.839791183019565665e-02 -1.415826844634893389e+00
3.457657352099121062e-01 -7.492831852996551141e-03 -1.455630883915086216e+00
3.472055899560684833e-01 -4.267634190540415401e-02 -1.360576705667209563e+00
3.491265623556059072e-01 -8.280331271727105202e-02 -1.046532685749694602e+00
3.510485786226508753e-01 -1.098712073946437606e-01 -5.690153107824860168e-01
3.524911716782869742e-01 -1.191094776951037298e-01 -1.468838821965521013e-01
3.539337647339230730e-01 -1.178528164881317286e-01 2.865715317693601216e-01
3.553776513800582793e-01 -1.063183297557826479e-01 6.938060050724328409e-01
3.568215380261933745e-01 -8.561591260349944721e-02 1.039769296703180634e+00
3.587489468669590731e-01 -4.724879942204118777e-02 1.356715608728778166e+00
3.606763557077248272e-01 -1.915584059264432894e-03 1.473016529332707991e+00
3.626063224667718243e-01 4.377421469959758005e-02 1.375621795311907425e+00
3.645362892258188769e-01 8.323136208716638840e-02 1.082448088289702737e+00
3.664689469915051179e-01 1.110238211389916740e-01 6.379532908599111485e-01
3.684016047571914143e-01 1.234041076678139282e-01 1.071159733556674987e-01
3.703370865072648788e-01 1.188863367186482056e-01 -4.365705054220038184e-01
3.722725682573382877e-01 9.829846059359012567e-02 -9.188374605739328960e-01
3.742110041386200181e-01 6.455297737759752019e-02 -1.277322397163919376e+00
3.761494400199016930e-01 2.228881278749575770e-02 -1.466777245461059032e+00
3.780909480870727757e-01 -2.297949036294650443e-02 -1.466029533347425584e+00
3.800324561542439139e-01 -6.537390837030913893e-02 -1.278604924126524267e+00
3.819771417800634228e-01 -9.965735043171874974e-02 -9.311295465890989664e-01
3.839218274058828761e-01 -1.216236124005605074e-01 -4.700286713274044459e-01
3.858697944775816846e-01 -1.287655419012766755e-01 4.705805796102458666e-02
3.878177615492804930e-01 -1.203859421651555794e-01 5.560936514887431237e-01
3.897691117133387229e-01 -9.764867345317990166e-02 9.976112520379734061e-01
3.917204618773967861e-01 -6.342080160029180125e-02 1.320470824640433749e+00
3.941647014547489114e-01 -1.099079175364711496e-02 1.505825734270255234e+00
3.966089410321009256e-01 4.349788171433954104e-02 1.428043786283308858e+00
3.985682178739590187e-01 8.249422011986545789e-02 1.186029349031384905e+00
4.005274947158171117e-01 1.125021619819801671e-01 8.150839429888591114e-01
4.024904064316531249e-01 1.304218685418048196e-01 3.569989506595441786e-01
4.044533181474890271e-01 1.344436526255355646e-01 -1.370581888459783682e-01
4.064199206371885142e-01 1.243044596137253960e-01 -6.153660058262306887e-01
4.083865231268878904e-01 1.012299539394424103e-01 -1.027823570697811606e+00
4.103568695697539792e-01 6.768185837705310848e-02 -1.334190878089411170e+00
4.123272160126201236e-01 2.721637370004438908e-02 -1.504971210952748439e+00
4.143013596746851213e-01 -1.614046596777022821e-02 -1.525920651829243857e+00
4.162755033367501190e-01 -5.803142926860399564e-02 -1.397608897956664986e+00
4.182534987903078205e-01 -9.450046898293822106e-02 -1.134821373818709400e+00
4.202314942438655776e-01 -1.220664601150624196e-01 -7.653885602849254122e-01
4.227096292711439163e-01 -1.403252851686343505e-01 -2.113947939738774762e-01
4.251877642984221994e-01 -1.386699931004320985e-01 3.696383860232890228e-01
4.271745802569402173e-01 -1.231625096209162384e-01 8.014430240540310058e-01
4.291613962154581796e-01 -9.660423497061981779e-02 1.160031483917957074e+00
4.311521647704175120e-01 -6.139664586766055421e-02 1.415863689650462387e+00
4.331429333253766778e-01 -2.074691363379638914e-02 1.548131679638697689e+00
4.351376674815624068e-01 2.189002743558358249e-02 1.547966604323014028e+00
4.371324016377479138e-01 6.282243321236546940e-02 1.417709470271374617e+00
4.391311183782494187e-01 9.874427839322728884e-02 1.170200629280164772e+00
4.411298351187508127e-01 1.266984685443135195e-01 8.281799947882469981e-01
4.431325454458727164e-01 1.445613166296048080e-01 4.202159431807003243e-01
4.451352557729946757e-01 1.509793758896712246e-01 -1.938882347480962512e-02
4.481444270479484904e-01 1.387474702188393749e-01 -6.580696617009474947e-01
4.506573177191960933e-01 1.101846398853390530e-01 -1.109558191179888409e+00
4.531702083904435852e-01 6.863133542629533401e-02 -1.429946150778180769e+00
4.551848815569788931e-01 2.910239122489219690e-02 -1.569363757335353160e+00
4.571995547235140900e-01 -1.270281072021443858e-02 -1.594084616293392820e+00
4.592181900033455166e-01 -5.383559464819527574e-02 -1.504382607323604404e+00
4.612368252831767768e-01 -9.131319310387381316e-02 -1.308758715148483187e+00
4.632593922887823235e-01 -1.226235980351580018e-01 -1.022333641157281425e+00
4.652819592943879257e-01 -1.456144351570021755e-01 -6.668842107668099262e-01
4.673084188243976089e-01 -1.588482291326407669e-01 -2.670307269567651631e-01
4.693348783544071812e-01 -1.615095719184118928e-01 1.490546373206427799e-01
4.713651924405172222e-01 -1.535284124033138575e-01 5.544793382425409201e-01
4.733955065266273188e-01 -1.355377355727352684e-01 9.224344396065674578e-01
4.759389023477624270e-01 -1.009839831634650603e-01 1.295241456307391514e+00
4.784822981688974797e-01 -5.640130080094896831e-02 1.540647966739944419e+00
4.805211256895989269e-01 -1.625626692571065235e-02 1.631419257690236435e+00
4.825599532103003741e-01 2.505396529855207985e-02 1.622973637341559749e+00
4.846024622203434773e-01 6.511682468625773490e-02 1.517548557817818278e+00
4.866449712303865804e-01 1.015127133227160666e-01 1.323240796868290881e+00
4.886910831097662222e-01 1.322225701887937699e-01 1.052573693924399034e+00
4.907371949891458085e-01 1.554903517084859077e-01 7.228280637173959411e-01
4.927868267637741106e-01 1.701122021892963188e-01 3.530939300474026377e-01
4.948364585384024128e-01 1.753332702265428811e-01 -3.479016644284262105e-02
4.989425778493357111e-01 1.577322304707200196e-01 -7.715501343962066771e-01
5.020264094695874313e-01 1.223559510366964559e-01 -1.228022319050492195e+00
5.051138832495274400e-01 7.256307061600013320e-02 -1.541583029454807630e+00
5.092361856145506405e-01 -5.526297757084411115e-03 -1.686068349359374219e+00
5.133645520198434342e-01 -8.346442252545098472e-02 -1.510445712196881285e+00
5.174987117319133079e-01 -1.468371481690909919e-01 -1.058264500964930299e+00
5.216383508218596088e-01 -1.845288297416077805e-01 -4.201023238364431922e-01
5.257831480915519107e-01 -1.904405409010807015e-01 2.867438852136921512e-01
5.299327976174466048e-01 -1.641580890013709382e-01 9.408757393330864360e-01
5.340869657500283418e-01 -1.105894587581142535e-01 1.437435234054490030e+00
5.382452599924625325e-01 -3.876600642983512451e-02 1.703574106940304977e+00
5.424072497157466088e-01 3.989135812694637184e-02 1.706945991386091599e+00
5.465725012540574301e-01 1.134968404668778574e-01 1.456847357596402492e+00
5.507405845750824591e-01 1.714914159279897210e-01 9.988948871781636596e-01
5.549110536012068495e-01 2.060497261971231397e-01 4.049983345259925427e-01
5.590834321773656690e-01 2.129485832820135482e-01 -2.392190981503774794e-01
5.643010869630014081e-01 1.827566534501653406e-01 -9.802998511392864156e-01
5.684758978830769527e-01 1.317782393903567384e-01 -1.439790762756933296e+00
5.726509199913500936e-01 6.407124974010589002e-02 -1.720840336426129769e+00
5.768255755389478656e-01 -1.200157775781189769e-02 -1.797542505708165983e+00
5.809992666418749563e-01 -8.756524428708993557e-02 -1.669569569927205954e+00
5.851713896051653485e-01 -1.542900262433458125e-01 -1.359586212780164782e+00
5.882989619740793819e-01 -1.944553681372457321e-01 -1.030309454199313857e+00
5.935085681122563850e-01 -2.355278807992778611e-01 -3.699757649886381561e-01
5.976721595114997676e-01 -2.427981167690590469e-01 2.010545479681414560e-01
6.018315407075064405e-01 -2.268058799543247184e-01 7.471981031300432008e-01
6.059860031390628121e-01 -1.896190991708046336e-01 1.219026723719553118e+00
6.101348262532020339e-01 -1.351013246787048094e-01 1.577850862468940241e+00
6.142772761532119263e-01 -6.839236582717794777e-02 1.798129567600319723e+00
6.184126036405177551e-01 4.664903996443802228e-03 1.868301304420030506e+00
6.225400396928169044e-01 7.808924783992378382e-02 1.790220220503770054e+00
6.266587955232777452e-01 1.462667258928831981e-01 1.577472306032273508e+00
6.307680621340325811e-01 2.043607284225820164e-01 1.252904764431497231e+00
6.348670077734064332e-01 2.486049469606779194e-01 8.457181604391953433e-01
6.389547727646552877e-01 2.764722782548896807e-01 3.884493557824480470e-01
6.430304670771704867e-01 2.867249047013163410e-01 -8.588031464242798507e-02
6.470931794239351831e-01 2.793598017147165269e-01 -5.462480719204543256e-01
6.511419830734889169e-01 2.554698292547474270e-01 -9.656113875432728033e-01
6.551759295578980513e-01 2.170442619729998357e-01 -1.322311538912108730e+00
6.591940368817645890e-01 1.667336379609126729e-01 -1.600871675946945238e+00
6.631952816224888636e-01 1.076022515274016322e-01 -1.792227221209042654e+00
6.671786041264677891e-01 4.288811334931178637e-02 -1.893474336808232072e+00
6.711429148974273895e-01 -2.421381131466192674e-02 -1.907240509243096627e+00
6.750870927600961524e-01 -9.073378842605893391e-02 -1.840788121414423051e+00
6.790099725167971778e-01 -1.540683427491000290e-01 -1.704959681471708510e+00
6.829103352717456055e-01 -2.120780540177490403e-01 -1.513066239138850966e+00
6.867869018151261384e-01 -2.631433815787328490e-01 -1.279808490654238629e+00
6.906383285912754966e-01 -3.061826940696107946e-01 -1.020311198065669167e+00
6.944632064204609989e-01 -3.406388597967311416e-01 -7.493257071349387344e-01
6.982600501045075347e-01 -3.664414436216928972e-01 -4.806108202589768896e-01
7.020272815871985150e-01 -3.839527969522248396e-01 -2.265224869206962366e-01
7.038990663650485091e-01 -3.898004111915124303e-01 -1.083153051651419008e-01
7.057628000939073498e-01 -3.938679521264449312e-01 2.371276242292813703e-03
7.094655902404470860e-01 -3.972809348696658138e-01 1.970502495221144734e-01
7.131331888985167344e-01 -3.954224988325340528e-01 3.501675831986486576e-01
7.167633315432266894e-01 -3.897375843026420483e-01 4.556390943043645003e-01
7.203534697890988658e-01 -3.818430223378754262e-01 5.057887397591883660e-01
7.239006927315578821e-01 -3.732789534568308754e-01 5.103665241606526459e-01
7.274037472512754343e-01 -3.648508693387529367e-01 5.061312256752248384e-01
7.308631569784361792e-01 -3.566778657362771332e-01 5.020277849534503511e-01
7.342794427454362172e-01 -3.487492965186886895e-01 4.980508733058983117e-01
7.376531370894844342e-01 -3.410552783548532751e-01 4.941953966058499348e-01
7.409847640846142225e-01 -3.335864190404419505e-01 4.904565174789210502e-01
7.442748211369105693e-01 -3.263338860562283728e-01 4.868296601169089799e-01
7.475237974064263824e-01 -3.192893022349604926e-01 4.833104742655098818e-01
7.507321962838469087e-01 -3.124446200356340575e-01 4.798947983783753424e-01
7.539005302043194634e-01 -3.057921216337476378e-01 4.765786550274400124e-01
7.570292970629285412e-01 -2.993244947340538697e-01 4.733582652750348840e-01
7.601189748256973466e-01 -2.930348349753348347e-01 4.702300424800255896e-01
7.631700307096180858e-01 -2.869165862669278977e-01 4.671905719825576453e-01
7.661829280312825174e-01 -2.809634961672327624e-01 4.642365948601833714e-01
7.691581275626218073e-01 -2.751695955661089266e-01 4.613649982373068670e-01
7.720960887207071188e-01 -2.695291737423030631e-01 4.585728063484169059e-01
7.749972707982543119e-01 -2.640367528842633149e-01 4.558571721488725581e-01
7.778621289318303766e-01 -2.586870943366615383e-01 4.532153742478283176e-01
7.806911033824630586e-01 -2.534752332856193835e-01 4.506448200394637671e-01
7.834846171445913887e-01 -2.483964751602105725e-01 4.481430408656101871e-01
7.862430869060449412e-01 -2.434463342323764656e-01 4.457076757321275506e-01
7.889669369237084506e-01 -2.386204717036171374e-01 4.433364537412217699e-01
7.916565982021911418e-01 -2.339146954259599676e-01 4.410271905438553630e-01
7.943124974778934533e-01 -2.293249940381364982e-01 4.387777935004189556e-01
7.969350495080719243e-01 -2.248475496711356825e-01 4.365862635006199088e-01
7.995246585495641156e-01 -2.204787179970573996e-01 4.344506889475794886e-01
8.020817215573190495e-01 -2.162150058787434270e-01 4.323692388198289160e-01
8.046066294762304061e-01 -2.120530613080318649e-01 4.303401576771543335e-01
8.070997653306969388e-01 -2.079896720342954697e-01 4.283617636197303846e-01
8.095615092888481801e-01 -2.040217494353651628e-01 4.264324407441559273e-01
8.119922431475441460e-01 -2.001463132069508100e-01 4.245506326306284772e-01
8.143923505053758394e-01 -1.963604898931200493e-01 4.227148394191048708e-01
8.167622071215497881e-01 -1.926615308608248256e-01 4.209236225804394715e-01
8.191021778306492029e-01 -1.890468128352950639e-01 4.191756042685277350e-01
8.214126187949533087e-01 -1.855138202431467487e-01 4.174694628616962833e-01
8.236938850346046115e-01 -1.820601180383071005e-01 4.158039248691286494e-01
8.259463322523640239e-01 -1.786833429667824824e-01 4.141777615554103065e-01
8.281703138888254490e-01 -1.753812173153105058e-01 4.125897890420233138e-01
8.303661724506571362e-01 -1.721515769592094625e-01 4.110388724625012591e-01
8.325342380230222883e-01 -1.689923727203975767e-01 4.095239247291829199e-01
8.346748353855768521e-01 -1.659016356532557190e-01 4.080438995028667359e-01
8.367882947421915185e-01 -1.628774366692838371e-01 4.065977820609852356e-01
8.388749484008726220e-01 -1.599178924438278970e-01 4.051845903359750922e-01
8.409351219691613144e-01 -1.570211963542222644e-01 4.038033794518073316e-01
8.429691303017050608e-01 -1.541856306662465481e-01 4.024532428217421631e-01
8.449772835243484215e-01 -1.514095449086963197e-01 4.011333064987167019e-01
8.469598912257328971e-01 -1.486913379688982739e-01 3.998427251101469571e-01
8.489172622932020795e-01 -1.460294594585059558e-01 3.985806808311190275e-01
8.508497044538249066e-01 -1.434224138715627095e-01 3.973463825544555905e-01
8.527575229688695302e-01 -1.408687587700298005e-01 3.961390656141328681e-01
8.546410160783932675e-01 -1.383671058929044628e-01 3.949579935684944809e-01
8.565004710086118189e-01 -1.359161262652336388e-01 3.938024595482682022e-01
8.583361673787008872e-01 -1.335145429369078152e-01 3.926717829867126253e-01
8.601483873498577681e-01 -1.311611081398922629e-01 3.915653023750904071e-01
8.619374190156378068e-01 -1.288545920525556721e-01 3.904823725246016064e-01
8.637035513945729992e-01 -1.265937946251871060e-01 3.894223669548931288e-01
8.654470650665438969e-01 -1.243775682873379945e-01 3.883846827679535707e-01
8.671682312272307458e-01 -1.222048202076271295e-01 3.873687402491519105e-01
8.688673159218502917e-01 -1.200744965520793017e-01 3.863739795090727069e-01
8.705445856873960109e-01 -1.179855658042782696e-01 3.853998564555574102e-01
8.722003068198478370e-01 -1.159370209155128201e-01 3.844458426603077350e-01
8.738347418094588592e-01 -1.139278906584513945e-01 3.835114268141329164e-01
8.754481467852704979e-01 -1.119572438483324300e-01 3.825961155458986185e-01
8.770407741766889087e-01 -1.100241785082410467e-01 3.816994312597202232e-01
8.786128771136945126e-01 -1.081278085517776294e-01 3.808209091179604044e-01
8.801647113007132761e-01 -1.062672610516826738e-01 3.799600955536778235e-01
8.816965317742312402e-01 -1.044416858505416712e-01 3.791165496616255570e-01
8.832085878593547434e-01 -1.026502670790265803e-01 3.782898454851980063e-01
8.847011190561783200e-01 -1.008922284661880470e-01 3.774795737176910304e-01
8.861743569071006688e-01 -9.916682654354129489e-02 3.766853400946234554e-01
8.876285293506940288e-01 -9.747333843413702459e-02 3.759067625688022329e-01
8.890638676536581908e-01 -9.581104785897394394e-02 3.751434672014543614e-01
8.904806072870743439e-01 -9.417924250594682245e-02 3.743950874572542498e-01
8.918789864151801527e-01 -9.257721832206887436e-02 3.736612647325846526e-01
8.932592404372767803e-01 -9.100429061603874936e-02 3.729416509410450331e-01
8.946215989640163846e-01 -8.945980160653191349e-02 3.722359097045795928e-01
8.959662842038009778e-01 -8.794312416498788199e-02 3.715437167879526714e-01
8.972935117732897536e-01 -8.645365982656659509e-02 3.708647592749330646e-01
8.986034927209798351e-01 -8.499083280132964380e-02 3.701987341654603969e-01
8.998964354025826839e-01 -8.355408269591378667e-02 3.695453471193907991e-01
9.011725489915097809e-01 -8.214285546920650771e-02 3.689043104162162412e-01
9.024320447860507688e-01 -8.075659988036171244e-02 3.682753421036044084e-01
9.036751353555274591e-01 -7.939477130496151724e-02 3.676581662259403860e-01
9.049020296532450658e-01 -7.805684323143392833e-02 3.670525150441420470e-01
9.061129304280890473e-01 -7.674231305162333705e-02 3.664581300379506357e-01
9.073080357373773941e-01 -7.545069728665405873e-02 3.658747608782296767e-01
9.084875419218813031e-01 -7.418152341515221737e-02 3.653021637336290595e-01
9.096516449412487271e-01 -7.293432640172120562e-02 3.647401004298444493e-01
9.108005396977110202e-01 -7.170865066049750269e-02 3.641883386021239066e-01
9.119344190251117421e-01 -7.050405288075475840e-02 3.636466519963768018e-01
9.130534727752540602e-01 -6.932010357496122543e-02 3.631148207155535657e-01
9.141578874195450677e-01 -6.815638700943840722e-02 3.625926312145666408e-01
9.152478462184302499e-01 -6.701250087494217689e-02 3.620798760351454648e-01
9.163235307136011754e-01 -6.588805065934812133e-02 3.615763529272879584e-01
9.173851213290326045e-01 -6.478265138192433603e-02 3.610818644211366002e-01
9.184327978233862710e-01 -6.369592370849060103e-02 3.605962174726567437e-01
9.194667382392092136e-01 -6.262749667109999974e-02 3.601192238216276986e-01
9.204871184823875119e-01 -6.157700857709415276e-02 3.596507000430992917e-01
9.214941118815067611e-01 -6.054410801997772013e-02 3.591904676088215065e-01
9.224878885587296518e-01 -5.952845491623641461e-02 3.587383530350026772e-01
9.234686156415649050e-01 -5.852971982394769568e-02 3.582941876442189422e-01
9.244364580894727235e-01 -5.754758119733447558e-02 3.578578070641874054e-01
9.253915805410551920e-01 -5.658172099443476571e-02 3.574290502795042235e-01
9.263341472457474746e-01 -5.563182425556587041e-02 3.570077595695039796e-01
9.272643205556930779e-01 -5.469758302989930626e-02 3.565937810838774036e-01
9.281822593195951931e-01 -5.377870101709139594e-02 3.561869654471921942e-01
9.290881192404382150e-01 -5.287489357773898085e-02 3.557871674803768092e-01
9.299820544127295197e-01 -5.198588349742928882e-02 3.553942454152642094e-01
9.308642183379219892e-01 -5.111139662495355063e-02 3.550080603607425611e-01
9.317347637709364472e-01 -5.025116061749139440e-02 3.546284762928239020e-01
9.325938419655581679e-01 -4.940490665684591637e-02 3.542553603061266432e-01
9.334416025644689530e-01 -4.857237094577132597e-02 3.538885825794819140e-01
9.342781940582032263e-01 -4.775329472765623556e-02 3.535280160980087683e-01
9.351037639763524201e-01 -4.694742369693468559e-02 3.531735364980242986e-01
9.359184581932523672e-01 -4.615450985599982986e-02 3.528250222891061161e-01
9.367224180073485673e-01 -4.537431771133845770e-02 3.524823560254080612e-01
9.375157793601903711e-01 -4.460662723925143403e-02 3.521454245341877343e-01
9.382986736089657942e-01 -4.385123116268186544e-02 3.518141184951290024e-01
9.390712321160756826e-01 -4.310792438504013058e-02 3.514883304171204648e-01
9.398335891165293665e-01 -4.237649638040104361e-02 3.511679533901184702e-01
9.405858812974943195e-01 -4.165673133137513806e-02 3.508528812392995300e-01
9.413282457717848661e-01 -4.094841212476446612e-02 3.505430093403965608e-01
9.420608178502133390e-01 -4.025132399888911583e-02 3.502382355048379026e-01
9.427837310928691705e-01 -3.956525502229100294e-02 3.499384598973003246e-01
9.434971161334501089e-01 -3.888999990030349296e-02 3.496435854637967022e-01
9.442010983676487612e-01 -3.822536615211348521e-02 3.493535188211119857e-01
9.448957981803430828e-01 -3.757117473811009273e-02 3.490681700814663446e-01
9.455813325674083947e-01 -3.692725342372887160e-02 3.487874521202142808e-01
9.462578189837917986e-01 -3.629342483400884584e-02 3.485112789464920868e-01
9.469253759203707377e-01 -3.566950191395262121e-02 3.482395654442574373e-01
9.475841219105402002e-01 -3.505529294509707877e-02 3.479722277531588914e-01
9.482341736882211602e-01 -3.445061313682400150e-02 3.477091839874116852e-01
9.488756453742962504e-01 -3.385529211008934947e-02 3.474503545198296961e-01
9.495086488587556328e-01 -3.326917372850464460e-02 3.471956617772544718e-01
9.501332951313513631e-01 -3.269211425576447339e-02 3.469450296630636199e-01
9.507496960826257171e-01 -3.212398113695121710e-02 3.466983828024959857e-01
9.513579651353069044e-01 -3.156465170744771065e-02 3.464556462667290337e-01
9.519582165945869034e-01 -3.101400648751478570e-02 3.462167457956318306e-01
9.525505625735545268e-01 -3.047192100490233105e-02 3.459816089809659156e-01
9.531351118401709677e-01 -2.993826295669822779e-02 3.457501656798057654e-01
9.537119697698679399e-01 -2.941289451207478034e-02 3.455223480014962267e-01
9.542812403202287630e-01 -2.889567319818170041e-02 3.452980895002124018e-01
9.548430270251752061e-01 -2.838645181747536869e-02 3.450773247633024954e-01
9.553974327455952986e-01 -2.788508042890580629e-02 3.448599894912781072e-01
9.559445589026865919e-01 -2.739141391260729516e-02 3.446460207790492669e-01
9.564845050053580877e-01 -2.690531894051519102e-02 3.444353572765988525e-01
9.570173690229182295e-01 -2.642667395067588645e-02 3.442279390144059592e-01
9.575432481385535155e-01 -2.595536376238996232e-02 3.440237070751541171e-01
9.580622389120657667e-01 -2.549127430146826481e-02 3.438226035019780191e-01
9.585744372418232295e-01 -2.503429105928996201e-02 3.436245712910717121e-01
9.590799381259947909e-01 -2.458430035004511779e-02 3.434295544635449504e-01
9.595788354479902749e-01 -2.414119092391778590e-02 3.432374981282978466e-01
9.600712216912781205e-01 -2.370485517037119322e-02 3.430483485715776770e-01
9.605571877573033657e-01 -2.327518934220507846e-02 3.428620533054457797e-01
9.610368233668841187e-01 -2.285209246395115620e-02 3.426785608898431645e-01
9.615102176430252445e-01 -2.243546495693199763e-02 3.424978206921139856e-01
9.619774592602109431e-01 -2.202520816511676846e-02 3.423197828138439536e-01
9.624386363595022198e-01 -2.162122435211193822e-02 3.421443981068517659e-01
9.628938363592510763e-01 -2.122341679251768184e-02 3.419716182320231002e-01
9.633431459530198415e-01 -2.083168979759992059e-02 3.418013956415585919e-01
9.637866510388649610e-01 -2.044594942803252061e-02 3.416336835906872427e-01
9.642244362725824747e-01 -2.006610485413818853e-02 3.414684362939758855e-01
9.646565852206075986e-01 -1.969206808110117099e-02 3.413056088492403828e-01
9.650831808361504116e-01 -1.932375248395962544e-02 3.411451570413385204e-01
9.655043054562382210e-01 -1.896107236035193128e-02 3.409870373317473446e-01
9.659200402356747928e-01 -1.860394400612876142e-02 3.408312070540010508e-01
9.663304647237355161e-01 -1.825228687309424572e-02 3.406776245569103634e-01
9.667356570265409621e-01 -1.790602312813096772e-02 3.405262491294414606e-01
9.671356950751521797e-01 -1.756507540335194850e-02 3.403770405160298496e-01
9.675306568648514016e-01 -1.722936608626182697e-02 3.402299588228174798e-01
9.679206204413721704e-01 -1.689881733904480959e-02 3.400849645073086847e-01
9.683056632759791116e-01 -1.657335140223550538e-02 3.399420186031207880e-01
9.686858619411236049e-01 -1.625289060676623348e-02 3.398010828207714273e-01
9.690612920205190495e-01 -1.593735762938071690e-02 3.396621195714789598e-01
9.694320280361357067e-01 -1.562667642946831414e-02 3.395250919875883455e-01
9.697981436541373013e-01 -1.532077275675616627e-02 3.393899638366355553e-01
9.701597119736792285e-01 -1.501957352356161901e-02 3.392566994100048583e-01
9.705168057640763957e-01 -1.472300590467613864e-02 3.391252634212529316e-01
9.708694969864466451e-01 -1.443099768527882597e-02 3.389956211691231847e-01
9.712178563702503764e-01 -1.414347826436221714e-02 3.388677386813275794e-01
9.715619532024425409e-01 -1.386037910647535190e-02 3.387415827808608060e-01
9.719018559824413872e-01 -1.358163185097631051e-02 3.386171208376825281e-01
9.722376334334535963e-01 -1.330716580589761180e-02 3.384943203914133614e-01
9.725693544860373185e-01 -1.303690776201620743e-02 3.383731491516647760e-01
9.728970879945362249e-01 -1.277078299787537223e-02 3.382535750966466637e-01
9.732209017546173957e-01 -1.250871676038303043e-02 3.381355668185439534e-01
9.735408623544371531e-01 -1.225063431047702933e-02 3.380190935658267115e-01
9.738570353791702328e-01 -1.199646042750609175e-02 3.379041251566622384e-01
9.741694855365269357e-01 -1.174611982065255564e-02 3.377906319315957528e-01
9.744782765863391205e-01 -1.149953812511573907e-02 3.376785847789580131e-01
9.747834712405878399e-01 -1.125664240407512826e-02 3.375679551540671230e-01
9.750851311684266554e-01 -1.101736065442146875e-02 3.374587150684049131e-01
9.753833174776915804e-01 -1.078162039870660983e-02 3.373508369215577063e-01
9.756780908428658305e-01 -1.054934833354112707e-02 3.372442934293487515e-01
9.759695114299516971e-01 -1.032047065743518094e-02 3.371390576503974779e-01
9.762576389021463408e-01 -1.009491217106524112e-02 3.370351029781080698e-01
9.765425324979953858e-01 -9.872594734461019941e-03 3.369324030884841004e-01
9.768242509432418785e-01 -9.653436770484991394e-03 3.368309319728955420e-01
9.771028522833710150e-01 -9.437354503309357961e-03 3.367306639906075261e-01
9.773783933517848910e-01 -9.224264940049154218e-03 3.366315740537159096e-01
9.776509296593629550e-01 -9.014087600832157085e-03 3.365336376800844298e-01
9.779205156231944862e-01 -8.806744143332337349e-03 3.364368309056465778e-01
9.781872047434609918e-01 -8.602157121549047769e-03 3.363411301799742459e-01
9.784510495060143587e-01 -8.400248988182697912e-03 3.362465124170528896e-01
9.787121011965591588e-01 -8.200942197639716352e-03 3.361529550517498022e-01
9.789704097928612070e-01 -8.004159535198181186e-03 3.360604360470833551e-01
9.792260248675913603e-01 -7.809822909045664382e-03 3.359689335722703118e-01
9.794789964416771300e-01 -7.617851943523720228e-03 3.358784257196669176e-01
9.797293750085785957e-01 -7.428163644571886964e-03 3.357888904758061788e-01
9.799772111141689113e-01 -7.240673925364233578e-03 3.357003058660564254e-01
9.802225538059048393e-01 -7.055301142732215737e-03 3.356126505141737160e-01
9.804654503645000574e-01 -6.871970005108939995e-03 3.355259037163862423e-01
9.807059465012439858e-01 -6.690597186121225587e-03 3.354400453777831581e-01
9.809440869290046994e-01 -6.511122277197254130e-03 3.353550557853208769e-01
9.811799158740861504e-01 -6.333466876383696785e-03 3.352709154194153385e-01
9.814134771051555850e-01 -6.157559586366655700e-03 3.351876049318254225e-01
9.816448139740299172e-01 -5.983330155618860925e-03 3.351051051243790213e-01
9.818739695684386426e-01 -5.810709980946356969e-03 3.350233969134409628e-01
9.821009867550495320e-01 -5.639633327448849952e-03 3.349424613229521897e-01
9.823259081899210488e-01 -5.470037201680012610e-03 3.348622794971797823e-01
9.825487766341645113e-01 -5.301861180375446944e-03 3.347828325386429382e-01
9.827696354372893461e-01 -5.135047078916053602e-03 3.347041013479549743e-01
9.829885289087769706e-01 -4.969538642605463540e-03 3.346260665186807093e-01
9.832055018255810852e-01 -4.805282521716408919e-03 3.345487084821746615e-01
9.834205977716130587e-01 -4.642230580929359099e-03 3.344720080695041120e-01
9.836338588957453943e-01 -4.480340624878596106e-03 3.343959465421407207e-01
9.838453264273652188e-01 -4.319575881864024490e-03 3.343205054499567841e-01
9.840550431756610594e-01 -4.159902551032435870e-03 3.342456658039342776e-01
9.842630544299338924e-01 -4.001288471378904206e-03 3.341714077389311699e-01
9.844694079699815026e-01 -3.843703562977230336e-03 3.340977104766990058e-01
9.846741527711339037e-01 -3.687122780466772515e-03 3.340245528320704427e-01
9.848773386240422534e-01 -3.531528198318301375e-03 3.339519133327139011e-01
9.850790165882933325e-01 -3.376907961431658851e-03 3.338797700107796751e-01
9.852792397559874127e-01 -3.223252408980446532e-03 3.338081001111778412e-01
9.854780637322345660e-01 -3.070551132496557051e-03 3.337368798689824834e-01
9.856755468082143423e-01 -2.918793441140328515e-03 3.336660844179803465e-01
9.858717495053704871e-01 -2.767971414888891184e-03 3.335956879583670265e-01
9.860667343401825491e-01 -2.618076974825999867e-03 3.335256639169761894e-01
9.862605662335471868e-01 -2.469122691656904303e-03 3.334559846968538910e-01
9.864533145194630537e-01 -2.321096282144452690e-03 3.333866209519903978e-01
9.866450541503118954e-01 -2.173994031437217686e-03 3.333175412389963177e-01
9.867880381885917318e-01 -2.064439322475692794e-03 3.332659723021278442e-01
9.869309532600107904e-01 -1.955080943983015986e-03 3.332143785512831080e-01
9.871205341790296739e-01 -1.810278525395435292e-03 3.331458567526610071e-01
9.872620466585018129e-01 -1.702428820271086702e-03 3.330946447118183773e-01
9.874036170961336678e-01 -1.594766776234916254e-03 3.330433537708827885e-01
9.875916216718324536e-01 -1.452194651605540326e-03 3.329751450031391280e-01
9.877556032248382412e-01 -1.328275119350402246e-03 3.329155582791494816e-01
9.878728339090028232e-01 -1.239962543934232343e-03 3.328729031629069079e-01
9.880364164951689343e-01 -1.117150133225898326e-03 3.328132998193991110e-01
9.881766700670048253e-01 -1.012279760247488921e-03 3.327621160250523458e-01
9.882701561032216642e-01 -9.426149420911678111e-04 3.327279561991726697e-01
9.884161744165290697e-01 -8.342025890733753991e-04 3.326745288009517743e-01
9.885274938018725477e-01 -7.518996225074153989e-04 3.326337358114850873e-01
9.886441702430321943e-01 -6.659765533401126435e-04 3.325909199140404948e-01
9.887615048409820195e-01 -5.799369264573741136e-04 3.325477982431284674e-01
9.888671405303265383e-01 -5.028067116826714098e-04 3.325089187007012614e-01
9.889964814527246739e-01 -4.088132979178297870e-04 3.324612373247796682e-01
9.891379956535801821e-01 -3.065651678516263324e-04 3.324089667602062037e-01
9.892563647329785104e-01 -2.215411297669027477e-04 3.323651599932474499e-01
9.893750463211569146e-01 -1.367706134899520157e-04 3.323211561272348402e-01
9.894943121748573933e-01 -5.208217128964549283e-05 3.322768499185974056e-01
9.896140207055634797e-01 3.239848605149988774e-05 3.322322891224785968e-01
9.897159914823099314e-01 1.039375341302806047e-04 3.321942568136944107e-01
9.898434705941348000e-01 1.928091783180819834e-04 3.321466103188596142e-01
9.899375585064562610e-01 2.579944246055370337e-04 3.321113695859260750e-01
9.900878310668779214e-01 3.613695386633599045e-04 3.320549474549741586e-01
9.901743200970993808e-01 4.204481226747542222e-04 3.320223939049891659e-01
9.902609137873940037e-01 4.792855337745485713e-04 3.319897400717616298e-01
9.903612026626938958e-01 5.470340244862909864e-04 3.319518428290967882e-01
9.904874739384739168e-01 6.317183298087696757e-04 3.319040016992577113e-01
9.905894425236058121e-01 6.995937547116393021e-04 3.318652614338605811e-01
9.907182233334840271e-01 7.846527221796058792e-04 3.318161916260693456e-01
9.907962672147299088e-01 8.358388404314622596e-04 3.317863730861670968e-01
9.909212141403226370e-01 9.172181183211695118e-04 3.317385005792123365e-01
9.910108377596256179e-01 9.751611253887092863e-04 3.317040562197454689e-01
9.911016878566011323e-01 1.033531551950218896e-03 3.316690462988853838e-01
9.912137238991562960e-01 1.105009568527702459e-03 3.316257358185787929e-01
9.913000989104370220e-01 1.159735056791377002e-03 3.315922379623000849e-01
9.913838631252052114e-01 1.212488221969922758e-03 3.315596595546616010e-01
9.914506465589315587e-01 1.254322350634507312e-03 3.315336174239214007e-01
9.915146713824002367e-01 1.294242190092942391e-03 3.315085923834141246e-01
9.916340109879260289e-01 1.368163591593461867e-03 3.314617875686796666e-01
9.917072197375820242e-01 1.413198256424525769e-03 3.314329682512098807e-01
9.918113459853242775e-01 1.476844476581771820e-03 3.313918314046108704e-01
9.918788921488236321e-01 1.517881113370448233e-03 3.313650501483910160e-01
9.919787124284612512e-01 1.578169165192712517e-03 3.313253282744242356e-01
9.920446367295224777e-01 1.617756591671016576e-03 3.312989964742325544e-01
9.921335618592820316e-01 1.670873260430974765e-03 3.312633485323126514e-01
9.922483388488775313e-01 1.738953228217696156e-03 3.312171081584443511e-01
9.923140323712106303e-01 1.777674981021449109e-03 3.311905205352814185e-01
9.923808176287334248e-01 1.816859476237985991e-03 3.311633965221933984e-01
9.924653149416101661e-01 1.866178496274517162e-03 3.311289371148361527e-01
9.925519742114751187e-01 1.916462222941885726e-03 3.310934244552440342e-01
9.926400143689063649e-01 1.967242795256765944e-03 3.310571598206720201e-01
9.927300306504682759e-01 2.018853601167712973e-03 3.310198781491814346e-01
9.928223552515691441e-01 2.071467501798003770e-03 3.309814170227297070e-01
9.928790071570852138e-01 2.103595549284442354e-03 3.309576997242561491e-01
9.929749283407137694e-01 2.157726485793947605e-03 3.309173311762859115e-01
9.930338309415541742e-01 2.190800847854024961e-03 3.308924049993265948e-01
9.931134822473388635e-01 2.235324627808258843e-03 3.308585259980874604e-01
9.931957520679123297e-01 2.281067623997945232e-03 3.308233164125143344e-01
9.932581794112547158e-01 2.315609805048244804e-03 3.307964458337069868e-01
9.933222453859934520e-01 2.350910643918804020e-03 3.307687272858896299e-01
9.934096186032961295e-01 2.398813115958048359e-03 3.307306827595151710e-01
9.934541404540199183e-01 2.423116687967815860e-03 3.307111853636716114e-01
9.935457954224757859e-01 2.472930240461465763e-03 3.306708009494901401e-01
9.936160469382104843e-01 2.510911477992977883e-03 3.306396137111017319e-01
9.936880935992783437e-01 2.549678500619934930e-03 3.306074101149300559e-01
9.937495894572796473e-01 2.582617888954171284e-03 3.305797397944673088e-01
9.938121488219817667e-01 2.615983875603370735e-03 3.305514116319804852e-01
9.939160796672812381e-01 2.671086916752796105e-03 3.305039326943388089e-01
9.939694945657114866e-01 2.699243111744399366e-03 3.304793195125600436e-01
9.940375730092885220e-01 2.734969205328376118e-03 3.304477328520517565e-01
9.941079133971814086e-01 2.771695624521357607e-03 3.304148322885588351e-01
9.941512836844985657e-01 2.794246059265982976e-03 3.303944079377902909e-01
9.942245924467123519e-01 2.832202432112325332e-03 3.303596361074891963e-01
9.942849783485653292e-01 2.863315266292893076e-03 3.303307508049269647e-01
9.943630951281491326e-01 2.903354668220713922e-03 3.302930450422500441e-01
9.944439687478419110e-01 2.944548081084490641e-03 3.302535878057855090e-01
9.944937414949477361e-01 2.969763776594757515e-03 3.302290824125712621e-01
9.945448254080581085e-01 2.995536732216945528e-03 3.302037493222087505e-01
9.946141837795062779e-01 3.030357522678815176e-03 3.301690482384759262e-01
9.946679242963347711e-01 3.057200706993895654e-03 3.301419103266753918e-01
9.947232555508067620e-01 3.084714830910594355e-03 3.301137322584618561e-01
9.947802947091887171e-01 3.112946680593886052e-03 3.300844241854212768e-01
9.948193345282794198e-01 3.132192138635733758e-03 3.300642073393724729e-01
9.948788033927520313e-01 3.161385788759883426e-03 3.300331578220970230e-01
9.949193304565996376e-01 3.181194120082309583e-03 3.300118171332094286e-01
9.949819063874423275e-01 3.211636602306739124e-03 3.299785681188824871e-01
9.950248963278948144e-01 3.232449241815298340e-03 3.299555091911247628e-01
9.950914392447394174e-01 3.264498819706061501e-03 3.299194563346783404e-01
9.951257033035670885e-01 3.280924161891865965e-03 3.299007153965449746e-01
9.951843888488717260e-01 3.308937412257555860e-03 3.298683286686431848e-01
9.952322115084688559e-01 3.331656202800627967e-03 3.298416587003095146e-01
9.952814503025246839e-01 3.354945276643342585e-03 3.298139290390240119e-01
9.953322073685838545e-01 3.378843315325313467e-03 3.297850477957973703e-01
9.953845960308196350e-01 3.403391764329005004e-03 3.297549109962092384e-01
9.954519586706931378e-01 3.434774640923561866e-03 3.297156522423969616e-01
9.954937886889216880e-01 3.454156050761156456e-03 3.296909744414121546e-01
9.955367586705249350e-01 3.473980917428205230e-03 3.296653767250991574e-01
9.955809446208156999e-01 3.494279925445000455e-03 3.296387848072937499e-01
9.956414875400296793e-01 3.521953231344505594e-03 3.296018890777988597e-01
9.956882115261579402e-01 3.543201709026462271e-03 3.295730374242650806e-01
9.957364305507077074e-01 3.565031860846255146e-03 3.295429050228007029e-01
9.957694647789196996e-01 3.579930321833731371e-03 3.295220450457874151e-01
9.958204391530577348e-01 3.602827051805241373e-03 3.294894995125663417e-01
9.958554331825923978e-01 3.618478932133960789e-03 3.294668977921108022e-01
9.959095524598978733e-01 3.642575893842796547e-03 3.294315134242262744e-01
9.959562594527735513e-01 3.663265813739299652e-03 3.294005395642786715e-01
9.960045505597787674e-01 3.684553259756080494e-03 3.293680743870220362e-01
9.960343411253066437e-01 3.697634571000736701e-03 3.293478156864979023e-01
9.960854494326569775e-01 3.719991140877547658e-03 3.293126362288250619e-01
9.961277448285118519e-01 3.738413242273132004e-03 3.292831040935907394e-01
9.961713919593757627e-01 3.757349526115893578e-03 3.292522160435239487e-01
9.962161918280310058e-01 3.776706241332767038e-03 3.292200610871515720e-01
9.962505693319740896e-01 3.791502628944326721e-03 3.291950658259925055e-01
9.962858572444537320e-01 3.806637957001494411e-03 3.291691093217403719e-01
9.963221125104277931e-01 3.822131936610553751e-03 3.291421157291362642e-01
9.963593986330890884e-01 3.838007482919402434e-03 3.291139997768747216e-01
9.963977866504906133e-01 3.854292027870877095e-03 3.290846651369563336e-01
9.964373559441993544e-01 3.871016102078998159e-03 3.290540027883858687e-01
9.964644356591672025e-01 3.882426984347892712e-03 3.290327624077611368e-01
9.965061743102501257e-01 3.899961766129107603e-03 3.289996041855989262e-01
9.965347929889251111e-01 3.911947644451971642e-03 3.289765654556546792e-01
9.965789926785999508e-01 3.930398309561851725e-03 3.289404829423559495e-01
9.966093636738425632e-01 3.943032659284093425e-03 3.289153252978760933e-01
9.966559567315705914e-01 3.962343850547753871e-03 3.288761329718103421e-01
9.966880427217708061e-01 3.975591470098134572e-03 3.288487077567573968e-01
9.967378328212044281e-01 3.996067923521852590e-03 3.288054200146524608e-01
9.967809783515868549e-01 4.013736445028757288e-03 3.287671624096380474e-01
9.968257684029371291e-01 4.032007995761905002e-03 3.287266834016153716e-01
9.968534955838771472e-01 4.043285500178942296e-03 3.287012210552923697e-01
9.969012406558794837e-01 4.062646442585383759e-03 3.286566261328455196e-01
9.969308756731882770e-01 4.074624346056532169e-03 3.286284514672021539e-01
9.969613046775022136e-01 4.086890529956902288e-03 3.285991139391528093e-01
9.969925771600518516e-01 4.099462229593432705e-03 3.285685191484082890e-01
9.970247479264872092e-01 4.112358834811591368e-03 3.285365611218050153e-01
9.970691443777704999e-01 4.130097360728932944e-03 3.284916232982092454e-01
9.971036607767090887e-01 4.143842621937703606e-03 3.284559917938620899e-01
9.971393088047536546e-01 4.157999208397956774e-03 3.284185318179141388e-01
9.971637472447061334e-01 4.167683255205153169e-03 3.283924513539562828e-01
9.972014842903836884e-01 4.182605418633906016e-03 3.283515201734560351e-01
9.972274093111264115e-01 4.192833728242342274e-03 3.283229224287233516e-01
9.972575290295068173e-01 4.204692225571652828e-03 3.282891924102724346e-01
9.972922000224022643e-01 4.218308601973220009e-03 3.282496710297836962e-01
9.973280657224116164e-01 4.232353939976628114e-03 3.282079771463914386e-01
9.973558081309227275e-01 4.243190383250394077e-03 3.281751412166085125e-01
9.973843238065247530e-01 4.254305669916557016e-03 3.281408413541353486e-01
9.974136641173761975e-01 4.265720225373714238e-03 3.281049520197119596e-01
9.974438858290636256e-01 4.277456188175154071e-03 3.280673318301782770e-01
9.974750515538618467e-01 4.289538423511657893e-03 3.280278207281133729e-01
9.975181926553605694e-01 4.306228608537253193e-03 3.279718834540829020e-01
9.975404964969021293e-01 4.314839883957753350e-03 3.279423751424823674e-01
9.975740710655780497e-01 4.327779970582486258e-03 3.278971714371620161e-01
9.976084019075507348e-01 4.340981604159849586e-03 3.278499399926683711e-01
9.976319905302465374e-01 4.350034911553186251e-03 3.278168749004051752e-01
9.976685048465973038e-01 4.364024705312458813e-03 3.277646753997345286e-01
9.976936576052695127e-01 4.373646746584174821e-03 3.277279761856869422e-01
9.977327010428558296e-01 4.388562657625310476e-03 3.276697696323969677e-01
9.977596755686080066e-01 4.398854456828179237e-03 3.276286419712582387e-01
9.977874647642224204e-01 4.409445706298604356e-03 3.275854637014810611e-01
9.978161248682079210e-01 4.420356590063922488e-03 3.275400431971275395e-01
9.978457182292497230e-01 4.431607818381775275e-03 3.274921623216971445e-01
9.978685681051390199e-01 4.440284083579148014e-03 3.274544865520153669e-01
9.978920154480180882e-01 4.449178344498612610e-03 3.274151673530666384e-01
9.979242710965282592e-01 4.461401188986692003e-03 3.273599551740650204e-01
9.979408528064854789e-01 4.467680038873336756e-03 3.273310512599549860e-01
9.979749878048177480e-01 4.480599467672705290e-03 3.272704043811727193e-01
9.979925724695731803e-01 4.487252627951699054e-03 3.272385419320720246e-01
9.980288529745338089e-01 4.500975715429472550e-03 3.271714276107987041e-01
9.980475867178884020e-01 4.508059329375364681e-03 3.271360213992505206e-01
9.980764821692650335e-01 4.518982299748026260e-03 3.270803728123489185e-01
9.981063982578021188e-01 4.530285985078840762e-03 3.270213853449780994e-01
9.981269508387591305e-01 4.538048277196337320e-03 3.269800218836160233e-01
9.981587598926524585e-01 4.550059282218249165e-03 3.269146131956510160e-01
9.981806669382242703e-01 4.558331021565629158e-03 3.268685511170911218e-01
9.982031749578805790e-01 4.566832131596922431e-03 3.268203379231423567e-01
9.982381475806171300e-01 4.580050734306790293e-03 3.267435833895271369e-01
9.982623346236442208e-01 4.589199551883972085e-03 3.266891385227522204e-01
9.982872737916601569e-01 4.598638944689926490e-03 3.266317914588078852e-01
9.983130182164108302e-01 4.608389802136233365e-03 3.265712589853242420e-01
9.983396273700049228e-01 4.618475165568205337e-03 3.265072170295549303e-01
9.983671684421697723e-01 4.628922302080112385e-03 3.264392927180045367e-01
9.983957179697369178e-01 4.639764339205024526e-03 3.263670549281963984e-01
9.984253637137215920e-01 4.651039601697280583e-03 3.262900016007717063e-01
9.984406293963175028e-01 4.656853942669295782e-03 3.262494853304535591e-01
9.984641183739834114e-01 4.665814435784805710e-03 3.261859996171097564e-01
9.984883613646687861e-01 4.675082272357970921e-03 3.261189762369730016e-01
9.985219528053926874e-01 4.687955757800297933e-03 3.260234898096395217e-01
9.985393346580382357e-01 4.694630885995428049e-03 3.259728364579431714e-01
9.985661963323834156e-01 4.704967863727557362e-03 3.258928290473868117e-01
9.985940768752048502e-01 4.715726273243080018e-03 3.258074851719107712e-01
9.986132751984105882e-01 4.723153594388066444e-03 3.257473052015937842e-01
9.986430633305444227e-01 4.734715093595843333e-03 3.256515728953168765e-01
9.986636340980088455e-01 4.742727974738911514e-03 3.255837303849916653e-01
9.986848179599125963e-01 4.751007415060474505e-03 3.255123372699180728e-01
9.987178338722532134e-01 4.763970963582984421e-03 3.253978595070185498e-01
9.987349444046859093e-01 4.770717035002922275e-03 3.253369268014253413e-01
9.987524851726983233e-01 4.777653614099122877e-03 3.252732855848973759e-01
9.987765844015680239e-01 4.787221218967529363e-03 3.251838465544270584e-01
9.988015577918140098e-01 4.797184582457619806e-03 3.250886303918720799e-01
9.988274800149772314e-01 4.807584254516687403e-03 3.249869659038186476e-01
9.988544362552871370e-01 4.818467580171391720e-03 3.248780670040546936e-01
9.988753905693313895e-01 4.826979914992180452e-03 3.247910877268634366e-01
9.988970266660069930e-01 4.835821386875679626e-03 3.246990641203237327e-01
9.989270221423027785e-01 4.848171651593969830e-03 3.245676117428795693e-01
9.989504550052760168e-01 4.857896340196659474e-03 3.244616374632737221e-01
9.989747628014434833e-01 4.868060638545240564e-03 3.243485298703909780e-01
9.990051947931041232e-01 4.880906184824326810e-03 3.242021683928986708e-01
9.990263205772492716e-01 4.889908014771710866e-03 3.240973154278483093e-01
9.990481762035228197e-01 4.899301515638729634e-03 3.239859299377517710e-01
9.990785530834477290e-01 4.912505476069468739e-03 3.238259972173251344e-01
9.991023505581886344e-01 4.922975093944577385e-03 3.236963336940066327e-01
9.991271012511192540e-01 4.933988710777359975e-03 3.235572005795751549e-01
9.991528929002418957e-01 4.945610512345060064e-03 3.234073513221354945e-01
9.991798280720175507e-01 4.957917494740110911e-03 3.232452988145371187e-01
9.991984794926396241e-01 4.966548660430567322e-03 3.231296036969942831e-01
9.992177328124328684e-01 4.975560858744396305e-03 3.230070758278074106e-01
9.992478392564185796e-01 4.989878763076448925e-03 3.228089025641748822e-01
9.992688036569071786e-01 5.000018362723849391e-03 3.226659075933158149e-01
9.992905497192673403e-01 5.010694454651723820e-03 3.225130281666250265e-01
9.993131439165223728e-01 5.021967991501868900e-03 3.223490336906768561e-01
9.993247827739355493e-01 5.027850972580160879e-03 3.222624148881171879e-01
9.993487959678186705e-01 5.040165841629127598e-03 3.220789434613524627e-01
9.993674973098491954e-01 5.049930384710766933e-03 3.219314134278808970e-01
9.993868412429605108e-01 5.060202105562476051e-03 3.217743505659972914e-01
9.994068783400280598e-01 5.071038716790238210e-03 3.216066565586705450e-01
9.994276648665150198e-01 5.082506305973536094e-03 3.214270355896716169e-01
9.994492639380627708e-01 5.094681118174719352e-03 3.212339446575521174e-01
9.994641497712507539e-01 5.103234840865880292e-03 3.210968261394739343e-01
9.994872678435071656e-01 5.116804199344388189e-03 3.208770095968173086e-01
9.995032449859110324e-01 5.126396191396539320e-03 3.207199145662247841e-01
9.995197091961360858e-01 5.136477189860787218e-03 3.205533771271051324e-01
9.995366937452522249e-01 5.147100031840780819e-03 3.203763744203143027e-01
9.995542352050760249e-01 5.158323815133855628e-03 3.201877043932668809e-01
9.995632269244164592e-01 5.164181786656929160e-03 3.200885524790812453e-01
9.995816803494208536e-01 5.176443380745464860e-03 3.198796550909712155e-01
9.996007985421709874e-01 5.189504368242563344e-03 3.196549936533275016e-01
9.996106220069089776e-01 5.196365190621774106e-03 3.195360432408578255e-01
9.996308346586166849e-01 5.210828901038673175e-03 3.192833158134539828e-01
9.996412368419599348e-01 5.218463549987650482e-03 3.191487076881323603e-01
9.996572341019539509e-01 5.230478123509728697e-03 3.189352417111491755e-01
9.996654165764250477e-01 5.236757675772135169e-03 3.188227882003617508e-01
9.996737268852544656e-01 5.243233749805645445e-03 3.187061867694306327e-01
9.996907478591154916e-01 5.256827764079910828e-03 3.184593807855165548e-01
9.997083254080765258e-01 5.271363183211035149e-03 3.181918599537308379e-01
9.997203659123680142e-01 5.281634100119792126e-03 3.180001372229770418e-01
9.997295716088870909e-01 5.289672397146865344e-03 3.178483665495817068e-01
9.997389315847620139e-01 5.298020793542065031e-03 3.176889976212026734e-01
9.997484485856261704e-01 5.306701065092334774e-03 3.175211998151787895e-01
9.997581247233376933e-01 5.315736848427833790e-03 3.173439821216433865e-01
9.997679612228204116e-01 5.325153537076084999e-03 3.171561269975161079e-01
9.997739394289327786e-01 5.330996754379702107e-03 3.170376986617343684e-01
9.997820000854189537e-01 5.339027866576886300e-03 3.168724507211418961e-01
9.997929051550846768e-01 5.350188318225306862e-03 3.166374827369868861e-01
9.997984214594728414e-01 5.355970035178713937e-03 3.165129238529540423e-01
9.998039795735214064e-01 5.361893285766218369e-03 3.163832169355650925e-01
9.998095779159665852e-01 5.367962514810165411e-03 3.162480878699366893e-01
9.998208912998742814e-01 5.380560556964558185e-03 3.159606694223898171e-01
9.998265973426959663e-01 5.387090084466190747e-03 3.158085999825848145e-01
9.998323339786087116e-01 5.393778447191064675e-03 3.156518661509211676e-01
9.998380985682069344e-01 5.400627235542868054e-03 3.154920904579615604e-01
9.998467947419584778e-01 5.411204009526939321e-03 3.152573362508103161e-01
9.998526250026127382e-01 5.418459052468636676e-03 3.151098437020377618e-01
9.998555514960351109e-01 5.422149653293151586e-03 3.150419197704729113e-01
9.998614299637414993e-01 5.429659464930829821e-03 3.149195872247849137e-01
9.998643847881024671e-01 5.433482291809572928e-03 3.148659209533811731e-01
9.998673512895481785e-01 5.437351909572066093e-03 3.148173328002332738e-01
9.998733233069112547e-01 5.445236574183732678e-03 3.147347938064817274e-01
9.998793574077052826e-01 5.453330324719253379e-03 3.146706474645428186e-01
9.998824016846992180e-01 5.457462021056826151e-03 3.146449202222426633e-01
9.998854656500272275e-01 5.461652979331077171e-03 3.146230958247166476e-01
9.998916573648619632e-01 5.470221704655215192e-03 3.145903078648333295e-01
9.998979452562853920e-01 5.479061276735070971e-03 3.145706255478757929e-01
9.999043416463473388e-01 5.488197956216175032e-03 3.145624517244897667e-01
9.999125084778498485e-01 5.500080275974890583e-03 3.145659619428196607e-01
9.999175115050784601e-01 5.507482768685098388e-03 3.145740471691880757e-01
9.999243130945403291e-01 5.517701010082625562e-03 3.145904601779063725e-01
9.999312785469907094e-01 5.528355745794707662e-03 3.146119243171854318e-01
9.999348281186141163e-01 5.533861583827068449e-03 3.146240946996377574e-01
9.999420696978659207e-01 5.545258873611125239e-03 3.146505229400466952e-01
9.999476355849528098e-01 5.554173332601429827e-03 3.146714492798491913e-01
9.999533256625676714e-01 5.563430273805194080e-03 3.146926787065170150e-01
9.999611203631671996e-01 5.576355303275660515e-03 3.147203804974784691e-01
9.999671357732496935e-01 5.586529716801276121e-03 3.147398000484594172e-01
9.999724755022235678e-01 5.595712434049123114e-03 3.147550490016498559e-01
9.999792197722634501e-01 5.607520909381727425e-03 3.147709684183733203e-01
9.999826680284464864e-01 5.613651592226710264e-03 3.147774201969146812e-01
9.999897257606218393e-01 5.626403399227803900e-03 3.147865491430930085e-01
9.999933403873831894e-01 5.633042691953796775e-03 3.147888743088741448e-01
9.999970151280588304e-01 5.639869907681223198e-03 3.147894573668204576e-01
9.999985024668397449e-01 5.642655751883945622e-03 3.147891565617416676e-01
