# -31 2 0.341893933393 0.000249938213646
# x xi_r xi_h
1.310287751119751072e-03 -4.813286084186138680e+01 -2.337173119715514602e+01
1.460995662986557019e-03 -5.310549714687292777e+01 -2.559764606005015253e+01
1.650884358646134958e-03 -5.911534259217697240e+01 -2.819591337532513720e+01
1.840773054305712029e-03 -6.481296414367909620e+01 -3.054276052763214366e+01
2.080034956818093209e-03 -7.150221745921560057e+01 -3.311134453375703401e+01
2.319296859330475039e-03 -7.759960890573879055e+01 -3.521443945820097809e+01
2.520287072229036949e-03 -8.223161364542072249e+01 -3.660120723452298108e+01
2.721277285127598859e-03 -8.639062979435848888e+01 -3.762844615334818599e+01
2.922267498026161203e-03 -9.005741973518034627e+01 -3.828812629172552562e+01
3.112225549436466957e-03 -9.305656475740376266e+01 -3.857008437452268623e+01
3.302183600846774012e-03 -9.559218683849290699e+01 -3.852000655398722273e+01
3.492141652257081067e-03 -9.765744023894025361e+01 -3.814089900400411892e+01
3.682099703667386821e-03 -9.924857214231076341e+01 -3.743887902047145388e+01
3.921500270735109317e-03 -1.005779311434656336e+02 -3.610832061305455198e+01
4.160900837802832680e-03 -1.011590585889400842e+02 -3.430441164354160577e+01
4.400301404870555176e-03 -1.010050164981964116e+02 -3.205899582318065200e+01
4.639701971938277672e-03 -1.001361441047255170e+02 -2.941029761128529785e+01
4.869433365318841418e-03 -9.865530228815326552e+01 -2.653024572346740229e+01
5.099164758699403430e-03 -9.657097338531528408e+01 -2.336212594980851520e+01
5.328896152079966309e-03 -9.391792601505125049e+01 -1.995280607084356106e+01
5.558627545460530055e-03 -9.073565892573257941e+01 -1.635236358028521053e+01
5.787748083093968016e-03 -8.707827039341258057e+01 -1.262320631174213936e+01
6.016868620727404242e-03 -8.298504298310420779e+01 -8.808757997736318401e+00
6.245989158360841335e-03 -7.850602678312530713e+01 -4.962535728756556352e+00
6.507314466583081353e-03 -7.299497812647970818e+01 -6.033422905791199220e-01
6.768639774805322237e-03 -6.713065084702149932e+01 3.650840519712851950e+00
7.029965083027563122e-03 -6.099554990121473708e+01 7.726292527535048471e+00
7.291290391249803139e-03 -5.467274637917773816e+01 1.155392916293839711e+01
7.588259160035928062e-03 -4.736602652825942528e+01 1.552622735658542474e+01
7.885227928822052118e-03 -4.004043760671268615e+01 1.901599193994541181e+01
8.182196697608175306e-03 -3.280907650573828960e+01 2.195499869177182717e+01
8.479165466394300230e-03 -2.577817790524611752e+01 2.428968438396539398e+01
8.776134235180425153e-03 -1.904544752202743751e+01 2.598227184351219066e+01
9.062891590263655664e-03 -1.290925298029073431e+01 2.698613635731628335e+01
9.349648945346886175e-03 -7.202221251478427178e+00 2.736705648615145137e+01
9.636406300430114952e-03 -1.982783861496470346e+00 2.713487238096318777e+01
9.923163655513347198e-03 2.701772393998481459e+00 2.631304644979155682e+01
1.020992101059657944e-02 6.815651665479161458e+00 2.493786920263863394e+01
1.049667836567980995e-02 1.033467737904765471e+01 2.305735949862324219e+01
1.078343572076304047e-02 1.324620302337457645e+01 2.072989394725560075e+01
1.107585216327150977e-02 1.558823329820693182e+01 1.796625686718505577e+01
1.136826860577998081e-02 1.730715913367073711e+01 1.488599323990045065e+01
1.166068504828845012e-02 1.842372285072440619e+01 1.157285894565550954e+01
1.195310149079691076e-02 1.896853264429524444e+01 8.113850090039166574e+00
1.224551793330539047e-02 1.898097291781886398e+01 4.597014566841973959e+00
1.253793437581384937e-02 1.850798899611115900e+01 1.109278999232573337e+00
1.283035081832233082e-02 1.760277467777552474e+01 -2.265652403333929588e+00
1.312276726083078972e-02 1.632339270750229332e+01 -5.449273685173875670e+00
1.341518370333926076e-02 1.473135902438337119e+01 -8.370078819246907997e+00
1.372371033175165053e-02 1.278344132944256906e+01 -1.109769086771585300e+01
1.403223696016404030e-02 1.063349407711110572e+01 -1.340147665200576199e+01
1.434076358857643008e-02 8.355830545725018155e+00 -1.523322187165382857e+01
1.464929021698880944e-02 6.022174246106835049e+00 -1.655907532438135377e+01
1.495781684540119921e-02 3.700184014858691306e+00 -1.736011240135540490e+01
1.526634347381359072e-02 1.452143073250299121e+00 -1.763247085526506908e+01
1.557487010222598049e-02 -6.661634536530159911e-01 -1.738706008961055005e+01
1.588339673063835986e-02 -2.606363212125415441e+00 -1.664885879845698113e+01
1.619192335905075136e-02 -4.328189814700747817e+00 -1.545582859731936587e+01
1.650044998746313940e-02 -5.799946858958950457e+00 -1.385748291269618093e+01
1.680897661587552050e-02 -6.998741150348035234e+00 -1.191316047679817025e+01
1.711941423928450140e-02 -7.915222243898227816e+00 -9.675599717240203290e+00
1.742985186269348924e-02 -8.535520668504686270e+00 -7.229514201169102705e+00
1.774028948610247014e-02 -8.862380590617650711e+00 -4.652224611441726942e+00
1.805072710951145104e-02 -8.906287049430053671e+00 -2.022423446349889797e+00
1.836116473292042847e-02 -8.684716343530677563e+00 5.820611369934888257e-01
1.867160235632940937e-02 -8.221254321566892287e+00 3.086450217642978000e+00
1.898203997973839027e-02 -7.544607918359818477e+00 5.421079633548920640e+00
1.929247760314737117e-02 -6.687537981529130704e+00 7.523281757246382817e+00
1.960291522655635901e-02 -5.685743242258552321e+00 9.339025465707653240e+00
1.991335284996533991e-02 -4.576726124530280160e+00 1.082426483023333041e+01
2.022379047337432081e-02 -3.398670932809621181e+00 1.194595750636512221e+01
2.053422809678330171e-02 -2.189363825426372312e+00 1.268272565920353578e+01
2.083870335922823058e-02 -1.007945573892721214e+00 1.302216462302487088e+01
2.114317862167315945e-02 1.363563626874834955e-01 1.298438026674721613e+01
2.144765388411808138e-02 1.214260829847764622e+00 1.258204209554032715e+01
2.175212914656301025e-02 2.199967473187639300e+00 1.183753814651619507e+01
2.205660440900793912e-02 3.071630771464146203e+00 1.078200711729666317e+01
2.236107967145287145e-02 3.811702790143789432e+00 9.454166802646193801e+00
2.266555493389780032e-02 4.407143994409557841e+00 7.898980519737085260e+00
2.297003019634272919e-02 4.849504908533625702e+00 6.166205367103076540e+00
2.327450545878765112e-02 5.134884527896623752e+00 4.308867029804211768e+00
2.357898072123257999e-02 5.263774130153938025e+00 2.381705484027015096e+00
2.388999902351006052e-02 5.238730333692643626e+00 3.983324965870834178e-01
2.420101732578754106e-02 5.064262990971300837e+00 -1.543467996475830883e+00
2.451203562806502159e-02 4.753012939889172728e+00 -3.389519618911339016e+00
2.482305393034249866e-02 4.320720448311724304e+00 -5.090056613501926286e+00
2.513407223261997919e-02 3.785627324644321945e+00 -6.600971176771066595e+00
2.544509053489744932e-02 3.167846190769324721e+00 -7.884856923729006262e+00
2.575610883717492985e-02 2.488715441961003805e+00 -8.911827833891445394e+00
2.606712713945241039e-02 1.770157666329376989e+00 -9.660099102142021721e+00
2.637814544172989092e-02 1.034058135385491184e+00 -1.011632341263757517e+01
2.668916374400737146e-02 3.016784643669023214e-01 -1.027568308101341188e+01
2.700018204628484852e-02 -4.068812624075693885e-01 -1.014174509520577594e+01
2.731120034856232906e-02 -1.073160635255997697e+00 -9.726092172720180784e+00
2.762221865083979919e-02 -1.680748255918147915e+00 -9.047748408196435221e+00
2.793323695311727972e-02 -2.215615476910773651e+00 -8.132422799351161302e+00
2.826513052570591919e-02 -2.693298315606416082e+00 -6.930472122074055719e+00
2.859702409829455866e-02 -3.065002212072335031e+00 -5.538706019405869263e+00
2.892891767088319119e-02 -3.324164850460862297e+00 -4.005759763246973471e+00
2.926081124347183066e-02 -3.467977363361764542e+00 -2.383219738578969515e+00
2.959270481606045972e-02 -3.497277330305831100e+00 -7.239568521506756227e-01
2.992459838864909918e-02 -3.416340292416465196e+00 9.195274502447906562e-01
3.025649196123773171e-02 -3.232581001032746482e+00 2.496693229569907579e+00
3.058838553382637118e-02 -2.956177616828377097e+00 3.960446083365990244e+00
3.092027910641501065e-02 -2.599633613331875370e+00 5.268471647398472513e+00
3.125217267900363971e-02 -2.177293190252870048e+00 6.384384770136551701e+00
3.158406625159228265e-02 -1.704826557872826998e+00 7.278664215931318182e+00
3.191595982418091171e-02 -1.198701518861853277e+00 7.929351118552523836e+00
3.224785339676954771e-02 -6.756573671881036525e-01 8.322497235109448610e+00
3.257974696935817677e-02 -1.521962772710133971e-01 8.452357083967811491e+00
3.291164054194681970e-02 3.558938862179982232e-01 8.321326031586568917e+00
3.324353411453546264e-02 8.339729930180205253e-01 7.939634073190401153e+00
3.357542768712409170e-02 1.268927828442434569e+00 7.324812198352704584e+00
3.390732125971272770e-02 1.649488634346218285e+00 6.500954636203599257e+00
3.423921483230135676e-02 1.966476838266316474e+00 5.497805757494253598e+00
3.457110840488999970e-02 2.212980096271559560e+00 4.349704828660370559e+00
3.491112367483018009e-02 2.387680360005389524e+00 3.062855048196772234e+00
3.525113894477036047e-02 2.481373978779156442e+00 1.706283909549790812e+00
3.559115421471054780e-02 2.494344679797336539e+00 3.237793754228892040e-01
3.593116948465072819e-02 2.429326077273066264e+00 -1.041197405656198338e+00
3.627118475459092245e-02 2.291311739824425597e+00 -2.346821437178146397e+00
3.661120002453110284e-02 2.087307191450632260e+00 -3.554130462101065202e+00
3.695121529447128322e-02 1.826033539345546908e+00 -4.628134060544713435e+00
3.729123056441145667e-02 1.517593413240225120e+00 -5.538774634126931495e+00
3.763124583435163706e-02 1.173110558345155985e+00 -6.261714679585531407e+00
3.797126110429181745e-02 8.043547356047593411e-01 -6.778930525317277578e+00
3.831127637423199783e-02 4.233635478872402325e-01 -7.079099027474265782e+00
3.865129164417219210e-02 4.207243862215044594e-02 -7.157770384885397519e+00
3.899130691411237248e-02 -3.280365797048875320e-01 -7.017327010346956051e+00
3.933132218405255287e-02 -6.762578863053954059e-01 -6.666735062750360541e+00
3.967133745399273326e-02 -9.929485471012952091e-01 -6.121101578672580423e+00
4.001135272393290671e-02 -1.269771019266076495e+00 -5.401055935944024888e+00
4.035136799387308709e-02 -1.499886924743723426e+00 -4.531979449430912688e+00
4.069138326381326748e-02 -1.678098236322384418e+00 -3.543111083276924145e+00
4.103139853375346174e-02 -1.800933948283997221e+00 -2.466560440457144843e+00
4.137141380369364213e-02 -1.866682021066260466e+00 -1.336261273998636367e+00
4.171142907363382252e-02 -1.875368042571650573e+00 -1.868997093895168327e-01
4.205144434357400290e-02 -1.828683588454135700e+00 9.471488293164743721e-01
4.239145961351419023e-02 -1.729868646082428185e+00 2.032841299645872013e+00
4.273147488345437062e-02 -1.583553654863081084e+00 3.039416969929619849e+00
4.307149015339455100e-02 -1.395567679946720485e+00 3.939248494270651602e+00
4.325489917444660243e-02 -1.278985233655886677e+00 4.372243128772154819e+00
4.343830819549863304e-02 -1.153393238620117556e+00 4.763810674536510525e+00
4.362171721655067058e-02 -1.020015531589555380e+00 5.111143251810241317e+00
4.380512623760270813e-02 -8.801160895020855301e-01 5.411852482758878757e+00
4.398853525865475261e-02 -7.349874332626871176e-01 5.663982345636778604e+00
4.417194427970679016e-02 -5.859390930301600076e-01 5.866017985282097058e+00
4.435535330075882771e-02 -4.342862325104673293e-01 6.016890509458051817e+00
4.453876232181087219e-02 -2.813385250413328875e-01 6.115977835748406477e+00
4.472217134286290280e-02 -1.283893688913684550e-01 6.163101686970106741e+00
4.490558036391494035e-02 2.329447673317763465e-02 6.158520864164659159e+00
4.527239840601902238e-02 3.174425206240670261e-01 5.998637437138331308e+00
4.563921644812309747e-02 5.925562599475278081e-01 5.646086511067951008e+00
4.600603449022717950e-02 8.404266708455246926e-01 5.117038521165744314e+00
4.637285253233124765e-02 1.054045946111309418e+00 4.432883869520101605e+00
4.673967057443533663e-02 1.227776374028403339e+00 3.619352083508198703e+00
4.710648861653941866e-02 1.357466961413469564e+00 2.705529756000371044e+00
4.747330665864348681e-02 1.440517149145965403e+00 1.722814207664456587e+00
4.784012470074756884e-02 1.475888695694089980e+00 7.038395800652766932e-01
4.820694274285165087e-02 1.464068365132535909e+00 -3.185893357619267174e-01
4.857376078495573291e-02 1.406985415082173008e+00 -1.312522658725519653e+00
4.894057882705980800e-02 1.307889011295008785e+00 -2.247820773419830775e+00
4.931285321897629220e-02 1.168914830232455460e+00 -3.108831868142115429e+00
4.968512761089276947e-02 9.968583618696582604e-01 -3.856149388471263428e+00
5.005740200280924673e-02 7.981746896060286645e-01 -4.468947172069023921e+00
5.042967639472573094e-02 5.799036785084186185e-01 -4.931113631807374276e+00
5.080195078664220820e-02 3.494310885909455155e-01 -5.231605453725109101e+00
5.117422517855869241e-02 1.142496822590626931e-01 -5.364639405803296235e+00
5.154649957047517661e-02 -1.182726649853496070e-01 -5.329720552981452641e+00
5.191877396239164694e-02 -3.411113144569312694e-01 -5.131510032339698490e+00
5.229104835430813114e-02 -5.477837825087815693e-01 -4.779540294927809185e+00
5.266332274622462228e-02 -7.325241286189143608e-01 -4.287790209130935892e+00
5.303559713814109261e-02 -8.904286332533113413e-01 -3.674136492270426935e+00
5.340787153005757681e-02 -1.017569598729630487e+00 -2.959701452351325646e+00
5.378014592197404714e-02 -1.111075182052148502e+00 -2.168119859161005802e+00
5.415242031389053134e-02 -1.169174272501801060e+00 -1.324749826081450754e+00
5.452469470580702249e-02 -1.191206523658795202e+00 -4.558538022793732769e-01
5.489696909772349281e-02 -1.177598705173540594e+00 4.122238877250627431e-01
5.526924348963997702e-02 -1.129809521544158146e+00 1.253857067520926405e+00
5.564151788155646122e-02 -1.050245924032939593e+00 2.044890808110290337e+00
5.601379227347293849e-02 -9.421546923970439691e-01 2.763325311237997184e+00
5.638606666538942269e-02 -8.094936650371814535e-01 3.389911181716783073e+00
5.675834105730589996e-02 -6.567874348393999417e-01 3.908640174808476697e+00
5.713557747568415168e-02 -4.866689882950933632e-01 4.311562159636897817e+00
5.751281389406241035e-02 -3.064369921144999287e-01 4.582178109267695199e+00
5.789005031244066207e-02 -1.215845923602344031e-01 4.715858304794231515e+00
5.826728673081892074e-02 6.246650673331415049e-02 4.712151753150410904e+00
5.864452314919717246e-02 2.405205445323377322e-01 4.574609963830879700e+00
5.902175956757541725e-02 4.077466536242269068e-01 4.310498481755688616e+00
5.939899598595368285e-02 5.597991221049297694e-01 3.930414703982783919e+00
5.977623240433192764e-02 6.929167294108852237e-01 3.447831819473058612e+00
6.015346882271019324e-02 8.039997891681820441e-01 2.878589085447611051e+00
6.053070524108843803e-02 8.906643506081702855e-01 2.240348210209238466e+00
6.090794165946669669e-02 9.512737496623319133e-01 1.552034490683636303e+00
6.128517807784496230e-02 9.849483449782147071e-01 8.332797036374361976e-01
6.149838126173343134e-02 9.919701490132153410e-01 4.204530153472234577e-01
6.171158444562190731e-02 9.903860535933433074e-01 7.813848287091838124e-03
6.192478762951038329e-02 9.803473006877385654e-01 -4.011312671958923715e-01
6.213799081339885233e-02 9.620737390776920028e-01 -8.029627511329678891e-01
6.235119399728732831e-02 9.358504284482030977e-01 -1.194374271381485775e+00
6.256439718117580429e-02 9.020238002668272692e-01 -1.572197664734628297e+00
6.277760036506427332e-02 8.609974166892255809e-01 -1.933426317017152618e+00
6.299080354895275624e-02 8.132273707083145231e-01 -2.275236850045721848e+00
6.320400673284122528e-02 7.592173724132025292e-01 -2.595008976979765514e+00
6.341720991672969432e-02 6.995135675357974092e-01 -2.890343402251827065e+00
6.384361628450666015e-02 5.657073656582883858e-01 -3.398683485118278114e+00
6.427002265228359823e-02 4.165298515143582292e-01 -3.787214768516316887e+00
6.469642902006055019e-02 2.572746109394830616e-01 -4.046041859654827100e+00
6.512283538783750214e-02 9.337122821743085166e-02 -4.169732128595637022e+00
6.554924175561444022e-02 -6.979380461333321850e-02 -4.157349923110904122e+00
6.597564812339139217e-02 -2.270469313134209077e-01 -4.012346266368939318e+00
6.640205449116834413e-02 -3.735831970385657397e-01 -3.742311686223084966e+00
6.682846085894529609e-02 -5.051034508166377668e-01 -3.358604070825736532e+00
6.725486722672224804e-02 -6.179295579081044432e-01 -2.875867257302299862e+00
6.768127359449918612e-02 -7.090949392549438235e-01 -2.311459298577158705e+00
6.810767996227613807e-02 -7.764086561031304790e-01 -1.684811899137560021e+00
6.854182003929965017e-02 -8.190166559782011690e-01 -1.004430479533090947e+00
6.897596011632314839e-02 -8.348958477224108776e-01 -3.036692452117247809e-01
6.941010019334666048e-02 -8.243230377971952905e-01 3.949694212197583099e-01
6.984424027037017257e-02 -7.883886489275846454e-01 1.069745347494105880e+00
7.027838034739368467e-02 -7.289279113891217188e-01 1.700334675435096754e+00
7.071252042441718288e-02 -6.484322611427274508e-01 2.268410264199480775e+00
7.114666050144069498e-02 -5.499448246198324064e-01 2.758133688722958166e+00
7.158080057846419320e-02 -4.369441309534350948e-01 3.156547792934576435e+00
7.201494065548770529e-02 -3.132203042081619926e-01 3.453862551743175135e+00
7.244908073251121738e-02 -1.827479579603217275e-01 3.643630787648935776e+00
7.288322080953472948e-02 -4.955985373891731022e-02 3.722813953557805977e+00
7.331736088655822769e-02 8.237489197464291368e-02 3.691741622505619436e+00
7.375150096358173979e-02 2.092646430263085944e-01 3.553971422846677886e+00
7.419305697663924892e-02 3.295175902396684231e-01 3.311213265782559478e+00
7.463461298969675806e-02 4.376232063104261716e-01 2.974667440213318415e+00
7.507616900275426719e-02 5.307596640368561491e-01 2.556592129998164875e+00
7.551772501581177632e-02 6.066451903294537429e-01 2.071239600175937667e+00
7.595928102886928546e-02 6.635805532090414127e-01 1.534338349832087500e+00
7.640083704192679459e-02 7.004718138239174330e-01 9.625617748139696506e-01
7.684239305498430372e-02 7.168340563373333252e-01 3.730011963774505501e-01
7.728394906804181286e-02 7.127773488339189667e-01 -2.173408190204494939e-01
7.772550508109932199e-02 6.889766275889939173e-01 -7.920232061552568981e-01
7.816706109415683112e-02 6.466275317873623196e-01 -1.335594063490609384e+00
7.860861710721434026e-02 5.873904474901467943e-01 -1.833964653820151502e+00
7.907004175851901906e-02 5.097007199626980567e-01 -2.292956849557759913e+00
7.953146640982367011e-02 4.185549160897822363e-01 -2.677185528301969430e+00
7.999289106112834891e-02 3.169755626407730897e-01 -2.977249513927989977e+00
8.045431571243301383e-02 2.081814831987290615e-01 -3.186422109259084312e+00
8.091574036373769263e-02 9.548867082595559330e-02 -3.300753876560220679e+00
8.137716501504235755e-02 -1.778727369515446105e-02 -3.319097174371628878e+00
8.183858966634702248e-02 -1.284245880325430578e-01 -3.243053247896946711e+00
8.230001431765168740e-02 -2.333823124218561418e-01 -3.076844708403968287e+00
8.276143896895636620e-02 -3.298786466049122845e-01 -2.827118271339742250e+00
8.322286362026103113e-02 -4.154588688265499208e-01 -2.502684576319404997e+00
8.368428827156570993e-02 -4.880513265062058070e-01 -2.114203706546413208e+00
8.414571292287037485e-02 -5.460103855158109365e-01 -1.673826585065279371e+00
8.460713757417503977e-02 -5.881456283967186893e-01 -1.194803681973718668e+00
8.507417896077572317e-02 -6.139444253353727454e-01 -6.848514899555526725e-01
8.554122034737642044e-02 -6.225381226330019002e-01 -1.641121147362330224e-01
8.600826173397713159e-02 -6.141442725543644343e-01 3.530240512323081226e-01
8.647530312057782886e-02 -5.894312102821498423e-01 8.526861501956760625e-01
8.694234450717849838e-02 -5.494820821794408339e-01 1.321884300474875484e+00
8.740938589377920953e-02 -4.957491324665462273e-01 1.748838280697998959e+00
8.787642728037989293e-02 -4.299998188297228796e-01 2.123264591835071879e+00
8.834346866698060408e-02 -3.542565181955679710e-01 2.436614156568788658e+00
8.881051005358128747e-02 -2.707317247963773044e-01 2.682254362485684496e+00
8.927249613444182552e-02 -1.827403525310248300e-01 2.854106266967551431e+00
8.973448221530234969e-02 -9.173416486739074949e-02 2.952748360818640450e+00
9.019646829616287387e-02 -1.682035122810369423e-05 2.977800184390485327e+00
9.065845437702341192e-02 9.017876256203952168e-02 2.930781700123871403e+00
9.112044045788392221e-02 1.767425291728286496e-01 2.814885955872040491e+00
9.158242653874446026e-02 2.577304511018612687e-01 2.634726445011170703e+00
9.185990558262246974e-02 3.030072257910707556e-01 2.497759136931839485e+00
9.213738462650046535e-02 3.452906233241483380e-01 2.341073872525816224e+00
9.269234271425648430e-02 4.195581654818852924e-01 1.975919560775201367e+00
9.324730080201248938e-02 4.786643405984665200e-01 1.552290443570434109e+00
9.380225888976850834e-02 5.211223585323154772e-01 1.085268466495620032e+00
9.435721697752449955e-02 5.460304546208349930e-01 5.908167089259316329e-01
9.491217506528051850e-02 5.530752862914989354e-01 8.529251378312396881e-02
9.546713315303652359e-02 5.425180982747920266e-01 -4.150523282368300260e-01
9.602209124079254254e-02 5.151641920887699566e-01 -8.945705604239343467e-01
9.657704932854854762e-02 4.723167182177336887e-01 -1.338701639259454401e+00
9.711274250401923103e-02 4.178769651657264772e-01 -1.721709077943935906e+00
9.764843567948991443e-02 3.525020669708104348e-01 -2.049804513206903156e+00
9.818412885496061171e-02 2.783212499663249573e-01 -2.315047585021813958e+00
9.871982203043128123e-02 1.976371996130719122e-01 -2.511487923926536858e+00
9.925551520590197851e-02 1.128551005568845661e-01 -2.635270470641019713e+00
9.979120838137264804e-02 2.641172811417289573e-02 -2.684681025705761392e+00
1.003269015568433037e-01 -5.929349171472172997e-02 -2.660130968090235637e+00
1.008625947323140010e-01 -1.419636173873329854e-01 -2.564081881308544197e+00
1.013982879077846982e-01 -2.194638205573522238e-01 -2.400912713337576498e+00
1.019196887189594974e-01 -2.881092024231943771e-01 -2.183412711594237443e+00
1.024410895301341995e-01 -3.484991438130596308e-01 -1.915101871647228338e+00
1.029624903413089987e-01 -3.993602362864938082e-01 -1.604022625581945638e+00
1.034838911524837979e-01 -4.397009424529703114e-01 -1.258959373632700052e+00
1.040052919636584999e-01 -4.688218138358227760e-01 -8.891518741704468320e-01
1.045266927748332991e-01 -4.863171216429650889e-01 -5.040271675298172438e-01
1.051400246805940936e-01 -4.918823786386669616e-01 -4.443489740136639943e-02
1.057533565863548047e-01 -4.815280114441387593e-01 4.085488737615449728e-01
1.063666884921155992e-01 -4.560398561775166337e-01 8.407405974862434128e-01
1.069800203978762965e-01 -4.166514184194795578e-01 1.239026368553525437e+00
1.075933523036371048e-01 -3.649869156711048612e-01 1.591758367873107316e+00
1.081580523569587032e-01 -3.082103695108869279e-01 1.867829362953152827e+00
1.087227524102803017e-01 -2.443780702537759475e-01 2.090867256905812432e+00
1.092874524636019973e-01 -1.753182979898631477e-01 2.256625187826057921e+00
1.098521525169235957e-01 -1.029219985512951907e-01 2.362581766868573130e+00
1.104461325367779023e-01 -2.527522415698650257e-02 2.408515482111258432e+00
1.110401125566321950e-01 5.179345276761154054e-02 2.387941092839793722e+00
1.116340925764865016e-01 1.262146461566668321e-01 2.303171552406784173e+00
1.122280725963407944e-01 1.960654665346154291e-01 2.158130718642958357e+00
1.128220526161951009e-01 2.596142812148681811e-01 1.958243990734431561e+00
1.134060008840173939e-01 3.144934601983671585e-01 1.714795247959757241e+00
1.139899491518396035e-01 3.606469484440493756e-01 1.432252121031449388e+00
1.145738974196618964e-01 3.971551237951478353e-01 1.118710910147995286e+00
1.151578456874842032e-01 4.233709986873223086e-01 7.827333987712795649e-01
1.157417939553063990e-01 4.389232073420035185e-01 4.331033792054133635e-01
1.163163554681377054e-01 4.437190485120481309e-01 8.427208672805384937e-02
1.168909169809689980e-01 4.382448542470939179e-01 -2.610743357915490392e-01
1.174654784938004015e-01 4.228836022905168024e-01 -5.951242825658037416e-01
1.180400400066316940e-01 3.982292832243470304e-01 -9.106236376644956110e-01
1.186146015194630005e-01 3.650633549215749341e-01 -1.201012607680845390e+00
1.189682089753304056e-01 3.407903619334251011e-01 -1.364873151236815740e+00
1.193218164311977969e-01 3.138889201846895016e-01 -1.515805452151621324e+00
1.200290313429325934e-01 2.534102813823734257e-01 -1.774445050716109806e+00
1.207362462546674037e-01 1.857618731712204485e-01 -1.970854116532717137e+00
1.214434611664022001e-01 1.133248822908157205e-01 -2.100619652890621580e+00
1.221403590722684035e-01 3.962503464351669474e-02 -2.161229753951698029e+00
1.228372569781346069e-01 -3.405334701562236915e-02 -2.155136312031652235e+00
1.235341548840007964e-01 -1.054947197651888713e-01 -2.084379730804100550e+00
1.242310527898669997e-01 -1.726367164398440457e-01 -1.952895045598488144e+00
1.249199642383859027e-01 -2.329713228658383817e-01 -1.768772794105283985e+00
1.256088756869047918e-01 -2.857465478762394318e-01 -1.537662247343851485e+00
1.262977871354236947e-01 -3.296950140725149470e-01 -1.267638910712271416e+00
1.269801736787574131e-01 -3.635845694315362198e-01 -9.708740875720366370e-01
1.276625602220911870e-01 -3.872594942722223377e-01 -6.544807516983238704e-01
1.283383226857451875e-01 -4.003283708166660015e-01 -3.300889116082653674e-01
1.290140851493992991e-01 -4.030183188394452221e-01 -2.261676752751142026e-03
1.296898476130534106e-01 -3.955180748918695199e-01 3.211606274737044409e-01
1.303656100767074111e-01 -3.782587435003260667e-01 6.320922384034158847e-01
1.310334062222101026e-01 -3.522681352900597918e-01 9.192889603486888994e-01
1.317012023677127108e-01 -3.182500490681689498e-01 1.179854571782691597e+00
1.323689985132154023e-01 -2.772198909422345370e-01 1.408292856665663839e+00
1.330315011698023075e-01 -2.307100352062277926e-01 1.598844463723609666e+00
1.336940038263891017e-01 -1.796281520805397824e-01 1.750119627252976873e+00
1.343565064829760070e-01 -1.252380640425397318e-01 1.859793154081546884e+00
1.350127571636738077e-01 -6.936658423161681797e-02 1.926135801484146315e+00
1.356690078443716085e-01 -1.276778099412889667e-02 1.950101435301883068e+00
1.363252585250694093e-01 4.333729773555712594e-02 1.932371008949026026e+00
1.369747936614179040e-01 9.723986245488934477e-02 1.875225909555299664e+00
1.376243287977663987e-01 1.484592096198145417e-01 1.780823779285496622e+00
1.382738639341148101e-01 1.960273020556732027e-01 1.651938569011229818e+00
1.389233990704633048e-01 2.390809161357559942e-01 1.491963703633486071e+00
1.395657048814820111e-01 2.764873191626374127e-01 1.307063645820334630e+00
1.402080106925008007e-01 3.081546143761952350e-01 1.099833721614930093e+00
1.408503165035195070e-01 3.336163506585876903e-01 8.747527056468473727e-01
1.414926223145382134e-01 3.525385756668639736e-01 6.364762501054798127e-01
1.423395568821196888e-01 3.671672676113655331e-01 3.105121282896187163e-01
1.431864914497011088e-01 3.700023781955233404e-01 -1.935733453103721108e-02
1.440334260172826120e-01 3.613032137167085378e-01 -3.427208176458675926e-01
1.448719479772087870e-01 3.419187535074580953e-01 -6.469238678045872160e-01
1.457104699371351009e-01 3.127027684789812079e-01 -9.266527503324195614e-01
1.465489918970613870e-01 2.747919442409728075e-01 -1.174448274558320016e+00
1.473791511845158053e-01 2.300091572553104591e-01 -1.382228779039237354e+00
1.482093104719703069e-01 1.794725448591162897e-01 -1.547910085471160491e+00
1.490394697594248086e-01 1.247368922904171923e-01 -1.668143381230418498e+00
1.498616400772035950e-01 6.796643749229590303e-02 -1.740491208293577508e+00
1.506838103949824093e-01 1.022294534664139505e-02 -1.765732250987191776e+00
1.515059807127611957e-01 -4.696026587459645879e-02 -1.744527382299068563e+00
1.523205105585085095e-01 -1.016262250513855631e-01 -1.679513983192826743e+00
1.531350404042559066e-01 -1.529928663789561771e-01 -1.573524245131354027e+00
1.539495702500031926e-01 -1.998750389618698942e-01 -1.430271895797053716e+00
1.547567892028325898e-01 -2.408981927764521913e-01 -1.255930143480827210e+00
1.555640081556619037e-01 -2.756642290418552799e-01 -1.054332557543832039e+00
1.563712271084913008e-01 -3.035109623634019149e-01 -8.308735557900001067e-01
1.571714424761531115e-01 -3.238141232630802890e-01 -5.932869526702561069e-01
1.579716578438148944e-01 -3.365519563743378795e-01 -3.451574199429852663e-01
1.587718732114765940e-01 -3.416108645248099318e-01 -9.259820922867906257e-02
1.593682299859416895e-01 -3.404220876466287904e-01 9.463394957925133633e-02
1.599645867604068128e-01 -3.351046709430095527e-01 2.780780395561738838e-01
1.607548172773561879e-01 -3.219747365931401872e-01 5.119631340796271246e-01
1.615450477943055907e-01 -3.023148361615316526e-01 7.322695377959796970e-01
1.623352783112549935e-01 -2.766696411337635220e-01 9.350488434458289477e-01
1.631192240213278077e-01 -2.459535549452223080e-01 1.114916839068483601e+00
1.639031697314005942e-01 -2.107113331407101386e-01 1.270343090389688845e+00
1.646871154414734917e-01 -1.717364136631130411e-01 1.398789449200043444e+00
1.654650075841770929e-01 -1.302016092228560629e-01 1.497689149708742784e+00
1.662428997268806941e-01 -8.667171557606273558e-02 1.566864845754016633e+00
1.670207918695844063e-01 -4.200982082867938533e-02 1.605652544800379111e+00
1.677928708154781123e-01 2.592534721394585632e-03 1.614028897534236950e+00
1.685649497613717074e-01 4.664588785343510430e-02 1.592824294151689468e+00
1.693370287072654135e-01 8.936439418768749032e-02 1.542997665750583725e+00
1.699128959626282909e-01 1.199358985783666454e-01 1.488163575950277151e+00
1.704887632179911960e-01 1.490697995895685912e-01 1.419247912333836625e+00
1.712525425599212003e-01 1.850305984184313079e-01 1.307812937169212653e+00
1.720163219018512046e-01 2.174627156014530549e-01 1.175305677359101963e+00
1.727801012437812922e-01 2.458851158450992835e-01 1.024148476278566200e+00
1.735386115400147089e-01 2.697470434415182861e-01 8.585708119718561404e-01
1.742971218362479868e-01 2.889504260974120053e-01 6.806693698873926834e-01
1.750556321324814035e-01 3.032727957771185201e-01 4.935846377782094896e-01
1.758090734592840931e-01 3.125315426373302397e-01 3.018117965510259681e-01
1.765625147860866995e-01 3.167862149899586810e-01 1.072764633021973252e-01
1.773159561128893891e-01 3.160643852756792604e-01 -8.692779443761457225e-02
1.780645185463007873e-01 3.105213701713883112e-01 -2.765913504758243380e-01
1.788130809797122134e-01 3.003406763755332443e-01 -4.601638895656436912e-01
1.795616434131235006e-01 2.857595833851636624e-01 -6.350046136267454289e-01
1.806774417515888131e-01 2.565643990582208711e-01 -8.739001071171802471e-01
1.817932400900540979e-01 2.194744788320062145e-01 -1.081043305821252520e+00
1.829022533861615063e-01 1.761628867538636567e-01 -1.249745152879969456e+00
1.840112666822688869e-01 1.279448757038776918e-01 -1.377061050062958980e+00
1.851137424986991076e-01 7.674036040706723460e-02 -1.459776846423728625e+00
1.862162183151294115e-01 2.390225272451293459e-02 -1.497379728017707023e+00
1.873123941815151017e-01 -2.865975312651860077e-02 -1.490043678180506648e+00
1.884085700479007919e-01 -7.971493292148587595e-02 -1.439416696527892503e+00
1.894986740814197101e-01 -1.275782807315201384e-01 -1.348608932924439729e+00
1.905887781149386007e-01 -1.712614333090080876e-01 -1.220969081946505108e+00
1.916730272722124984e-01 -2.094601503662881781e-01 -1.061837887272099934e+00
1.927572764294863961e-01 -2.415035180347841481e-01 -8.756902422868769742e-01
1.938358801601320902e-01 -2.665595758868235521e-01 -6.692617409619169289e-01
1.949144838907778954e-01 -2.843051211653063182e-01 -4.475553294193274079e-01
1.959876440525072094e-01 -2.944095454148294433e-01 -2.178536337310838233e-01
1.970608042142364125e-01 -2.968884287801674127e-01 1.486775602876816774e-02
1.981287147275558047e-01 -2.918873321854184577e-01 2.435670057652877529e-01
1.991966252408751137e-01 -2.797199375091922735e-01 4.637782923582561279e-01
2.002594720445023124e-01 -2.609398565212910359e-01 6.693538427345455677e-01
2.013223188481295112e-01 -2.360956027959261183e-01 8.567019045314691050e-01
2.023802826740382921e-01 -2.060516264124917507e-01 1.021038963644793185e+00
2.034382464999472118e-01 -1.715155156936243319e-01 1.159873911041214845e+00
2.044915009253560068e-01 -1.335504177023793260e-01 1.270073115582953660e+00
2.055447553507646907e-01 -9.294343563369289463e-02 1.350350179021794217e+00
2.065934679926554884e-01 -5.084146887272460863e-02 1.399327550867511594e+00
2.076421806345462029e-01 -8.035060659788231113e-03 1.416912076829819345e+00
2.086865129960230880e-01 3.435238042897856281e-02 1.403416746103202106e+00
2.097308453575000009e-01 7.559332108418498342e-02 1.359823170180969321e+00
2.107709537672242117e-01 1.146787922455818759e-01 1.287912442152898684e+00
2.118110621769483948e-01 1.509958083586617483e-01 1.189517919864455875e+00
2.128480599636951021e-01 1.837511979631495929e-01 1.067759753444137871e+00
2.138821136186860039e-01 2.123804608287913898e-01 9.257218574173597947e-01
2.149161672736769058e-01 2.364760530722550824e-01 7.659235500593467583e-01
2.159459665261461991e-01 2.555682546524198351e-01 5.929697611721639339e-01
2.169742753085213971e-01 2.694654255461698678e-01 4.102094214944168038e-01
2.180025840908965951e-01 2.780193408742147043e-01 2.207399526802965861e-01
2.190272457378873994e-01 2.811516507392361475e-01 2.904048906293949656e-02
2.200519073848782037e-01 2.789313042867345160e-01 -1.618186634147589231e-01
2.210737515503453099e-01 2.715153938423651714e-01 -3.477535202644870260e-01
2.220955957158123883e-01 2.591270518079483165e-01 -5.259025582975412894e-01
2.231133728053782961e-01 2.421504426611670313e-01 -6.924786718218378656e-01
2.241311498949442038e-01 2.209263413056297698e-01 -8.453614201377744886e-01
2.251456680358785989e-01 1.959869120964900513e-01 -9.816336421457103611e-01
2.261601861768129940e-01 1.677690316563087425e-01 -1.099650104790014238e+00
2.271708474868849026e-01 1.369407365521031761e-01 -1.197072761021141574e+00
2.281814321068081908e-01 1.039798543889980803e-01 -1.273035241100432868e+00
2.291920167267315067e-01 6.948087341874197020e-02 -1.326703907742925459e+00
2.301989120822834911e-01 3.418130408447488111e-02 -1.357374731704685367e+00
2.312058074378355865e-01 -1.438477719068322752e-03 -1.365067729919971384e+00
2.322098544924325048e-01 -3.668409584394673878e-02 -1.350041425223138081e+00
2.332139015470293120e-01 -7.108286004342886932e-02 -1.312904765742617608e+00
2.342152100895429911e-01 -1.040007616133918344e-01 -1.254748247556529694e+00
2.352165186320565871e-01 -1.350247754006931034e-01 -1.176718871514565334e+00
2.362151954922880881e-01 -1.636164446044550413e-01 -1.080601032136440098e+00
2.372138723525195059e-01 -1.894435994912275489e-01 -9.679702435416174255e-01
2.382100212913642878e-01 -2.120889581733985396e-01 -8.411372010091269225e-01
2.392061702302090975e-01 -2.313155168422886543e-01 -7.019785521162658082e-01
2.401998924915476896e-01 -2.468426014802753143e-01 -5.531350725268752155e-01
2.411936147528863927e-01 -2.585352050550284719e-01 -3.966376009513193912e-01
2.421839272173959001e-01 -2.662511074065982974e-01 -2.356843903376080740e-01
2.431741826801301909e-01 -2.699785592969123904e-01 -7.221133986335283306e-02
2.441644381428645094e-01 -2.697171051915556728e-01 9.155582297884116982e-02
2.451525072457547971e-01 -2.655350957912086529e-01 2.528534649149498104e-01
2.461405763486450016e-01 -2.575465635739375148e-01 4.097226362931812860e-01
2.476169690387302891e-01 -2.389146317002716902e-01 6.307388383655618824e-01
2.490986197616346931e-01 -2.128202516166902980e-01 8.308501961611227671e-01
2.500816239077278125e-01 -1.918491823434648191e-01 9.489068224494419113e-01
2.510646280538209041e-01 -1.683492509171664320e-01 1.053362150419081766e+00
2.520461819638492029e-01 -1.427117353506013320e-01 1.142725556336515957e+00
2.530263942354005202e-01 -1.153162925544083672e-01 1.216052977859893192e+00
2.540066065069517820e-01 -8.651749983119919052e-02 1.272756768991481380e+00
2.549850575566918187e-01 -5.676794610438683220e-02 1.312210724351962732e+00
2.559635086064319109e-01 -2.641925604805592936e-02 1.334201065389862828e+00
2.569380179873769765e-01 4.003409615430371903e-03 1.338643924683322384e+00
2.579152191512413816e-01 3.431118486924391447e-02 1.325762894165758432e+00
2.588903710736741859e-01 6.397350506139738713e-02 1.295978601517550066e+00
2.598655229961069901e-01 9.268564564100496839e-02 1.249836487713459121e+00
2.613230664276363080e-01 1.330253072347070131e-01 1.152278735701031120e+00
2.627870461853180073e-01 1.695596902287017371e-01 1.022722788493091617e+00
2.642403887882019964e-01 2.009571265854362965e-01 8.668635844881394936e-01
2.657003925946191947e-01 2.268395157836899101e-01 6.876782087378764396e-01
2.666698680509819730e-01 2.406095379485035102e-01 5.585185696008626577e-01
2.676393435073449178e-01 2.514726150546769956e-01 4.232165213017428096e-01
2.686075749083224884e-01 2.593250479946823672e-01 2.836071057310788346e-01
2.695758063093001144e-01 2.641238583542054874e-01 1.411915548439606760e-01
2.705412474514743981e-01 2.658464495089865598e-01 -1.896358624675467718e-03
2.715098617210188192e-01 2.645157176365122154e-01 -1.448685960863971278e-01
2.724758040936595127e-01 2.601855401150351965e-01 -2.852823849895456121e-01
2.734417464663002062e-01 2.529366929220079885e-01 -4.220100171997062666e-01
2.744049664315437731e-01 2.429126860160771284e-01 -5.531649552849585705e-01
2.753714841122708035e-01 2.301893400725024685e-01 -6.781399928135105615e-01
2.768122224042693924e-01 2.066637828861137838e-01 -8.491599824538784702e-01
2.782605428606568232e-01 1.780897363154074486e-01 -9.994606694225751653e-01
2.792230898017574736e-01 1.567161736143581063e-01 -1.085785260808951325e+00
2.801856367428581240e-01 1.337393978066498679e-01 -1.160224809661585477e+00
2.811473565508991190e-01 1.094396958940196118e-01 -1.222057880727467127e+00
2.821090763589401140e-01 8.406607274985467004e-02 -1.270825220910284381e+00
2.830682204929131918e-01 5.796417921029761028e-02 -1.306065446328983581e+00
2.840309311037308992e-01 3.124442830716736910e-02 -1.327748593973612223e+00
2.854679267090184935e-01 -8.962074809921720397e-03 -1.334481210185336053e+00
2.869131169026136741e-01 -4.901405663909347288e-02 -1.310640522108965200e+00
2.878724078661420993e-01 -7.497271343606562444e-02 -1.278269404918145113e+00
2.888316988296705801e-01 -1.001108472996582455e-01 -1.233220964027113897e+00
2.897885131602004893e-01 -1.241276072498480737e-01 -1.176233051003037433e+00
2.907490868313554744e-01 -1.469511567681438813e-01 -1.107598121313461581e+00
2.921808661995458078e-01 -1.780962388224866799e-01 -9.859202228509156285e-01
2.936212407457569062e-01 -2.054501490108284756e-01 -8.426859434093024737e-01
2.945767800163460737e-01 -2.211490533362732158e-01 -7.376781252726425375e-01
2.955362094878383750e-01 -2.347758554695330846e-01 -6.255666774790618057e-01
2.964933245974175069e-01 -2.461302968304448779e-01 -5.081766469590538460e-01
2.974504397069965833e-01 -2.551634306018228382e-01 -3.863878594436926939e-01
2.988819926201308208e-01 -2.642052295538244722e-01 -1.987809792489215743e-01
3.003225649590904878e-01 -2.678279678989847756e-01 -6.757837591813551335e-03
3.012768521985618730e-01 -2.672007933336971175e-01 1.203989393692461163e-01
3.022352021590857252e-01 -2.641684983612761495e-01 2.466067273822789285e-01
3.031913095476029274e-01 -2.587937637678780489e-01 3.699292387818253203e-01
3.041474169361201851e-01 -2.511415316501819928e-01 4.896133862827692362e-01
3.051033301085280258e-01 -2.413020115599790183e-01 6.046160296972743486e-01
3.060592432809358110e-01 -2.293795342956824745e-01 7.140013517111517549e-01
3.077228753413188134e-01 -2.040704617224504691e-01 8.881304181095779349e-01
3.093993823933313125e-01 -1.733371723513823515e-01 1.039540355319428677e+00
3.110674284137491807e-01 -1.384123524774709124e-01 1.162786089326082628e+00
3.127486617597647900e-01 -9.978713233560636275e-02 1.256684216301267254e+00
3.146597057555134969e-01 -5.303698330197458705e-02 1.324171796421762970e+00
3.165707857154991811e-01 -4.721555915704491943e-03 1.348760697218265747e+00
3.184822492123998150e-01 4.361820102476608035e-02 1.330555097198777181e+00
3.203937127093003934e-01 9.047190474378420666e-02 1.270987099866440984e+00
3.223053245029371960e-01 1.344362453541610158e-01 1.172746498796618297e+00
3.237393876847550755e-01 1.647802090307015355e-01 1.075778522552216954e+00
3.251734508665731216e-01 1.922913088256867076e-01 9.610517421248275793e-01
3.270859409516935212e-01 2.238202460316196796e-01 7.844767368066912772e-01
3.289988837648503139e-01 2.487730075495513393e-01 5.860114188489756737e-01
3.309123358818485960e-01 2.665447761506790636e-01 3.717778822998817900e-01
3.318692480034560743e-01 2.726224221082007015e-01 2.605539091973669286e-01
3.337835702002405203e-01 2.789672912420284034e-01 3.471073579472751941e-02
3.356990749884776748e-01 2.775868866731581175e-01 -1.909976743683363121e-01
3.376145797767149959e-01 2.686415994252928652e-01 -4.103003978583913969e-01
3.395310173018977751e-01 2.524871358874992699e-01 -6.174845444571684938e-01
3.414482662821387016e-01 2.296612340700202870e-01 -8.072654032803541213e-01
3.428870733729471043e-01 2.085527313926552329e-01 -9.355308930802043177e-01
3.443258804637556181e-01 1.844247785376735282e-01 -1.049669624288918746e+00
3.457657352099121062e-01 1.576398465365850543e-01 -1.148323659579425726e+00
3.472055899560684833e-01 1.286264808075113231e-01 -1.230242261019418359e+00
3.491265623556059072e-01 8.723847266409665013e-02 -1.311915552613383662e+00
3.510485786226508753e-01 4.370377396153275057e-02 -1.360961642274227446e+00
3.524911716782869742e-01 1.025570731520206169e-02 -1.375973388628273453e+00
3.539337647339230730e-01 -2.332295869893532062e-02 -1.372339658588219491e+00
3.553776513800582793e-01 -5.661391231688513853e-02 -1.350375991740000226e+00
3.568215380261933745e-01 -8.915305762136989387e-02 -1.310658680549949384e+00
3.587489468669590731e-01 -1.306679892980605329e-01 -1.231475864588744695e+00
3.606763557077248272e-01 -1.692013542504789692e-01 -1.124600136803843853e+00
3.626063224667718243e-01 -2.039812672859819265e-01 -9.928302786848437478e-01
3.645362892258188769e-01 -2.342468986516967611e-01 -8.397383535294158374e-01
3.664689469915051179e-01 -2.594427699287488731e-01 -6.688713231786984625e-01
3.684016047571914143e-01 -2.790634496625433725e-01 -4.844829440723669722e-01
3.703370865072648788e-01 -2.927973091231592662e-01 -2.904844281924738314e-01
3.722725682573382877e-01 -3.004174811871779815e-01 -9.139569579117490239e-02
3.742110041386200181e-01 -3.018595831978873600e-01 1.088752114178341834e-01
3.761494400199016930e-01 -2.971732982774195064e-01 3.059356537436013213e-01
3.780909480870727757e-01 -2.865240080827722857e-01 4.962016695635663166e-01
3.800324561542439139e-01 -2.702139651481241800e-01 6.757497755517012372e-01
3.819771417800634228e-01 -2.486044253278662242e-01 8.415736012540859790e-01
3.839218274058828761e-01 -2.222087427904559376e-01 9.904857117552896550e-01
3.858697944775816846e-01 -1.915386520818931904e-01 1.120232805274619103e+00
3.878177615492804930e-01 -1.572652376383489869e-01 1.228542643965498726e+00
3.897691117133387229e-01 -1.199990693738204189e-01 1.314010424287448631e+00
3.917204618773967861e-01 -8.050921637504594719e-02 1.375370484237729896e+00
3.941647014547489114e-01 -2.906760460030571175e-02 1.417355522169430504e+00
3.966089410321009256e-01 2.327702182291528643e-02 1.420570382070996507e+00
3.985682178739590187e-01 6.497222907764893529e-02 1.395717136418213933e+00
4.005274947158171117e-01 1.056479379644371386e-01 1.347430925966238258e+00
4.024904064316531249e-01 1.447173194455951273e-01 1.276861593893020119e+00
4.044533181474890271e-01 1.814914334978693089e-01 1.185707253206642164e+00
4.064199206371885142e-01 2.154744053619151722e-01 1.075654774733183272e+00
4.083865231268878904e-01 2.460983829534591771e-01 9.490096063929878145e-01
4.103568695697539792e-01 2.729820152987904591e-01 8.078310917937512325e-01
4.123272160126201236e-01 2.957052330018936637e-01 6.548352876568406256e-01
4.143013596746851213e-01 3.140146891488980740e-01 4.922848026754330086e-01
4.162755033367501190e-01 3.276529753932347910e-01 3.231052127249395833e-01
4.182534987903078205e-01 3.364985677168840783e-01 1.496000713152126904e-01
4.202314942438655776e-01 3.404603086266981826e-01 -2.528842462166546248e-02
4.227096292711439163e-01 3.385549935162406321e-01 -2.423245566489651004e-01
4.251877642984221994e-01 3.291928705241631281e-01 -4.528173638051745664e-01
4.271745802569402173e-01 3.165130091485683361e-01 -6.139904785883787408e-01
4.291613962154581796e-01 2.994784474441656852e-01 -7.660770871646185309e-01
4.311521647704175120e-01 2.783303522902650373e-01 -9.074942618469850064e-01
4.331429333253766778e-01 2.534324134965677544e-01 -1.036286865958290226e+00
4.351376674815624068e-01 2.250983301333845665e-01 -1.151253738416827987e+00
4.371324016377479138e-01 1.937816066609820698e-01 -1.250941811247106905e+00
4.391311183782494187e-01 1.598456848443327027e-01 -1.334559354236488193e+00
4.411298351187508127e-01 1.238047897572409212e-01 -1.401188987077943038e+00
4.431325454458727164e-01 8.604938794215814812e-02 -1.450447874934964521e+00
4.451352557729946757e-01 4.712496982069529911e-02 -1.481955685621692220e+00
4.481444270479484904e-01 -1.244346999920895210e-02 -1.495976263530190309e+00
4.506573177191960933e-01 -6.227616052321208878e-02 -1.477670562625358119e+00
4.531702083904435852e-01 -1.112167064402280470e-01 -1.433109859945341347e+00
4.551848815569788931e-01 -1.492657232694797609e-01 -1.379365175199430027e+00
4.571995547235140900e-01 -1.857998907636148056e-01 -1.310591203679953631e+00
4.592181900033455166e-01 -2.205107727746797586e-01 -1.227676481586903900e+00
4.612368252831767768e-01 -2.529802065178420878e-01 -1.131927301530856189e+00
4.632593922887823235e-01 -2.829529051589354527e-01 -1.024406587470241936e+00
4.652819592943879257e-01 -3.100870522252958117e-01 -9.066548250811711229e-01
4.673084188243976089e-01 -3.341868163357445964e-01 -7.798457283827696651e-01
4.693348783544071812e-01 -3.549955430849924265e-01 -6.456681549447750301e-01
4.713651924405172222e-01 -3.723799806218618391e-01 -5.053446885239458730e-01
4.733955065266273188e-01 -3.861728034392997722e-01 -3.606294947540863993e-01
4.759389023477624270e-01 -3.982468979779030249e-01 -1.755176126277835091e-01
4.784822981688974797e-01 -4.044721530648138219e-01 1.126025385107010286e-02
4.805211256895989269e-01 -4.052412351802994750e-01 1.603806030287433793e-01
4.825599532103003741e-01 -4.022898314794482455e-01 3.074286209715875184e-01
4.846024622203434773e-01 -3.956762183409354150e-01 4.513685595616697688e-01
4.866449712303865804e-01 -3.855068866025013752e-01 5.907144916655955313e-01
4.886910831097662222e-01 -3.718877821688124641e-01 7.245636202458167752e-01
4.907371949891458085e-01 -3.549932706048134490e-01 8.516217383963404775e-01
4.927868267637741106e-01 -3.349693899666153496e-01 9.711411715452771265e-01
4.948364585384024128e-01 -3.120471167922319600e-01 1.082050560949239681e+00
4.989425778493357111e-01 -2.584132482927617991e-01 1.275087671531946798e+00
5.020264094695874313e-01 -2.122333559399326719e-01 1.392816305831227286e+00
5.051138832495274400e-01 -1.619456867527671595e-01 1.485565540576347043e+00
5.092361856145506405e-01 -9.016306651539356121e-02 1.568795115976759913e+00
5.133645520198434342e-01 -1.492758274091005727e-02 1.605372904013469881e+00
5.174987117319133079e-01 6.156461395668342412e-02 1.595978483800065240e+00
5.216383508218596088e-01 1.371930649021546600e-01 1.542594798807267686e+00
5.257831480915519107e-01 2.099695715714538780e-01 1.448324864898399955e+00
5.299327976174466048e-01 2.780844515508217318e-01 1.317192936420939375e+00
5.340869657500283418e-01 3.399414721821517049e-01 1.153941269323691010e+00
5.382452599924625325e-01 3.941833053832612954e-01 9.638294324883884823e-01
5.424072497157466088e-01 4.397082847359440883e-01 7.524395768873692880e-01
5.465725012540574301e-01 4.756781451959640195e-01 5.254939743002486896e-01
5.507405845750824591e-01 5.015172121143548489e-01 2.886911749077271105e-01
5.549110536012068495e-01 5.169045464031840620e-01 4.756330128026895615e-02
5.590834321773656690e-01 5.217602897707138698e-01 -1.926510046509030405e-01
5.643010869630014081e-01 5.132498053112102276e-01 -4.840319776781603078e-01
5.684758978830769527e-01 4.952488385086102340e-01 -7.051627622238544335e-01
5.726509199913500936e-01 4.678806537005708588e-01 -9.114143991831592517e-01
5.768255755389478656e-01 4.318508417324459225e-01 -1.099624777811383236e+00
5.809992666418749563e-01 3.879820057088889662e-01 -1.267249428928531652e+00
5.851713896051653485e-01 3.371868910422083365e-01 -1.412292038334963307e+00
5.882989619740793819e-01 2.951122964386204139e-01 -1.505445909929648662e+00
5.935085681122563850e-01 2.187896756246661689e-01 -1.629507200607285711e+00
5.976721595114997676e-01 1.532168215009551415e-01 -1.700501194445314779e+00
6.018315407075064405e-01 8.477619027655473871e-02 -1.746377996109822917e+00
6.059860031390628121e-01 1.447632315668374164e-02 -1.767658907787750922e+00
6.101348262532020339e-01 -5.671229738868894393e-02 -1.765229939103196033e+00
6.142772761532119263e-01 -1.278707141609684850e-01 -1.740291648438390126e+00
6.184126036405177551e-01 -1.981425132434794234e-01 -1.694308115590646757e+00
6.225400396928169044e-01 -2.667425033515044563e-01 -1.628957528252303444e+00
6.266587955232777452e-01 -3.329633089773809673e-01 -1.546084628827282481e+00
6.307680621340325811e-01 -3.961799164104323756e-01 -1.447655599128610637e+00
6.348670077734064332e-01 -4.558523178592303049e-01 -1.335716266048320167e+00
6.389547727646552877e-01 -5.115264770413391338e-01 -1.212354664193536991e+00
6.430304670771704867e-01 -5.628339190215593257e-01 -1.079668253711090209e+00
6.470931794239351831e-01 -6.094902034508807853e-01 -9.397348867265574723e-01
6.511419830734889169e-01 -6.512922029799419477e-01 -7.945855946621714905e-01
6.551759295578980513e-01 -6.881142635091228588e-01 -6.461788005793956957e-01
6.591940368817645890e-01 -7.199035380860399069e-01 -4.963791590756626015e-01
6.631952816224888636e-01 -7.466747892314234969e-01 -3.469424550010085651e-01
6.671786041264677891e-01 -7.685048672522705182e-01 -1.995050112111183549e-01
6.711429148974273895e-01 -7.855269009551585357e-01 -5.557661666970737518e-02
6.750870927600961524e-01 -7.979243396920505660e-01 8.346385168824788092e-02
6.790099725167971778e-01 -8.059250203857938333e-01 2.163697789859310716e-01
6.829103352717456055e-01 -8.097954134430657147e-01 3.420247668333469826e-01
6.867869018151261384e-01 -8.098351349817752842e-01 4.594361495482032209e-01
6.906383285912754966e-01 -8.063719066475358854e-01 5.677199754107439267e-01
6.944632064204609989e-01 -7.997572030478963256e-01 6.660788503654583304e-01
6.982600501045075347e-01 -7.903625325718032224e-01 7.537800400615836116e-01
7.020272815871985150e-01 -7.785777977645490511e-01 8.301237563771896033e-01
7.038990663650485091e-01 -7.719083262477004492e-01 8.638158216079241392e-01
7.057628000939073498e-01 -7.647936417512527507e-01 8.944175343538715017e-01
7.094655902404470860e-01 -7.494575871585634763e-01 9.460220550124913697e-01
7.131331888985167344e-01 -7.329878919535837145e-01 9.841149740688122094e-01
7.167633315432266894e-01 -7.158383723408858756e-01 1.007789819222914218e+00
7.203534697890988658e-01 -6.984911629536009192e-01 1.015244513031186679e+00
7.239006927315578821e-01 -6.813981516963014684e-01 1.009507502853431271e+00
7.274037472512754343e-01 -6.647854005918854003e-01 1.001404295839294800e+00
7.308631569784361792e-01 -6.486696430379770284e-01 9.935557118945954613e-01
7.342794427454362172e-01 -6.330302317886122854e-01 9.859514127793297389e-01
7.376531370894844342e-01 -6.178479943931074470e-01 9.785815212218701431e-01
7.409847640846142225e-01 -6.031047108956056890e-01 9.714366600758111980e-01
7.442748211369105693e-01 -5.887832474791490078e-01 9.645079600332012726e-01
7.475237974064263824e-01 -5.748673530649934804e-01 9.577869900155417948e-01
7.507321962838469087e-01 -5.613414143744641649e-01 9.512656861649064766e-01
7.539005302043194634e-01 -5.481904564103613486e-01 9.449363426086215823e-01
7.570292970629285412e-01 -5.354002907413263346e-01 9.387916384737627906e-01
7.601189748256973466e-01 -5.229575204050944670e-01 9.328246256103639444e-01
7.631700307096180858e-01 -5.108494237364147317e-01 9.270286894149066814e-01
7.661829280312825174e-01 -4.990638674637678518e-01 9.213975174923397793e-01
7.691581275626218073e-01 -4.875892672253195892e-01 9.159250808667095400e-01
7.720960887207071188e-01 -4.764145392206662888e-01 9.106056166630899229e-01
7.749972707982543119e-01 -4.655290508519415726e-01 9.054336118599055627e-01
7.778621289318303766e-01 -4.549226330089770065e-01 9.004037971927483230e-01
7.806911033824630586e-01 -4.445856477883970426e-01 8.955111528701228396e-01
7.834846171445913887e-01 -4.345089816208381195e-01 8.907508991037810242e-01
7.862430869060449412e-01 -4.246839257640550591e-01 8.861184648766924354e-01
7.889669369237084506e-01 -4.151020555506849674e-01 8.816094543150692076e-01
7.916565982021911418e-01 -4.057552298304548111e-01 8.772196397774222332e-01
7.943124974778934533e-01 -3.966356577046019627e-01 8.729449714982552289e-01
7.969350495080719243e-01 -3.877359236646297780e-01 8.687815808591822231e-01
7.995246585495641156e-01 -3.790489489310623905e-01 8.647257687622055267e-01
8.020817215573190495e-01 -3.705679480109973500e-01 8.607739922750939909e-01
8.046066294762304061e-01 -3.622864091035115641e-01 8.569228549818235230e-01
8.070997653306969388e-01 -3.541980915706490762e-01 8.531691029607422205e-01
8.095615092888481801e-01 -3.462969942736755513e-01 8.495096103135114651e-01
8.119922431475441460e-01 -3.385773255600699749e-01 8.459413666812285459e-01
8.143923505053758394e-01 -3.310335003321634995e-01 8.424614715742068105e-01
8.167622071215497881e-01 -3.236601755696029703e-01 8.390671433067934393e-01
8.191021778306492029e-01 -3.164522516098206006e-01 8.357557176307991442e-01
8.214126187949533087e-01 -3.094048378995855608e-01 8.325246391612036723e-01
8.236938850346046115e-01 -3.025131998929323496e-01 8.293714459252904403e-01
8.259463322523640239e-01 -2.957727420147844288e-01 8.262937628774921217e-01
8.281703138888254490e-01 -2.891790343202693125e-01 8.232893019930211942e-01
8.303661724506571362e-01 -2.827278672330234000e-01 8.203558700355271238e-01
8.325342380230222883e-01 -2.764152542284983305e-01 8.174913661115362773e-01
8.346748353855768521e-01 -2.702373643372374401e-01 8.146937682743901066e-01
8.367882947421915185e-01 -2.641904434065450169e-01 8.119611161696497215e-01
8.388749484008726220e-01 -2.582708257815067299e-01 8.092915129373940974e-01
8.409351219691613144e-01 -2.524749946080160901e-01 8.066831337101503241e-01
8.429691303017050608e-01 -2.467996056043786912e-01 8.041342276038887515e-01
8.449772835243484215e-01 -2.412414448341587137e-01 8.016431069613900728e-01
8.469598912257328971e-01 -2.357973938471872311e-01 7.992081396093100309e-01
8.489172622932020795e-01 -2.304644322739039242e-01 7.968277468603898184e-01
8.508497044538249066e-01 -2.252396458011514391e-01 7.945004018868978557e-01
8.527575229688695302e-01 -2.201202228057501098e-01 7.922246291394156037e-01
8.546410160783932675e-01 -2.151034569802659502e-01 7.899990076496468117e-01
8.565004710086118189e-01 -2.101867575528314214e-01 7.878221735058904551e-01
8.583361673787008872e-01 -2.053676349308644900e-01 7.856928136239086369e-01
8.601483873498577681e-01 -2.006436557100846063e-01 7.836096520391145903e-01
8.619374190156378068e-01 -1.960124207342615055e-01 7.815714447122060760e-01
8.637035513945729992e-01 -1.914715883146045905e-01 7.795769839888269104e-01
8.654470650665438969e-01 -1.870189187900121730e-01 7.776251077318292459e-01
8.671682312272307458e-01 -1.826522789243321954e-01 7.757146985137203243e-01
8.688673159218502917e-01 -1.783696112350040275e-01 7.738446772501852422e-01
8.705445856873960109e-01 -1.741689013699526944e-01 7.720139955803567711e-01
8.722003068198478370e-01 -1.700481822904425788e-01 7.702216355793900515e-01
8.738347418094588592e-01 -1.660055563980147586e-01 7.684666124510760588e-01
8.754481467852704979e-01 -1.620392038905522081e-01 7.667479760241127096e-01
8.770407741766889087e-01 -1.581473616910908930e-01 7.650648066489126320e-01
8.786128771136945126e-01 -1.543282974268871122e-01 7.634162095018135474e-01
8.801647113007132761e-01 -1.505803039639347918e-01 7.618013117685656921e-01
8.816965317742312402e-01 -1.469017181617986445e-01 7.602192652306500875e-01
8.832085878593547434e-01 -1.432909434885834277e-01 7.586692505229104544e-01
8.847011190561783200e-01 -1.397464606516264640e-01 7.571504802867325967e-01
8.861743569071006688e-01 -1.362668143549698452e-01 7.556621961124546649e-01
8.876285293506940288e-01 -1.328505894099094309e-01 7.542036632111240868e-01
8.890638676536581908e-01 -1.294963831285612377e-01 7.527741626860322555e-01
8.904806072870743439e-01 -1.262028001827378565e-01 7.513729901972578951e-01
8.918789864151801527e-01 -1.229684609831471626e-01 7.499994569316972282e-01
8.932592404372767803e-01 -1.197920235526823418e-01 7.486528944253294515e-01
8.946215989640163846e-01 -1.166721983010694519e-01 7.473326567655069752e-01
8.959662842038009778e-01 -1.136077553527166661e-01 7.460381213773434883e-01
8.972935117732897536e-01 -1.105975206270394251e-01 7.447686874542643887e-01
8.986034927209798351e-01 -1.076403641345138884e-01 7.435237733067028287e-01
8.998964354025826839e-01 -1.047351858359734794e-01 7.423028139897221989e-01
9.011725489915097809e-01 -1.018808979315644764e-01 7.411052574676887383e-01
9.024320447860507688e-01 -9.907641791334612091e-02 7.399305630087034125e-01
9.036751353555274591e-01 -9.632067594922907872e-02 7.387782015972995664e-01
9.049020296532450658e-01 -9.361263742499628671e-02 7.376476600669750194e-01
9.061129304280890473e-01 -9.095131430428185504e-02 7.365384429514529874e-01
9.073080357373773941e-01 -8.833575581638151986e-02 7.354500705439390718e-01
9.084875419218813031e-01 -8.576503248293833315e-02 7.343820757174753799e-01
9.096516449412487271e-01 -8.323822932104188443e-02 7.333340023406065278e-01
9.108005396977110202e-01 -8.075444966702099991e-02 7.323054055480451296e-01
9.119344190251117421e-01 -7.831282068485401204e-02 7.312958522877267553e-01
9.130534727752540602e-01 -7.591249642537041542e-02 7.303049217653400094e-01
9.141578874195450677e-01 -7.355265773623187453e-02 7.293322054198363436e-01
9.152478462184302499e-01 -7.123251160358658185e-02 7.283773064145385723e-01
9.163235307136011754e-01 -6.895128022958077474e-02 7.274398379855508967e-01
9.173851213290326045e-01 -6.670820425337747883e-02 7.265194226325677462e-01
9.184327978233862710e-01 -6.450253528584062868e-02 7.256156914470864860e-01
9.194667382392092136e-01 -6.233354122166714917e-02 7.247282847684803908e-01
9.204871184823875119e-01 -6.020050801971248838e-02 7.238568522678159312e-01
9.214941118815067611e-01 -5.810274167931996081e-02 7.230010530504416000e-01
9.224878885587296518e-01 -5.603957029000122131e-02 7.221605559190197310e-01
9.234686156415649050e-01 -5.401034269984790470e-02 7.213350389189264744e-01
9.244364580894727235e-01 -5.201442317484753636e-02 7.205241883952445692e-01
9.253915805410551920e-01 -5.005118279195062275e-02 7.197276972191232192e-01
9.263341472457474746e-01 -4.811999864303428270e-02 7.189452646644449718e-01
9.272643205556930779e-01 -4.622026150310247494e-02 7.181765974696533439e-01
9.281822593195951931e-01 -4.435138486978124073e-02 7.174214109520303806e-01
9.290881192404382150e-01 -4.251280492989815973e-02 7.166794284798715386e-01
9.299820544127295197e-01 -4.070397229129857353e-02 7.159503800035396104e-01
9.308642183379219892e-01 -3.892434354634050075e-02 7.152340010558371208e-01
9.317347637709364472e-01 -3.717337890278842039e-02 7.145300327265065032e-01
9.325938419655581679e-01 -3.545054554666957070e-02 7.138382221227582702e-01
9.334416025644689530e-01 -3.375532050104046444e-02 7.131583222988124859e-01
9.342781940582032263e-01 -3.208719060012726193e-02 7.124900917327404715e-01
9.351037639763524201e-01 -3.044565133979125482e-02 7.118332940319659352e-01
9.359184581932523672e-01 -2.883021049773593775e-02 7.111876983379230577e-01
9.367224180073485673e-01 -2.724040029807246049e-02 7.105530814898652903e-01
9.375157793601903711e-01 -2.567578314768765788e-02 7.099292284384809415e-01
9.382986736089657942e-01 -2.413594634936628083e-02 7.093159314571196861e-01
9.390712321160756826e-01 -2.262048140064064003e-02 7.087129863857298817e-01
9.398335891165293665e-01 -2.112896914621821554e-02 7.081201903159288769e-01
9.405858812974943195e-01 -1.966098009753972434e-02 7.075373418745131149e-01
9.413282457717848661e-01 -1.821608229806913684e-02 7.069642427313213018e-01
9.420608178502133390e-01 -1.679384855146008604e-02 7.064006992342696245e-01
9.427837310928691705e-01 -1.539385732345918169e-02 7.058465222515662996e-01
9.434971161334501089e-01 -1.401570013062744535e-02 7.053015279589514019e-01
9.442010983676487612e-01 -1.265899358269130179e-02 7.047655394777302407e-01
9.448957981803430828e-01 -1.132338053895689915e-02 7.042383865431298684e-01
9.455813325674083947e-01 -1.000851727848482003e-02 7.037199041446008385e-01
9.462578189837917986e-01 -8.714050290329124551e-03 7.032099295114898618e-01
9.469253759203707377e-01 -7.439607575033312624e-03 7.027083016358987022e-01
9.475841219105402002e-01 -6.184808310590172477e-03 7.022148619715323781e-01
9.482341736882211602e-01 -4.949285117018223552e-03 7.017294557478751527e-01
9.488756453742962504e-01 -3.732698375532118428e-03 7.012519324822171773e-01
9.495086488587556328e-01 -2.534735850026978692e-03 7.007821455936338317e-01
9.501332951313513631e-01 -1.355109003199753571e-03 7.003199513267142073e-01
9.507496960826257171e-01 -1.935504349408912882e-04 6.998652073476606672e-01
9.513579651353069044e-01 9.501886595041122681e-04 6.994177722282994836e-01
9.519582165945869034e-01 2.076351138540994366e-03 6.989775058723792789e-01
9.525505625735545268e-01 3.185189027602237065e-03 6.985442717249628064e-01
9.531351118401709677e-01 4.276968749157742701e-03 6.981179375458915759e-01
9.537119697698679399e-01 5.351966740648054707e-03 6.976983753799218535e-01
9.542812403202287630e-01 6.410468035706919088e-03 6.972854600548894499e-01
9.548430270251752061e-01 7.452766552944759849e-03 6.968790684151152659e-01
9.553974327455952986e-01 8.479161300192921552e-03 6.964790794611586122e-01
9.559445589026865919e-01 9.489941913096263532e-03 6.960853748551583120e-01
9.564845050053580877e-01 1.048537536453225498e-02 6.956978392016179846e-01
9.570173690229182295e-01 1.146570606832885905e-02 6.953163597156331033e-01
9.575432481385535155e-01 1.243116620387353481e-02 6.949408256245755977e-01
9.580622389120657667e-01 1.338198574931898782e-02 6.945711280066410032e-01
9.585744372418232295e-01 1.431839540058469327e-02 6.942071597783110448e-01
9.590799381259947909e-01 1.524062415348871255e-02 6.938488158256573834e-01
9.595788354479902749e-01 1.614889621442418266e-02 6.934959931159034863e-01
9.600712216912781205e-01 1.704342867976806411e-02 6.931485908569501309e-01
9.605571877573033657e-01 1.792443108731256105e-02 6.928065105826772818e-01
9.610368233668841187e-01 1.879210754258336946e-02 6.924696558271484781e-01
9.615102176430252445e-01 1.964665940682724238e-02 6.921379316786379077e-01
9.619774592602109431e-01 2.048828621708529557e-02 6.918112446437466589e-01
9.624386363595022198e-01 2.131718568069650502e-02 6.914895026764048547e-01
9.628938363592510763e-01 2.213355347660487041e-02 6.911726152807908807e-01
9.633431459530198415e-01 2.293758320668848674e-02 6.908604934815100185e-01
9.637866510388649610e-01 2.372946503482881164e-02 6.905530498423952945e-01
9.642244362725824747e-01 2.450938304720367070e-02 6.902501987467762889e-01
9.646565852206075986e-01 2.527751579503808091e-02 6.899518562584403547e-01
9.650831808361504116e-01 2.603403913811914647e-02 6.896579397627127239e-01
9.655043054562382210e-01 2.677912709280198117e-02 6.893683679433181277e-01
9.659200402356747928e-01 2.751294971573583353e-02 6.890830611446208120e-01
9.663304647237355161e-01 2.823567085164523094e-02 6.888019416323276634e-01
9.667356570265409621e-01 2.894744899205167754e-02 6.885249334529418563e-01
9.671356950751521797e-01 2.964844171418622859e-02 6.882519615401566648e-01
9.675306568648514016e-01 3.033880705944701217e-02 6.879829515357929193e-01
9.679206204413721704e-01 3.101870349495463447e-02 6.877178297797970075e-01
9.683056632759791116e-01 3.168828925248928091e-02 6.874565237185571442e-01
9.686858619411236049e-01 3.234772226127591299e-02 6.871989621018984584e-01
9.690612920205190495e-01 3.299715965153990349e-02 6.869450750229973979e-01
9.694320280361357067e-01 3.363675596896844450e-02 6.866947939476818474e-01
9.697981436541373013e-01 3.426666224099821773e-02 6.864480515541027117e-01
9.701597119736792285e-01 3.488702720647049449e-02 6.862047815201258727e-01
9.705168057640763957e-01 3.549799905420598922e-02 6.859649183445059029e-01
9.708694969864466451e-01 3.609972469820695029e-02 6.857283976509144230e-01
9.712178563702503764e-01 3.669234781826085506e-02 6.854951564522330232e-01
9.715619532024425409e-01 3.727600797532240606e-02 6.852651332714039256e-01
9.719018559824413872e-01 3.785084428439434295e-02 6.850382676847359686e-01
9.722376334334535963e-01 3.841700030187190223e-02 6.848144996325425948e-01
9.725693544860373185e-01 3.897462437510698652e-02 6.845937694212775870e-01
9.728970879945362249e-01 3.952386769883142054e-02 6.843760179018020251e-01
9.732209017546173957e-01 4.006488137477765693e-02 6.841611871084023466e-01
9.735408623544371531e-01 4.059781630466800101e-02 6.839492203399498704e-01
9.738570353791702328e-01 4.112282415723669815e-02 6.837400620074284285e-01
9.741694855365269357e-01 4.164005660600250680e-02 6.835336575380303037e-01
9.744782765863391205e-01 4.214966343248127689e-02 6.833299534095038652e-01
9.747834712405878399e-01 4.265179156178383613e-02 6.831288971986061442e-01
9.750851311684266554e-01 4.314658599987136051e-02 6.829304375630231849e-01
9.753833174776915804e-01 4.363419256713001876e-02 6.827345239149665845e-01
9.756780908428658305e-01 4.411475858192984850e-02 6.825411063207882378e-01
9.759695114299516971e-01 4.458843222925239907e-02 6.823501355415654279e-01
9.762576389021463408e-01 4.505536426554527379e-02 6.821615630192042756e-01
9.765425324979953858e-01 4.551571095132926625e-02 6.819753408106921100e-01
9.768242509432418785e-01 4.596963497895466266e-02 6.817914216392636506e-01
9.771028522833710150e-01 4.641730310348633759e-02 6.816097589940184331e-01
9.773783933517848910e-01 4.685888042242884050e-02 6.814303074661853810e-01
9.776509296593629550e-01 4.729452708438158098e-02 6.812530228137546606e-01
9.779205156231944862e-01 4.772439903213342854e-02 6.810778618000020712e-01
9.781872047434609918e-01 4.814865037801028397e-02 6.809047820570303111e-01
9.784510495060143587e-01 4.856743527980045966e-02 6.807337421449953796e-01
9.787121011965591588e-01 4.898090772009103255e-02 6.805647016609626121e-01
9.789704097928612070e-01 4.938922086818677698e-02 6.803976212910899379e-01
9.792260248675913603e-01 4.979252949233191339e-02 6.802324622188453684e-01
9.794789964416771300e-01 5.019099274131995359e-02 6.800691855753595583e-01
9.797293750085785957e-01 5.058477478117062720e-02 6.799077524157272068e-01
9.799772111141689113e-01 5.097404184830976043e-02 6.797481239848701673e-01
9.802225538059048393e-01 5.135895533952194308e-02 6.795902627126479967e-01
9.804654503645000574e-01 5.173966437649192562e-02 6.794341323693133816e-01
9.807059465012439858e-01 5.211633307094809542e-02 6.792796979323096895e-01
9.809440869290046994e-01 5.248908200326949519e-02 6.791269252022306135e-01
9.811799158740861504e-01 5.285806574820652026e-02 6.789757804657872153e-01
9.814134771051555850e-01 5.322342555214305826e-02 6.788262304712971984e-01
9.816448139740299172e-01 5.358530043127185394e-02 6.786782423944219822e-01
9.818739695684386426e-01 5.394382624174245272e-02 6.785317837410538289e-01
9.821009867550495320e-01 5.429913337657922556e-02 6.783868223175634204e-01
9.823259081899210488e-01 5.465134700771195203e-02 6.782433262242737460e-01
9.825487766341645113e-01 5.500058745440321306e-02 6.781012636355383538e-01
9.827696354372893461e-01 5.534697087830500739e-02 6.779606024920723506e-01
9.829885289087769706e-01 5.569060991975661318e-02 6.778213102703496418e-01
9.832055018255810852e-01 5.603161178423127220e-02 6.776833542854221459e-01
9.834205977716130587e-01 5.637007364114100111e-02 6.775467027344864723e-01
9.836338588957453943e-01 5.670608121762261283e-02 6.774113248268173182e-01
9.838453264273652188e-01 5.703970984797235300e-02 6.772771904617952421e-01
9.840550431756610594e-01 5.737102946349473265e-02 6.771442686574909997e-01
9.842630544299338924e-01 5.770010723697083233e-02 6.770125269772808707e-01
9.844694079699815026e-01 5.802700674923983587e-02 6.768819315165106598e-01
9.846741527711339037e-01 5.835178221972096846e-02 6.767524477366588798e-01
9.848773386240422534e-01 5.867447450732505426e-02 6.766240406995334133e-01
9.850790165882933325e-01 5.899511316008510670e-02 6.764966747653563539e-01
9.852792397559874127e-01 5.931372385764412114e-02 6.763703131053283579e-01
9.854780637322345660e-01 5.963033404593669901e-02 6.762449173866657004e-01
9.856755468082143423e-01 5.994497208061594362e-02 6.761204476589273149e-01
9.858717495053704871e-01 6.025766138542290595e-02 6.759968626460562957e-01
9.860667343401825491e-01 6.056842596409826862e-02 6.758741199188681437e-01
9.862605662335471868e-01 6.087725107675216740e-02 6.757521756072482066e-01
9.864533145194630537e-01 6.118416963521364216e-02 6.756309831410772793e-01
9.866450541503118954e-01 6.148919911767522506e-02 6.755104925252419790e-01
9.867880381885917318e-01 6.171639628466928790e-02 6.754206831087843366e-01
9.869309532600107904e-01 6.194321236633477945e-02 6.753309526807385055e-01
9.871205341790296739e-01 6.224358973611441442e-02 6.752119763207017344e-01
9.872620466585018129e-01 6.246735597302523896e-02 6.751232052560416363e-01
9.874036170961336678e-01 6.269077522011196058e-02 6.750344299552578642e-01
9.875916216718324536e-01 6.298671322692987740e-02 6.749165849925194971e-01
9.877556032248382412e-01 6.324401379531725820e-02 6.748138411926611901e-01
9.878728339090028232e-01 6.342743298082181846e-02 6.747404131215619660e-01
9.880364164951689343e-01 6.368258328768924836e-02 6.746379839162527370e-01
9.881766700670048253e-01 6.390053721397830067e-02 6.745501905721517089e-01
9.882701561032216642e-01 6.404536689009301953e-02 6.744916857197399418e-01
9.884161744165290697e-01 6.427082533537815945e-02 6.744003265741179698e-01
9.885274938018725477e-01 6.444205079564012395e-02 6.743306939721808169e-01
9.886441702430321943e-01 6.462087178645375962e-02 6.742577249470790290e-01
9.887615048409820195e-01 6.480000497815772975e-02 6.741843585038052034e-01
9.888671405303265383e-01 6.496065173501147649e-02 6.741183185645133191e-01
9.889964814527246739e-01 6.515650607255023263e-02 6.740374727080088446e-01
9.891379956535801821e-01 6.536967416844463585e-02 6.739490338478537623e-01
9.892563647329785104e-01 6.554702982887126994e-02 6.738750711266920934e-01
9.893750463211569146e-01 6.572394929435364241e-02 6.738009226853085565e-01
9.894943121748573933e-01 6.590079478655981593e-02 6.737264177140708243e-01
9.896140207055634797e-01 6.607730871624327429e-02 6.736516435834888350e-01
9.897159914823099314e-01 6.622686598789880030e-02 6.735879539364197921e-01
9.898434705941348000e-01 6.641276991280324615e-02 6.735083370810739378e-01
9.899375585064562610e-01 6.654920741214252755e-02 6.734495772338222608e-01
9.900878310668779214e-01 6.676572675782574406e-02 6.733557315331074600e-01
9.901743200970993808e-01 6.688955157816968422e-02 6.733017192867316592e-01
9.902609137873940037e-01 6.701293454511375591e-02 6.732476412426152690e-01
9.903612026626938958e-01 6.715508484323795546e-02 6.731850090575798307e-01
9.904874739384739168e-01 6.733289671145305244e-02 6.731061466356390577e-01
9.905894425236058121e-01 6.747552059849074024e-02 6.730424579073093216e-01
9.907182233334840271e-01 6.765439009854493091e-02 6.729620147165058519e-01
9.907962672147299088e-01 6.776210473895996622e-02 6.729132591422275489e-01
9.909212141403226370e-01 6.793347738526331336e-02 6.728351921213655551e-01
9.910108377596256179e-01 6.805558827773461328e-02 6.727791860785358180e-01
9.911016878566011323e-01 6.817867832639465386e-02 6.727224046277203717e-01
9.912137238991562960e-01 6.832951810499192369e-02 6.726523677258317013e-01
9.913000989104370220e-01 6.844508783380057193e-02 6.725983601880458629e-01
9.913838631252052114e-01 6.855656194764972455e-02 6.725459739009992388e-01
9.914506465589315587e-01 6.864501218528132331e-02 6.725041988012403493e-01
9.915146713824002367e-01 6.872945617627873593e-02 6.724641415313246107e-01
9.916340109879260289e-01 6.888593317478645950e-02 6.723894543468426077e-01
9.917072197375820242e-01 6.898133237755962877e-02 6.723436220225796900e-01
9.918113459853242775e-01 6.911624892096643324e-02 6.722784114873506800e-01
9.918788921488236321e-01 6.920329448366518976e-02 6.722360945570872159e-01
9.919787124284612512e-01 6.933125645081790467e-02 6.721735345641018933e-01
9.920446367295224777e-01 6.941533334868758842e-02 6.721322014266862821e-01
9.921335618592820316e-01 6.952820893309863415e-02 6.720764247393505864e-01
9.922483388488775313e-01 6.967299263266801823e-02 6.720043917536672184e-01
9.923140323712106303e-01 6.975539776630788891e-02 6.719631406123161010e-01
9.923808176287334248e-01 6.983882986212840149e-02 6.719211860218655685e-01
9.924653149416101661e-01 6.994390085248393396e-02 6.718680772581320237e-01
9.925519742114751187e-01 7.005109702069259314e-02 6.718135757593577395e-01
9.926400143689063649e-01 7.015942437005376342e-02 6.717581682444541125e-01
9.927300306504682759e-01 7.026959638118018825e-02 6.717014752488584817e-01
9.928223552515691441e-01 7.038198618036273224e-02 6.716432815423913905e-01
9.928790071570852138e-01 7.045065326673632944e-02 6.716075479626568701e-01
9.929749283407137694e-01 7.056641138326402718e-02 6.715469992539828681e-01
9.930338309415541742e-01 7.063718049692968570e-02 6.715097878511766538e-01
9.931134822473388635e-01 7.073249675330700592e-02 6.714594301832538248e-01
9.931957520679123297e-01 7.083048269028580091e-02 6.714073681615639888e-01
9.932581794112547158e-01 7.090451656204223296e-02 6.713678279505319590e-01
9.933222453859934520e-01 7.098021282904325158e-02 6.713272169931473465e-01
9.934096186032961295e-01 7.108299038824750227e-02 6.712717754293948680e-01
9.934541404540199183e-01 7.113516124087447545e-02 6.712434984753757883e-01
9.935457954224757859e-01 7.124214701523869098e-02 6.711852277480043760e-01
9.936160469382104843e-01 7.132376994599504139e-02 6.711405086641554218e-01
9.936880935992783437e-01 7.140712774156925124e-02 6.710945938985359849e-01
9.937495894572796473e-01 7.147799256712791816e-02 6.710553586084314626e-01
9.938121488219817667e-01 7.154981119164685599e-02 6.710154008325837083e-01
9.939160796672812381e-01 7.166850076977521189e-02 6.709489153602564704e-01
9.939694945657114866e-01 7.172918960321890414e-02 6.709146927193201382e-01
9.940375730092885220e-01 7.180623556919007999e-02 6.708710209303041516e-01
9.941079133971814086e-01 7.188548657450886947e-02 6.708258314649292453e-01
9.941512836844985657e-01 7.193417177552965946e-02 6.707979335392496578e-01
9.942245924467123519e-01 7.201615892846817413e-02 6.707507143915453218e-01
9.942849783485653292e-01 7.208340316819709936e-02 6.707117568208009750e-01
9.943630951281491326e-01 7.216999457247982863e-02 6.706612730528425104e-01
9.944439687478419110e-01 7.225914913211632651e-02 6.706088987474488894e-01
9.944937414949477361e-01 7.231375892742498979e-02 6.705766078577574119e-01
9.945448254080581085e-01 7.236960369322587017e-02 6.705434187443125582e-01
9.946141837795062779e-01 7.244509858587032392e-02 6.704982766447917797e-01
9.946679242963347711e-01 7.250333337746125983e-02 6.704632334787943293e-01
9.947232555508067620e-01 7.256305649241738542e-02 6.704270904383259344e-01
9.947802947091887171e-01 7.262437248204935136e-02 6.703897627799241254e-01
9.948193345282794198e-01 7.266619183055882114e-02 6.703641724554767478e-01
9.948788033927520313e-01 7.272966088028127996e-02 6.703251234331106811e-01
9.949193304565996376e-01 7.277274882878689843e-02 6.702984637585643890e-01
9.949819063874423275e-01 7.283900706593990360e-02 6.702572199027796440e-01
9.950248963278948144e-01 7.288433330841836977e-02 6.702288268920644221e-01
9.950914392447394174e-01 7.295417656187305755e-02 6.701847808617285018e-01
9.951257033035670885e-01 7.298999215312999833e-02 6.701620530218098670e-01
9.951843888488717260e-01 7.305110772488739024e-02 6.701230478795120460e-01
9.952322115084688559e-01 7.310070229514462059e-02 6.700911871179420221e-01
9.952814503025246839e-01 7.315156979065524923e-02 6.700583093435286131e-01
9.953322073685838545e-01 7.320379728089930482e-02 6.700243368090919027e-01
9.953845960308196350e-01 7.325747856877988518e-02 6.699891826746485757e-01
9.954519586706931378e-01 7.332615529671492050e-02 6.699438412017961753e-01
9.954937886889216880e-01 7.336859808399258387e-02 6.699156032750400724e-01
9.955367586705249350e-01 7.341203554794388519e-02 6.698865276224377219e-01
9.955809446208156999e-01 7.345653604781994528e-02 6.698565546904943213e-01
9.956414875400296793e-01 7.351724184714716892e-02 6.698153590354344322e-01
9.956882115261579402e-01 7.356388394126354979e-02 6.697834617172279126e-01
9.957364305507077074e-01 7.361183025079942599e-02 6.697504445008531926e-01
9.957694647789196996e-01 7.364456818834298757e-02 6.697277645895696185e-01
9.958204391530577348e-01 7.369490752752842766e-02 6.696926683199324604e-01
9.958554331825923978e-01 7.372933753605874496e-02 6.696685023791218994e-01
9.959095524598978733e-01 7.378237524198459629e-02 6.696310089089603235e-01
9.959562594527735513e-01 7.382794409343174102e-02 6.695985287097314664e-01
9.960045505597787674e-01 7.387485842718252704e-02 6.695648234147573152e-01
9.960343411253066437e-01 7.390370200983030491e-02 6.695439659472347538e-01
9.960854494326569775e-01 7.395302109648159428e-02 6.695080640907221659e-01
9.961277448285118519e-01 7.399368291287908295e-02 6.694782352138125558e-01
9.961713919593757627e-01 7.403550054430410587e-02 6.694473369968280130e-01
9.962161918280310058e-01 7.407826898446218111e-02 6.694154955673291552e-01
9.962505693319740896e-01 7.411097753579655445e-02 6.693909712425426539e-01
9.962858572444537320e-01 7.414445030632280109e-02 6.693657128902383846e-01
9.963221125104277931e-01 7.417873218916831712e-02 6.693396700700178226e-01
9.963593986330890884e-01 7.421387501597195846e-02 6.693127863302407166e-01
9.963977866504906133e-01 7.424994017582060846e-02 6.692849982472850456e-01
9.964373559441993544e-01 7.428699602726208939e-02 6.692562345478952901e-01
9.964644356591672025e-01 7.431228893166699767e-02 6.692364770482802649e-01
9.965061743102501257e-01 7.435117055474636805e-02 6.692059050535721365e-01
9.965347929889251111e-01 7.437775829811524297e-02 6.691848567206729603e-01
9.965789926785999508e-01 7.441870345350835858e-02 6.691522064967084793e-01
9.966093636738425632e-01 7.444675335510614334e-02 6.691296678019903466e-01
9.966559567315705914e-01 7.448964669349592005e-02 6.690949203236489229e-01
9.966880427217708061e-01 7.451908604408055692e-02 6.690708674520566834e-01
9.967378328212044281e-01 7.456461207096888588e-02 6.690333345077134064e-01
9.967809783515868549e-01 7.460391583529890625e-02 6.690005970727492812e-01
9.968257684029371291e-01 7.464458019427099023e-02 6.689663935981482457e-01
9.968534955838771472e-01 7.466968784465369269e-02 6.689451044305936289e-01
9.969012406558794837e-01 7.471280754233215748e-02 6.689082306325079275e-01
9.969308756731882770e-01 7.473949459907214266e-02 6.688852015029962406e-01
9.969613046775022136e-01 7.476683272580736395e-02 6.688614383733679780e-01
9.969925771600518516e-01 7.479486102176996498e-02 6.688368891345276568e-01
9.970247479264872092e-01 7.482362335681679022e-02 6.688114956622887020e-01
9.970691443777704999e-01 7.486319993371896853e-02 6.687762121870096665e-01
9.971036607767090887e-01 7.489387904244167171e-02 6.687485811921158874e-01
9.971393088047536546e-01 7.492548626908264453e-02 6.687198543840824350e-01
9.971637472447061334e-01 7.494711288407147898e-02 6.687000457002383325e-01
9.972014842903836884e-01 7.498044498030294325e-02 6.686692681414613260e-01
9.972274093111264115e-01 7.500329785086237711e-02 6.686479864098232584e-01
9.972575290295068173e-01 7.502979907835080620e-02 6.686231156739175230e-01
9.972922000224022643e-01 7.506023717229226566e-02 6.685942865221295994e-01
9.973280657224116164e-01 7.509164418700567389e-02 6.685642300570915353e-01
9.973558081309227275e-01 7.511588257263344948e-02 6.685408121462560471e-01
9.973843238065247530e-01 7.514075017580880422e-02 6.685165830278841925e-01
9.974136641173761975e-01 7.516629232203231314e-02 6.684914805665203019e-01
9.974438858290636256e-01 7.519255826886207805e-02 6.684654353216470390e-01
9.974750515538618467e-01 7.521960318822329405e-02 6.684383694994406877e-01
9.975181926553605694e-01 7.525696936634113099e-02 6.684005436784354881e-01
9.975404964969021293e-01 7.527625199973228542e-02 6.683808173316395651e-01
9.975740710655780497e-01 7.530523253385414117e-02 6.683508956286300373e-01
9.976084019075507348e-01 7.533480516085531986e-02 6.683200073860232626e-01
9.976319905302465374e-01 7.535508888462187638e-02 6.682986065841424184e-01
9.976685048465973038e-01 7.538643729188852782e-02 6.682651842510944906e-01
9.976936576052695127e-01 7.540800077469271556e-02 6.682419461466169164e-01
9.977327010428558296e-01 7.544143055117155661e-02 6.682055147135379514e-01
9.977596755686080066e-01 7.546449809569284739e-02 6.681800794166410373e-01
9.977874647642224204e-01 7.548823796457791724e-02 6.681536410019118799e-01
9.978161248682079210e-01 7.551269553077666341e-02 6.681261155677459262e-01
9.978457182292497230e-01 7.553791791046381154e-02 6.680974084257949031e-01
9.978685681051390199e-01 7.555736941508878202e-02 6.680750375418962328e-01
9.978920154480180882e-01 7.557731061760637747e-02 6.680518901187458836e-01
9.979242710965282592e-01 7.560471551277635205e-02 6.680197203222079105e-01
9.979408528064854789e-01 7.561879334064748603e-02 6.680030310238520563e-01
9.979749878048177480e-01 7.564775883642584076e-02 6.679683407793128858e-01
9.979925724695731803e-01 7.566267429673573242e-02 6.679502893082166493e-01
9.980288529745338089e-01 7.569343702951583652e-02 6.679126444381096039e-01
9.980475867178884020e-01 7.570931497751492989e-02 6.678929870660404999e-01
9.980764821692650335e-01 7.573379716474931689e-02 6.678623643418482025e-01
9.981063982578021188e-01 7.575913087923828726e-02 6.678302590524486382e-01
9.981269508387591305e-01 7.577652671009865726e-02 6.678079575457168682e-01
9.981587598926524585e-01 7.580344175910960769e-02 6.677730353316619905e-01
9.981806669382242703e-01 7.582197532868692469e-02 6.677486876167856300e-01
9.982031749578805790e-01 7.584101999826897700e-02 6.677234124626615364e-01
9.982381475806171300e-01 7.587062584672671361e-02 6.676836015958956816e-01
9.982623346236442208e-01 7.589111138568128967e-02 6.676556699836901920e-01
9.982872737916601569e-01 7.591224309625208000e-02 6.676265157874381462e-01
9.983130182164108302e-01 7.593406725885301634e-02 6.675960295978903281e-01
9.983396273700049228e-01 7.595663502643659748e-02 6.675640868549556073e-01
9.983671684421697723e-01 7.598000655812500725e-02 6.675305448265707042e-01
9.983957179697369178e-01 7.600425434549040737e-02 6.674952390165562743e-01
9.984253637137215920e-01 7.602946217104165905e-02 6.674579784965590790e-01
9.984406293963175028e-01 7.604245712445650840e-02 6.674385455100209086e-01
9.984641183739834114e-01 7.606247742577523785e-02 6.674083084148516587e-01
9.984883613646687861e-01 7.608317593303025317e-02 6.673766601575618074e-01
9.985219528053926874e-01 7.611191349829821151e-02 6.673320385677746769e-01
9.985393346580382357e-01 7.612680842305444284e-02 6.673085834418381879e-01
9.985661963323834156e-01 7.614986562681090587e-02 6.672718278545837212e-01
9.985940768752048502e-01 7.617385102535130514e-02 6.672330008404763202e-01
9.986132751984105882e-01 7.619040239828986372e-02 6.672058489530457992e-01
9.986430633305444227e-01 7.621615270674973741e-02 6.671630258990879359e-01
9.986636340980088455e-01 7.623398883853935160e-02 6.671329430778818459e-01
9.986848179599125963e-01 7.625240851517268992e-02 6.671015130698225715e-01
9.987178338722532134e-01 7.628122858024555253e-02 6.670515818756340698e-01
9.987349444046859093e-01 7.629621665498287353e-02 6.670252315982120317e-01
9.987524851726983233e-01 7.631162099222385531e-02 6.669978715423997562e-01
9.987765844015680239e-01 7.633285588074091577e-02 6.669596903649880337e-01
9.988015577918140098e-01 7.635495346467335853e-02 6.669193760481898492e-01
9.988274800149772314e-01 7.637800058790167324e-02 6.668766934645866673e-01
9.988544362552871370e-01 7.640209845820826462e-02 6.668313682690405475e-01
9.988753905693313895e-01 7.642093078517099569e-02 6.667954464335829057e-01
9.988970266660069930e-01 7.644047596448794168e-02 6.667577004198920188e-01
9.989270221423027785e-01 7.646775115952340884e-02 6.667042234950885105e-01
9.989504550052760168e-01 7.648920630155370270e-02 6.666614742558473194e-01
9.989747628014434833e-01 7.651161034884108869e-02 6.666161872542544220e-01
9.990051947931041232e-01 7.653989215775075516e-02 6.665580795400313230e-01
9.990263205772492716e-01 7.655968914720968910e-02 6.665167770558558802e-01
9.990481762035228197e-01 7.658032685511272086e-02 6.664731835639504665e-01
9.990785530834477290e-01 7.660929923006117026e-02 6.664110725710364891e-01
9.991023505581886344e-01 7.663224119878860041e-02 6.663611150031515384e-01
9.991271012511192540e-01 7.665634570209436949e-02 6.663078845972557618e-01
9.991528929002418957e-01 7.668174780906732158e-02 6.662509678039811867e-01
9.991798280720175507e-01 7.670860936557508114e-02 6.661898720740785373e-01
9.991984794926396241e-01 7.672742403841849301e-02 6.661465288378234373e-01
9.992177328124328684e-01 7.674704734366745440e-02 6.661008629966008732e-01
9.992478392564185796e-01 7.677817629273024636e-02 6.660274938237069620e-01
9.992688036569071786e-01 7.680018660567443367e-02 6.659749120149792700e-01
9.992905497192673403e-01 7.682333032307470111e-02 6.659190102209424644e-01
9.993131439165223728e-01 7.684773456899676725e-02 6.658593888960960827e-01
9.993247827739355493e-01 7.686045553822128118e-02 6.658280364954256569e-01
9.993487959678186705e-01 7.688705220016384123e-02 6.657619271421939544e-01
9.993674973098491954e-01 7.690810988096982714e-02 6.657090524073301374e-01
9.993868412429605108e-01 7.693023162603981890e-02 6.656530248650498471e-01
9.994068783400280598e-01 7.695353679346854381e-02 6.655934915039546373e-01
9.994276648665150198e-01 7.697816203699799076e-02 6.655300373672857761e-01
9.994492639380627708e-01 7.700426500936914664e-02 6.654621700803166062e-01
9.994641497712507539e-01 7.702257931125154611e-02 6.654141846260396287e-01
9.994872678435071656e-01 7.705159026617522389e-02 6.653376019498890015e-01
9.995032449859110324e-01 7.707206682570945377e-02 6.652831212097376490e-01
9.995197091961360858e-01 7.709355990620117560e-02 6.652255827490974882e-01
9.995366937452522249e-01 7.711617795333848557e-02 6.651646637585290067e-01
9.995542352050760249e-01 7.714004236578386742e-02 6.650999860330928382e-01
9.995632269244164592e-01 7.715248443725156169e-02 6.650660992338893740e-01
9.995816803494208536e-01 7.717849786046702965e-02 6.649949284024394558e-01
9.996007985421709874e-01 7.720616418237727374e-02 6.649187175537341066e-01
9.996106220069089776e-01 7.722067966389370430e-02 6.648785022243315357e-01
9.996308346586166849e-01 7.725124182748042967e-02 6.647933577922496839e-01
9.996412368419599348e-01 7.726735318536012698e-02 6.647481727557827957e-01
9.996572341019539509e-01 7.729267889164626038e-02 6.646767429729778520e-01
9.996654165764250477e-01 7.730590197881859194e-02 6.646392248212973364e-01
9.996737268852544656e-01 7.731952916731821279e-02 6.646004016363370459e-01
9.996907478591154916e-01 7.734810239584601066e-02 6.645184841489961691e-01
9.997083254080765258e-01 7.737860806170374084e-02 6.644300872830853910e-01
9.997203659123680142e-01 7.740013579646061459e-02 6.643669897679895797e-01
9.997295716088870909e-01 7.741696815964463352e-02 6.643171894301399538e-01
9.997389315847620139e-01 7.743443541375241712e-02 6.642650360993741510e-01
9.997484485856261704e-01 7.745258170150139121e-02 6.642102793845082731e-01
9.997581247233376933e-01 7.747145490720228067e-02 6.641526211758620457e-01
9.997679612228204116e-01 7.749110645508548723e-02 6.640916959976760348e-01
9.997739394289327786e-01 7.750329190149685132e-02 6.640533904358756345e-01
9.997820000854189537e-01 7.752002937619488498e-02 6.640000714396137038e-01
9.997929051550846768e-01 7.754326881097882429e-02 6.639245155303516999e-01
9.997984214594728414e-01 7.755529927855588090e-02 6.638845860100190954e-01
9.998039795735214064e-01 7.756761822231206249e-02 6.638430932878546242e-01
9.998095779159665852e-01 7.758023461224010375e-02 6.637999559796470272e-01
9.998208912998742814e-01 7.760640382884176347e-02 6.637084820288347009e-01
9.998265973426959663e-01 7.761995771166167735e-02 6.636602148281532942e-01
9.998323339786087116e-01 7.763383498994100296e-02 6.636105337997736386e-01
9.998380985682069344e-01 7.764803885769609726e-02 6.635599254530676339e-01
9.998467947419584778e-01 7.766996249322433155e-02 6.634854496871336327e-01
9.998526250026127382e-01 7.768499293066009892e-02 6.634384733178229077e-01
9.998555514960351109e-01 7.769263640462982512e-02 6.634167196482899653e-01
9.998614299637414993e-01 7.770818445085041215e-02 6.633772400154093196e-01
9.998643847881024671e-01 7.771609634734581717e-02 6.633597348196940136e-01
9.998673512895481785e-01 7.772410311191574328e-02 6.633437422329955258e-01
9.998733233069112547e-01 7.774041115218058295e-02 6.633161146819682719e-01
9.998793574077052826e-01 7.775714236154669667e-02 6.632939565895926703e-01
9.998824016846992180e-01 7.776567953837869307e-02 6.632847618532242695e-01
9.998854656500272275e-01 7.777433647493346702e-02 6.632767245719616289e-01
9.998916573648619632e-01 7.779202754139628861e-02 6.632638665714258863e-01
9.998979452562853920e-01 7.781026526479058181e-02 6.632548804685911570e-01
9.999043416463473388e-01 7.782910221132428863e-02 6.632492824856528468e-01
9.999125084778498485e-01 7.785357836698617029e-02 6.632463055796474771e-01
9.999175115050784601e-01 7.786881424217208247e-02 6.632462565725154580e-01
9.999243130945403291e-01 7.788982978739053542e-02 6.632478109051186399e-01
9.999312785469907094e-01 7.791172367482322725e-02 6.632507946543277910e-01
9.999348281186141163e-01 7.792302964821085087e-02 6.632526835681056276e-01
9.999420696978659207e-01 7.794641689371140103e-02 6.632570151995174079e-01
9.999476355849528098e-01 7.796469405267383856e-02 6.632605278396616066e-01
9.999533256625676714e-01 7.798365941206958363e-02 6.632640698065085383e-01
9.999611203631671996e-01 7.801011652712555589e-02 6.632685092719129427e-01
9.999671357732496935e-01 7.803092461939011015e-02 6.632713497566118388e-01
9.999724755022235678e-01 7.804969088452426429e-02 6.632732765282022269e-01
9.999792197722634501e-01 7.807380478302262949e-02 6.632747115870506471e-01
9.999826680284464864e-01 7.808631618028456789e-02 6.632749408865694640e-01
9.999897257606218393e-01 7.811232296443866574e-02 6.632741918570804751e-01
9.999933403873831894e-01 7.812585476563008169e-02 6.632731057858765045e-01
9.999970151280588304e-01 7.813976351214002580e-02 6.632714694075878548e-01
9.999985024668397449e-01 7.814543724164627059e-02 6.632706466496890441e-01
