# -73 2 0.146452487617 1.82842129803e-05
# x xi_r xi_h
1.310287751119751072e-03 -1.735179820040687275e+02 -7.244717414423953983e+01
1.460995662986557019e-03 -1.820892678976441914e+02 -7.209677512839132874e+01
1.650884358646134958e-03 -1.885465323554998349e+02 -6.866805090441535242e+01
1.840773054305712029e-03 -1.901703310040450958e+02 -6.213354842868280059e+01
2.080034956818093209e-03 -1.856155975021133031e+02 -5.007401294509794809e+01
2.319296859330475039e-03 -1.743298837880896315e+02 -3.477617336549481308e+01
2.520287072229036949e-03 -1.603626617959931480e+02 -2.040501140480751019e+01
2.721277285127598859e-03 -1.431163372751947520e+02 -5.528958576903862721e+00
2.922267498026161203e-03 -1.234317297585092490e+02 8.992049117540011238e+00
3.112225549436466957e-03 -1.033864242071491617e+02 2.164158860300198128e+01
3.302183600846774012e-03 -8.272776910032915509e+01 3.262864025673388113e+01
3.492141652257081067e-03 -6.219496018135855309e+01 4.144512655652447108e+01
3.682099703667386821e-03 -4.247525259409587051e+01 4.771374982021590228e+01
3.921500270735109317e-03 -1.973174443580991166e+01 5.172271380242922589e+01
4.160900837802832680e-03 -2.018544250882463587e-01 5.122443059707548940e+01
4.400301404870555176e-03 1.540272353634488667e+01 4.649488614651023255e+01
4.639701971938277672e-03 2.668546861448727370e+01 3.816224204601076764e+01
4.869433365318841418e-03 3.336903926469174309e+01 2.761221663951948102e+01
5.099164758699403430e-03 3.617925242416820453e+01 1.556332674604547428e+01
5.328896152079966309e-03 3.552183716478468511e+01 3.071919738802428412e+00
5.558627545460530055e-03 3.197620597952340304e+01 -8.816247822434544190e+00
5.787748083093968016e-03 2.625953035439309247e+01 -1.912811160784652387e+01
6.016868620727404242e-03 1.912332889194266983e+01 -2.712741728088765569e+01
6.245989158360841335e-03 1.133040424275540303e+01 -3.227343370053379346e+01
6.507314466583081353e-03 2.565548759716103078e+00 -3.434525060086559023e+01
6.768639774805322237e-03 -5.225686555290224966e+00 -3.239411965048734032e+01
7.029965083027563122e-03 -1.135287638633768381e+01 -2.688214123079709950e+01
7.291290391249803139e-03 -1.538333549100532061e+01 -1.863964000810732458e+01
7.588259160035928062e-03 -1.722942145010831538e+01 -7.383223508042032535e+00
7.885227928822052118e-03 -1.633187191494917911e+01 4.228563532412012549e+00
8.182196697608175306e-03 -1.318623103023854704e+01 1.448080195817067306e+01
8.479165466394300230e-03 -8.527618186224003693e+00 2.195262107240755256e+01
8.776134235180425153e-03 -3.205399981149061883e+00 2.570676454019775647e+01
9.062891590263655664e-03 1.780393301629451974e+00 2.546985242546915984e+01
9.349648945346886175e-03 5.954198251484983828e+00 2.167549615990455791e+01
9.636406300430114952e-03 8.846624642492580293e+00 1.503805859814643853e+01
9.923163655513347198e-03 1.020736351263431096e+01 6.627731178414276947e+00
1.020992101059657944e-02 1.001455540490258755e+01 -2.293169390830702259e+00
1.049667836567980995e-02 8.454371320227435760e+00 -1.045287412531038918e+01
1.078343572076304047e-02 5.876078985563395030e+00 -1.674600072297381814e+01
1.107585216327150977e-02 2.667526808120842308e+00 -2.042138159777000439e+01
1.136826860577998081e-02 -6.192211985845779143e-01 -2.092944825243500873e+01
1.166068504828845012e-02 -3.510639387426109703e+00 -1.834145368378488428e+01
1.195310149079691076e-02 -5.632601904572942075e+00 -1.317376825180000743e+01
1.224551793330539047e-02 -6.752816895529857533e+00 -6.293902595515675991e+00
1.253793437581384937e-02 -6.800231307107504897e+00 1.219878138603398332e+00
1.283035081832233082e-02 -5.860749836589310924e+00 8.243319363409531420e+00
1.312276726083078972e-02 -4.151828502252913999e+00 1.377067305852373202e+01
1.341518370333926076e-02 -1.981132827573975907e+00 1.705529476384672805e+01
1.372371033175165053e-02 4.231601948164891991e-01 1.767033627826472042e+01
1.403223696016404030e-02 2.564405423849203558e+00 1.538712171573225262e+01
1.434076358857643008e-02 4.125258872602369564e+00 1.069105598095108967e+01
1.464929021698880944e-02 4.904937681859598442e+00 4.436364565774791657e+00
1.495781684540119921e-02 4.840981865260928885e+00 -2.305463214378355108e+00
1.526634347381359072e-02 4.008056450267488025e+00 -8.426019590520354541e+00
1.557487010222598049e-02 2.595743279598468956e+00 -1.295924859933395190e+01
1.588339673063835986e-02 8.703112966762677205e-01 -1.523104342770590769e+01
1.619192335905075136e-02 -8.724773030173633703e-01 -1.495637121239600908e+01
1.650044998746313940e-02 -2.355616632910380925e+00 -1.227037050867974166e+01
1.680897661587552050e-02 -3.362666380438100067e+00 -7.690949774959627838e+00
1.711941423928450140e-02 -3.767700023545756505e+00 -1.985799198665866516e+00
1.742985186269348924e-02 -3.539633255262844447e+00 3.857203651297720803e+00
1.774028948610247014e-02 -2.757059837765212240e+00 8.884086454173827363e+00
1.805072710951145104e-02 -1.581182036163177429e+00 1.230557969129149143e+01
1.836116473292042847e-02 -2.248873215976901208e-01 1.361869325107555007e+01
1.867160235632940937e-02 1.084187338827248270e+00 1.267815242511330887e+01
1.898203997973839027e-02 2.140465954259737291e+00 9.707806588091573374e+00
1.929247760314737117e-02 2.791388659043890996e+00 5.252116874287930948e+00
1.960291522655635901e-02 2.958053846562305633e+00 7.753171701699020091e-02
1.991335284996533991e-02 2.642979711088194072e+00 -4.958618800236059165e+00
2.022379047337432081e-02 1.924593925960184082e+00 -9.049378133841367244e+00
2.053422809678330171e-02 9.401637428627647175e-01 -1.156634438193488279e+01
2.083870335922823058e-02 -1.194176210808625266e-01 -1.216123285158729317e+01
2.114317862167315945e-02 -1.104385103917720157e+00 -1.086259677007238267e+01
2.144765388411808138e-02 -1.869509716415170164e+00 -7.927420520932480841e+00
2.175212914656301025e-02 -2.311070848746715534e+00 -3.854976665483378362e+00
2.205660440900793912e-02 -2.379925789168193528e+00 6.980578198755491570e-01
2.236107967145287145e-02 -2.085624058339812681e+00 5.023171808566041285e+00
2.266555493389780032e-02 -1.491534199437343444e+00 8.469386827413917018e+00
2.297003019634272919e-02 -7.022814468599738458e-01 1.053972559325260860e+01
2.327450545878765112e-02 1.541592205614081834e-01 1.096078726771147949e+01
2.357898072123257999e-02 9.467408787088994471e-01 9.716099726149222349e+00
2.388999902351006052e-02 1.571205692260654541e+00 6.971722167077849086e+00
2.420101732578754106e-02 1.922857179784699388e+00 3.206614813867415315e+00
2.451203562806502159e-02 1.961198777139189220e+00 -9.642891579766599275e-01
2.482305393034249866e-02 1.695816071075697762e+00 -4.882202737420624494e+00
2.513407223261997919e-02 1.182156071310936696e+00 -7.947713811231768233e+00
2.544509053489744932e-02 5.106062433689771973e-01 -9.711076616601816980e+00
2.575610883717492985e-02 -2.090778945301774161e-01 -9.936247677989570093e+00
2.606712713945241039e-02 -8.653796557834363412e-01 -8.629926191482772069e+00
2.637814544172989092e-02 -1.361904813280520710e+00 -6.032553884836018732e+00
2.668916374400737146e-02 -1.631062512754365645e+00 -2.574124746409047759e+00
2.700018204628484852e-02 -1.642691827018080364e+00 1.197147743239070250e+00
2.731120034856232906e-02 -1.406643630527071975e+00 4.701505870610150239e+00
2.762221865083979919e-02 -9.692801645184662140e-01 7.416049997122645010e+00
2.793323695311727972e-02 -4.047530739828577584e-01 8.951552245897300253e+00
2.826513052570591919e-02 2.357841258212897695e-01 9.069221108204798654e+00
2.859702409829455866e-02 8.095706955875032751e-01 7.643928159455078308e+00
2.892891767088319119e-02 1.223518819618467424e+00 4.956155700281935417e+00
2.926081124347183066e-02 1.415605109746069346e+00 1.490997669899834177e+00
2.959270481606045972e-02 1.363588807672015957e+00 -2.149487780519995006e+00
2.992459838864909918e-02 1.086714460132172988e+00 -5.350524853439472039e+00
3.025649196123773171e-02 6.405038670197256145e-01 -7.587545905888344322e+00
3.058838553382637118e-02 1.058636821804934680e-01 -8.510767371496594791e+00
3.092027910641501065e-02 -4.254079729645016128e-01 -7.998053916468523816e+00
3.125217267900363971e-02 -8.661629253873533996e-01 -6.168435922036482388e+00
3.158406625159228265e-02 -1.147910108840517029e+00 -3.355406899491050421e+00
3.191595982418091171e-02 -1.231095917129582773e+00 -4.577125858730665686e-02
3.224785339676954771e-02 -1.110186689261877024e+00 3.204745814978663621e+00
3.257974696935817677e-02 -8.130001070049499567e-01 5.864518204053481121e+00
3.291164054194681970e-02 -3.946876839456133768e-01 7.512181410278518712e+00
3.324353411453546264e-02 7.239188047042911800e-02 7.902131118194869686e+00
3.357542768712409170e-02 5.110761895130574439e-01 6.999413155528118935e+00
3.390732125971272770e-02 8.519803067258080453e-01 4.979387544759671158e+00
3.423921483230135676e-02 1.044239014448018477e+00 2.193417922090521888e+00
3.457110840488999970e-02 1.062792497129005920e+00 -8.927245917464878833e-01
3.491112367483018009e-02 9.057753282925686822e-01 -3.839338637490205652e+00
3.525113894477036047e-02 6.034476805731011639e-01 -6.086032552356170910e+00
3.559115421471054780e-02 2.113793660264802476e-01 -7.273171408557709938e+00
3.593116948465072819e-02 -2.023114747439069827e-01 -7.226186517971834533e+00
3.627118475459092245e-02 -5.686773501524836627e-01 -5.979376649381826780e+00
3.661120002453110284e-02 -8.292616812686713912e-01 -3.764590349805922997e+00
3.695121529447128322e-02 -9.452001457386637329e-01 -9.677534959602228648e-01
3.729123056441145667e-02 -9.027315828584659974e-01 1.938631254679584970e+00
3.763124583435163706e-02 -7.143938985218615256e-01 4.475224506451450424e+00
3.797126110429181745e-02 -4.159115613326412886e-01 6.234425395158226024e+00
3.831127637423199783e-02 -5.947493189526832646e-02 6.945001907599079871e+00
3.865129164417219210e-02 2.953416158717115936e-01 6.512681352625508069e+00
3.899130691411237248e-02 5.914562904432784096e-01 5.030843783033761341e+00
3.933132218405255287e-02 7.833320531251563024e-01 2.760506959213094635e+00
3.967133745399273326e-02 8.437943184797815910e-01 8.379560289167911624e-02
4.001135272393290671e-02 7.676281853340140016e-01 -2.560761990373069175e+00
4.035136799387308709e-02 5.715294216336914701e-01 -4.750113508092362657e+00
4.069138326381326748e-02 2.905834190873344269e-01 -6.143960472352774538e+00
4.103139853375346174e-02 -2.801154627052565918e-02 -6.536803207170364338e+00
4.137141380369364213e-02 -3.328593348542428498e-01 -5.886937143158498920e+00
4.171142907363382252e-02 -5.765979897080324434e-01 -4.318549100174716493e+00
4.205144434357400290e-02 -7.231426803676871407e-01 -2.097491272105197702e+00
4.239145961351419023e-02 -7.528532887399593809e-01 4.145261603576827492e-01
4.273147488345437062e-02 -6.649191430297445304e-01 2.819341543026741892e+00
4.307149015339455100e-02 -4.767227181228128052e-01 4.745524185196966727e+00
4.325489917444660243e-02 -3.430732810355229812e-01 5.484136401516364501e+00
4.343830819549863304e-02 -1.956621672090948783e-01 5.961543214340843555e+00
4.362171721655067058e-02 -4.152607440918374554e-02 6.158907016954761282e+00
4.380512623760270813e-02 1.121345189515940977e-01 6.070593523056235341e+00
4.398853525865475261e-02 2.582892894765231873e-01 5.704198776632162016e+00
4.417194427970679016e-02 3.903955932050879318e-01 5.079965764287131869e+00
4.435535330075882771e-02 5.026855117425698127e-01 4.229631828639115021e+00
4.453876232181087219e-02 5.904101910745638282e-01 3.194773246190231397e+00
4.472217134286290280e-02 6.500315787119399502e-01 2.024734678677944100e+00
4.490558036391494035e-02 6.793543702832747222e-01 7.742478745452138211e-01
4.527239840601902238e-02 6.466327691310246317e-01 -1.711914793389915035e+00
4.563921644812309747e-02 5.033482112873132186e-01 -3.857206813850356131e+00
4.600603449022717950e-02 2.777377256292991037e-01 -5.299766709216294558e+00
4.637285253233124765e-02 1.098795717688649809e-02 -5.808500048585585773e+00
4.673967057443533663e-02 -2.503122253906402417e-01 -5.318089818611059449e+00
4.710648861653941866e-02 -4.622622711264638418e-01 -3.934482699393833105e+00
4.747330665864348681e-02 -5.908964211664808897e-01 -1.911257209824350989e+00
4.784012470074756884e-02 -6.174226942750727920e-01 3.978479425214968557e-01
4.820694274285165087e-02 -5.406932928809639050e-01 2.601256574503389540e+00
4.857376078495573291e-02 -3.766469765915573809e-01 4.335733718420013538e+00
4.894057882705980800e-02 -1.549755401632892104e-01 5.325345131587520875e+00
4.931285321897629220e-02 8.973049278000873319e-02 5.418696996219278361e+00
4.968512761089276947e-02 3.130520401439479961e-01 4.599649467034415906e+00
5.005740200280924673e-02 4.784822596890440649e-01 3.024548645398536628e+00
5.042967639472573094e-02 5.603898409178472706e-01 9.712512454063944034e-01
5.080195078664220820e-02 5.477984999750870054e-01 -1.210390371311420799e+00
5.117422517855869241e-02 4.456053615306725946e-01 -3.158182710450672115e+00
5.154649957047517661e-02 2.731623580228053072e-01 -4.557280244346739728e+00
5.191877396239164694e-02 6.057445506352331782e-02 -5.190193678208724570e+00
5.229104835430813114e-02 -1.565813853074433382e-01 -4.969347142032283671e+00
5.266332274622462228e-02 -3.431937676413090998e-01 -3.947536871876282660e+00
5.303559713814109261e-02 -4.702285813819843674e-01 -2.305391861035861911e+00
5.340787153005757681e-02 -5.191330231109491100e-01 -3.186791531826261847e-01
5.378014592197404714e-02 -4.843860840748197005e-01 1.688570918842577040e+00
5.415242031389053134e-02 -3.738762287889833558e-01 3.397101106931819103e+00
5.452469470580702249e-02 -2.071471960421688019e-01 4.542936326786551682e+00
5.489696909772349281e-02 -1.188759634718623837e-02 4.957427465537097788e+00
5.526924348963997702e-02 1.807024538566742722e-01 4.590880857450370556e+00
5.564151788155646122e-02 3.408905051079271775e-01 3.516676039905633377e+00
5.601379227347293849e-02 4.449456270906758104e-01 1.915991794178653507e+00
5.638606666538942269e-02 4.785464996021359663e-01 4.631148848841657589e-02
5.675834105730589996e-02 4.385939439051880773e-01 -1.800715507283741745e+00
5.713557747568415168e-02 3.315039176567431412e-01 -3.362083903961542219e+00
5.751281389406241035e-02 1.757508512369705955e-01 -4.378502249284113468e+00
5.789005031244066207e-02 -3.428686267108206013e-03 -4.706528983748325956e+00
5.826728673081892074e-02 -1.781412354609412940e-01 -4.312424337823592246e+00
5.864452314919717246e-02 -3.221742893808521857e-01 -3.273050864821187567e+00
5.902175956757541725e-02 -4.148598132173039188e-01 -1.759937437617070444e+00
5.939899598595368285e-02 -4.439112372357162939e-01 -9.886494650062841241e-03
5.977623240433192764e-02 -4.068736396076534922e-01 1.712700622614369728e+00
6.015346882271019324e-02 -3.110570666411974772e-01 3.155733565955261888e+00
6.053070524108843803e-02 -1.720537190352229295e-01 4.115624751134018489e+00
6.090794165946669669e-02 -1.113725132627236755e-02 4.464761196800907328e+00
6.128517807784496230e-02 1.480186567238872541e-01 4.166843904487298467e+00
6.149838126173343134e-02 2.290936246443741053e-01 3.725112758108257260e+00
6.171158444562190731e-02 2.984954328121077749e-01 3.113369415121645112e+00
6.192478762951038329e-02 3.531833233837515795e-01 2.362203533067019023e+00
6.213799081339885233e-02 3.908559182828695855e-01 1.508154028586694118e+00
6.235119399728732831e-02 4.100401973734186800e-01 5.919169241154943473e-01
6.256439718117580429e-02 4.101403291504429616e-01 -3.435963262360818837e-01
6.277760036506427332e-02 3.914452978126684579e-01 -1.255258621443462896e+00
6.299080354895275624e-02 3.550961561737798200e-01 -2.101693531126552550e+00
6.320400673284122528e-02 3.030155198518713067e-01 -2.845120466834596407e+00
6.341720991672969432e-02 2.378035291870049805e-01 -3.452998706261345419e+00
6.384361628450666015e-02 8.282652543137629386e-02 -4.164116504874772140e+00
6.427002265228359823e-02 -8.304877247650352401e-02 -4.141941087353790962e+00
6.469642902006055019e-02 -2.310165125034755462e-01 -3.406033360144952393e+00
6.512283538783750214e-02 -3.363083297863043164e-01 -2.097676266548696322e+00
6.554924175561444022e-02 -3.822361632400697040e-01 -4.518281089023838959e-01
6.597564812339139217e-02 -3.626890197621825407e-01 1.245744124474981840e+00
6.640205449116834413e-02 -2.827415918245581583e-01 2.708292902458693696e+00
6.682846085894529609e-02 -1.573671213175384664e-01 3.696206697408583430e+00
6.725486722672224804e-02 -8.563343113662443343e-03 4.055425210118300150e+00
6.768127359449918612e-02 1.385529214931094100e-01 3.740154947243245154e+00
6.810767996227613807e-02 2.599867388517005384e-01 2.816785350928796561e+00
6.854182003929965017e-02 3.376037010337912814e-01 1.422415299334231165e+00
6.897596011632314839e-02 3.572993066788635041e-01 -1.881797631734846987e-01
6.941010019334666048e-02 3.174082548238744139e-01 -1.742557332919189461e+00
6.984424027037017257e-02 2.261278816017283921e-01 -2.985594462126495152e+00
7.027838034739368467e-02 9.976977616938184634e-02 -3.720752180742807003e+00
7.071252042441718288e-02 -4.022455865208667686e-02 -3.839979952404597885e+00
7.114666050144069498e-02 -1.709529663506973718e-01 -3.337963639329620591e+00
7.158080057846419320e-02 -2.717792752592469441e-01 -2.309202582958235439e+00
7.201494065548770529e-02 -3.275192996557977354e-01 -9.292517817755058251e-01
7.244908073251121738e-02 -3.306111024425693601e-01 5.760805050074663258e-01
7.288322080953472948e-02 -2.819841786574646125e-01 1.968096184567326157e+00
7.331736088655822769e-02 -1.905638289421003329e-01 3.032931625086898286e+00
7.375150096358173979e-02 -7.156328929588352816e-02 3.613746478242045423e+00
7.419305697663924892e-02 5.819069827853546456e-02 3.628240268101050159e+00
7.463461298969675806e-02 1.763518104056753522e-01 3.073590521719781421e+00
7.507616900275426719e-02 2.648830330119886223e-01 2.049617289631347816e+00
7.551772501581177632e-02 3.109459166815482511e-01 7.256016368700454189e-01
7.595928102886928546e-02 3.086454774555825731e-01 -6.885752756297686128e-01
7.640083704192679459e-02 2.596271742297973084e-01 -1.976071541993580816e+00
7.684239305498430372e-02 1.725048554297400616e-01 -2.946097662461979017e+00
7.728394906804181286e-02 6.127625960898983037e-02 -3.461375543889485318e+00
7.772550508109932199e-02 -5.697751027838778015e-02 -3.456294429540257340e+00
7.816706109415683112e-02 -1.647274867169825352e-01 -2.943652272799861969e+00
7.860861710721434026e-02 -2.465641471506115623e-01 -2.009681463876356045e+00
7.907004175851901906e-02 -2.923437870764378776e-01 -7.421090664169904816e-01
7.953146640982367011e-02 -2.917041496814314905e-01 6.224605480034036686e-01
7.999289106112834891e-02 -2.459451584104205557e-01 1.870577384717427405e+00
8.045431571243301383e-02 -1.632492087878768539e-01 2.812855104924842475e+00
8.091574036373769263e-02 -5.716260785999412175e-02 3.311939615121013869e+00
8.137716501504235755e-02 5.566327910468747697e-02 3.301504007368850413e+00
8.183858966634702248e-02 1.580953217783363229e-01 2.793820705053708053e+00
8.230001431765168740e-02 2.350968445656545225e-01 1.875275184886946889e+00
8.276143896895636620e-02 2.758800503135451221e-01 6.910078506366613693e-01
8.322286362026103113e-02 2.753353156908011079e-01 -5.785682765596370514e-01
8.368428827156570993e-02 2.345625930398061720e-01 -1.745546075620517890e+00
8.414571292287037485e-02 1.604715748421944310e-01 -2.642310181677506975e+00
8.460713757417503977e-02 6.455560011079182481e-02 -3.145239710513297204e+00
8.507417896077572317e-02 -4.015515013897846819e-02 -3.188810766026068499e+00
8.554122034737642044e-02 -1.372457014077807513e-01 -2.768742124053725107e+00
8.600826173397713159e-02 -2.129386949853230293e-01 -1.956036588975458290e+00
8.647530312057782886e-02 -2.569668142473805483e-01 -8.757781541684359627e-01
8.694234450717849838e-02 -2.638890261056198172e-01 3.126825804836998457e-01
8.740938589377920953e-02 -2.336622548964641666e-01 1.439582224557568679e+00
8.787642728037989293e-02 -1.714268035524464107e-01 2.349056829487179865e+00
8.834346866698060408e-02 -8.657735527384589902e-02 2.920438064843533965e+00
8.881051005358128747e-02 8.711926791947550985e-03 3.083660221424708858e+00
8.927249613444182552e-02 1.003515814116550803e-01 2.831689639373071277e+00
8.973448221530234969e-02 1.773632533314330184e-01 2.212538083948487611e+00
9.019646829616287387e-02 2.301368810790144215e-01 1.316911234139572562e+00
9.065845437702341192e-02 2.525425791263850028e-01 2.676251199451052942e-01
9.112044045788392221e-02 2.425409060611801448e-01 -7.979975043574947247e-01
9.158242653874446026e-02 2.022352080984470279e-01 -1.746133829573270457e+00
9.185990558262246974e-02 1.654559178162437194e-01 -2.212894067514316276e+00
9.213738462650046535e-02 1.214811619598043513e-01 -2.574276192989946921e+00
9.269234271425648430e-02 2.172234358713651461e-02 -2.927336258851454431e+00
9.324730080201248938e-02 -7.999677015347185505e-02 -2.767404052690691785e+00
9.380225888976850834e-02 -1.661692832685864041e-01 -2.134654301709825397e+00
9.435721697752449955e-02 -2.225507809141928084e-01 -1.147903812335077767e+00
9.491217506528051850e-02 -2.404088787912131986e-01 1.819054352693093984e-02
9.546713315303652359e-02 -2.177496026990087541e-01 1.164252278035234900e+00
9.602209124079254254e-02 -1.593708825351325409e-01 2.100199969477887230e+00
9.657704932854854762e-02 -7.579247550436653269e-02 2.676431019708891412e+00
9.711274250401923103e-02 1.549961302018324980e-02 2.810217193933441937e+00
9.764843567948991443e-02 1.029366878108720906e-01 2.516977481805843464e+00
9.818412885496061171e-02 1.735112401087588740e-01 1.850369797225793977e+00
9.871982203043128123e-02 2.171507775229424564e-01 9.179673304121536148e-01
9.925551520590197851e-02 2.280849570672640325e-01 -1.366312134766171082e-01
9.979120838137264804e-02 2.055172410102389380e-01 -1.156235602734034584e+00
1.003269015568433037e-01 1.535394166756348100e-01 -1.993542665263774216e+00
1.008625947323140010e-01 8.034119096877136157e-02 -2.532170373027411880e+00
1.013982879077846982e-01 -3.133209556654875053e-03 -2.702283270189069331e+00
1.019196887189594974e-01 -8.284663870065242519e-02 -2.498962327013801055e+00
1.024410895301341995e-01 -1.503700277885778314e-01 -1.967547144726083497e+00
1.029624903413089987e-01 -1.971464553746166692e-01 -1.186238869110068039e+00
1.034838911524837979e-01 -2.176201335105589774e-01 -2.630554034679811748e-01
1.040052919636584999e-01 -2.098174224253196718e-01 6.796706131752806579e-01
1.045266927748332991e-01 -1.754340271379217220e-01 1.521603796288934163e+00
1.051400246805940936e-01 -1.082038064623133122e-01 2.242582462573074586e+00
1.057533565863548047e-01 -2.369228071149294748e-02 2.569948399889784518e+00
1.063666884921155992e-01 6.339356635178947097e-02 2.459068883294705632e+00
1.069800203978762965e-01 1.384670901649867891e-01 1.940021007106395690e+00
1.075933523036371048e-01 1.894720822495017942e-01 1.109569856806154720e+00
1.081580523569587032e-01 2.084691605074235343e-01 1.916783304844683899e-01
1.087227524102803017e-01 1.984840233780621188e-01 -7.375354478627172972e-01
1.092874524636019973e-01 1.616373382642678491e-01 -1.551072010877942109e+00
1.098521525169235957e-01 1.035921384978187032e-01 -2.142793721125012762e+00
1.104461325367779023e-01 2.886086107380936988e-02 -2.446704998524029673e+00
1.110401125566321950e-01 -4.890382136988617040e-02 -2.390782089702970570e+00
1.116340925764865016e-01 -1.184482180763245379e-01 -1.992146869262757747e+00
1.122280725963407944e-01 -1.700825970741798865e-01 -1.315977972259648299e+00
1.128220526161951009e-01 -1.969795694957819365e-01 -4.645325446805020908e-01
1.134060008840173939e-01 -1.962504558970583624e-01 4.240540944985026206e-01
1.139899491518396035e-01 -1.693227415353205090e-01 1.242539313453278726e+00
1.145738974196618964e-01 -1.204092600722951045e-01 1.884368912259291262e+00
1.151578456874842032e-01 -5.645732369742451073e-02 2.270007672980936864e+00
1.157417939553063990e-01 1.387881668846959252e-02 2.356034874858657258e+00
1.163163554681377054e-01 8.043145249973054911e-02 2.144647644596755054e+00
1.168909169809689980e-01 1.361660044358870836e-01 1.672941746930067808e+00
1.174654784938004015e-01 1.745632443868993799e-01 1.004835513129265889e+00
1.180400400066316940e-01 1.914171557731242923e-01 2.256706394757245493e-01
1.186146015194630005e-01 1.852348044301830587e-01 -5.689807019446342373e-01
1.189682089753304056e-01 1.702962354110560128e-01 -1.027187328169604452e+00
1.193218164311977969e-01 1.477683399963970190e-01 -1.434627493462401038e+00
1.200290313429325934e-01 8.553548793922091664e-02 -2.026230651834017849e+00
1.207362462546674037e-01 9.635571720042240135e-03 -2.260311895810489080e+00
1.214434611664022001e-01 -6.668058640324751873e-02 -2.107426731235487960e+00
1.221403590722684035e-01 -1.298416982369324513e-01 -1.613247193538205115e+00
1.228372569781346069e-01 -1.711034578036881304e-01 -8.670020407136902474e-01
1.235341548840007964e-01 -1.844681992599695730e-01 5.722372106762555269e-03
1.242310527898669997e-01 -1.685651033488437256e-01 8.637152612685949915e-01
1.249199642383859027e-01 -1.272386753396078651e-01 1.566553501599309506e+00
1.256088756869047918e-01 -6.737236732546771079e-02 2.022221371041453608e+00
1.262977871354236947e-01 1.627262579876348524e-03 2.169570164768514164e+00
1.269801736787574131e-01 6.878414618285953741e-02 1.999197653458191226e+00
1.276625602220911870e-01 1.252046892553867197e-01 1.549044689265937524e+00
1.283383226857451875e-01 1.630369430690094545e-01 8.975436688901202720e-01
1.290140851493992991e-01 1.782113572249224565e-01 1.337629973113458048e-01
1.296898476130534106e-01 1.692252067064194676e-01 -6.381392333285466067e-01
1.303656100767074111e-01 1.378303394145639071e-01 -1.314880653826121071e+00
1.310334062222101026e-01 8.934292135408465618e-02 -1.803840379746945777e+00
1.317012023677127108e-01 3.013355357452669053e-02 -2.055433364816213526e+00
1.323689985132154023e-01 -3.206553469363963849e-02 -2.044376850873180995e+00
1.330315011698023075e-01 -8.902410989358973403e-02 -1.782173726552697124e+00
1.336940038263891017e-01 -1.344373356233979078e-01 -1.308237243235956138e+00
1.343565064829760070e-01 -1.631493301197255164e-01 -6.850220678015666032e-01
1.350127571636738077e-01 -1.721828447173565646e-01 3.075595454244840505e-03
1.356690078443716085e-01 -1.613250020456611922e-01 6.801255254949417628e-01
1.363252585250694093e-01 -1.322980537016384406e-01 1.269688893181570855e+00
1.369747936614179040e-01 -8.929152304275017604e-02 1.704779322252312879e+00
1.376243287977663987e-01 -3.711111587796078748e-02 1.948438579153455530e+00
1.382738639341148101e-01 1.841225072427442669e-02 1.978968123899769616e+00
1.389233990704633048e-01 7.127890649799227540e-02 1.798008023218607532e+00
1.395657048814820111e-01 1.155353812636780025e-01 1.434541593257522507e+00
1.402080106925008007e-01 1.474332474778957125e-01 9.292551961151246376e-01
1.408503165035195070e-01 1.640154525804002617e-01 3.367014756827009236e-01
1.414926223145382134e-01 1.639584382121093697e-01 -2.816397585670568637e-01
1.423395568821196888e-01 1.395353131857948736e-01 -1.028292456247700715e+00
1.431864914497011088e-01 9.219247259052722188e-02 -1.590790827614144476e+00
1.440334260172826120e-01 3.037132056304722022e-02 -1.881987534535067397e+00
1.448719479772087870e-01 -3.485121784674284628e-02 -1.864272978930863411e+00
1.457104699371351009e-01 -9.363839784507201058e-02 -1.553552242096279734e+00
1.465489918970613870e-01 -1.370240771898031118e-01 -1.006588240742907869e+00
1.473791511845158053e-01 -1.586662172368179524e-01 -3.211446806790537178e-01
1.482093104719703069e-01 -1.564166547394184037e-01 4.011867349691489171e-01
1.490394697594248086e-01 -1.312328497293706875e-01 1.053356314919291270e+00
1.498616400772035950e-01 -8.784497578140054719e-02 1.539133841607742248e+00
1.506838103949824093e-01 -3.269377190992318882e-02 1.801164197339112372e+00
1.515059807127611957e-01 2.625442224774904298e-02 1.809052856984049162e+00
1.523205105585085095e-01 8.035208220455938855e-02 1.571670768008707864e+00
1.531350404042559066e-01 1.230212327948782269e-01 1.128270173911734897e+00
1.539495702500031926e-01 1.489161982933938644e-01 5.425721437342844178e-01
1.547567892028325898e-01 1.551026203613082022e-01 -9.983605590309704847e-02
1.555640081556619037e-01 1.415651848590885609e-01 -7.207473573748273132e-01
1.563712271084913008e-01 1.104643474140272197e-01 -1.242974474586626243e+00
1.571714424761531115e-01 6.647993150222653025e-02 -1.602080669842007365e+00
1.579716578438148944e-01 1.501679364044749589e-02 -1.763479413407628815e+00
1.587718732114765940e-01 -3.760808605659069631e-02 -1.711880350070285273e+00
1.593682299859416895e-01 -7.398822963487840243e-02 -1.539907954951445168e+00
1.599645867604068128e-01 -1.051578208673406983e-01 -1.269027660275474201e+00
1.607548172773561879e-01 -1.351262535514358709e-01 -7.941431104882890057e-01
1.615450477943055907e-01 -1.496642996332027686e-01 -2.363292022329544217e-01
1.623352783112549935e-01 -1.474822505353720614e-01 3.417861119668127445e-01
1.631192240213278077e-01 -1.293608501169643266e-01 8.718831994474177671e-01
1.639031697314005942e-01 -9.761812381806557470e-02 1.302466357707240174e+00
1.646871154414734917e-01 -5.590187072323372919e-02 1.590040020884649907e+00
1.654650075841770929e-01 -9.161132742913741592e-03 1.707270870057503220e+00
1.662428997268806941e-01 3.799557315476269348e-02 1.648441657173898900e+00
1.670207918695844063e-01 8.077916166341302107e-02 1.423173295410065986e+00
1.677928708154781123e-01 1.147675411531807466e-01 1.060449029597520854e+00
1.685649497613717074e-01 1.371189198288515210e-01 5.969184712490673839e-01
1.693370287072654135e-01 1.458776080784939533e-01 8.021688003428750768e-02
1.699128959626282909e-01 1.431478669007858473e-01 -3.095585787340497941e-01
1.704887632179911960e-01 1.327503421825116381e-01 -6.782046847667041467e-01
1.712525425599212003e-01 1.084625536466426315e-01 -1.101360765389512553e+00
1.720163219018512046e-01 7.449541051360264454e-02 -1.419316523805076891e+00
1.727801012437812922e-01 3.411060645413916542e-02 -1.605428277167349815e+00
1.735386115400147089e-01 -8.644931427104634442e-03 -1.645130181682285198e+00
1.742971218362479868e-01 -5.020849622499995446e-02 -1.539280473775493707e+00
1.750556321324814035e-01 -8.696733201914728928e-02 -1.299867666413975442e+00
1.758090734592840931e-01 -1.156645997840965723e-01 -9.527577200696903947e-01
1.765625147860866995e-01 -1.342702309407315386e-01 -5.282933763789128268e-01
1.773159561128893891e-01 -1.414036128288296557e-01 -6.362804071486671820e-02
1.780645185463007873e-01 -1.367450987211045466e-01 3.988607180792994589e-01
1.788130809797122134e-01 -1.209677606770379055e-01 8.242789244247793468e-01
1.795616434131235006e-01 -9.554674432676035778e-02 1.178855036385244803e+00
1.806774417515888131e-01 -4.512938774612942211e-02 1.517950258290094334e+00
1.817932400900540979e-01 1.237363967166249003e-02 1.591932633821967258e+00
1.829022533861615063e-01 6.673799511039918420e-02 1.396823844688275695e+00
1.840112666822688869e-01 1.093555456121456382e-01 9.728277111196871330e-01
1.851137424986991076e-01 1.334560852165827260e-01 3.985257198246451860e-01
1.862162183151294115e-01 1.359041247583405165e-01 -2.323646544514279821e-01
1.873123941815151017e-01 1.169847647830234982e-01 -8.157375818767879094e-01
1.884085700479007919e-01 8.019560735888481284e-02 -1.265817118043110145e+00
1.894986740814197101e-01 3.185752644872125172e-02 -1.516064943869323889e+00
1.905887781149386007e-01 -2.068233844841026181e-02 -1.536341275799733674e+00
1.916730272722124984e-01 -6.931597497284926190e-02 -1.330421069613203722e+00
1.927572764294863961e-01 -1.073437512170472563e-01 -9.338450885671515378e-01
1.938358801601320902e-01 -1.294757790533253294e-01 -4.105186231924113915e-01
1.949144838907778954e-01 -1.331649940371119611e-01 1.648425863137293612e-01
1.959876440525072094e-01 -1.184077237914370750e-01 7.086073118958251538e-01
1.970608042142364125e-01 -8.766714025442612357e-02 1.150001335373924460e+00
1.981287147275558047e-01 -4.564494706224800358e-02 1.430640975078756094e+00
1.991966252408751137e-01 1.975436719159583999e-03 1.518981859294305625e+00
2.002594720445023124e-01 4.863455491916943152e-02 1.408237446892101286e+00
2.013223188481295112e-01 8.856150007412559588e-02 1.117403583853118887e+00
2.023802826740382921e-01 1.167110629665138177e-01 6.891648707841285804e-01
2.034382464999472118e-01 1.299899388050015092e-01 1.787636943536207168e-01
2.044915009253560068e-01 1.270896066306793915e-01 -3.468026252905041518e-01
2.055447553507646907e-01 1.087614894381956909e-01 -8.253777947699912909e-01
2.065934679926554884e-01 7.765900826562953385e-02 -1.198850956722794736e+00
2.076421806345462029e-01 3.765634161399056268e-02 -1.427013973351547005e+00
2.086865129960230880e-01 -6.208703405821359468e-03 -1.485788595224657227e+00
2.097308453575000009e-01 -4.895347112834610992e-02 -1.372553034272274042e+00
2.107709537672242117e-01 -8.558190521900195524e-02 -1.104430221808647250e+00
2.118110621769483948e-01 -1.122497860416252907e-01 -7.138616225598682918e-01
2.128480599636951021e-01 -1.261427539467185055e-01 -2.487874669249889870e-01
2.138821136186860039e-01 -1.260849876520598878e-01 2.381012533862525427e-01
2.149161672736769058e-01 -1.123751758544060397e-01 6.961430484975379418e-01
2.159459665261461991e-01 -8.683665995960582196e-02 1.074145706976107340e+00
2.169742753085213971e-01 -5.240049920251618754e-02 1.335189409296061669e+00
2.180025840908965951e-01 -1.278232876304670820e-02 1.455041074172210402e+00
2.190272457378873994e-01 2.769696858858252189e-02 1.423639419620557733e+00
2.200519073848782037e-01 6.502487951229503349e-02 1.247085245984282276e+00
2.210737515503453099e-01 9.540482533418692679e-02 9.463816749236735326e-01
2.220955957158123883e-01 1.160190434124978298e-01 5.531420813430620864e-01
2.231133728053782961e-01 1.249679967978023082e-01 1.094736097346800524e-01
2.241311498949442038e-01 1.216591337470555867e-01 -3.419824058235302333e-01
2.251456680358785989e-01 1.066633812046413748e-01 -7.562900336289618552e-01
2.261601861768129940e-01 8.159379017287467228e-02 -1.095871886266272188e+00
2.271708474868849026e-01 4.911038413795742325e-02 -1.328438042987138745e+00
2.281814321068081908e-01 1.228595544198417266e-02 -1.435461604419405068e+00
2.291920167267315067e-01 -2.541205592971053015e-02 -1.409056150217213421e+00
2.301989120822834911e-01 -6.039541281617798185e-02 -1.254126376055143322e+00
2.312058074378355865e-01 -8.967380001689478908e-02 -9.865513446315763435e-01
2.322098544924325048e-01 -1.106556208127679741e-01 -6.329504568366223216e-01
2.332139015470293120e-01 -1.216891998879913867e-01 -2.252382556577940675e-01
2.342152100895429911e-01 -1.219584123302056844e-01 1.988547048828801511e-01
2.352165186320565871e-01 -1.116331244481700430e-01 6.032856482397438436e-01
2.362151954922880881e-01 -9.181244522399979735e-02 9.526172014436196100e-01
2.372138723525195059e-01 -6.430036546985204438e-02 1.218876503418354851e+00
2.382100212913642878e-01 -3.161193223580689715e-02 1.380350368442402997e+00
2.392061702302090975e-01 3.514336387319576867e-03 1.425637063690614825e+00
2.401998924915476896e-01 3.805512056884264444e-02 1.352725262549641094e+00
2.411936147528863927e-01 6.927080836896554183e-02 1.169232666467850068e+00
2.421839272173959001e-01 9.459545992057719066e-02 8.927812397885438456e-01
2.431741826801301909e-01 1.121922951433993176e-01 5.463905532649026009e-01
2.441644381428645094e-01 1.207648885991557952e-01 1.580748674542210575e-01
2.451525072457547971e-01 1.197617384686798236e-01 -2.401004097425852024e-01
2.461405763486450016e-01 1.094090810665298424e-01 -6.176652863954472661e-01
2.476169690387302891e-01 7.898279379427637636e-02 -1.078375627967628647e+00
2.490986197616346931e-01 3.542481650627515855e-02 -1.356068140729439264e+00
2.500816239077278125e-01 2.686362675327609671e-03 -1.415615633195789203e+00
2.510646280538209041e-01 -3.008286558244984560e-02 -1.369221099625931304e+00
2.520461819638492029e-01 -6.041558996203817006e-02 -1.221891463212352313e+00
2.530263942354005202e-01 -8.613734674461120955e-02 -9.860931335591911484e-01
2.540066065069517820e-01 -1.054805376176199405e-01 -6.796517200984728557e-01
2.549850575566918187e-01 -1.171126373014865635e-01 -3.260943442120607383e-01
2.559635086064319109e-01 -1.203334862895502622e-01 4.930949415610957204e-02
2.569380179873769765e-01 -1.150523354372141732e-01 4.180396785032626239e-01
2.579152191512413816e-01 -1.017238982816474624e-01 7.566574416637411593e-01
2.588903710736741859e-01 -8.142418773724888204e-02 1.040560498079394103e+00
2.598655229961069901e-01 -5.561089625757568294e-02 1.251703679366162225e+00
2.613230664276363080e-01 -1.109730893879824938e-02 1.403319561895379319e+00
2.627870461853180073e-01 3.497181043945763596e-02 1.345672858263421201e+00
2.642403887882019964e-01 7.534292702321708501e-02 1.092040242299282093e+00
2.657003925946191947e-01 1.047189456327735635e-01 6.803554308615606949e-01
2.666698680509819730e-01 1.160242993726386673e-01 3.473103167791358747e-01
2.676393435073449178e-01 1.198186220008255476e-01 -6.879049652885300438e-03
2.686075749083224884e-01 1.159497467235269252e-01 -3.589233391281286267e-01
2.695758063093001144e-01 1.047534101055337813e-01 -6.869927493893001058e-01
2.705412474514743981e-01 8.707044887539819311e-02 -9.698797168171048311e-01
2.715098617210188192e-01 6.396449196247080971e-02 -1.192056676686018779e+00
2.724758040936595127e-01 3.705108410758588267e-02 -1.339148167333111372e+00
2.734417464663002062e-01 7.963048518239403128e-03 -1.403618171850318674e+00
2.744049664315437731e-01 -2.142572336154998855e-02 -1.382522192769278346e+00
2.753714841122708035e-01 -4.951383042111751065e-02 -1.277808692772977928e+00
2.768122224042693924e-01 -8.503122928855648410e-02 -9.853190554121451505e-01
2.782605428606568232e-01 -1.094252360394741413e-01 -5.637376493551584655e-01
2.792230898017574736e-01 -1.178551571061890735e-01 -2.380752712677426386e-01
2.801856367428581240e-01 -1.194107595591137744e-01 1.004338906646227852e-01
2.811473565508991190e-01 -1.140769331513959844e-01 4.318491687014341940e-01
2.821090763589401140e-01 -1.022300011756476085e-01 7.375468638245430419e-01
2.830682204929131918e-01 -8.465992378628132975e-02 9.997420534313237184e-01
2.840309311037308992e-01 -6.229653533013145700e-02 1.205597858439840131e+00
2.854679267090184935e-01 -2.320072968383096387e-02 1.382871467741476401e+00
2.869131169026136741e-01 1.879391336590191877e-02 1.390445994280109732e+00
2.878724078661420993e-01 4.576953178665683908e-02 1.300035822636975036e+00
2.888316988296705801e-01 7.018526955916520871e-02 1.139235539494492189e+00
2.897885131602004893e-01 9.070177390338318713e-02 9.180547161580611126e-01
2.907490868313554744e-01 1.063783460366268113e-01 6.474472170045709740e-01
2.921808661995458078e-01 1.189381908114134634e-01 1.890317279610542189e-01
2.936212407457569062e-01 1.176759377928255634e-01 -2.920418747011100935e-01
2.945767800163460737e-01 1.091922181456504021e-01 -5.962914230522066150e-01
2.955362094878383750e-01 9.505148738186874890e-02 -8.700061108539207666e-01
2.964933245974175069e-01 7.610599557894592859e-02 -1.097686653985089356e+00
2.974504397069965833e-01 5.333539634050069034e-02 -1.268929104936875163e+00
2.988819926201308208e-01 1.494852855514464465e-02 -1.402800642288366317e+00
3.003225649590904878e-01 -2.520782877948485670e-02 -1.381296444616668673e+00
3.012768521985618730e-01 -5.060526618027109264e-02 -1.281639656439514496e+00
3.022352021590857252e-01 -7.357407329836829213e-02 -1.119014758422224753e+00
3.031913095476029274e-01 -9.286670410792000063e-02 -9.028349567632706352e-01
3.041474169361201851e-01 -1.076429757237988838e-01 -6.437381277976406135e-01
3.051033301085280258e-01 -1.172353202674187578e-01 -3.546321010404333007e-01
3.060592432809358110e-01 -1.212386148936962227e-01 -4.952162604839433629e-02
3.077228753413188134e-01 -1.147213558957427548e-01 4.724427446313050338e-01
3.093993823933313125e-01 -9.219684952720819116e-02 9.298240023794736020e-01
3.110674284137491807e-01 -5.719956350050615923e-02 1.255467588959670699e+00
3.127486617597647900e-01 -1.422299356828251628e-02 1.410628898524638686e+00
3.146597057555134969e-01 3.634245025935736728e-02 1.355229879565573503e+00
3.165707857154991811e-01 8.058174046138039115e-02 1.069104748943128902e+00
3.184822492123998150e-01 1.111668547155462289e-01 6.047716964897338343e-01
3.203937127093003934e-01 1.232434400646370137e-01 4.259419019440904841e-02
3.223053245029371960e-01 1.151420479388071960e-01 -5.235487957702626982e-01
3.237393876847550755e-01 9.655815767494056734e-02 -8.973805200051541142e-01
3.251734508665731216e-01 6.918541429257689390e-02 -1.187844573993970476e+00
3.270859409516935212e-01 2.381991889079887806e-02 -1.403220715532653262e+00
3.289988837648503139e-01 -2.519007514224925331e-02 -1.399593926860796644e+00
3.309123358818485960e-01 -7.028031139200872912e-02 -1.181728126420409364e+00
3.318692480034560743e-01 -8.935915203344171887e-02 -1.000966333178574974e+00
3.337835702002405203e-01 -1.163684777113465352e-01 -5.388445570530883133e-01
3.356990749884776748e-01 -1.261435628300508760e-01 7.876594386393453474e-04
3.376145797767149959e-01 -1.175119893816257977e-01 5.376196046019604546e-01
3.395310173018977751e-01 -9.198802651317260215e-02 9.947625952302948660e-01
3.414482662821387016e-01 -5.343438252208898565e-02 1.308959718669988170e+00
3.428870733729471043e-01 -1.909217842325920678e-02 1.425393176549176966e+00
3.443258804637556181e-01 1.673910356107594782e-02 1.429000769536404203e+00
3.457657352099121062e-01 5.127122937629455257e-02 1.321115574089869682e+00
3.472055899560684833e-01 8.182890152129256023e-02 1.111734716764124276e+00
3.491265623556059072e-01 1.124054130285521147e-01 7.079349036552875507e-01
3.510485786226508753e-01 1.281557237999338683e-01 2.127457714026151081e-01
3.524911716782869742e-01 1.290369536428858377e-01 -1.810278340888741844e-01
3.539337647339230730e-01 1.204430864491934372e-01 -5.600284210424322229e-01
3.553776513800582793e-01 1.030894454064262139e-01 -8.972753353165375811e-01
3.568215380261933745e-01 7.832786597668622841e-02 -1.168862991447506827e+00
3.587489468669590731e-01 3.717552303163248334e-02 -1.397741850465189284e+00
3.606763557077248272e-01 -8.560272092320599796e-03 -1.454107772447341906e+00
3.626063224667718243e-01 -5.333580080453797362e-02 -1.334374584457014290e+00
3.645362892258188769e-01 -9.176462877083026159e-02 -1.056202355381463232e+00
3.664689469915051179e-01 -1.194546225509553056e-01 -6.548459857304912424e-01
3.684016047571914143e-01 -1.332963834760895472e-01 -1.795847658992147933e-01
3.703370865072648788e-01 -1.319011591325520705e-01 3.145605148589287192e-01
3.722725682573382877e-01 -1.156211609761624015e-01 7.709324031937720978e-01
3.742110041386200181e-01 -8.642982176480935863e-02 1.140174884162491908e+00
3.761494400199016930e-01 -4.772784529122303665e-02 1.382942235687489640e+00
3.780909480870727757e-01 -3.757811841384487480e-03 1.475681473666538235e+00
3.800324561542439139e-01 4.066870752343922785e-02 1.411115952634490078e+00
3.819771417800634228e-01 8.094790251277467208e-02 1.198766856130402569e+00
3.839218274058828761e-01 1.129001595452465284e-01 8.635798021918643652e-01
3.858697944775816846e-01 1.334139515879935178e-01 4.414149335276505992e-01
3.878177615492804930e-01 1.405301037780981033e-01 -2.309144293988822996e-02
3.897691117133387229e-01 1.337120243871490755e-01 -4.839138580174135451e-01
3.917204618773967861e-01 1.138005194468884179e-01 -8.953949066334672136e-01
3.941647014547489114e-01 7.389987573425745027e-02 -1.281833356030676496e+00
3.966089410321009256e-01 2.309687089807027638e-02 -1.479479352052346375e+00
3.985682178739590187e-01 -2.067218241505257986e-02 -1.484430394965506661e+00
4.005274947158171117e-01 -6.263767764792442516e-02 -1.353606077359442939e+00
4.024904064316531249e-01 -9.910077367722555652e-02 -1.101018480128261201e+00
4.044533181474890271e-01 -1.268133984493611255e-01 -7.517438779159114626e-01
4.064199206371885142e-01 -1.434887253511627769e-01 -3.375216095757869184e-01
4.083865231268878904e-01 -1.477772513499182871e-01 1.039729344593417343e-01
4.103568695697539792e-01 -1.394571469514681306e-01 5.354283245563548066e-01
4.123272160126201236e-01 -1.193809294662530468e-01 9.200383489320742569e-01
4.143013596746851213e-01 -8.930407916550840708e-02 1.227498362189002323e+00
4.162755033367501190e-01 -5.184576759839055332e-02 1.433552759653103026e+00
4.182534987903078205e-01 -1.003288474332925465e-02 1.523813364917131929e+00
4.202314942438655776e-01 3.269352027079663187e-02 1.493021093374080843e+00
4.227096292711439163e-01 8.224241458666040061e-02 1.293003110262031630e+00
4.251877642984221994e-01 1.221954732815382083e-01 9.409123712982360166e-01
4.271745802569402173e-01 1.442765418917514031e-01 5.772129631934479477e-01
4.291613962154581796e-01 1.556845437540775867e-01 1.722661779346592592e-01
4.311521647704175120e-01 1.557154675719800430e-01 -2.443159049190239407e-01
4.331429333253766778e-01 1.444846089335825590e-01 -6.415021182907181263e-01
4.351376674815624068e-01 1.228862024515443019e-01 -9.921366476585915528e-01
4.371324016377479138e-01 9.258249133202300918e-02 -1.271813600091987739e+00
4.391311183782494187e-01 5.570088741315578490e-02 -1.462991208796178277e+00
4.411298351187508127e-01 1.489162335792140052e-02 -1.553854471884725807e+00
4.431325454458727164e-01 -2.714088386110793602e-02 -1.540242251235612869e+00
4.451352557729946757e-01 -6.752169294235563224e-02 -1.424917761381101933e+00
4.481444270479484904e-01 -1.191401605383318463e-01 -1.085889227533306967e+00
4.506573177191960933e-01 -1.499218854833283820e-01 -6.831978353678999083e-01
4.531702083904435852e-01 -1.662581307241952078e-01 -2.163353083669651844e-01
4.551848815569788931e-01 -1.679731511757544260e-01 1.744426565680543273e-01
4.571995547235140900e-01 -1.594859231282406142e-01 5.530723529833998509e-01
4.592181900033455166e-01 -1.413875321659387452e-01 8.978545462396526622e-01
4.612368252831767768e-01 -1.148717664262337151e-01 1.188442248746184315e+00
4.632593922887823235e-01 -8.151116273975420046e-02 1.409459125044050243e+00
4.652819592943879257e-01 -4.334328213023855292e-02 1.549074525216133091e+00
4.673084188243976089e-01 -2.497670712671591891e-03 1.601099550350133738e+00
4.693348783544071812e-01 3.865424565150575587e-02 1.564081031081324458e+00
4.713651924405172222e-01 7.792954928382808677e-02 1.441536833329559508e+00
4.733955065266273188e-01 1.131543579206918532e-01 1.241793229825979283e+00
4.759389023477624270e-01 1.487309930848921269e-01 9.024991068404610850e-01
4.784822981688974797e-01 1.724196899243882197e-01 4.918811569440147413e-01
4.805211256895989269e-01 1.816584980490158763e-01 1.334434013523947415e-01
4.825599532103003741e-01 1.817415897437862915e-01 -2.303293451561855554e-01
4.846024622203434773e-01 1.727518944763360154e-01 -5.818723333764812544e-01
4.866449712303865804e-01 1.552318105436850393e-01 -9.035645615672573960e-01
4.886910831097662222e-01 1.300793385216900688e-01 -1.180938425315309903e+00
4.907371949891458085e-01 9.860683725957687662e-02 -1.401112559852929706e+00
4.927868267637741106e-01 6.229858705194218915e-02 -1.555144435482074705e+00
4.948364585384024128e-01 2.293808531040880325e-02 -1.636844668261698388e+00
4.989425778493357111e-01 -5.688961411966653864e-02 -1.579483944316740773e+00
5.020264094695874313e-01 -1.119588153415494308e-01 -1.355284186738768382e+00
5.051138832495274400e-01 -1.567176541093610043e-01 -1.002485204655079842e+00
5.092361856145506405e-01 -1.933829276687479004e-01 -4.000705193977727170e-01
5.133645520198434342e-01 -1.995793064463087796e-01 2.620360926186958150e-01
5.174987117319133079e-01 -1.749031557733435605e-01 8.797337091963892686e-01
5.216383508218596088e-01 -1.236250452324237220e-01 1.362269895317213875e+00
5.257831480915519107e-01 -5.370446371783154510e-02 1.644519493879763372e+00
5.299327976174466048e-01 2.463550008536512584e-02 1.694033238903945415e+00
5.340869657500283418e-01 1.005070787578982716e-01 1.512559475558791444e+00
5.382452599924625325e-01 1.638827024517784392e-01 1.132626152873148717e+00
5.424072497157466088e-01 2.068467547704471998e-01 6.103574671970218857e-01
5.465725012540574301e-01 2.244403556403183342e-01 1.603791634276948222e-02
5.507405845750824591e-01 2.150411287790078563e-01 -5.759927148396485341e-01
5.549110536012068495e-01 1.802919607005231684e-01 -1.096714228938673763e+00
5.590834321773656690e-01 1.246476690897527911e-01 -1.490021238893125544e+00
5.643010869630014081e-01 3.625245348953082952e-02 -1.745671462986566169e+00
5.684758978830769527e-01 -4.075650776395899760e-02 -1.745440060670504945e+00
5.726509199913500936e-01 -1.144849724731060864e-01 -1.568479939914284138e+00
5.768255755389478656e-01 -1.777455099916995795e-01 -1.239433122362619599e+00
5.809992666418749563e-01 -2.247514720171854274e-01 -7.958776808095338051e-01
5.851713896051653485e-01 -2.515515836713975717e-01 -2.834628339683030185e-01
5.882989619740793819e-01 -2.571849229693419780e-01 1.181361263347729257e-01
5.935085681122563850e-01 -2.389791447554292236e-01 7.547063763262362723e-01
5.976721595114997676e-01 -2.017001432884239220e-01 1.194283727685182095e+00
6.018315407075064405e-01 -1.478704574891577250e-01 1.534649437013436035e+00
6.059860031390628121e-01 -8.205465482077221873e-02 1.754054094325160129e+00
6.101348262532020339e-01 -9.445331934949331015e-03 1.841790426689340343e+00
6.142772761532119263e-01 6.459259527932234568e-02 1.797825469665820908e+00
6.184126036405177551e-01 1.349351132783281060e-01 1.631620566579247811e+00
6.225400396928169044e-01 1.970426942340045839e-01 1.360372026428482650e+00
6.266587955232777452e-01 2.472176524495817429e-01 1.006903040863436960e+00
6.307680621340325811e-01 2.827681932299189738e-01 5.974269061418832072e-01
6.348670077734064332e-01 3.020807790321795583e-01 1.593750188274697666e-01
6.389547727646552877e-01 3.046094180498917225e-01 -2.805559731611287355e-01
6.430304670771704867e-01 2.907953098475267173e-01 -6.980319590113078787e-01
6.470931794239351831e-01 2.619328166419627180e-01 -1.072325840679060782e+00
6.511419830734889169e-01 2.199987362224248844e-01 -1.387158857076944862e+00
6.551759295578980513e-01 1.674618634271388962e-01 -1.631141980733274988e+00
6.591940368817645890e-01 1.070884790300864892e-01 -1.797841217483048926e+00
6.631952816224888636e-01 4.175693156476433660e-02 -1.885523870059751861e+00
6.671786041264677891e-01 -2.570867665775631444e-02 -1.896660804463119909e+00
6.711429148974273895e-01 -9.267848396583668047e-02 -1.837258963992845828e+00
6.750870927600961524e-01 -1.568262500349613398e-01 -1.716093903025428080e+00
6.790099725167971778e-01 -2.162066751582332469e-01 -1.543905429459974998e+00
6.829103352717456055e-01 -2.693017774243592344e-01 -1.332611855148454261e+00
6.867869018151261384e-01 -3.150390155385654478e-01 -1.094589838848872621e+00
6.906383285912754966e-01 -3.527852938405525163e-01 -8.420636376049209781e-01
6.944632064204609989e-01 -3.823219978589889045e-01 -5.866284815312942102e-01
6.982600501045075347e-01 -4.038061273851129562e-01 -3.389003484792657561e-01
7.020272815871985150e-01 -4.177234809548830974e-01 -1.083123537538674130e-01
7.038990663650485091e-01 -4.220585177220164685e-01 -2.001294899820476626e-03
7.057628000939073498e-01 -4.248017108343499215e-01 9.708698831126540141e-02
7.094655902404470860e-01 -4.260921348020690336e-01 2.704428816127159019e-01
7.131331888985167344e-01 -4.227240310295132808e-01 4.060189651226597807e-01
7.167633315432266894e-01 -4.159998219616773407e-01 4.989385739867815417e-01
7.203534697890988658e-01 -4.073618085603787353e-01 5.426593397629684290e-01
7.239006927315578821e-01 -3.981787054199427689e-01 5.459336974510365925e-01
7.274037472512754343e-01 -3.891645888007665977e-01 5.414086164156037828e-01
7.308631569784361792e-01 -3.804231800199734947e-01 5.370244654944837936e-01
7.342794427454362172e-01 -3.719430989622686257e-01 5.327755473435163980e-01
7.376531370894844342e-01 -3.637137808417763019e-01 5.286564160176726590e-01
7.409847640846142225e-01 -3.557251858730247074e-01 5.246619002762549222e-01
7.442748211369105693e-01 -3.479678725635716452e-01 5.207871086033670771e-01
7.475237974064263824e-01 -3.404328861650741667e-01 5.170273906868052549e-01
7.507321962838469087e-01 -3.331116242567609964e-01 5.133782980171316401e-01
7.539005302043194634e-01 -3.259958368460418865e-01 5.098355789591667575e-01
7.570292970629285412e-01 -3.190777074303862149e-01 5.063951940872799540e-01
7.601189748256973466e-01 -3.123498555716503478e-01 5.030533095516974695e-01
7.631700307096180858e-01 -3.058052731100359689e-01 4.998062753611539621e-01
7.661829280312825174e-01 -2.994372764590195746e-01 4.966506080173234139e-01
7.691581275626218073e-01 -2.932394848852157843e-01 4.935829801524920235e-01
7.720960887207071188e-01 -2.872057938464345206e-01 4.906002109746656070e-01
7.749972707982543119e-01 -2.813303477567232758e-01 4.876992572990136998e-01
7.778621289318303766e-01 -2.756075466666820240e-01 4.848772102651330851e-01
7.806911033824630586e-01 -2.700320833485229666e-01 4.821312986760882824e-01
7.834846171445913887e-01 -2.645989394515117499e-01 4.794588838250476992e-01
7.862430869060449412e-01 -2.593033198606100043e-01 4.768574420953769488e-01
7.889669369237084506e-01 -2.541405865018029342e-01 4.743245461900372772e-01
7.916565982021911418e-01 -2.491062580435309259e-01 4.718578613382033993e-01
7.943124974778934533e-01 -2.441960463964223671e-01 4.694551508039762622e-01
7.969350495080719243e-01 -2.394058703042234726e-01 4.671142778263019935e-01
7.995246585495641156e-01 -2.347318340177387275e-01 4.648331991888748349e-01
8.020817215573190495e-01 -2.301702034017253373e-01 4.626099578056328543e-01
8.046066294762304061e-01 -2.257173951779789800e-01 4.604426773827375863e-01
8.070997653306969388e-01 -2.213699754618313753e-01 4.583295602355432208e-01
8.095615092888481801e-01 -2.171246425139492786e-01 4.562688792274277594e-01
8.119922431475441460e-01 -2.129782103682322236e-01 4.542589708106574697e-01
8.143923505053758394e-01 -2.089276072595407374e-01 4.522982319008441721e-01
8.167622071215497881e-01 -2.049698948499895368e-01 4.503851249706253279e-01
8.191021778306492029e-01 -2.011022688058647645e-01 4.485181773547697315e-01
8.214126187949533087e-01 -1.973220399232747946e-01 4.466959764855225612e-01
8.236938850346046115e-01 -1.936266050730122423e-01 4.449171612458043268e-01
8.259463322523640239e-01 -1.900134378613065889e-01 4.431804183621990134e-01
8.281703138888254490e-01 -1.864801033264750774e-01 4.414844825113675153e-01
8.303661724506571362e-01 -1.830242879272176160e-01 4.398281407558544687e-01
8.325342380230222883e-01 -1.796438009953198744e-01 4.382102312247320164e-01
8.346748353855768521e-01 -1.763365376247532645e-01 4.366296356032108306e-01
8.367882947421915185e-01 -1.731004355042876364e-01 4.350852693782877867e-01
8.388749484008726220e-01 -1.699334812357405355e-01 4.335760829462784183e-01
8.409351219691613144e-01 -1.668337434111156481e-01 4.321010664562038306e-01
8.429691303017050608e-01 -1.637993856420174033e-01 4.306592509804825220e-01
8.449772835243484215e-01 -1.608286434378047303e-01 4.292497024798514471e-01
8.469598912257328971e-01 -1.579198050640520934e-01 4.278715174606457228e-01
8.489172622932020795e-01 -1.550712130015752255e-01 4.265238218769889511e-01
8.508497044538249066e-01 -1.522812683896483110e-01 4.252057702433227337e-01
8.527575229688695302e-01 -1.495484290893031032e-01 4.239165453380362991e-01
8.546410160783932675e-01 -1.468712108777842362e-01 4.226553601066903032e-01
8.565004710086118189e-01 -1.442481929156970155e-01 4.214214591002333754e-01
8.583361673787008872e-01 -1.416780099800740989e-01 4.202141149817026355e-01
8.601483873498577681e-01 -1.391593280336913541e-01 4.190326207888094845e-01
8.619374190156378068e-01 -1.366908322118640107e-01 4.178762870092823656e-01
8.637035513945729992e-01 -1.342712394687473332e-01 4.167444441307440184e-01
8.654470650665438969e-01 -1.318993228602629297e-01 4.156364478444421473e-01
8.671682312272307458e-01 -1.295739139600715628e-01 4.145516786183755520e-01
8.688673159218502917e-01 -1.272938860297983255e-01 4.134895381106200030e-01
8.705445856873960109e-01 -1.250581361839033789e-01 4.124494448674708713e-01
8.722003068198478370e-01 -1.228655876883682913e-01 4.114308341799799984e-01
8.738347418094588592e-01 -1.207152020993598196e-01 4.104331596365528023e-01
8.754481467852704979e-01 -1.186059837787053206e-01 4.094558939963221511e-01
8.770407741766889087e-01 -1.165369683109641896e-01 4.084985268791289648e-01
8.786128771136945126e-01 -1.145072082641696021e-01 4.075605615439338858e-01
8.801647113007132761e-01 -1.125157702670000481e-01 4.066415133004631088e-01
8.816965317742312402e-01 -1.105617452844229326e-01 4.057409109940806058e-01
8.832085878593547434e-01 -1.086442609354082711e-01 4.048582994469002161e-01
8.847011190561783200e-01 -1.067624871756121668e-01 4.039932412733059919e-01
8.861743569071006688e-01 -1.049156290316803214e-01 4.031453151624711517e-01
8.876285293506940288e-01 -1.031029135444052891e-01 4.023141128614913797e-01
8.890638676536581908e-01 -1.013235748014700149e-01 4.014992347879998702e-01
8.904806072870743439e-01 -9.957685112424762008e-02 4.007002892772165703e-01
8.918789864151801527e-01 -9.786198965706044417e-02 3.999168931455753251e-01
8.932592404372767803e-01 -9.617825824175305072e-02 3.991486744506602125e-01
8.946215989640163846e-01 -9.452495348908566963e-02 3.983952737623730478e-01
8.959662842038009778e-01 -9.290140478095450238e-02 3.976563446264358426e-01
8.972935117732897536e-01 -9.130697214305948106e-02 3.969315526844391928e-01
8.986034927209798351e-01 -8.974103984144175816e-02 3.962205741756349986e-01
8.998964354025826839e-01 -8.820300860175689373e-02 3.955230945951696553e-01
9.011725489915097809e-01 -8.669228593805990146e-02 3.948388065154683213e-01
9.024320447860507688e-01 -8.520828235477581614e-02 3.941674086769511032e-01
9.036751353555274591e-01 -8.375041542574405973e-02 3.935086062318216005e-01
9.049020296532450658e-01 -8.231812208807240405e-02 3.928621131135925371e-01
9.061129304280890473e-01 -8.091086483449158595e-02 3.922276531066786198e-01
9.073080357373773941e-01 -7.952812660899782893e-02 3.916049587488899530e-01
9.084875419218813031e-01 -7.816940206919036072e-02 3.909937695234018129e-01
9.096516449412487271e-01 -7.683419387414618107e-02 3.903938309609261137e-01
9.108005396977110202e-01 -7.552201478370143550e-02 3.898048948021771709e-01
9.119344190251117421e-01 -7.423239067947534631e-02 3.892267193190298014e-01
9.130534727752540602e-01 -7.296486222076367656e-02 3.886590695772307313e-01
9.141578874195450677e-01 -7.171898477125226989e-02 3.881017174307285211e-01
9.152478462184302499e-01 -7.049432804653520124e-02 3.875544412383641890e-01
9.163235307136011754e-01 -6.929047009852876138e-02 3.870170249257859907e-01
9.173851213290326045e-01 -6.810699916674353704e-02 3.864892575282384279e-01
9.184327978233862710e-01 -6.694350952678118638e-02 3.859709328121254668e-01
9.194667382392092136e-01 -6.579960439829990460e-02 3.854618496569210406e-01
9.204871184823875119e-01 -6.467489691709896182e-02 3.849618121098519752e-01
9.214941118815067611e-01 -6.356901121601968296e-02 3.844706294512483247e-01
9.224878885587296518e-01 -6.248158353400588144e-02 3.839881163519949792e-01
9.234686156415649050e-01 -6.141226148754401482e-02 3.835140926192133204e-01
9.244364580894727235e-01 -6.036070113556652600e-02 3.830483826610321385e-01
9.253915805410551920e-01 -5.932656228254317571e-02 3.825908144742492523e-01
9.263341472457474746e-01 -5.830950802826998652e-02 3.821412195778518539e-01
9.272643205556930779e-01 -5.730920896626067601e-02 3.816994336272831467e-01
9.281822593195951931e-01 -5.632534814623557651e-02 3.812652970595278301e-01
9.290881192404382150e-01 -5.535762108432356471e-02 3.808386547956456591e-01
9.299820544127295197e-01 -5.440573123397141053e-02 3.804193554022013424e-01
9.308642183379219892e-01 -5.346938532372368102e-02 3.800072505212755969e-01
9.317347637709364472e-01 -5.254829201704503544e-02 3.796021948597155249e-01
9.325938419655581679e-01 -5.164216374757063521e-02 3.792040464574754077e-01
9.334416025644689530e-01 -5.075071831785503418e-02 3.788126666508501716e-01
9.342781940582032263e-01 -4.987367891924070901e-02 3.784279197756879598e-01
9.351037639763524201e-01 -4.901077350149450618e-02 3.780496730017114948e-01
9.359184581932523672e-01 -4.816173675816241839e-02 3.776777965693669525e-01
9.367224180073485673e-01 -4.732631675283510697e-02 3.773121650396095150e-01
9.375157793601903711e-01 -4.650427808917602379e-02 3.769526575375791722e-01
9.382986736089657942e-01 -4.569539899982310444e-02 3.765991573033903306e-01
9.390712321160756826e-01 -4.489946004752804615e-02 3.762515495329021853e-01
9.398335891165293665e-01 -4.411623598878892244e-02 3.759097200457747756e-01
9.405858812974943195e-01 -4.334549592218409075e-02 3.755735554499429196e-01
9.413282457717848661e-01 -4.258700756178106228e-02 3.752429440117818205e-01
9.420608178502133390e-01 -4.184054113889897758e-02 3.749177766006364654e-01
9.427837310928691705e-01 -4.110586991334804624e-02 3.745979466008293457e-01
9.434971161334501089e-01 -4.038277424270212551e-02 3.742833503684450114e-01
9.442010983676487612e-01 -3.967104818662924026e-02 3.739738881801594195e-01
9.448957981803430828e-01 -3.897050017642525455e-02 3.736694640460634376e-01
9.455813325674083947e-01 -3.828094592182813838e-02 3.733699849282101080e-01
9.462578189837917986e-01 -3.760219564074812615e-02 3.730753590023405120e-01
9.469253759203707377e-01 -3.693404920838820604e-02 3.727854953819463302e-01
9.475841219105402002e-01 -3.627630151870105818e-02 3.725003045243429622e-01
9.482341736882211602e-01 -3.562875487136357711e-02 3.722196989964099423e-01
9.488756453742962504e-01 -3.499122696821643785e-02 3.719435937766436551e-01
9.495086488587556328e-01 -3.436355073178833097e-02 3.716719060364132021e-01
9.501332951313513631e-01 -3.374557233361690639e-02 3.714045545230665879e-01
9.507496960826257171e-01 -3.313714988787882371e-02 3.711414587538404142e-01
9.513579651353069044e-01 -3.253815207057333264e-02 3.708825387209135904e-01
9.519582165945869034e-01 -3.194845095805575602e-02 3.706277151310556905e-01
9.525505625735545268e-01 -3.136791329918471594e-02 3.703769106712143655e-01
9.531351118401709677e-01 -3.079639748637471794e-02 3.701300504512275436e-01
9.537119697698679399e-01 -3.023375601563588200e-02 3.698870619895892053e-01
9.542812403202287630e-01 -2.967983642807203379e-02 3.696478743509165610e-01
9.548430270251752061e-01 -2.913448121913387451e-02 3.694124177061414716e-01
9.553974327455952986e-01 -2.859752995562030858e-02 3.691806234171833290e-01
9.559445589026865919e-01 -2.806882735841803242e-02 3.689524243357308886e-01
9.564845050053580877e-01 -2.754823074986281067e-02 3.687277549731860504e-01
9.570173690229182295e-01 -2.703561002531923788e-02 3.685065513135664106e-01
9.575432481385535155e-01 -2.653084189901356443e-02 3.682887504643089782e-01
9.580622389120657667e-01 -2.603380426898394689e-02 3.680742905594753256e-01
9.585744372418232295e-01 -2.554437457109668200e-02 3.678631107522012389e-01
9.590799381259947909e-01 -2.506243112265344256e-02 3.676551512914341124e-01
9.595788354479902749e-01 -2.458785484615554767e-02 3.674503535887393424e-01
9.600712216912781205e-01 -2.412053055537431365e-02 3.672486603134421657e-01
9.605571877573033657e-01 -2.366034719513073967e-02 3.670500154441027063e-01
9.610368233668841187e-01 -2.320719667421204668e-02 3.668543640791215865e-01
9.615102176430252445e-01 -2.276097239517736043e-02 3.666616521800015183e-01
9.619774592602109431e-01 -2.232156874749191555e-02 3.664718264933213288e-01
9.624386363595022198e-01 -2.188888110451851429e-02 3.662848345679084461e-01
9.628938363592510763e-01 -2.146280592157205278e-02 3.661006248171445043e-01
9.633431459530198415e-01 -2.104324076334368812e-02 3.659191465005218746e-01
9.637866510388649610e-01 -2.063008506543231868e-02 3.657403497359865141e-01
9.642244362725824747e-01 -2.022324158847515346e-02 3.655641856660133970e-01
9.646565852206075986e-01 -1.982261612422753574e-02 3.653906063767128343e-01
9.650831808361504116e-01 -1.942811592943284593e-02 3.652195646888988789e-01
9.655043054562382210e-01 -1.903964924806461623e-02 3.650510141466489777e-01
9.659200402356747928e-01 -1.865712646171047845e-02 3.648849092262757554e-01
9.663304647237355161e-01 -1.828046132732836365e-02 3.647212054889785726e-01
9.667356570265409621e-01 -1.790957050588766128e-02 3.645598595005764553e-01
9.671356950751521797e-01 -1.754437115590107635e-02 3.644008283142842197e-01
9.675306568648514016e-01 -1.718478017457368903e-02 3.642440693699949827e-01
9.679206204413721704e-01 -1.683071421844133456e-02 3.640895404843894623e-01
9.683056632759791116e-01 -1.648209002931034714e-02 3.639372000902529325e-01
9.686858619411236049e-01 -1.613882444793302701e-02 3.637870073454800290e-01
9.690612920205190495e-01 -1.580083468706247260e-02 3.636389221581461939e-01
9.694320280361357067e-01 -1.546803933236152659e-02 3.634929052074656886e-01
9.697981436541373013e-01 -1.514035888420429445e-02 3.633489178519492824e-01
9.701597119736792285e-01 -1.481771508639158352e-02 3.632069220097898232e-01
9.705168057640763957e-01 -1.450002996405180822e-02 3.630668800514147421e-01
9.708694969864466451e-01 -1.418722619647431842e-02 3.629287549740187191e-01
9.712178563702503764e-01 -1.387922819002349560e-02 3.627925105550920959e-01
9.715619532024425409e-01 -1.357596256121249186e-02 3.626581114231742231e-01
9.719018559824413872e-01 -1.327735611536598470e-02 3.625255227929618518e-01
9.722376334334535963e-01 -1.298333316703941843e-02 3.623947100632703977e-01
9.725693544860373185e-01 -1.269381534144913351e-02 3.622656388176115350e-01
9.728970879945362249e-01 -1.240872264874405724e-02 3.621382749291382486e-01
9.732209017546173957e-01 -1.212797506803058034e-02 3.620125849297529674e-01
9.735408623544371531e-01 -1.185149259651825833e-02 3.618885360557537179e-01
9.738570353791702328e-01 -1.157919471958224721e-02 3.617660961562965127e-01
9.741694855365269357e-01 -1.131100084992505556e-02 3.616452336419497815e-01
9.744782765863391205e-01 -1.104683139187070257e-02 3.615259175104540978e-01
9.747834712405878399e-01 -1.078660827780623943e-02 3.614081173688298287e-01
9.750851311684266554e-01 -1.053025444018509428e-02 3.612918034221150876e-01
9.753833174776915804e-01 -1.027769230624236974e-02 3.611769462920552676e-01
9.756780908428658305e-01 -1.002884342208878836e-02 3.610635169441488435e-01
9.759695114299516971e-01 -9.783628803090017173e-03 3.609514867150928064e-01
9.762576389021463408e-01 -9.541967972750864391e-03 3.608408273043888781e-01
9.765425324979953858e-01 -9.303777314476940202e-03 3.607315107222069384e-01
9.768242509432418785e-01 -9.068969541397561840e-03 3.606235093233555733e-01
9.771028522833710150e-01 -8.837455019710675069e-03 3.605167958637569003e-01
9.773783933517848910e-01 -8.609144954977348066e-03 3.604113436974730189e-01
9.776509296593629550e-01 -8.383953240449857486e-03 3.603071268294842366e-01
9.779205156231944862e-01 -8.161796055422970708e-03 3.602041198221276330e-01
9.781872047434609918e-01 -7.942590538909810247e-03 3.601022976901417372e-01
9.784510495060143587e-01 -7.726253724208759568e-03 3.600016359509577435e-01
9.787121011965591588e-01 -7.512702649386041910e-03 3.599021106856268859e-01
9.789704097928612070e-01 -7.301854709144561632e-03 3.598036985511496866e-01
9.792260248675913603e-01 -7.093626362205696437e-03 3.597063764368679806e-01
9.794789964416771300e-01 -6.887931626466587721e-03 3.596101211589361468e-01
9.797293750085785957e-01 -6.684681721551158709e-03 3.595149094328520256e-01
9.799772111141689113e-01 -6.483786699531477946e-03 3.594207180278987113e-01
9.802225538059048393e-01 -6.285159226403438763e-03 3.593275243606098845e-01
9.804654503645000574e-01 -6.088718757236236297e-03 3.592353065761710318e-01
9.807059465012439858e-01 -5.894376168018827800e-03 3.591440434786823399e-01
9.809440869290046994e-01 -5.702066818016443203e-03 3.590537142927610059e-01
9.811799158740861504e-01 -5.511706846870426980e-03 3.589642984635335043e-01
9.814134771051555850e-01 -5.323219877575370573e-03 3.588757756349290062e-01
9.816448139740299172e-01 -5.136530757895535655e-03 3.587881256275641806e-01
9.818739695684386426e-01 -4.951566096800402023e-03 3.587013283971456357e-01
9.821009867550495320e-01 -4.768255567531354266e-03 3.586153640250949737e-01
9.823259081899210488e-01 -4.586531772090755507e-03 3.585302127287004481e-01
9.825487766341645113e-01 -4.406330057507023418e-03 3.584458546971853177e-01
9.827696354372893461e-01 -4.227588160484257833e-03 3.583622699191894578e-01
9.829885289087769706e-01 -4.050245876707162657e-03 3.582794380661771250e-01
9.832055018255810852e-01 -3.874246103637073776e-03 3.581973386513408464e-01
9.834205977716130587e-01 -3.699537311627706850e-03 3.581159516308074497e-01
9.836338588957453943e-01 -3.526074319576828677e-03 3.580352574450129666e-01
9.838453264273652188e-01 -3.353817742151550974e-03 3.579552368600354417e-01
9.840550431756610594e-01 -3.182731363467336799e-03 3.578758700784190894e-01
9.842630544299338924e-01 -3.012780713087955062e-03 3.577971363844956731e-01
9.844694079699815026e-01 -2.843933537363152984e-03 3.577190141112299160e-01
9.846741527711339037e-01 -2.676162957667475428e-03 3.576414811694653695e-01
9.848773386240422534e-01 -2.509449698941903020e-03 3.575645151774303754e-01
9.850790165882933325e-01 -2.343780967637837213e-03 3.574880932477098594e-01
9.852792397559874127e-01 -2.179146309257366104e-03 3.574121916814235189e-01
9.854780637322345660e-01 -2.015534464549194067e-03 3.573367857414847526e-01
9.856755468082143423e-01 -1.852933866117595580e-03 3.572618495612514544e-01
9.858717495053704871e-01 -1.691335901106588409e-03 3.571873563216724223e-01
9.860667343401825491e-01 -1.530731782205070265e-03 3.571132784081472167e-01
9.862605662335471868e-01 -1.371134775239966821e-03 3.570395871631878992e-01
9.864533145194630537e-01 -1.212531585470280745e-03 3.569662521205332895e-01
9.866450541503118954e-01 -1.054918057808065801e-03 3.568932406232726562e-01
9.867880381885917318e-01 -9.375345634078266445e-04 3.568387522323039351e-01
9.869309532600107904e-01 -8.203609380842705407e-04 3.567842514718972402e-01
9.871205341790296739e-01 -6.652093800208643253e-04 3.567118909701386675e-01
9.872620466585018129e-01 -5.496507723590787634e-04 3.566578269629110398e-01
9.874036170961336678e-01 -4.342924595261067502e-04 3.566036947220877495e-01
9.875916216718324536e-01 -2.815271514971861644e-04 3.565317315934008469e-01
9.877556032248382412e-01 -1.487465466085683872e-04 3.564688883952819021e-01
9.878728339090028232e-01 -5.411810522415639338e-05 3.564239159205319085e-01
9.880364164951689343e-01 7.747890271380001106e-05 3.563610943152163979e-01
9.881766700670048253e-01 1.898519338391208813e-04 3.563071658938703479e-01
9.882701561032216642e-01 2.645015187026317845e-04 3.562711843649629118e-01
9.884161744165290697e-01 3.806725024657457452e-04 3.562149242981845765e-01
9.885274938018725477e-01 4.688667215966986468e-04 3.561719824606576768e-01
9.886441702430321943e-01 5.609413165398842785e-04 3.561269244923884747e-01
9.887615048409820195e-01 6.531420547532342837e-04 3.560815588919798436e-01
9.888671405303265383e-01 7.357965141888327208e-04 3.560406686489392958e-01
9.889964814527246739e-01 8.365234616242650046e-04 3.559905379468726871e-01
9.891379956535801821e-01 9.460984873535635727e-04 3.559356038792050869e-01
9.892563647329785104e-01 1.037216881603649984e-03 3.558895827628408837e-01
9.893750463211569146e-01 1.128065214046842677e-03 3.558433714547541982e-01
9.894943121748573933e-01 1.218827298427992839e-03 3.557968601895346028e-01
9.896140207055634797e-01 1.309368490521111783e-03 3.557500999186365975e-01
9.897159914823099314e-01 1.386041120026288570e-03 3.557102052536390557e-01
9.898434705941348000e-01 1.481292067994371790e-03 3.556602454889542519e-01
9.899375585064562610e-01 1.551157798769133359e-03 3.556233084079106765e-01
9.900878310668779214e-01 1.661958104281411469e-03 3.555641969921991552e-01
9.901743200970993808e-01 1.725281628665620813e-03 3.555301071690455395e-01
9.902609137873940037e-01 1.788347750808939787e-03 3.554959239107229885e-01
9.903612026626938958e-01 1.860966792944285459e-03 3.554562665658025922e-01
9.904874739384739168e-01 1.951741374228687645e-03 3.554062269869422419e-01
9.905894425236058121e-01 2.024500035446532686e-03 3.553657262653288074e-01
9.907182233334840271e-01 2.115680863204421561e-03 3.553144528006306757e-01
9.907962672147299088e-01 2.170552239971489366e-03 3.552833098939088829e-01
9.909212141403226370e-01 2.257792646606589671e-03 3.552333351856916122e-01
9.910108377596256179e-01 2.319910395680060879e-03 3.551973971399199348e-01
9.911016878566011323e-01 2.382487682466849933e-03 3.551608856548769122e-01
9.912137238991562960e-01 2.459119076671196363e-03 3.551157415046151677e-01
9.913000989104370220e-01 2.517791515081315833e-03 3.550808440786440978e-01
9.913838631252052114e-01 2.574350542619469745e-03 3.550469205627805880e-01
9.914506465589315587e-01 2.619203605460887225e-03 3.550198148485808614e-01
9.915146713824002367e-01 2.662004918576738478e-03 3.549937777385201443e-01
9.916340109879260289e-01 2.741263869161217250e-03 3.549451069399132130e-01
9.917072197375820242e-01 2.789551442511695178e-03 3.549151566148364134e-01
9.918113459853242775e-01 2.857796409097532013e-03 3.548724297473467293e-01
9.918788921488236321e-01 2.901799063217137299e-03 3.548446291944028497e-01
9.919787124284612512e-01 2.966445888462159158e-03 3.548034191554942374e-01
9.920446367295224777e-01 3.008896294163516515e-03 3.547761168384087060e-01
9.921335618592820316e-01 3.065855426409992528e-03 3.547391758600822453e-01
9.922483388488775313e-01 3.138862069687637681e-03 3.546912949736846787e-01
9.923140323712106303e-01 3.180386861884642972e-03 3.546637834112582599e-01
9.923808176287334248e-01 3.222408561535352895e-03 3.546357317383999619e-01
9.924653149416101661e-01 3.275299539570085405e-03 3.546001160434829602e-01
9.925519742114751187e-01 3.329226187931725537e-03 3.545634384729839939e-01
9.926400143689063649e-01 3.383686795788252467e-03 3.545260130133097154e-01
9.927300306504682759e-01 3.439038937330063557e-03 3.544875690804192292e-01
9.928223552515691441e-01 3.495468058452367785e-03 3.544479428792821074e-01
9.928790071570852138e-01 3.529926393021174270e-03 3.544235247501912878e-01
9.929749283407137694e-01 3.587984481741081279e-03 3.543819949330865304e-01
9.930338309415541742e-01 3.623458957100387633e-03 3.543563720491008651e-01
9.931134822473388635e-01 3.671214426388476511e-03 3.543215715174922176e-01
9.931957520679123297e-01 3.720278483485415805e-03 3.542854359306198408e-01
9.932581794112547158e-01 3.757329118461195071e-03 3.542578808816991831e-01
9.933222453859934520e-01 3.795194031751660327e-03 3.542294768073259714e-01
9.934096186032961295e-01 3.846576750912357023e-03 3.541905259774666415e-01
9.934541404540199183e-01 3.872646415067516803e-03 3.541705799210468353e-01
9.935457954224757859e-01 3.926080584715272055e-03 3.541293008576092971e-01
9.936160469382104843e-01 3.966823117342317684e-03 3.540974553360349830e-01
9.936880935992783437e-01 4.008409201909571631e-03 3.540646023763839301e-01
9.937495894572796473e-01 4.043744396549174731e-03 3.540363991864408644e-01
9.938121488219817667e-01 4.079537708866351302e-03 3.540075498992113490e-01
9.939160796672812381e-01 4.138650543696004679e-03 3.539592538525302978e-01
9.939694945657114866e-01 4.168856195733834820e-03 3.539342453565044178e-01
9.940375730092885220e-01 4.207183292462347499e-03 3.539021800456810807e-01
9.941079133971814086e-01 4.246584169854165751e-03 3.538688156267857932e-01
9.941512836844985657e-01 4.270777065204082491e-03 3.538481213442509210e-01
9.942245924467123519e-01 4.311498519434233886e-03 3.538129220320169743e-01
9.942849783485653292e-01 4.344878387605380886e-03 3.537837127125622594e-01
9.943630951281491326e-01 4.387835936965699124e-03 3.537456269417353916e-01
9.944439687478419110e-01 4.432032445684978318e-03 3.537058248115140802e-01
9.944937414949477361e-01 4.459086866247897324e-03 3.536811327105831571e-01
9.945448254080581085e-01 4.486739525957758254e-03 3.536556289476474602e-01
9.946141837795062779e-01 4.524100454120237591e-03 3.536207312408199410e-01
9.946679242963347711e-01 4.552902246609872444e-03 3.535934697582872599e-01
9.947232555508067620e-01 4.582424314967682884e-03 3.535651916249430982e-01
9.947802947091887171e-01 4.612716888468656497e-03 3.535358102132857283e-01
9.948193345282794198e-01 4.633367360999994002e-03 3.535155611732110348e-01
9.948788033927520313e-01 4.664692661683247053e-03 3.534844916037907514e-01
9.949193304565996376e-01 4.685947607787248684e-03 3.534631579292343839e-01
9.949819063874423275e-01 4.718613750277073950e-03 3.534299537578062811e-01
9.950248963278948144e-01 4.740946940815054557e-03 3.534069503629060360e-01
9.950914392447394174e-01 4.775338516912963453e-03 3.533710245715535603e-01
9.951257033035670885e-01 4.792964349535909149e-03 3.533523691919694398e-01
9.951843888488717260e-01 4.823025356218607444e-03 3.533201618213386297e-01
9.952322115084688559e-01 4.847405173872104157e-03 3.532936696471289939e-01
9.952814503025246839e-01 4.872397240196880280e-03 3.532661537271074570e-01
9.953322073685838545e-01 4.898043083824041820e-03 3.532375264986033492e-01
9.953845960308196350e-01 4.924387206548080410e-03 3.532076890135474878e-01
9.954519586706931378e-01 4.958066147080359733e-03 3.531688727539483152e-01
9.954937886889216880e-01 4.978865825566889010e-03 3.531445036573403473e-01
9.955367586705249350e-01 5.000141620427472899e-03 3.531192510768729198e-01
9.955809446208156999e-01 5.021926461592699301e-03 3.530930446050309923e-01
9.956414875400296793e-01 5.051625693552036674e-03 3.530567290316077300e-01
9.956882115261579402e-01 5.074429971188863797e-03 3.530283677762312000e-01
9.957364305507077074e-01 5.097858709350250664e-03 3.529987818626420526e-01
9.957694647789196996e-01 5.113848268396187051e-03 3.529783207421722802e-01
9.958204391530577348e-01 5.138422029355093137e-03 3.529464309632360242e-01
9.958554331825923978e-01 5.155220427502165033e-03 3.529243086506734239e-01
9.959095524598978733e-01 5.181082718791198485e-03 3.528897141973886264e-01
9.959562594527735513e-01 5.203288554650490824e-03 3.528594711702328079e-01
9.960045505597787674e-01 5.226135867635181391e-03 3.528278112545986667e-01
9.960343411253066437e-01 5.240175802733942380e-03 3.528080753268126868e-01
9.960854494326569775e-01 5.264170808886813741e-03 3.527738404230211788e-01
9.961277448285118519e-01 5.283943080997330517e-03 3.527451370719013046e-01
9.961713919593757627e-01 5.304267283036037846e-03 3.527151506111950718e-01
9.962161918280310058e-01 5.325042792289426223e-03 3.526839717384575579e-01
9.962505693319740896e-01 5.340923759346965539e-03 3.526597615192357815e-01
9.962858572444537320e-01 5.357168552621559450e-03 3.526346444422317483e-01
9.963221125104277931e-01 5.373798327692925689e-03 3.526085498143272101e-01
9.963593986330890884e-01 5.390837674572318897e-03 3.525813981857038315e-01
9.963977866504906133e-01 5.408316022459463794e-03 3.525530998440730146e-01
9.964373559441993544e-01 5.426266124532190885e-03 3.525235533135668287e-01
9.964644356591672025e-01 5.438513519523832662e-03 3.525031052610667071e-01
9.965061743102501257e-01 5.457333719840205648e-03 3.524712152938918597e-01
9.965347929889251111e-01 5.470198218720661275e-03 3.524490801166513254e-01
9.965789926785999508e-01 5.490001362292932195e-03 3.524144491079194697e-01
9.966093636738425632e-01 5.503561807693302561e-03 3.523903295770033917e-01
9.966559567315705914e-01 5.524288456321108966e-03 3.523527966269392464e-01
9.966880427217708061e-01 5.538507047549210902e-03 3.523265628234875102e-01
9.967378328212044281e-01 5.560484219456910196e-03 3.522852054407134559e-01
9.967809783515868549e-01 5.579447550007224192e-03 3.522487039614702331e-01
9.968257684029371291e-01 5.599057959346075836e-03 3.522101331924790135e-01
9.968534955838771472e-01 5.611161738736776539e-03 3.521858971969351049e-01
9.969012406558794837e-01 5.631941033712049328e-03 3.521434976135124351e-01
9.969308756731882770e-01 5.644796305154363251e-03 3.521167407472103883e-01
9.969613046775022136e-01 5.657960882249013501e-03 3.520889044665563850e-01
9.969925771600518516e-01 5.671453250019498939e-03 3.520599019983933209e-01
9.970247479264872092e-01 5.685294202721147619e-03 3.520296359733596225e-01
9.970691443777704999e-01 5.704331417850172850e-03 3.519871260904926524e-01
9.971036607767090887e-01 5.719082825847056871e-03 3.519534594466425248e-01
9.971393088047536546e-01 5.734275480740834777e-03 3.519181021805267706e-01
9.971637472447061334e-01 5.744668143883441269e-03 3.518935076762962355e-01
9.972014842903836884e-01 5.760682006472670098e-03 3.518549442536391125e-01
9.972274093111264115e-01 5.771658463658587042e-03 3.518280262813682224e-01
9.972575290295068173e-01 5.784384193584726427e-03 3.517963039193817143e-01
9.972922000224022643e-01 5.798996149911582118e-03 3.517591706681484354e-01
9.973280657224116164e-01 5.814068192950824082e-03 3.517200371624433219e-01
9.973558081309227275e-01 5.825696597648009206e-03 3.516892466372457116e-01
9.973843238065247530e-01 5.837624053270240240e-03 3.516571100313626852e-01
9.974136641173761975e-01 5.849872449850500485e-03 3.516235127475356714e-01
9.974438858290636256e-01 5.862465513604978723e-03 3.515883257847584598e-01
9.974750515538618467e-01 5.875429891077513581e-03 3.515514031946024298e-01
9.975181926553605694e-01 5.893338228541257669e-03 3.514991867967505179e-01
9.975404964969021293e-01 5.902577811725218289e-03 3.514716673351482301e-01
9.975740710655780497e-01 5.916461796766201223e-03 3.514295442285554349e-01
9.976084019075507348e-01 5.930626086563220607e-03 3.513855743987758795e-01
9.976319905302465374e-01 5.940339362119127428e-03 3.513548180500412066e-01
9.976685048465973038e-01 5.955348657388758078e-03 3.513063046412810420e-01
9.976936576052695127e-01 5.965671655066131195e-03 3.512722264940951189e-01
9.977327010428558296e-01 5.981673762540517560e-03 3.512182253811337862e-01
9.977596755686080066e-01 5.992714718049049587e-03 3.511801039951987780e-01
9.977874647642224204e-01 6.004076656239371555e-03 3.511401119549198424e-01
9.978161248682079210e-01 6.015781201440191343e-03 3.510980755390825103e-01
9.978457182292497230e-01 6.027850542957464107e-03 3.510537970817345088e-01
9.978685681051390199e-01 6.037157472821690248e-03 3.510189805573018518e-01
9.978920154480180882e-01 6.046698044711814636e-03 3.509826678456687277e-01
9.979242710965282592e-01 6.059808737370948016e-03 3.509317150852645506e-01
9.979408528064854789e-01 6.066543513640068608e-03 3.509050581213117859e-01
9.979749878048177480e-01 6.080400715508668501e-03 3.508491627560950676e-01
9.979925724695731803e-01 6.087536614171996409e-03 3.508198162185485192e-01
9.980288529745338089e-01 6.102255012994536008e-03 3.507580438774789422e-01
9.980475867178884020e-01 6.109852169418877182e-03 3.507254785327588165e-01
9.980764821692650335e-01 6.121566734448942795e-03 3.506743256128387332e-01
9.981063982578021188e-01 6.133689231299491174e-03 3.506201432804685880e-01
9.981269508387591305e-01 6.142013582201314922e-03 3.505821729516490071e-01
9.981587598926524585e-01 6.154893930909800456e-03 3.505221682365031177e-01
9.981806669382242703e-01 6.163764107712191125e-03 3.504799390797378456e-01
9.982031749578805790e-01 6.172880023260811193e-03 3.504357611401195394e-01
9.982381475806171300e-01 6.187054144756531406e-03 3.503654780820188441e-01
9.982623346236442208e-01 6.196863960681853016e-03 3.503156578108178043e-01
9.982872737916601569e-01 6.206985064359660763e-03 3.502632113454685614e-01
9.983130182164108302e-01 6.217439827759027940e-03 3.502078834493600468e-01
9.983396273700049228e-01 6.228252927808670264e-03 3.501493821225049596e-01
9.983671684421697723e-01 6.239453567432933813e-03 3.500873714462762187e-01
9.983957179697369178e-01 6.251077226696011638e-03 3.500214630685947181e-01
9.984253637137215920e-01 6.263164953215859428e-03 3.499512047879860255e-01
9.984406293963175028e-01 6.269398102134044956e-03 3.499142789173487755e-01
9.984641183739834114e-01 6.279003817858839695e-03 3.498564422801220264e-01
9.984883613646687861e-01 6.288938750410639003e-03 3.497954125589596286e-01
9.985219528053926874e-01 6.302738450181132393e-03 3.497085158120890602e-01
9.985393346580382357e-01 6.309893646421492301e-03 3.496624424266583375e-01
9.985661963323834156e-01 6.320973808767439001e-03 3.495897006347649105e-01
9.985940768752048502e-01 6.332505400046241351e-03 3.495121479131537701e-01
9.986132751984105882e-01 6.340466329991591675e-03 3.494574861909204300e-01
9.986430633305444227e-01 6.352858192142785479e-03 3.493705716154489882e-01
9.986636340980088455e-01 6.361446385259705849e-03 3.493090061429294235e-01
9.986848179599125963e-01 6.370320130852061453e-03 3.492442427055583165e-01
9.987178338722532134e-01 6.384213950999426471e-03 3.491404448629550350e-01
9.987349444046859093e-01 6.391443999854837070e-03 3.490852205853452461e-01
9.987524851726983233e-01 6.398878147998622243e-03 3.490275585030327421e-01
9.987765844015680239e-01 6.409131939261341650e-03 3.489465505537306944e-01
9.988015577918140098e-01 6.419809755962606161e-03 3.488603447831956639e-01
9.988274800149772314e-01 6.430955068713213423e-03 3.487683384381289331e-01
9.988544362552871370e-01 6.442618637984854832e-03 3.486698256591722056e-01
9.988753905693313895e-01 6.451741203794299565e-03 3.485911706711063429e-01
9.988970266660069930e-01 6.461216498476681468e-03 3.485079805536461794e-01
9.989270221423027785e-01 6.474452167981772054e-03 3.483891913404998930e-01
9.989504550052760168e-01 6.484874093571829819e-03 3.482934624432205140e-01
9.989747628014434833e-01 6.495767253326313433e-03 3.481913239125318249e-01
9.990051947931041232e-01 6.509534153750909553e-03 3.480592055411081964e-01
9.990263205772492716e-01 6.519181825606091933e-03 3.479645884284545687e-01
9.990481762035228197e-01 6.529249475176013111e-03 3.478641041180836058e-01
9.990785530834477290e-01 6.543401489885605944e-03 3.477198706949597429e-01
9.991023505581886344e-01 6.554623240208106751e-03 3.476029734831754814e-01
9.991271012511192540e-01 6.566428528772936916e-03 3.474775748300591993e-01
9.991528929002418957e-01 6.578886298922947094e-03 3.473425569030846316e-01
9.991798280720175507e-01 6.592079268925320201e-03 3.471965861315808310e-01
9.991984794926396241e-01 6.601332287083563205e-03 3.470923977341298095e-01
9.992177328124328684e-01 6.610994270287605910e-03 3.469820777995291095e-01
9.992478392564185796e-01 6.626345622971874239e-03 3.468036935121104336e-01
9.992688036569071786e-01 6.637217951617361243e-03 3.466750095525391040e-01
9.992905497192673403e-01 6.648666393847130381e-03 3.465374580660220971e-01
9.993131439165223728e-01 6.660756514097394311e-03 3.463899359117437737e-01
9.993247827739355493e-01 6.667066047746940220e-03 3.463120293663585203e-01
9.993487959678186705e-01 6.680274858068822527e-03 3.461470372262878126e-01
9.993674973098491954e-01 6.690749230570012043e-03 3.460143902203259292e-01
9.993868412429605108e-01 6.701768678003305717e-03 3.458731938039048548e-01
9.994068783400280598e-01 6.713395329424206269e-03 3.457224634606343994e-01
9.994276648665150198e-01 6.725700348413853578e-03 3.455610377413427248e-01
9.994492639380627708e-01 6.738765859089268333e-03 3.453875337532574252e-01
9.994641497712507539e-01 6.747946387991666031e-03 3.452643405900602813e-01
9.994872678435071656e-01 6.762511918075644717e-03 3.450668742533403721e-01
9.995032449859110324e-01 6.772809451093027809e-03 3.449257709321929544e-01
9.995197091961360858e-01 6.783633218272458118e-03 3.447762024679650872e-01
9.995366937452522249e-01 6.795040178018368730e-03 3.446172522333403876e-01
9.995542352050760249e-01 6.807094057406557451e-03 3.444478431059760370e-01
9.995632269244164592e-01 6.813385940372273034e-03 3.443588207231737530e-01
9.995816803494208536e-01 6.826557303818544566e-03 3.441712803901167961e-01
9.996007985421709874e-01 6.840589654276790950e-03 3.439696107945401926e-01
9.996106220069089776e-01 6.847961667618913777e-03 3.438628431484239134e-01
9.996308346586166849e-01 6.863505255755654282e-03 3.436360204505624627e-01
9.996412368419599348e-01 6.871711103361970857e-03 3.435152210552639418e-01
9.996572341019539509e-01 6.884626275072918029e-03 3.433236689793581209e-01
9.996654165764250477e-01 6.891377357384102960e-03 3.432227672898416904e-01
9.996737268852544656e-01 6.898340318691778029e-03 3.431181492058097415e-01
9.996907478591154916e-01 6.912958379281669737e-03 3.428967258234451587e-01
9.997083254080765258e-01 6.928591767165049806e-03 3.426567458141994704e-01
9.997203659123680142e-01 6.939640392699499179e-03 3.424847787215790640e-01
9.997295716088870909e-01 6.948288435528537227e-03 3.423486577359426408e-01
9.997389315847620139e-01 6.957271122650368275e-03 3.422057323704593146e-01
9.997484485856261704e-01 6.966612009874294589e-03 3.420552595009531127e-01
9.997581247233376933e-01 6.976336673850703184e-03 3.418963526107950957e-01
9.997679612228204116e-01 6.986472603728479183e-03 3.417279226752319987e-01
9.997739394289327786e-01 6.992762800326566761e-03 3.416217487162140909e-01
9.997820000854189537e-01 7.001409117156969127e-03 3.414736104757838397e-01
9.997929051550846768e-01 7.013426161843956327e-03 3.412629926323146878e-01
9.997984214594728414e-01 7.019652401059197494e-03 3.411513524757799343e-01
9.998039795735214064e-01 7.026031604785337552e-03 3.410351057347745796e-01
9.998095779159665852e-01 7.032568604496204287e-03 3.409140073217665212e-01
9.998208912998742814e-01 7.046139520473320567e-03 3.406564564303587450e-01
9.998265973426959663e-01 7.053174284347513145e-03 3.405202006186641706e-01
9.998323339786087116e-01 7.060380885300100370e-03 3.403797707426587382e-01
9.998380985682069344e-01 7.067761077235089513e-03 3.402366174921079289e-01
9.998467947419584778e-01 7.079159894796799822e-03 3.400262694798805718e-01
9.998526250026127382e-01 7.086979695288090318e-03 3.398940882642657590e-01
9.998555514960351109e-01 7.090957829144347094e-03 3.398332015727384414e-01
9.998614299637414993e-01 7.099053142240000294e-03 3.397235085955942480e-01
9.998643847881024671e-01 7.103174201431362335e-03 3.396753659144814974e-01
9.998673512895481785e-01 7.107345803244760792e-03 3.396317622840971939e-01
9.998733233069112547e-01 7.115846023528625552e-03 3.395576383766988338e-01
9.998793574077052826e-01 7.124571883805739213e-03 3.394999539180309500e-01
9.998824016846992180e-01 7.129026313482179564e-03 3.394767834295691067e-01
9.998854656500272275e-01 7.133544650173520400e-03 3.394571010000074773e-01
9.998916573648619632e-01 7.142782717443937890e-03 3.394274422222259835e-01
9.998979452562853920e-01 7.152312705693424782e-03 3.394094945671934926e-01
9.999043416463473388e-01 7.162162832217992998e-03 3.394018294385220402e-01
9.999125084778498485e-01 7.174972614117719298e-03 3.394045107181232201e-01
9.999175115050784601e-01 7.182952644312339853e-03 3.394114589230032841e-01
9.999243130945403291e-01 7.193967737505070799e-03 3.394257513291035200e-01
9.999312785469907094e-01 7.205452883305041301e-03 3.394445500275337091e-01
9.999348281186141163e-01 7.211387638496670124e-03 3.394552313859522386e-01
9.999420696978659207e-01 7.223672367181018655e-03 3.394784521405672661e-01
9.999476355849528098e-01 7.233280536561805321e-03 3.394968480211872364e-01
9.999533256625676714e-01 7.243257469814742139e-03 3.395155078027898843e-01
9.999611203631671996e-01 7.257187181340686404e-03 3.395398357009546397e-01
9.999671357732496935e-01 7.268151991612565102e-03 3.395568591637224687e-01
9.999724755022235678e-01 7.278047726981788298e-03 3.395701921084041675e-01
9.999792197722634501e-01 7.290772664472074636e-03 3.395840458152110108e-01
9.999826680284464864e-01 7.297378969514146246e-03 3.395896204139125518e-01
9.999897257606218393e-01 7.311119705185549315e-03 3.395973863586037034e-01
9.999933403873831894e-01 7.318273706920243836e-03 3.395992627583668266e-01
9.999970151280588304e-01 7.325630082752745270e-03 3.395995784850604493e-01
9.999985024668397449e-01 7.328631818292767261e-03 3.395992264201796451e-01
