# -68 2 0.157311323292 2.25642152018e-05
# x xi_r xi_h
1.310287751119751072e-03 1.614057407985619932e+02 6.925687394156838650e+01
1.460995662986557019e-03 1.708329849851931215e+02 7.016666094399585063e+01
1.650884358646134958e-03 1.791179981050987351e+02 6.876384834770577470e+01
1.840773054305712029e-03 1.833348797350165285e+02 6.462360769573673736e+01
2.080034956818093209e-03 1.829439913952117536e+02 5.586175093943010239e+01
2.319296859330475039e-03 1.765333999014439144e+02 4.381660659289969573e+01
2.520287072229036949e-03 1.669380050276526219e+02 3.184366960188718210e+01
2.721277285127598859e-03 1.540442227943007083e+02 1.882924277137698610e+01
2.922267498026161203e-03 1.384453980501082810e+02 5.440428882040480474e+00
3.112225549436466957e-03 1.218061729191656326e+02 -6.944874923972476743e+00
3.302183600846774012e-03 1.039297776636569637e+02 -1.852351988006262928e+01
3.492141652257081067e-03 8.541226110530907079e+01 -2.880560907808586535e+01
3.682099703667386821e-03 6.683693680623368039e+01 -3.737375437595480321e+01
3.921500270735109317e-03 4.421095452651745461e+01 -4.529389032079512845e+01
4.160900837802832680e-03 2.332203310965350695e+01 -4.956442053367596401e+01
4.400301404870555176e-03 4.986263033823963298e+00 -5.004746711063634024e+01
4.639701971938277672e-03 -1.018662929354500690e+01 -4.689108350541248882e+01
4.869433365318841418e-03 -2.141469761268395189e+01 -4.081118963797467813e+01
5.099164758699403430e-03 -2.923431957845506801e+01 -3.232303023559309452e+01
5.328896152079966309e-03 -3.369867148810597968e+01 -2.213497240548018397e+01
5.558627545460530055e-03 -3.503349632736322405e+01 -1.104645256708603007e+01
5.787748083093968016e-03 -3.361790004629192197e+01 8.366583221228729439e-02
6.016868620727404242e-03 -2.994162053947230362e+01 1.049094458897939752e+01
6.245989158360841335e-03 -2.456229986078036731e+01 1.946834922381714605e+01
6.507314466583081353e-03 -1.712344328717379938e+01 2.724583834538007210e+01
6.768639774805322237e-03 -9.113082670997455281e+00 3.185902534512022299e+01
7.029965083027563122e-03 -1.335836390788756933e+00 3.305613542670564442e+01
7.291290391249803139e-03 5.527169059405613538e+00 3.092192631897787436e+01
7.588259160035928062e-03 1.156483699393325359e+01 2.500537016966449499e+01
7.885227928822052118e-03 1.531413059046730396e+01 1.629142763874632394e+01
8.182196697608175306e-03 1.663523358427299570e+01 6.045313621867772547e+00
8.479165466394300230e-03 1.568639920342881133e+01 -4.347266135543103260e+00
8.776134235180425153e-03 1.287097232885534837e+01 -1.355823660715677192e+01
9.062891590263655664e-03 8.915383819175627167e+00 -2.028939353846093141e+01
9.349648945346886175e-03 4.349494659963212051e+00 -2.419000223264808014e+01
9.636406300430114952e-03 -2.289985832817512390e-01 -2.494118773831971581e+01
9.923163655513347198e-03 -4.285886543637428048e+00 -2.261469731693129148e+01
1.020992101059657944e-02 -7.402694138418969949e+00 -1.764618020795373710e+01
1.049667836567980995e-02 -9.311401230089717984e+00 -1.076662013406021501e+01
1.078343572076304047e-02 -9.909482385320966813e+00 -2.901711003944029699e+00
1.107585216327150977e-02 -9.231870249811564122e+00 5.093210673867144322e+00
1.136826860577998081e-02 -7.463630448557371011e+00 1.206589265249023946e+01
1.166068504828845012e-02 -4.925823038045431979e+00 1.718318614870433692e+01
1.195310149079691076e-02 -2.002300669057418769e+00 1.988206140453828041e+01
1.224551793330539047e-02 9.115393262757571780e-01 1.992801917605962814e+01
1.253793437581384937e-02 3.456863090133704741e+00 1.743023484746602847e+01
1.283035081832233082e-02 5.351070591581636116e+00 1.281329594111812753e+01
1.312276726083078972e-02 6.415115176902806304e+00 6.750787002041010787e+00
1.341518370333926076e-02 6.586289398586609778e+00 7.051621612758122992e-02
1.372371033175165053e-02 5.859292294795289457e+00 -6.679753682911786505e+00
1.403223696016404030e-02 4.376698897241775299e+00 -1.221457670375272642e+01
1.434076358857643008e-02 2.403990476470591275e+00 -1.580572378695464053e+01
1.464929021698880944e-02 2.515409260245924372e-01 -1.702576804753913464e+01
1.495781684540119921e-02 -1.770617751248372507e+00 -1.579553202108137455e+01
1.526634347381359072e-02 -3.394424950575387179e+00 -1.238144310120071800e+01
1.557487010222598049e-02 -4.426613035757902104e+00 -7.345035169699667854e+00
1.588339673063835986e-02 -4.769051044495836500e+00 -1.453385809187723643e+00
1.619192335905075136e-02 -4.424845703795099006e+00 4.435615038759276096e+00
1.650044998746313940e-02 -3.490438860289760470e+00 9.496276259659339303e+00
1.680897661587552050e-02 -2.135773797122892947e+00 1.304897778635899819e+01
1.711941423928450140e-02 -5.664397545030139813e-01 1.465302860256852391e+01
1.742985186269348924e-02 9.782607475735733971e-01 1.412344138985634601e+01
1.774028948610247014e-02 2.285471574461340971e+00 1.160761200291566730e+01
1.805072710951145104e-02 3.189405000269293744e+00 7.527032900437030882e+00
1.836116473292042847e-02 3.590790068589235329e+00 2.508867074870286373e+00
1.867160235632940937e-02 3.466011862662158993e+00 -2.708941417637534599e+00
1.898203997973839027e-02 2.865381012036473773e+00 -7.384915047128938426e+00
1.929247760314737117e-02 1.901467734618256467e+00 -1.087821037444332539e+01
1.960291522655635901e-02 7.297168064503890550e-01 -1.273516038655489702e+01
1.991335284996533991e-02 -4.755331927123300217e-01 -1.274658718613084751e+01
2.022379047337432081e-02 -1.546074077433287064e+00 -1.096879380434586437e+01
2.053422809678330171e-02 -2.342424224048766934e+00 -7.706533196596295099e+00
2.083870335922823058e-02 -2.766656907402930354e+00 -3.546515837640812130e+00
2.114317862167315945e-02 -2.800580909887496084e+00 9.726850705713048217e-01
2.144765388411808138e-02 -2.461499190479772725e+00 5.235699259766842140e+00
2.175212914656301025e-02 -1.814595092720446168e+00 8.681703949198272596e+00
2.205660440900793912e-02 -9.615621050166386352e-01 1.087695971928551408e+01
2.236107967145287145e-02 -2.521090534070905692e-02 1.156768935868140957e+01
2.266555493389780032e-02 8.677001159803185981e-01 1.070715335782509747e+01
2.297003019634272919e-02 1.603088641461494879e+00 8.454452229780644146e+00
2.327450545878765112e-02 2.093530204516533821e+00 5.146401046190448803e+00
2.357898072123257999e-02 2.287978356215875309e+00 1.247271124616210702e+00
2.388999902351006052e-02 2.170823499958996372e+00 -2.796346805325708118e+00
2.420101732578754106e-02 1.766619571417236800e+00 -6.355941659330176741e+00
2.451203562806502159e-02 1.143942512676646039e+00 -8.963014251303970781e+00
2.482305393034249866e-02 3.968250658581961021e-01 -1.029223196342941371e+01
2.513407223261997919e-02 -3.690985561411679883e-01 -1.020023867983811350e+01
2.544509053489744932e-02 -1.051171307482825501e+00 -8.738676152086883420e+00
2.575610883717492985e-02 -1.563063811761046029e+00 -6.140717987374016751e+00
2.606712713945241039e-02 -1.845228313580792090e+00 -2.783961729544431662e+00
2.637814544172989092e-02 -1.871267996288489277e+00 8.644718671581076430e-01
2.668916374400737146e-02 -1.649635875389376061e+00 4.312688177061820838e+00
2.700018204628484852e-02 -1.220716159338030460e+00 7.109715392889835783e+00
2.731120034856232906e-02 -6.499318866370676906e-01 8.903497365492198057e+00
2.762221865083979919e-02 -1.799362661562677393e-02 9.483897354308430394e+00
2.793323695311727972e-02 5.902968768099194907e-01 8.805678459590497553e+00
2.826513052570591919e-02 1.125339785212643884e+00 6.837137803076505094e+00
2.859702409829455866e-02 1.472594939207650055e+00 3.902493318936636424e+00
2.892891767088319119e-02 1.589931567443713334e+00 4.588894656756922208e-01
2.926081124347183066e-02 1.470581600755586749e+00 -2.975022860493693688e+00
2.959270481606045972e-02 1.142329411272935413e+00 -5.896674093807553696e+00
2.992459838864909918e-02 6.617910642245516950e-01 -7.892222869064978497e+00
3.025649196123773171e-02 1.048683756633181086e-01 -8.693932018539534567e+00
3.058838553382637118e-02 -4.450561697671155392e-01 -8.214531362627061739e+00
3.092027910641501065e-02 -9.093858113797312903e-01 -6.554423378352884022e+00
3.125217267900363971e-02 -1.225274333097976953e+00 -3.981640804729799754e+00
3.158406625159228265e-02 -1.353807434739438875e+00 -8.883745049528602999e-01
3.191595982418091171e-02 -1.284391996422298288e+00 2.268897583679074792e+00
3.224785339676954771e-02 -1.034932525639387979e+00 5.036564510636089231e+00
3.257974696935817677e-02 -6.479878586662797257e-01 7.028497880612850857e+00
3.291164054194681970e-02 -1.836535909992858262e-01 7.979026308944396462e+00
3.324353411453546264e-02 2.896667543462088656e-01 7.777149961045197735e+00
3.357542768712409170e-02 7.052065151293881451e-01 6.477792543493060329e+00
3.390732125971272770e-02 1.007075914199478284e+00 4.289285821177984737e+00
3.423921483230135676e-02 1.157549720486579448e+00 1.539661103506983597e+00
3.457110840488999970e-02 1.141491246125467152e+00 -1.372792741434949892e+00
3.491112367483018009e-02 9.615849233189691647e-01 -4.094864126545311400e+00
3.525113894477036047e-02 6.485362896580310066e-01 -6.166257247250690021e+00
3.559115421471054780e-02 2.525770837862161278e-01 -7.300331190076918553e+00
3.593116948465072819e-02 -1.662044119702442146e-01 -7.353305955096835156e+00
3.627118475459092245e-02 -5.468735446374926035e-01 -6.341016093348146754e+00
3.661120002453110284e-02 -8.363669960269309867e-01 -4.432279030394107977e+00
3.695121529447128322e-02 -9.967000769424796403e-01 -1.920561574347984246e+00
3.729123056441145667e-02 -1.009718145148503110e+00 8.213379393807987983e-01
3.763124583435163706e-02 -8.788378663171151350e-01 3.396611307668755408e+00
3.797126110429181745e-02 -6.276732875513358900e-01 5.441588651578653568e+00
3.831127637423199783e-02 -2.958833425125557137e-01 6.676539930344485008e+00
3.865129164417219210e-02 6.704983669175094974e-02 6.943120562736580403e+00
3.899130691411237248e-02 4.091471439430073298e-01 6.223571286305974226e+00
3.933132218405255287e-02 6.832905147186665307e-01 4.639523387457609616e+00
3.967133745399273326e-02 8.535867472662860278e-01 2.431212383465877647e+00
4.001135272393290671e-02 8.998983943336622549e-01 -7.936015090138276440e-02
4.035136799387308709e-02 8.199975076157244303e-01 -2.535635916463877759e+00
4.069138326381326748e-02 6.291533421270066873e-01 -4.597135794140086773e+00
4.103139853375346174e-02 3.573287672250661795e-01 -5.986337104409149568e+00
4.137141380369364213e-02 4.448122168003247612e-02 -6.525384774189923576e+00
4.171142907363382252e-02 -2.652996209594127297e-01 -6.157875948193732185e+00
4.205144434357400290e-02 -5.299618887875788831e-01 -4.953207501296618354e+00
4.239145961351419023e-02 -7.151140878542874280e-01 -3.093488296391560866e+00
4.273147488345437062e-02 -7.983625217974383848e-01 -8.454299370165775374e-01
4.307149015339455100e-02 -7.718377801079119305e-01 1.478391657072396281e+00
4.325489917444660243e-02 -7.132005205459567287e-01 2.660060655390771966e+00
4.343830819549863304e-02 -6.268903356219869272e-01 3.723221846651533440e+00
4.362171721655067058e-02 -5.168577784586521062e-01 4.626708618828383912e+00
4.380512623760270813e-02 -3.879172311240669524e-01 5.336365751003336655e+00
4.398853525865475261e-02 -2.455352912782639563e-01 5.826292576830016223e+00
4.417194427970679016e-02 -9.559870156122497742e-02 6.079730149858182386e+00
4.435535330075882771e-02 5.582836702976831655e-02 6.089565263153152941e+00
4.453876232181087219e-02 2.027477531751633033e-01 5.858440271871806715e+00
4.472217134286290280e-02 3.394618258318461423e-01 5.398473719575458851e+00
4.490558036391494035e-02 4.607901067679162632e-01 4.730612132444854012e+00
4.527239840601902238e-02 6.392148088838515152e-01 2.914861368002630737e+00
4.563921644812309747e-02 7.165400588148592709e-01 6.917882080541424283e-01
4.600603449022717950e-02 6.846062801923586960e-01 -1.595253057773883709e+00
4.637285253233124765e-02 5.517968779199279306e-01 -3.603194245665726214e+00
4.673967057443533663e-02 3.410743499252023025e-01 -5.040253386802859836e+00
4.710648861653941866e-02 8.597009387432669181e-02 -5.707316974503596541e+00
4.747330665864348681e-02 -1.747739477468160108e-01 -5.524051327333177497e+00
4.784012470074756884e-02 -4.030596235578849384e-01 -4.536619694172442152e+00
4.820694274285165087e-02 -5.669101932465292482e-01 -2.906718709324608074e+00
4.857376078495573291e-02 -6.448048076556500696e-01 -8.843612825703126568e-01
4.894057882705980800e-02 -6.283121491221305144e-01 1.230958858265420952e+00
4.931285321897629220e-02 -5.206309320942864582e-01 3.159417769943649201e+00
4.968512761089276947e-02 -3.398685821774311000e-01 4.592935054140046880e+00
5.005740200280924673e-02 -1.145070240766977165e-01 5.333508976029730064e+00
5.042967639472573094e-02 1.215642016711384610e-01 5.288543135816436980e+00
5.080195078664220820e-02 3.341181081517052842e-01 4.480960796641997312e+00
5.117422517855869241e-02 4.934839563394466389e-01 3.042481291310119129e+00
5.154649957047517661e-02 5.785812098480036525e-01 1.191630381978934894e+00
5.191877396239164694e-02 5.795658022536239740e-01 -7.998475670851968866e-01
5.229104835430813114e-02 4.987817285175556448e-01 -2.647011293037271340e+00
5.266332274622462228e-02 3.499633029156387631e-01 -4.092303435015328894e+00
5.303559713814109261e-02 1.558803331659976421e-01 -4.940959925087827109e+00
5.340787153005757681e-02 -5.517413425560068613e-02 -5.086462140082876004e+00
5.378014592197404714e-02 -2.535127015370742254e-01 -4.522825890754222478e+00
5.415242031389053134e-02 -4.121995679417796987e-01 -3.342488089687016384e+00
5.452469470580702249e-02 -5.106413175506453461e-01 -1.720612565733979027e+00
5.489696909772349281e-02 -5.371553607942365360e-01 1.115031040275556440e-01
5.526924348963997702e-02 -4.902127765197498710e-01 1.899830854563263616e+00
5.564151788155646122e-02 -3.782491977051797294e-01 3.402960784793520155e+00
5.601379227347293849e-02 -2.181382070704044884e-01 4.424466308876979781e+00
5.638606666538942269e-02 -3.259856113350711321e-02 4.837980313562606938e+00
5.675834105730589996e-02 1.530634800932331729e-01 4.601867762203927015e+00
5.713557747568415168e-02 3.162551738482515251e-01 3.747545008714231241e+00
5.751281389406241035e-02 4.333455267938407518e-01 2.403259034855038223e+00
5.789005031244066207e-02 4.900885140297605025e-01 7.604605584267535301e-01
5.826728673081892074e-02 4.807488054783462528e-01 -9.555287603019083642e-01
5.864452314919717246e-02 4.084891152216279520e-01 -2.516782547675903814e+00
5.902175956757541725e-02 2.845675924036937254e-01 -3.722870489975127040e+00
5.939899598595368285e-02 1.265222600444201317e-01 -4.425885924149866923e+00
5.977623240433192764e-02 -4.436056798543241975e-02 -4.547437076920194166e+00
6.015346882271019324e-02 -2.059256000533570830e-01 -4.085893104325329261e+00
6.053070524108843803e-02 -3.379891721728764398e-01 -3.113544662813943376e+00
6.090794165946669669e-02 -4.247869951498400853e-01 -1.764633858335957983e+00
6.128517807784496230e-02 -4.567487024299710097e-01 -2.162739220810028229e-01
6.149838126173343134e-02 -4.491699255685920322e-01 6.789945797985097453e-01
6.171158444562190731e-02 -4.235004542113087744e-01 1.538607815675136159e+00
6.192478762951038329e-02 -3.810620030724466978e-01 2.328348456047996784e+00
6.213799081339885233e-02 -3.238235696912097339e-01 3.017352502049174934e+00
6.235119399728732831e-02 -2.543081324614477334e-01 3.579272472873000766e+00
6.256439718117580429e-02 -1.754798356303565177e-01 3.993236601754338810e+00
6.277760036506427332e-02 -9.061665331547043289e-02 4.244571527027984459e+00
6.299080354895275624e-02 -3.173934404798883866e-03 4.325265972302065443e+00
6.320400673284122528e-02 8.335558149325821009e-02 4.234163507431101259e+00
6.341720991672969432e-02 1.655797197752980621e-01 3.976883252236711463e+00
6.384361628450666015e-02 3.037672778743918389e-01 3.030912826736382293e+00
6.427002265228359823e-02 3.931019581812856822e-01 1.641490320244113343e+00
6.469642902006055019e-02 4.215907384566251470e-01 2.692204270680738018e-02
6.512283538783750214e-02 3.867043639968409385e-01 -1.566886524262091518e+00
6.554924175561444022e-02 2.953727665692825188e-01 -2.903835407177378869e+00
6.597564812339139217e-02 1.625895755540182341e-01 -3.792175743287380829e+00
6.640205449116834413e-02 8.899629517852567298e-03 -4.111231972762715792e+00
6.682846085894529609e-02 -1.428084985802319795e-01 -3.826708318144328214e+00
6.725486722672224804e-02 -2.707047394315216793e-01 -2.992821743275220214e+00
6.768127359449918612e-02 -3.571132101294927086e-01 -1.741508537555580105e+00
6.810767996227613807e-02 -3.908715942817908573e-01 -2.608240317382100604e-01
6.854182003929965017e-02 -3.677767808922906001e-01 1.259184530462923668e+00
6.897596011632314839e-02 -2.917051377575983206e-01 2.571816960248333395e+00
6.941010019334666048e-02 -1.751077241482985325e-01 3.491769025229627399e+00
6.984424027037017257e-02 -3.581424951275501145e-02 3.895756722836478225e+00
7.027838034739368467e-02 1.057323330980540349e-01 3.737887262913329511e+00
7.071252042441718288e-02 2.294778832930529366e-01 3.053332885585306578e+00
7.114666050144069498e-02 3.185588758809034804e-01 1.950375631843669355e+00
7.158080057846419320e-02 3.615222499160758995e-01 5.925325135105621310e-01
7.201494065548770529e-02 3.536865503490259077e-01 -8.262339520891781586e-01
7.244908073251121738e-02 2.975038888702372097e-01 -2.109423387550002360e+00
7.288322080953472948e-02 2.019285781720664696e-01 -3.085014657463971410e+00
7.331736088655822769e-02 8.093372281657759681e-02 -3.627939118906722271e+00
7.375150096358173979e-02 -4.857615133460846391e-02 -3.675190362960470747e+00
7.419305697663924892e-02 -1.709870290552029937e-01 -3.220722218784530355e+00
7.463461298969675806e-02 -2.677207358123782077e-01 -2.333546982688886828e+00
7.507616900275426719e-02 -3.263903666622507416e-01 -1.144335841744022808e+00
7.551772501581177632e-02 -3.401582499281335381e-01 1.796985379304964214e-01
7.595928102886928546e-02 -3.084094768472527281e-01 1.458727771268809814e+00
7.640083704192679459e-02 -2.365637143932287911e-01 2.524712494775779081e+00
7.684239305498430372e-02 -1.351028341102871733e-01 3.243015908626712296e+00
7.728394906804181286e-02 -1.798952905238064559e-02 3.528560899864519040e+00
7.772550508109932199e-02 9.928126179894739001e-02 3.354769938138769891e+00
7.816706109415683112e-02 2.017264012032346232e-01 2.754582529850843287e+00
7.860861710721434026e-02 2.767495460325768430e-01 1.813900644202957491e+00
7.907004175851901906e-02 3.164280843445400060e-01 6.053109169185902916e-01
7.953146640982367011e-02 3.124004111641012216e-01 -6.674120976765325342e-01
7.999289106112834891e-02 2.663485673268716769e-01 -1.831206973155645290e+00
8.045431571243301383e-02 1.855161366055895766e-01 -2.732618759140067244e+00
8.091574036373769263e-02 8.152634112742572492e-02 -3.257427898167052138e+00
8.137716501504235755e-02 -3.132113282930086562e-02 -3.344343361239152213e+00
8.183858966634702248e-02 -1.380262314080389074e-01 -2.991234769941055749e+00
8.230001431765168740e-02 -2.248673471796605594e-01 -2.253412718683083238e+00
8.276143896895636620e-02 -2.811267424856827568e-01 -1.234517640861840126e+00
8.322286362026103113e-02 -3.003527142824624074e-01 -7.150942954368690041e-02
8.368428827156570993e-02 -2.810193026510738878e-01 1.084052827952918241e+00
8.414571292287037485e-02 -2.265290065759441029e-01 2.085869736466696267e+00
8.460713757417503977e-02 -1.445909416754553589e-01 2.811297266293511843e+00
8.507417896077572317e-02 -4.486126024247854421e-02 3.177999827290925783e+00
8.554122034737642044e-02 5.880675820967797701e-02 3.137492856261399066e+00
8.600826173397713159e-02 1.533271879577966790e-01 2.704129529177578650e+00
8.647530312057782886e-02 2.271856163424894881e-01 1.940818764451265999e+00
8.694234450717849838e-02 2.717996851978159989e-01 9.494308889100837590e-01
8.740938589377920953e-02 2.824542074333888375e-01 -1.432288750303646607e-01
8.787642728037989293e-02 2.587178163072916259e-01 -1.201937306189639232e+00
8.834346866698060408e-02 2.043172561980700352e-01 -2.099897037325493265e+00
8.881051005358128747e-02 1.265136311450557882e-01 -2.733804961944561018e+00
8.927249613444182552e-02 3.608777747368303174e-02 -3.034010083514701694e+00
8.973448221530234969e-02 -5.700026466511550621e-02 -2.982888170495161084e+00
9.019646829616287387e-02 -1.421608076707422952e-01 -2.595909083763210834e+00
9.065845437702341192e-02 -2.100889722280958327e-01 -1.925785531627448588e+00
9.112044045788392221e-02 -2.537362792487495855e-01 -1.054361947980017922e+00
9.158242653874446026e-02 -2.689669650005284129e-01 -8.196716230101974698e-02
9.185990558262246974e-02 -2.638582505078527762e-01 5.092758414512682519e-01
9.213738462650046535e-02 -2.483473148466241731e-01 1.074820365838458081e+00
9.269234271425648430e-02 -1.903141938782822451e-01 2.036456169672645533e+00
9.324730080201248938e-02 -1.046246765438286486e-01 2.674827424571379009e+00
9.380225888976850834e-02 -4.848365834201918793e-03 2.902839741445653488e+00
9.435721697752449955e-02 9.384975213839302777e-02 2.696622678788752836e+00
9.491217506528051850e-02 1.769932315000663503e-01 2.096633993805424812e+00
9.546713315303652359e-02 2.328688537478056930e-01 1.199481771508837946e+00
9.602209124079254254e-02 2.541059371684160073e-01 1.419615696252999604e-01
9.657704932854854762e-02 2.385579254852319420e-01 -9.201259443946107064e-01
9.711274250401923103e-02 1.915352908047570357e-01 -1.807983953631071117e+00
9.764843567948991443e-02 1.200947645076153036e-01 -2.444707915426255873e+00
9.818412885496061171e-02 3.417065650637376301e-02 -2.752890104994138554e+00
9.871982203043128123e-02 -5.475746044342213320e-02 -2.700042467510917810e+00
9.925551520590197851e-02 -1.352028396642915020e-01 -2.301119520198935842e+00
9.979120838137264804e-02 -1.971380201750612404e-01 -1.614856207908874630e+00
1.003269015568433037e-01 -2.332066910099934720e-01 -7.346641002215137384e-01
1.008625947323140010e-01 -2.395403983562990335e-01 2.245064010371133900e-01
1.013982879077846982e-01 -2.160975106914896082e-01 1.141475415884580125e+00
1.019196887189594974e-01 -1.680850166778273813e-01 1.887050445750044991e+00
1.024410895301341995e-01 -1.014214716318734000e-01 2.403487824996065392e+00
1.029624903413089987e-01 -2.419187268137893213e-02 2.637435669803627203e+00
1.034838911524837979e-01 5.460396832048934612e-02 2.569676439026563841e+00
1.040052919636584999e-01 1.261077739538232489e-01 2.215566000689979997e+00
1.045266927748332991e-01 1.825799812704069214e-01 1.621560391655648248e+00
1.051400246805940936e-01 2.219527259866111435e-01 7.164283431545448444e-01
1.057533565863548047e-01 2.277375114253261945e-01 -2.800014595268578987e-01
1.063666884921155992e-01 2.000054758052003667e-01 -1.219103601627157030e+00
1.069800203978762965e-01 1.436968415760907503e-01 -1.965816057396396088e+00
1.075933523036371048e-01 6.768324134036439454e-02 -2.417679842244981447e+00
1.081580523569587032e-01 -1.011983314219941886e-02 -2.523445007705717114e+00
1.087227524102803017e-01 -8.552310532792831155e-02 -2.325226078734696333e+00
1.092874524636019973e-01 -1.496523373457751827e-01 -1.855008161173740122e+00
1.098521525169235957e-01 -1.952880619133348372e-01 -1.175319562473293056e+00
1.104461325367779023e-01 -2.180834652389579686e-01 -3.276415255570505614e-01
1.110401125566321950e-01 -2.129658135168113475e-01 5.481862765130048887e-01
1.116340925764865016e-01 -1.812900784658547371e-01 1.342122165336407047e+00
1.122280725963407944e-01 -1.276509928867417820e-01 1.957873281853628411e+00
1.128220526161951009e-01 -5.918002913797654890e-02 2.324199381024429023e+00
1.134060008840173939e-01 1.419876564306032582e-02 2.403848502973454870e+00
1.139899491518396035e-01 8.483759577428633125e-02 2.202859358136994405e+00
1.145738974196618964e-01 1.446753473500859977e-01 1.751564873318347093e+00
1.151578456874842032e-01 1.871674496617152517e-01 1.107822104079828174e+00
1.157417939553063990e-01 2.079579202314645048e-01 3.491391110253877494e-01
1.163163554681377054e-01 2.054900726397250188e-01 -4.247664607412286464e-01
1.168909169809689980e-01 1.810886938476710117e-01 -1.141684002481081928e+00
1.174654784938004015e-01 1.378707383502922046e-01 -1.727122672320418273e+00
1.180400400066316940e-01 8.082023640645720486e-02 -2.123048947236205741e+00
1.186146015194630005e-01 1.618641048365810839e-02 -2.293152555780205937e+00
1.189682089753304056e-01 -2.462477757508329049e-02 -2.278906549091793021e+00
1.193218164311977969e-01 -6.411021904855469800e-02 -2.175140031676928043e+00
1.200290313429325934e-01 -1.326003908660083330e-01 -1.730150128004346755e+00
1.207362462546674037e-01 -1.801509648930455509e-01 -1.034206845369971761e+00
1.214434611664022001e-01 -2.003226571745038986e-01 -1.973084003214113369e-01
1.221403590722684035e-01 -1.912640856661645405e-01 6.428419855845711739e-01
1.228372569781346069e-01 -1.555123299262611003e-01 1.379404640218204747e+00
1.235341548840007964e-01 -9.874057544146827570e-02 1.912901260926285874e+00
1.242310527898669997e-01 -2.930090537887394125e-02 2.175347539275762188e+00
1.249199642383859027e-01 4.225320801327003828e-02 2.140494031688905618e+00
1.256088756869047918e-01 1.071824492374433141e-01 1.825602226592538679e+00
1.262977871354236947e-01 1.572508342115569446e-01 1.279730636970574098e+00
1.269801736787574131e-01 1.863105520436387497e-01 5.876854586873814235e-01
1.276625602220911870e-01 1.919132211742186900e-01 -1.628754564858652665e-01
1.283383226857451875e-01 1.743329528949857099e-01 -8.735952792854617677e-01
1.290140851493992991e-01 1.364213896941399717e-01 -1.470718204436550103e+00
1.296898476130534106e-01 8.310064038420322818e-02 -1.887921124499837289e+00
1.303656100767074111e-01 2.090794569713671017e-02 -2.080629501221455957e+00
1.310334062222101026e-01 -4.208982059171666873e-02 -2.033637776284472842e+00
1.317012023677127108e-01 -9.954876318271728419e-02 -1.761990411497851960e+00
1.323689985132154023e-01 -1.453090082506236780e-01 -1.301713693847919906e+00
1.330315011698023075e-01 -1.745506674200923147e-01 -7.127532366722610924e-01
1.336940038263891017e-01 -1.850008363970542247e-01 -5.781745578111687628e-02
1.343565064829760070e-01 -1.760375821909803129e-01 5.930236489516630405e-01
1.350127571636738077e-01 -1.493914490458758959e-01 1.167859949172538103e+00
1.356690078443716085e-01 -1.081698272416817402e-01 1.617150466236636719e+00
1.363252585250694093e-01 -5.680539327276145495e-02 1.900021194797932189e+00
1.369747936614179040e-01 -1.132773593345082598e-03 1.993451684708062555e+00
1.376243287977663987e-01 5.393885569875456198e-02 1.896979083939551058e+00
1.382738639341148101e-01 1.032607053774917127e-01 1.624084158133193956e+00
1.389233990704633048e-01 1.423840697925045640e-01 1.204178936605249328e+00
1.395657048814820111e-01 1.677448242997722216e-01 6.855525180218642323e-01
1.402080106925008007e-01 1.778738332626654817e-01 1.129815354534013383e-01
1.408503165035195070e-01 1.722188885067646169e-01 -4.617858012918894528e-01
1.414926223145382134e-01 1.516244680976193970e-01 -9.885723716672645267e-01
1.423395568821196888e-01 1.056397716318197844e-01 -1.533965145965348720e+00
1.431864914497011088e-01 4.499243943154954128e-02 -1.847101679421226272e+00
1.440334260172826120e-01 -2.119713484191224420e-02 -1.890029626379149397e+00
1.448719479772087870e-01 -8.283973944709004111e-02 -1.668113472250786433e+00
1.457104699371351009e-01 -1.322166766896816781e-01 -1.221270808932740648e+00
1.465489918970613870e-01 -1.629758698314563992e-01 -6.165412248810380191e-01
1.473791511845158053e-01 -1.715371583337078898e-01 5.405883066511490281e-02
1.482093104719703069e-01 -1.577713721684926573e-01 7.069797905983854491e-01
1.490394697594248086e-01 -1.240296343030551779e-01 1.259267268456352840e+00
1.498616400772035950e-01 -7.561110434328521812e-02 1.641306447396179591e+00
1.506838103949824093e-01 -1.860132745768326712e-02 1.816618504409495571e+00
1.515059807127611957e-01 3.987992194883835384e-02 1.769589244015253193e+00
1.523205105585085095e-01 9.236307214692227041e-02 1.514987927044539440e+00
1.531350404042559066e-01 1.334282582433475861e-01 1.088375019073325234e+00
1.539495702500031926e-01 1.586449477843527023e-01 5.431226902863806050e-01
1.547567892028325898e-01 1.655607102642591699e-01 -5.064870317054075838e-02
1.555640081556619037e-01 1.541408590294002789e-01 -6.305923882164521377e-01
1.563712271084913008e-01 1.260647024777246661e-01 -1.133897522791395662e+00
1.571714424761531115e-01 8.514355669553554107e-02 -1.505795721871219239e+00
1.579716578438148944e-01 3.579230379585780081e-02 -1.715093578988877709e+00
1.587718732114765940e-01 -1.667029873356363698e-02 -1.743231119863687839e+00
1.593682299859416895e-01 -5.466463412077009199e-02 -1.646023053902410549e+00
1.599645867604068128e-01 -8.917881564768259661e-02 -1.456144264193080406e+00
1.607548172773561879e-01 -1.262769495921997887e-01 -1.085662996189659113e+00
1.615450477943055907e-01 -1.506795892441531171e-01 -6.142839071391471562e-01
1.623352783112549935e-01 -1.603025852319991118e-01 -8.876207385662633620e-02
1.631192240213278077e-01 -1.546355307253741984e-01 4.350852539942747232e-01
1.639031697314005942e-01 -1.346584903163357827e-01 9.122210450727747943e-01
1.646871154414734917e-01 -1.025134218335306824e-01 1.299681808759290513e+00
1.654650075841770929e-01 -6.172466674060508168e-02 1.562570216999355166e+00
1.662428997268806941e-01 -1.590281929952734249e-02 1.683377410766348836e+00
1.670207918695844063e-01 3.080997642130600678e-02 1.654430645155522628e+00
1.677928708154781123e-01 7.401635475251466811e-02 1.483035483849891811e+00
1.685649497613717074e-01 1.104335600107961557e-01 1.186558892892938921e+00
1.693370287072654135e-01 1.371089576688616640e-01 7.928045028542741735e-01
1.699128959626282909e-01 1.494396965125399102e-01 4.563816089854804137e-01
1.704887632179911960e-01 1.547028641997028608e-01 1.026180708455230045e-01
1.712525425599212003e-01 1.506594117427052792e-01 -3.639385581051354790e-01
1.720163219018512046e-01 1.346689138890515836e-01 -7.967308661313398099e-01
1.727801012437812922e-01 1.082110095946016703e-01 -1.162761264292155428e+00
1.735386115400147089e-01 7.380314323143329081e-02 -1.432535508948171721e+00
1.742971218362479868e-01 3.408553580434358493e-02 -1.589715619775839306e+00
1.750556321324814035e-01 -7.824407465457539068e-03 -1.624453080062987942e+00
1.758090734592840931e-01 -4.846848461047968681e-02 -1.537394843133337963e+00
1.765625147860866995e-01 -8.514164711793377471e-02 -1.337865161150631144e+00
1.773159561128893891e-01 -1.152365270168902583e-01 -1.042549996105360144e+00
1.780645185463007873e-01 -1.365859053295854497e-01 -6.771456351823389452e-01
1.788130809797122134e-01 -1.480448697328722030e-01 -2.672796086581698538e-01
1.795616434131235006e-01 -1.489842623932413901e-01 1.574116970289860806e-01
1.806774417515888131e-01 -1.315155951972055981e-01 7.500915314300882208e-01
1.817932400900540979e-01 -9.460855099791180833e-02 1.222530737277194746e+00
1.829022533861615063e-01 -4.452886028120774109e-02 1.506905895167996334e+00
1.840112666822688869e-01 1.133236589429213736e-02 1.570025339116970065e+00
1.851137424986991076e-01 6.457963203380183426e-02 1.409873997979353533e+00
1.862162183151294115e-01 1.081590174623921347e-01 1.055179668050699071e+00
1.873123941815151017e-01 1.361893497323874436e-01 5.624996771900944159e-01
1.884085700479007919e-01 1.455284436569493911e-01 1.982772575014667089e-05
1.894986740814197101e-01 1.354713091544784975e-01 -5.528349552469147277e-01
1.905887781149386007e-01 1.078730676229789492e-01 -1.027065181339920530e+00
1.916730272722124984e-01 6.693192277225808173e-02 -1.361967181895111345e+00
1.927572764294863961e-01 1.801378692638077109e-02 -1.521049110914128200e+00
1.938358801601320902e-01 -3.234472161023409231e-02 -1.488934252748143949e+00
1.949144838907778954e-01 -7.818086308540933560e-02 -1.274915576608135925e+00
1.959876440525072094e-01 -1.138972670006523913e-01 -9.108795521905149739e-01
1.970608042142364125e-01 -1.357079114725211477e-01 -4.425533211883010409e-01
1.981287147275558047e-01 -1.413556866874414730e-01 7.040585067140608944e-02
1.991966252408751137e-01 -1.306617572418785345e-01 5.699952017002087867e-01
2.002594720445023124e-01 -1.053282992041091465e-01 9.977501226559860603e-01
2.013223188481295112e-01 -6.847232271995248865e-02 1.309580352199470221e+00
2.023802826740382921e-01 -2.461424935121641483e-02 1.472810946959088652e+00
2.034382464999472118e-01 2.147934695515519438e-02 1.474196254813307405e+00
2.044915009253560068e-01 6.462374354022940026e-02 1.317654552658773959e+00
2.055447553507646907e-01 1.005082256547542296e-01 1.023046241317705940e+00
2.065934679926554884e-01 1.254310270719493636e-01 6.256414211421064131e-01
2.076421806345462029e-01 1.371982483805061492e-01 1.672696077060931152e-01
2.086865129960230880e-01 1.348908623696489228e-01 -3.023335846666651006e-01
2.097308453575000009e-01 1.190710793906836901e-01 -7.376373914174704227e-01
2.107709537672242117e-01 9.168184062572641568e-02 -1.094816969362238268e+00
2.118110621769483948e-01 5.556659931420188797e-02 -1.342050678806814279e+00
2.128480599636951021e-01 1.450714482228663942e-02 -1.456611685035159809e+00
2.138821136186860039e-01 -2.746230320261727753e-02 -1.431286578498228712e+00
2.149161672736769058e-01 -6.648077732906744475e-02 -1.271147035466412722e+00
2.159459665261461991e-01 -9.884336480085816057e-02 -9.949605503634586512e-01
2.169742753085213971e-01 -1.218389107698146234e-01 -6.304476322581699099e-01
2.180025840908965951e-01 -1.335898707504090677e-01 -2.110964862170503498e-01
2.190272457378873994e-01 -1.332404058655792811e-01 2.229076140559410890e-01
2.200519073848782037e-01 -1.210756473182230536e-01 6.340834818448376486e-01
2.210737515503453099e-01 -9.842900717992938975e-02 9.857121559419861345e-01
2.220955957158123883e-01 -6.741539410443715685e-02 1.249269251046398965e+00
2.231133728053782961e-01 -3.098710518948213921e-02 1.402983677174255428e+00
2.241311498949442038e-01 7.789565991284806874e-03 1.436620916079621502e+00
2.251456680358785989e-01 4.550277224934412557e-02 1.349508459258298654e+00
2.261601861768129940e-01 7.915817114018246226e-02 1.150781682300858977e+00
2.271708474868849026e-01 1.059645649379160059e-01 8.600163366585799052e-01
2.281814321068081908e-01 1.239939297749283048e-01 5.017439602792354014e-01
2.291920167267315067e-01 1.319325359614282600e-01 1.051117423525769617e-01
2.301989120822834911e-01 1.293197536436084538e-01 -2.962190171164365005e-01
2.312058074378355865e-01 1.165585467120466429e-01 -6.718899007841193649e-01
2.322098544924325048e-01 9.486155187455330706e-02 -9.921007376921109344e-01
2.332139015470293120e-01 6.600474571317088701e-02 -1.233983227240879055e+00
2.342152100895429911e-01 3.238941344596883709e-02 -1.379816338254481911e+00
2.352165186320565871e-01 -3.449955713087257420e-03 -1.420602215908661758e+00
2.362151954922880881e-01 -3.871001586376231901e-02 -1.354955582375955148e+00
2.372138723525195059e-01 -7.088151866139186241e-02 -1.189347137596399984e+00
2.382100212913642878e-01 -9.758666814914439269e-02 -9.379365276362945369e-01
2.392061702302090975e-01 -1.170470356949945279e-01 -6.197519235908010016e-01
2.401998924915476896e-01 -1.279427231875145399e-01 -2.593973495303159016e-01
2.411936147528863927e-01 -1.296655887555598630e-01 1.176986848567077582e-01
2.421839272173959001e-01 -1.222575365324218843e-01 4.830358438206739935e-01
2.431741826801301909e-01 -1.063830073809138438e-01 8.125825323543486300e-01
2.441644381428645094e-01 -8.324990747679160419e-02 1.084428691366069009e+00
2.451525072457547971e-01 -5.460307438086360599e-02 1.280202167589252982e+00
2.461405763486450016e-01 -2.241168542919526677e-02 1.388123477564756181e+00
2.476169690387302891e-01 2.714435057388392067e-02 1.374825654645770667e+00
2.490986197616346931e-01 7.250594697048021176e-02 1.160249521521735439e+00
2.500816239077278125e-01 9.709598510141001504e-02 9.205904502852324534e-01
2.510646280538209041e-01 1.152662056522056611e-01 6.222335531492020344e-01
2.520461819638492029e-01 1.259179361530996522e-01 2.858630976860571105e-01
2.530263942354005202e-01 1.285022076084428866e-01 -6.652128766037719576e-02
2.540066065069517820e-01 1.229740313720498329e-01 -4.132501181714604011e-01
2.549850575566918187e-01 1.098040177478739055e-01 -7.321299905280422848e-01
2.559635086064319109e-01 8.989386871441243376e-02 -1.004311683307181902e+00
2.569380179873769765e-01 6.465751609094193275e-02 -1.212711589987354621e+00
2.579152191512413816e-01 3.553895763594609736e-02 -1.346860572550186763e+00
2.588903710736741859e-01 4.471696329424993191e-03 -1.398933112232709330e+00
2.598655229961069901e-01 -2.672173859516380548e-02 -1.367114009843710232e+00
2.613230664276363080e-01 -6.935526761761166836e-02 -1.172357162968448385e+00
2.627870461853180073e-01 -1.029067084760657835e-01 -8.259552195342138026e-01
2.642403887882019964e-01 -1.229352551625753631e-01 -3.788087308964706579e-01
2.657003925946191947e-01 -1.274081587998503740e-01 1.155114125267681924e-01
2.666698680509819730e-01 -1.214325549339152627e-01 4.398747505236637045e-01
2.676393435073449178e-01 -1.086963085652590255e-01 7.384592382554923118e-01
2.686075749083224884e-01 -9.000560450638633858e-02 9.946746812123197223e-01
2.695758063093001144e-01 -6.643889107978317998e-02 1.195270136472480260e+00
2.705412474514743981e-01 -3.941535326856784177e-02 1.329533630302051961e+00
2.715098617210188192e-01 -1.027178609000404391e-02 1.391664651069765002e+00
2.724758040936595127e-01 1.923747078490427309e-02 1.378693078379008119e+00
2.734417464663002062e-01 4.761550459118945450e-02 1.292331403356995256e+00
2.744049664315437731e-01 7.330736606693544211e-02 1.138414084730569709e+00
2.753714841122708035e-01 9.514642400255807209e-02 9.247353816533503412e-01
2.768122224042693924e-01 1.179838350402729746e-01 5.244208558185241564e-01
2.782605428606568232e-01 1.273879723367587480e-01 6.422335863290659641e-02
2.792230898017574736e-01 1.256110538804003363e-01 -2.494383820386233408e-01
2.801856367428581240e-01 1.175044493466377987e-01 -5.495555997295262785e-01
2.811473565508991190e-01 1.035503141412194572e-01 -8.210025481242866352e-01
2.821090763589401140e-01 8.449428636924491420e-02 -1.050825725155776436e+00
2.830682204929131918e-01 6.139189087701316105e-02 -1.227673201475224074e+00
2.840309311037308992e-01 3.526457642872856540e-02 -1.344405108223613254e+00
2.854679267090184935e-01 -6.171941050822922492e-03 -1.395450333113388508e+00
2.869131169026136741e-01 -4.700128731334420051e-02 -1.297400615622514630e+00
2.878724078661420993e-01 -7.162116814391530917e-02 -1.154218734000913793e+00
2.888316988296705801e-01 -9.279647363769170931e-02 -9.570051753480928181e-01
2.897885131602004893e-01 -1.095320367013741941e-01 -7.162058051699941030e-01
2.907490868313554744e-01 -1.211889827856680035e-01 -4.418620174431805991e-01
2.921808661995458078e-01 -1.280023937283688851e-01 -2.735651616513758416e-03
2.936212407457569062e-01 -1.218673646137882483e-01 4.372925314206320691e-01
2.945767800163460737e-01 -1.108891015551704412e-01 7.076389453084034331e-01
2.955362094878383750e-01 -9.491932069185753107e-02 9.464948010006858370e-01
2.964933245974175069e-01 -7.480310274068671661e-02 1.141983609983528325e+00
2.974504397069965833e-01 -5.143330471974567192e-02 1.286539475790220211e+00
2.988819926201308208e-01 -1.289522053659813636e-02 1.395565169719496623e+00
3.003225649590904878e-01 2.699844214092384301e-02 1.370153962143396686e+00
3.012768521985618730e-01 5.227361495858719176e-02 1.279774183144286814e+00
3.022352021590857252e-01 7.537697987695651802e-02 1.134822182914506428e+00
3.031913095476029274e-01 9.520003685127198523e-02 9.427489687906179805e-01
3.041474169361201851e-01 1.109999228199666926e-01 7.117756630796449047e-01
3.051033301085280258e-01 1.221553758204794032e-01 4.519553704382400228e-01
3.060592432809358110e-01 1.282525111217786562e-01 1.742623051057546335e-01
3.077228753413188134e-01 1.263713032607554632e-01 -3.139150849397140397e-01
3.093993823933313125e-01 1.091608910873471394e-01 -7.651634697067243307e-01
3.110674284137491807e-01 7.905485813507538706e-02 -1.120826736469972440e+00
3.127486617597647900e-01 3.940755663187602703e-02 -1.344271918949373923e+00
3.146597057555134969e-01 -1.074730196873718673e-02 -1.404486393001834976e+00
3.165707857154991811e-01 -5.917833751212714377e-02 -1.255742306691487009e+00
3.184822492123998150e-01 -9.882720813449789865e-02 -9.238851591010796005e-01
3.203937127093003934e-01 -1.241046245909509793e-01 -4.603660693940305193e-01
3.223053245029371960e-01 -1.316520783966788344e-01 6.615286934555535125e-02
3.237393876847550755e-01 -1.250632218769852366e-01 4.591528089918204825e-01
3.251734508665731216e-01 -1.085610675852667767e-01 8.141572577696151169e-01
3.270859409516935212e-01 -7.387250757203536744e-02 1.180646159396398165e+00
3.289988837648503139e-01 -2.922657041711562015e-02 1.385572853509362101e+00
3.309123358818485960e-01 1.926621200303106976e-02 1.404758618407313087e+00
3.318692480034560743e-01 4.312785686772069998e-02 1.343306069434228922e+00
3.337835702002405203e-01 8.542313882934507441e-02 1.092844866052948838e+00
3.356990749884776748e-01 1.166877884378189623e-01 7.029600811537878302e-01
3.376145797767149959e-01 1.331039580079023676e-01 2.259263607247603278e-01
3.395310173018977751e-01 1.328524298519618285e-01 -2.770653600025487218e-01
3.414482662821387016e-01 1.162092362721341143e-01 -7.434759775521353475e-01
3.428870733729471043e-01 9.415237248036925632e-02 -1.036420810458032138e+00
3.443258804637556181e-01 6.565110435174922876e-02 -1.257243083678720508e+00
3.457657352099121062e-01 3.268841901885566337e-02 -1.392159039441670521e+00
3.472055899560684833e-01 -2.454155584298748673e-03 -1.433263257660953860e+00
3.491265623556059072e-01 -4.847529952475144316e-02 -1.341533192368666194e+00
3.510485786226508753e-01 -8.894267636574786084e-02 -1.096470166318427308e+00
3.524911716782869742e-01 -1.129953740176514315e-01 -8.285770908361594911e-01
3.539337647339230730e-01 -1.298397569732622214e-01 -5.089508837512365380e-01
3.553776513800582793e-01 -1.385038965954352441e-01 -1.582037586916077709e-01
3.568215380261933745e-01 -1.385257136658693822e-01 2.010524125032861764e-01
3.587489468669590731e-01 -1.254070320145408979e-01 6.537986619298961077e-01
3.606763557077248272e-01 -9.887702122893818335e-02 1.034574291671509272e+00
3.626063224667718243e-01 -6.187506566715973017e-02 1.305093658688421865e+00
3.645362892258188769e-01 -1.842577218649713369e-02 1.439000577888191579e+00
3.664689469915051179e-01 2.699553389291763431e-02 1.425288008679968188e+00
3.684016047571914143e-01 6.972259631276886416e-02 1.268074535549218007e+00
3.703370865072648788e-01 1.055977823468698396e-01 9.854037729539113499e-01
3.722725682573382877e-01 1.311429768802545304e-01 6.076455146884897074e-01
3.742110041386200181e-01 1.440552716502395691e-01 1.724854602804059278e-01
3.761494400199016930e-01 1.432447668199890722e-01 -2.769938739542205375e-01
3.780909480870727757e-01 1.289565283190327594e-01 -6.990114335973675042e-01
3.800324561542439139e-01 1.027007547706491469e-01 -1.054416461460734311e+00
3.819771417800634228e-01 6.698006957937355232e-02 -1.312551313708628431e+00
3.839218274058828761e-01 2.517734860061350208e-02 -1.451593560039876829e+00
3.858697944775816846e-01 -1.899240812390769542e-02 -1.461599763764177107e+00
3.878177615492804930e-01 -6.157034849498883161e-02 -1.344020206567632547e+00
3.897691117133387229e-01 -9.897489516591131964e-02 -1.111094624848707912e+00
3.917204618773967861e-01 -1.280293467520751682e-01 -7.850493312223064679e-01
3.941647014547489114e-01 -1.491413886834029590e-01 -2.923749753307939292e-01
3.966089410321009256e-01 -1.513337833745445338e-01 2.345699875911569643e-01
3.985682178739590187e-01 -1.393304881519537852e-01 6.382072711838535639e-01
4.005274947158171117e-01 -1.161972492225766401e-01 9.892653677223971487e-01
4.024904064316531249e-01 -8.383586755500566090e-02 1.261776793589305390e+00
4.044533181474890271e-01 -4.491027474931192504e-02 1.435625155194822256e+00
4.064199206371885142e-01 -2.393552976183101980e-03 1.499644279061005614e+00
4.083865231268878904e-01 4.040384256870792334e-02 1.450885831552259031e+00
4.103568695697539792e-01 8.038487621109105530e-02 1.294891644276978671e+00
4.123272160126201236e-01 1.145898999373504146e-01 1.045238461626304183e+00
4.143013596746851213e-01 1.406824116481587283e-01 7.210985379971273090e-01
4.162755033367501190e-01 1.568526955983386151e-01 3.473577178482455396e-01
4.182534987903078205e-01 1.621071111265728615e-01 -4.968217083343446500e-02
4.202314942438655776e-01 1.561913679100815355e-01 -4.415483715080845140e-01
4.227096292711439163e-01 1.340129500348272162e-01 -8.837324651317666202e-01
4.251877642984221994e-01 9.788951546780058632e-02 -1.232498290651085515e+00
4.271745802569402173e-01 6.133093909526689952e-02 -1.422472015731771622e+00
4.291613962154581796e-01 2.069604922840911909e-02 -1.519965574114958695e+00
4.311521647704175120e-01 -2.146363068401844348e-02 -1.520608792088943506e+00
4.331429333253766778e-01 -6.240901866421319499e-02 -1.426078138106547932e+00
4.351376674815624068e-01 -9.969934484457332324e-02 -1.243718400628633480e+00
4.371324016377479138e-01 -1.310302980761468006e-01 -9.865240303059472637e-01
4.391311183782494187e-01 -1.546412330695698112e-01 -6.707569425574986255e-01
4.411298351187508127e-01 -1.691689573226046461e-01 -3.167121391426802601e-01
4.431325454458727164e-01 -1.738858119066502284e-01 5.497846698004259930e-02
4.451352557729946757e-01 -1.686106682724038408e-01 4.219580632989310964e-01
4.481444270479484904e-01 -1.431611650577952477e-01 9.171335359374879204e-01
4.506573177191960933e-01 -1.080137644300024347e-01 1.245496163269462775e+00
4.531702083904435852e-01 -6.356757816876100475e-02 1.467338840035865566e+00
4.551848815569788931e-01 -2.368290232753307578e-02 1.557495976861097642e+00
4.571995547235140900e-01 1.760247613179349510e-02 1.565418927267830052e+00
4.592181900033455166e-01 5.821005255978072002e-02 1.492155949901405210e+00
4.612368252831767768e-01 9.599346597084010280e-02 1.343011090109671901e+00
4.632593922887823235e-01 1.291464192337372641e-01 1.126549294685683655e+00
4.652819592943879257e-01 1.560054376347128902e-01 8.550946406006567635e-01
4.673084188243976089e-01 1.753663183122155245e-01 5.423901326055095007e-01
4.693348783544071812e-01 1.863317954609566007e-01 2.048051388424657060e-01
4.713651924405172222e-01 1.884813609423558189e-01 -1.418032049066298983e-01
4.733955065266273188e-01 1.817947835598177353e-01 -4.804239850392739153e-01
4.759389023477624270e-01 1.616723287710044865e-01 -8.690878143000533296e-01
4.784822981688974797e-01 1.300373750997449729e-01 -1.194856360757463154e+00
4.805211256895989269e-01 9.786652555475605642e-02 -1.396668630807130329e+00
4.825599532103003741e-01 6.125709114291148782e-02 -1.536581602482832487e+00
4.846024622203434773e-01 2.176828833072872241e-02 -1.609894077012260949e+00
4.866449712303865804e-01 -1.882423897381702710e-02 -1.614540135198593518e+00
4.886910831097662222e-01 -5.887792978722331677e-02 -1.551552770449059038e+00
4.907371949891458085e-01 -9.667631217552534462e-02 -1.424841347793770252e+00
4.927868267637741106e-01 -1.307663949053865515e-01 -1.240488687674034862e+00
4.948364585384024128e-01 -1.597612330464128760e-01 -1.007217085570696558e+00
4.989425778493357111e-01 -1.981500934001664549e-01 -4.408217321642003417e-01
5.020264094695874313e-01 -2.079108492330150604e-01 3.249557900915563818e-02
5.051138832495274400e-01 -2.003717121777209564e-01 5.009223093733428112e-01
5.092361856145506405e-01 -1.652944912735873628e-01 1.050319435798056977e+00
5.133645520198434342e-01 -1.068289472000971130e-01 1.451455073386368477e+00
5.174987117319133079e-01 -3.327369849866636253e-02 1.655797515188771829e+00
5.216383508218596088e-01 4.548694852259616700e-02 1.643811143277731812e+00
5.257831480915519107e-01 1.193806003843498054e-01 1.424832526295731094e+00
5.299327976174466048e-01 1.794242064345867305e-01 1.033221144933218261e+00
5.340869657500283418e-01 2.187321941991395569e-01 5.218237006328342309e-01
5.382452599924625325e-01 2.331669550748191599e-01 -4.603760407836788443e-02
5.424072497157466088e-01 2.215993689435159231e-01 -6.048697545598455960e-01
5.465725012540574301e-01 1.857977254063930272e-01 -1.094567109590747211e+00
5.507405845750824591e-01 1.300065338474281629e-01 -1.466443057291854091e+00
5.549110536012068495e-01 6.030420771778903510e-02 -1.687277960986534264e+00
5.590834321773656690e-01 -1.616157146104020559e-02 -1.741235557600777861e+00
5.643010869630014081e-01 -1.095756677202620460e-01 -1.578801877804866249e+00
5.684758978830769527e-01 -1.749168298522068288e-01 -1.286499232140166038e+00
5.726509199913500936e-01 -2.254832477579842565e-01 -8.833836584605195830e-01
5.768255755389478656e-01 -2.572796421593373517e-01 -4.085096932562377048e-01
5.809992666418749563e-01 -2.681025443487253801e-01 9.590012408340403693e-02
5.851713896051653485e-01 -2.575707791719227813e-01 5.882215085040009006e-01
5.882989619740793819e-01 -2.363354849215387743e-01 9.276576767269987256e-01
5.935085681122563850e-01 -1.792439406825612758e-01 1.392487658651764493e+00
5.976721595114997676e-01 -1.179855646541111969e-01 1.651883320095462571e+00
6.018315407075064405e-01 -4.787181796226611108e-02 1.794861016711333246e+00
6.059860031390628121e-01 2.619114157656522029e-02 1.817165619127929066e+00
6.101348262532020339e-01 9.933876470747134146e-02 1.722998652372120798e+00
6.142772761532119263e-01 1.670695983299184117e-01 1.523807308636613289e+00
6.184126036405177551e-01 2.255023455201671523e-01 1.236720512898659141e+00
6.225400396928169044e-01 2.715595135016309336e-01 8.828043710683584067e-01
6.266587955232777452e-01 3.030756825483953976e-01 4.852875303689170305e-01
6.307680621340325811e-01 3.188339486180967741e-01 6.788463801755857674e-02
6.348670077734064332e-01 3.185387092335064674e-01 -3.466817970190302911e-01
6.389547727646552877e-01 3.027361109052899568e-01 -7.378925672767833177e-01
6.430304670771704867e-01 2.726950474347843434e-01 -1.088341577852344200e+00
6.470931794239351831e-01 2.302617189095962913e-01 -1.384338985251977627e+00
6.511419830734889169e-01 1.777003017528394901e-01 -1.616221992962307619e+00
6.551759295578980513e-01 1.175313450231833257e-01 -1.778395658158520298e+00
6.591940368817645890e-01 5.237778095577733800e-02 -1.869135164887231415e+00
6.631952816224888636e-01 -1.517379335687043911e-02 -1.890200684514340201e+00
6.671786041264677891e-01 -8.269133990356661301e-02 -1.846322496270551339e+00
6.711429148974273895e-01 -1.479917245014893412e-01 -1.744608126506939083e+00
6.750870927600961524e-01 -2.092097434457093064e-01 -1.593916816766329791e+00
6.790099725167971778e-01 -2.648422352684873804e-01 -1.404240542426637095e+00
6.829103352717456055e-01 -3.137692875047208285e-01 -1.186124860131757774e+00
6.867869018151261384e-01 -3.552553180131221011e-01 -9.501572621427731846e-01
6.906383285912754966e-01 -3.889336314691524410e-01 -7.065508028732733203e-01
6.944632064204609989e-01 -4.147785902117727685e-01 -4.648352528980671527e-01
6.982600501045075347e-01 -4.330691873636704492e-01 -2.336420666134494950e-01
7.020272815871985150e-01 -4.443486279005282591e-01 -2.060006683829394489e-02
7.038990663650485091e-01 -4.475756094569528498e-01 7.704491237763047562e-02
7.057628000939073498e-01 -4.493473281196085911e-01 1.677773481295567470e-01
7.094655902404470860e-01 -4.490717585611763152e-01 3.259430382938354187e-01
7.131331888985167344e-01 -4.445733435990584792e-01 4.491406044600824155e-01
7.167633315432266894e-01 -4.370511882536524118e-01 5.332384792507137705e-01
7.203534697890988658e-01 -4.278242820100206512e-01 5.724344395136797825e-01
7.239006927315578821e-01 -4.181412801970393334e-01 5.747661667153002307e-01
7.274037472512754343e-01 -4.086523440169263499e-01 5.700072434038804259e-01
7.308631569784361792e-01 -3.994503755503518438e-01 5.653965797492495060e-01
7.342794427454362172e-01 -3.905234013000832283e-01 5.609281805170458490e-01
7.376531370894844342e-01 -3.818603055449396599e-01 5.565963154376162292e-01
7.409847640846142225e-01 -3.734505249468262345e-01 5.523955434407384901e-01
7.442748211369105693e-01 -3.652841256743128429e-01 5.483207178485242084e-01
7.475237974064263824e-01 -3.573516860163187259e-01 5.443669458309428055e-01
7.507321962838469087e-01 -3.496441549353899170e-01 5.405295469440758449e-01
7.539005302043194634e-01 -3.421528521781229681e-01 5.368040479283520128e-01
7.570292970629285412e-01 -3.348695535858722816e-01 5.331861988205901515e-01
7.601189748256973466e-01 -3.277864938072528878e-01 5.296719659646312861e-01
7.631700307096180858e-01 -3.208962991774690354e-01 5.262575091620814716e-01
7.661829280312825174e-01 -3.141919375189575203e-01 5.229391634012743317e-01
7.691581275626218073e-01 -3.076666952871200400e-01 5.197134279522971356e-01
7.720960887207071188e-01 -3.013141495184830099e-01 5.165769563128127517e-01
7.749972707982543119e-01 -2.951281391765185336e-01 5.135265467712982757e-01
7.778621289318303766e-01 -2.891027721833874797e-01 5.105591389496396681e-01
7.806911033824630586e-01 -2.832324644470013419e-01 5.076718173089048713e-01
7.834846171445913887e-01 -2.775119358179869433e-01 5.048618057041078799e-01
7.862430869060449412e-01 -2.719361410177520977e-01 5.021264490832597627e-01
7.889669369237084506e-01 -2.665001999798525256e-01 4.994631937461184723e-01
7.916565982021911418e-01 -2.611993975356006747e-01 4.968695833519756189e-01
7.943124974778934533e-01 -2.560292218267546938e-01 4.943432647084989306e-01
7.969350495080719243e-01 -2.509853786141978960e-01 4.918819898076530195e-01
7.995246585495641156e-01 -2.460637688404398726e-01 4.894836090609990253e-01
8.020817215573190495e-01 -2.412604634888939059e-01 4.871460635003102557e-01
8.046066294762304061e-01 -2.365716922646439180e-01 4.848673791618546280e-01
8.070997653306969388e-01 -2.319938420570514526e-01 4.826456647880845718e-01
8.095615092888481801e-01 -2.275234387853131701e-01 4.804791033490975471e-01
8.119922431475441460e-01 -2.231571301669263152e-01 4.783659447232142536e-01
8.143923505053758394e-01 -2.188916840620495075e-01 4.763045024084567869e-01
8.167622071215497881e-01 -2.147240087143827691e-01 4.742931588756967853e-01
8.191021778306492029e-01 -2.106511533625993193e-01 4.723303648353929796e-01
8.214126187949533087e-01 -2.066702883816976255e-01 4.704146342257827240e-01
8.236938850346046115e-01 -2.027786747055310146e-01 4.685445351198180841e-01
8.259463322523640239e-01 -1.989736539988695430e-01 4.667186859311642233e-01
8.281703138888254490e-01 -1.952526641204818947e-01 4.649357555242514262e-01
8.303661724506571362e-01 -1.916132706815702469e-01 4.631944678758019296e-01
8.325342380230222883e-01 -1.880531685752237225e-01 4.614936006857086603e-01
8.346748353855768521e-01 -1.845701429271232596e-01 4.598319774794630277e-01
8.367882947421915185e-01 -1.811620236691754704e-01 4.582084573518602766e-01
8.388749484008726220e-01 -1.778266921913400911e-01 4.566219361301568913e-01
8.409351219691613144e-01 -1.745621161492745821e-01 4.550713514642781288e-01
8.429691303017050608e-01 -1.713663631757992023e-01 4.535556840559635816e-01
8.449772835243484215e-01 -1.682375765481269880e-01 4.520739513128457787e-01
8.469598912257328971e-01 -1.651739550456745032e-01 4.506252027819107053e-01
8.489172622932020795e-01 -1.621737544842586087e-01 4.492085189942918166e-01
8.508497044538249066e-01 -1.592352923895207772e-01 4.478230105311910569e-01
8.527575229688695302e-01 -1.563569459619961466e-01 4.464678177113153290e-01
8.546410160783932675e-01 -1.535371533423862123e-01 4.451421125905611342e-01
8.565004710086118189e-01 -1.507744193694494361e-01 4.438451004725531557e-01
8.583361673787008872e-01 -1.480673074031495506e-01 4.425760162351977112e-01
8.601483873498577681e-01 -1.454144136075262994e-01 4.413341161961328862e-01
8.619374190156378068e-01 -1.428143543082965872e-01 4.401186750376978596e-01
8.637035513945729992e-01 -1.402657793038400713e-01 4.389289884865773539e-01
8.654470650665438969e-01 -1.377673974239636834e-01 4.377643787829371136e-01
8.671682312272307458e-01 -1.353179790721926734e-01 4.366241942308287660e-01
8.688673159218502917e-01 -1.329163385157305088e-01 4.355078054273232580e-01
8.705445856873960109e-01 -1.305613151152529572e-01 4.344146007399513620e-01
8.722003068198478370e-01 -1.282517757437399153e-01 4.333439861550613115e-01
8.738347418094588592e-01 -1.259866275602033736e-01 4.322953869086432754e-01
8.754481467852704979e-01 -1.237648227637400677e-01 4.312682484033896757e-01
8.770407741766889087e-01 -1.215853464054663519e-01 4.302620337800087125e-01
8.786128771136945126e-01 -1.194472014031567747e-01 4.292762205307826817e-01
8.801647113007132761e-01 -1.173494054629852790e-01 4.283102988299449243e-01
8.816965317742312402e-01 -1.152910018932077341e-01 4.273637730939898183e-01
8.832085878593547434e-01 -1.132710725692980119e-01 4.264361645467342199e-01
8.847011190561783200e-01 -1.112887439189773064e-01 4.255270131266723488e-01
8.861743569071006688e-01 -1.093431792764668342e-01 4.246358756809566759e-01
8.876285293506940288e-01 -1.074335651409430575e-01 4.237623227939980031e-01
8.890638676536581908e-01 -1.055590954202949433e-01 4.229059341758148460e-01
8.904806072870743439e-01 -1.037189684705134146e-01 4.220662978704247115e-01
8.918789864151801527e-01 -1.019123919253111521e-01 4.212430108478620316e-01
8.932592404372767803e-01 -1.001385951961578508e-01 4.204356819043698623e-01
8.946215989640163846e-01 -9.839683796711296004e-02 4.196439329978827182e-01
8.959662842038009778e-01 -9.668641440705980084e-02 4.188673997347316380e-01
8.972935117732897536e-01 -9.500665093033128228e-02 4.181057304444288358e-01
8.986034927209798351e-01 -9.335689945767332298e-02 4.173585846046078407e-01
8.998964354025826839e-01 -9.173652922923947184e-02 4.166256314304092045e-01
9.011725489915097809e-01 -9.014491662589207976e-02 4.159065475844954674e-01
9.024320447860507688e-01 -8.858144117202507162e-02 4.152010162212048106e-01
9.036751353555274591e-01 -8.704548982708006089e-02 4.145087272425396208e-01
9.049020296532450658e-01 -8.553646992505684055e-02 4.138293797880378544e-01
9.061129304280890473e-01 -8.405381569220178595e-02 4.131626833584364222e-01
9.073080357373773941e-01 -8.259698287546812789e-02 4.125083566619180964e-01
9.084875419218813031e-01 -8.116543954686664120e-02 4.118661257137669063e-01
9.096516449412487271e-01 -7.975866219657293255e-02 4.112357228925586639e-01
9.108005396977110202e-01 -7.837613794200168349e-02 4.106168871106095630e-01
9.119344190251117421e-01 -7.701736770693284884e-02 4.100093641511817766e-01
9.130534727752540602e-01 -7.568186796480717848e-02 4.094129069442762336e-01
9.141578874195450677e-01 -7.436917066242043628e-02 4.088272755604289155e-01
9.152478462184302499e-01 -7.307882284872123380e-02 4.082522369127246642e-01
9.163235307136011754e-01 -7.181038034528004765e-02 4.076875637707880751e-01
9.173851213290326045e-01 -7.056340969160811161e-02 4.071330342801371405e-01
9.184327978233862710e-01 -6.933748377832679721e-02 4.065884315643099045e-01
9.194667382392092136e-01 -6.813218490750064249e-02 4.060535441259602307e-01
9.204871184823875119e-01 -6.694710581574697672e-02 4.055281659041017339e-01
9.214941118815067611e-01 -6.578185081181273097e-02 4.050120963425469234e-01
9.224878885587296518e-01 -6.463603694419030321e-02 4.045051405551223223e-01
9.234686156415649050e-01 -6.350929323438213314e-02 4.040071090582428859e-01
9.244364580894727235e-01 -6.240125758841396503e-02 4.035178172083215831e-01
9.253915805410551920e-01 -6.131157185334087933e-02 4.030370841378645430e-01
9.263341472457474746e-01 -6.023988134393572919e-02 4.025647326854823183e-01
9.272643205556930779e-01 -5.918583926104213633e-02 4.021005900411867007e-01
9.281822593195951931e-01 -5.814911191361493703e-02 4.016444884240372715e-01
9.290881192404382150e-01 -5.712937872851094750e-02 4.011962647694107265e-01
9.299820544127295197e-01 -5.612632748419649903e-02 4.007557598476982341e-01
9.308642183379219892e-01 -5.513964940572061574e-02 4.003228176652440240e-01
9.317347637709364472e-01 -5.416903775577003310e-02 3.998972854529134757e-01
9.325938419655581679e-01 -5.321418976627330377e-02 3.994790139479457158e-01
9.334416025644689530e-01 -5.227480831979020026e-02 3.990678573552535746e-01
9.342781940582032263e-01 -5.135060196928391968e-02 3.986636730354453095e-01
9.351037639763524201e-01 -5.044128427476952947e-02 3.982663213306089078e-01
9.359184581932523672e-01 -4.954657589258285727e-02 3.978756658130246926e-01
9.367224180073485673e-01 -4.866621154996299270e-02 3.974915745979902271e-01
9.375157793601903711e-01 -4.779994338019924460e-02 3.971139205996317423e-01
9.382986736089657942e-01 -4.694753785957657410e-02 3.967425810587418278e-01
9.390712321160756826e-01 -4.610876391535313756e-02 3.963774352742151508e-01
9.398335891165293665e-01 -4.528338436333667616e-02 3.960183632037393986e-01
9.405858812974943195e-01 -4.447115606487775374e-02 3.956652456365547521e-01
9.413282457717848661e-01 -4.367183442528085879e-02 3.953179651076540457e-01
9.420608178502133390e-01 -4.288517750186444238e-02 3.949764068900195046e-01
9.427837310928691705e-01 -4.211094654140350169e-02 3.946404589021375586e-01
9.434971161334501089e-01 -4.134891026181517631e-02 3.943100121878214126e-01
9.442010983676487612e-01 -4.059885180216386835e-02 3.939849619127435698e-01
9.448957981803430828e-01 -3.986056942606905351e-02 3.936652071677155806e-01
9.455813325674083947e-01 -3.913386905917641545e-02 3.933506501477078143e-01
9.462578189837917986e-01 -3.841855085187411561e-02 3.930411943260156415e-01
9.469253759203707377e-01 -3.771440407719093418e-02 3.927367441646408275e-01
9.475841219105402002e-01 -3.702121277084408080e-02 3.924372055406240567e-01
9.482341736882211602e-01 -3.633876876065944561e-02 3.921424865495050094e-01
9.488756453742962504e-01 -3.566688007677570188e-02 3.918524978218975718e-01
9.495086488587556328e-01 -3.500537075981832030e-02 3.915671522933606430e-01
9.501332951313513631e-01 -3.435407878441631979e-02 3.912863645558762871e-01
9.507496960826257171e-01 -3.371285468118767614e-02 3.910100500104927712e-01
9.513579651353069044e-01 -3.308156008323145936e-02 3.907381245571185380e-01
9.519582165945869034e-01 -3.246006019732416981e-02 3.904705048476008189e-01
9.525505625735545268e-01 -3.184821463389424234e-02 3.902071096172797238e-01
9.531351118401709677e-01 -3.124587422487607943e-02 3.899478601510968923e-01
9.537119697698679399e-01 -3.065288361059786623e-02 3.896926802684145819e-01
9.542812403202287630e-01 -3.006908222508921508e-02 3.894414954162696563e-01
9.548430270251752061e-01 -2.949430419831427716e-02 3.891942322069826821e-01
9.553974327455952986e-01 -2.892838058279743885e-02 3.889508185066197776e-01
9.559445589026865919e-01 -2.837114785438430917e-02 3.887111837479418908e-01
9.564845050053580877e-01 -2.782245574415734626e-02 3.884752591078733386e-01
9.570173690229182295e-01 -2.728216720759914921e-02 3.882429773103868165e-01
9.575432481385535155e-01 -2.675015237230453716e-02 3.880142722604298378e-01
9.580622389120657667e-01 -2.622628261239023928e-02 3.877890789430019636e-01
9.585744372418232295e-01 -2.571042881785552334e-02 3.875673334154360328e-01
9.590799381259947909e-01 -2.520246280793392649e-02 3.873489728880481486e-01
9.595788354479902749e-01 -2.470225914410744544e-02 3.871339357941016024e-01
9.600712216912781205e-01 -2.420969648305498073e-02 3.869221618894523873e-01
9.605571877573033657e-01 -2.372465782919612465e-02 3.867135923064425329e-01
9.610368233668841187e-01 -2.324702930655011407e-02 3.865081693552592235e-01
9.615102176430252445e-01 -2.277669861145062077e-02 3.863058362541413326e-01
9.619774592602109431e-01 -2.231355447922382662e-02 3.861065370474348057e-01
9.624386363595022198e-01 -2.185748668122403787e-02 3.859102166236978437e-01
9.628938363592510763e-01 -2.140838612838567856e-02 3.857168207808160942e-01
9.633431459530198415e-01 -2.096614490005974107e-02 3.855262962069628263e-01
9.637866510388649610e-01 -2.053065704490698862e-02 3.853385904934477080e-01
9.642244362725824747e-01 -2.010182011094014884e-02 3.851536523086697694e-01
9.646565852206075986e-01 -1.967953483609710327e-02 3.849714313133401622e-01
9.650831808361504116e-01 -1.926370350034904352e-02 3.847918779412949353e-01
9.655043054562382210e-01 -1.885422942335564928e-02 3.846149433872551038e-01
9.659200402356747928e-01 -1.845101817541441175e-02 3.844405798266249952e-01
9.663304647237355161e-01 -1.805397887993131015e-02 3.842687405757159724e-01
9.667356570265409621e-01 -1.766302371740267191e-02 3.840993800073494446e-01
9.671356950751521797e-01 -1.727806539203695022e-02 3.839324530075087227e-01
9.675306568648514016e-01 -1.689901633327298147e-02 3.837679148690805730e-01
9.679206204413721704e-01 -1.652578871751398532e-02 3.836057212822456264e-01
9.683056632759791116e-01 -1.615829481234785578e-02 3.834458285855150694e-01
9.686858619411236049e-01 -1.579644699170783609e-02 3.832881938812294775e-01
9.690612920205190495e-01 -1.544015802319374797e-02 3.831327750616673189e-01
9.694320280361357067e-01 -1.508934212066148466e-02 3.829795308304728696e-01
9.697981436541373013e-01 -1.474391551340399099e-02 3.828284206060791339e-01
9.701597119736792285e-01 -1.440379573962214874e-02 3.826794043955050184e-01
9.705168057640763957e-01 -1.406890063424317931e-02 3.825324426821967161e-01
9.708694969864466451e-01 -1.373914872209274635e-02 3.823874966097644545e-01
9.712178563702503764e-01 -1.341446034703752156e-02 3.822445281433198838e-01
9.715619532024425409e-01 -1.309475818042055498e-02 3.821035001437808054e-01
9.719018559824413872e-01 -1.277996509412742711e-02 3.819643760896777596e-01
9.722376334334535963e-01 -1.247000134068215402e-02 3.818271196552189273e-01
9.725693544860373185e-01 -1.216478434450232737e-02 3.816916947110509106e-01
9.728970879945362249e-01 -1.186422983213417451e-02 3.815580654343032618e-01
9.732209017546173957e-01 -1.156825350015692339e-02 3.814261966967010253e-01
9.735408623544371531e-01 -1.127677106721392680e-02 3.812960541128423420e-01
9.738570353791702328e-01 -1.098969771630950443e-02 3.811676039446396658e-01
9.741694855365269357e-01 -1.070694855625924091e-02 3.810408130466096388e-01
9.744782765863391205e-01 -1.042843974091146875e-02 3.809156488920076855e-01
9.747834712405878399e-01 -1.015408903342709425e-02 3.807920795971510008e-01
9.750851311684266554e-01 -9.883815251098940907e-03 3.806700739097855779e-01
9.753833174776915804e-01 -9.617536681449772792e-03 3.805496010172685351e-01
9.756780908428658305e-01 -9.355170686672872535e-03 3.804306304724933141e-01
9.759695114299516971e-01 -9.096634072215951244e-03 3.803131322221037225e-01
9.762576389021463408e-01 -8.841842076197967137e-03 3.801970765977812361e-01
9.765425324979953858e-01 -8.590706636174351082e-03 3.800824342639107511e-01
9.768242509432418785e-01 -8.343135831889834583e-03 3.799691762525785887e-01
9.771028522833710150e-01 -8.099035277108042330e-03 3.798572740231876965e-01
9.773783933517848910e-01 -7.858311471119035913e-03 3.797466996691938323e-01
9.776509296593629550e-01 -7.620873742422576771e-03 3.796374259709984211e-01
9.779205156231944862e-01 -7.386633825855393708e-03 3.795294262976756650e-01
9.781872047434609918e-01 -7.155504467592024159e-03 3.794226745011723412e-01
9.784510495060143587e-01 -6.927398305122831057e-03 3.793171449664652917e-01
9.787121011965591588e-01 -6.702227983863544292e-03 3.792128126760115903e-01
9.789704097928612070e-01 -6.479906527377957831e-03 3.791096532258398377e-01
9.792260248675913603e-01 -6.260345976056785368e-03 3.790076424645754116e-01
9.794789964416771300e-01 -6.043455802776466490e-03 3.789067561701087161e-01
9.797293750085785957e-01 -5.829142536992536205e-03 3.788069700231035952e-01
9.799772111141689113e-01 -5.617311480367460051e-03 3.787082597692750796e-01
9.802225538059048393e-01 -5.407870686547187541e-03 3.786106018402953244e-01
9.804654503645000574e-01 -5.200735351762442692e-03 3.785139734409030954e-01
9.807059465012439858e-01 -4.995811655497945161e-03 3.784183524743707783e-01
9.809440869290046994e-01 -4.793031522519924578e-03 3.783237172947103710e-01
9.811799158740861504e-01 -4.592306670205860419e-03 3.782300464972925269e-01
9.814134771051555850e-01 -4.393556685313675450e-03 3.781373188973415345e-01
9.816448139740299172e-01 -4.196702443283259996e-03 3.780455135071105199e-01
9.818739695684386426e-01 -4.001666671894347528e-03 3.779546094896546471e-01
9.821009867550495320e-01 -3.808375321270613106e-03 3.778645861476410128e-01
9.823259081899210488e-01 -3.616757421372737442e-03 3.777754229316457879e-01
9.825487766341645113e-01 -3.426744888046689801e-03 3.776870992741424571e-01
9.827696354372893461e-01 -3.238272148219647432e-03 3.775995944071759980e-01
9.829885289087769706e-01 -3.051275791295208605e-03 3.775128872368749833e-01
9.832055018255810852e-01 -2.865695666801670004e-03 3.774269565133500648e-01
9.834205977716130587e-01 -2.681477486675174805e-03 3.773417814633018841e-01
9.836338588957453943e-01 -2.498573641409171896e-03 3.772573418394022382e-01
9.838453264273652188e-01 -2.316942617595316688e-03 3.771736177487231556e-01
9.840550431756610594e-01 -2.136546230440369495e-03 3.770905887143463087e-01
9.842630544299338924e-01 -1.957348124337350125e-03 3.770082333063636826e-01
9.844694079699815026e-01 -1.779314268449812449e-03 3.769265291113854666e-01
9.846741527711339037e-01 -1.602416280619071553e-03 3.768454532809809576e-01
9.848773386240422534e-01 -1.426633771539751426e-03 3.767649826688972414e-01
9.850790165882933325e-01 -1.251953163908752333e-03 3.766850936136770800e-01
9.852792397559874127e-01 -1.078363334982848469e-03 3.766057616211797576e-01
9.854780637322345660e-01 -9.058523098506329578e-04 3.765269611338199485e-01
9.856755468082143423e-01 -7.344077831935467635e-04 3.764486654389018194e-01
9.858717495053704871e-01 -5.640205509993500253e-04 3.763708468534599505e-01
9.860667343401825491e-01 -3.946812211342832187e-04 3.762934768793316231e-01
9.862605662335471868e-01 -2.264035839859704152e-04 3.762165259570142695e-01
9.864533145194630537e-01 -5.917349195747912560e-05 3.761399626666922513e-01
9.866450541503118954e-01 1.070136057887919055e-04 3.760637533201238725e-01
9.867880381885917318e-01 2.307827770093750413e-04 3.760068892725700329e-01
9.869309532600107904e-01 3.543311304818897172e-04 3.759500219434070978e-01
9.871205341790296739e-01 5.179244333215329626e-04 3.758745347233085066e-01
9.872620466585018129e-01 6.397713158546868310e-04 3.758181464279251038e-01
9.874036170961336678e-01 7.614077537653399360e-04 3.757616974415913247e-01
9.875916216718324536e-01 9.224882820001693720e-04 3.756866712209590009e-01
9.877556032248382412e-01 1.062497716333999200e-03 3.756211693412787600e-01
9.878728339090028232e-01 1.162278807252142398e-03 3.755743038319447336e-01
9.880364164951689343e-01 1.301042807766831589e-03 3.755088516923406061e-01
9.881766700670048253e-01 1.419537245350462181e-03 3.754526783726832018e-01
9.882701561032216642e-01 1.498254057651082988e-03 3.754152060284826620e-01
9.884161744165290697e-01 1.620755829845264102e-03 3.753566264847467138e-01
9.885274938018725477e-01 1.713757361494651485e-03 3.753119239800862261e-01
9.886441702430321943e-01 1.810851894360632468e-03 3.752650278811112683e-01
9.887615048409820195e-01 1.908080653745239082e-03 3.752178214717943883e-01
9.888671405303265383e-01 1.995243629637769283e-03 3.751752807246329091e-01
9.889964814527246739e-01 2.101466352730360296e-03 3.751231380988399033e-01
9.891379956535801821e-01 2.217021870756577962e-03 3.750660143839505412e-01
9.892563647329785104e-01 2.313115075186531616e-03 3.750181713667904981e-01
9.893750463211569146e-01 2.408925065561311717e-03 3.749701424136121508e-01
9.894943121748573933e-01 2.504645767792993468e-03 3.749218139706862463e-01
9.896140207055634797e-01 2.600135263363521042e-03 3.748732395527193950e-01
9.897159914823099314e-01 2.680999673931394947e-03 3.748318075089610568e-01
9.898434705941348000e-01 2.781460009546336733e-03 3.747799363982072807e-01
9.899375585064562610e-01 2.855148167934537864e-03 3.747415964157291279e-01
9.900878310668779214e-01 2.972012990723958172e-03 3.746802585562093446e-01
9.901743200970993808e-01 3.038803887528862546e-03 3.746448954818319410e-01
9.902609137873940037e-01 3.105324367686363145e-03 3.746094435966317304e-01
9.903612026626938958e-01 3.181922382885149590e-03 3.745683249187515274e-01
9.904874739384739168e-01 3.277672868405289222e-03 3.745164579003165684e-01
9.905894425236058121e-01 3.354421656579687112e-03 3.744744919715997100e-01
9.907182233334840271e-01 3.450605229298517925e-03 3.744213819575777924e-01
9.907962672147299088e-01 3.508488466686682499e-03 3.743891339031466536e-01
9.909212141403226370e-01 3.600519474321716828e-03 3.743374026470112081e-01
9.910108377596256179e-01 3.666049805795415853e-03 3.743002146725872836e-01
9.911016878566011323e-01 3.732066231140820922e-03 3.742624450201805786e-01
9.912137238991562960e-01 3.812910967757402944e-03 3.742157620392683737e-01
9.913000989104370220e-01 3.874810706756897597e-03 3.741796881929835838e-01
9.913838631252052114e-01 3.934481940573900105e-03 3.741446323873164892e-01
9.914506465589315587e-01 3.981803898339036744e-03 3.741166301553933704e-01
9.915146713824002367e-01 4.026961850207564850e-03 3.740897389019149366e-01
9.916340109879260289e-01 4.110586582310280998e-03 3.740394904378335772e-01
9.917072197375820242e-01 4.161535102857007694e-03 3.740085819292189862e-01
9.918113459853242775e-01 4.233542296896336370e-03 3.739645053382787410e-01
9.918788921488236321e-01 4.279971666380342869e-03 3.739358377734238736e-01
9.919787124284612512e-01 4.348185039266278668e-03 3.738933592372137293e-01
9.920446367295224777e-01 4.392978270469905661e-03 3.738652278288682185e-01
9.921335618592820316e-01 4.453082012494853810e-03 3.738271798104440546e-01
9.922483388488775313e-01 4.530121002284214285e-03 3.737778900436853347e-01
9.923140323712106303e-01 4.573940228469904751e-03 3.737495826587092784e-01
9.923808176287334248e-01 4.618284495214648212e-03 3.737207301161006301e-01
9.924653149416101661e-01 4.674099757559078104e-03 3.736841133800030690e-01
9.925519742114751187e-01 4.731009065358793460e-03 3.736464238853542952e-01
9.926400143689063649e-01 4.788483007619748211e-03 3.736079862888594949e-01
9.927300306504682759e-01 4.846898973395002280e-03 3.735685247945580989e-01
9.928223552515691441e-01 4.906452732209984867e-03 3.735278738944924903e-01
9.928790071570852138e-01 4.942819707124371416e-03 3.735028368791706299e-01
9.929749283407137694e-01 5.004094622667053932e-03 3.734602769854765136e-01
9.930338309415541742e-01 5.041535253441836728e-03 3.734340330701912403e-01
9.931134822473388635e-01 5.091938298771000841e-03 3.733984072022171752e-01
9.931957520679123297e-01 5.143723394159250596e-03 3.733614372706048345e-01
9.932581794112547158e-01 5.182829444955932251e-03 3.733332618763350319e-01
9.933222453859934520e-01 5.222795499308961059e-03 3.733042330388213204e-01
9.934096186032961295e-01 5.277030366581344535e-03 3.732644502353886784e-01
9.934541404540199183e-01 5.304547495400185886e-03 3.732440894677974685e-01
9.935457954224757859e-01 5.360949299612636186e-03 3.732019769922025887e-01
9.936160469382104843e-01 5.403955333202909925e-03 3.731695119296499774e-01
9.936880935992783437e-01 5.447852465846612577e-03 3.731360416514818978e-01
9.937495894572796473e-01 5.485151885644640700e-03 3.731073265526113070e-01
9.938121488219817667e-01 5.522935416958881134e-03 3.730779712019651750e-01
9.939160796672812381e-01 5.585336323348468433e-03 3.730288685333205678e-01
9.939694945657114866e-01 5.617222727998956965e-03 3.730034627504615896e-01
9.940375730092885220e-01 5.657683072178230563e-03 3.729709087473532803e-01
9.941079133971814086e-01 5.699277647118438685e-03 3.729370609209798904e-01
9.941512836844985657e-01 5.724817858712222089e-03 3.729160798468362237e-01
9.942245924467123519e-01 5.767807698070448463e-03 3.728804159486984182e-01
9.942849783485653292e-01 5.803047540584726702e-03 3.728508436442846685e-01
9.943630951281491326e-01 5.848399502663325679e-03 3.728123157481598171e-01
9.944439687478419110e-01 5.895060421151790235e-03 3.727720899023136414e-01
9.944937414949477361e-01 5.923623898295560589e-03 3.727471549407842533e-01
9.945448254080581085e-01 5.952819370177716424e-03 3.727214166055876632e-01
9.946141837795062779e-01 5.992265377698028327e-03 3.726862250158133327e-01
9.946679242963347711e-01 6.022675060213060136e-03 3.726587559945321870e-01
9.947232555508067620e-01 6.053845667135133134e-03 3.726302832162988188e-01
9.947802947091887171e-01 6.085830268778224909e-03 3.726007220469281789e-01
9.948193345282794198e-01 6.107634470185051290e-03 3.725803625896057514e-01
9.948788033927520313e-01 6.140710326201570708e-03 3.725491451383823316e-01
9.949193304565996376e-01 6.163153367825142080e-03 3.725277251769713027e-01
9.949819063874423275e-01 6.197645962887450219e-03 3.724944116096625124e-01
9.950248963278948144e-01 6.221228216895509887e-03 3.724713503866387554e-01
9.950914392447394174e-01 6.257543843632780781e-03 3.724353638920208098e-01
9.951257033035670885e-01 6.276156027313690121e-03 3.724166913624263886e-01
9.951843888488717260e-01 6.307899669573743297e-03 3.723844776159582204e-01
9.952322115084688559e-01 6.333644488383026114e-03 3.723580024162690405e-01
9.952814503025246839e-01 6.360036174687719486e-03 3.723305254749701976e-01
9.953322073685838545e-01 6.387118610079554372e-03 3.723019620314180766e-01
9.953845960308196350e-01 6.414938824506578700e-03 3.722722164050131233e-01
9.954519586706931378e-01 6.450505431206897053e-03 3.722335586448650147e-01
9.954937886889216880e-01 6.472471254387344129e-03 3.722093117492414893e-01
9.955367586705249350e-01 6.494940161450597077e-03 3.721842043355928498e-01
9.955809446208156999e-01 6.517946935554339884e-03 3.721581685437457820e-01
9.956414875400296793e-01 6.549312459411681282e-03 3.721221232930081446e-01
9.956882115261579402e-01 6.573396508746637279e-03 3.720940005587967669e-01
9.957364305507077074e-01 6.598140352216609779e-03 3.720646891116248245e-01
9.957694647789196996e-01 6.615027603667530780e-03 3.720444331710237584e-01
9.958204391530577348e-01 6.640981261436949140e-03 3.720128882372414902e-01
9.958554331825923978e-01 6.658723135012911513e-03 3.719910231494018005e-01
9.959095524598978733e-01 6.686038283022041617e-03 3.719568604929619493e-01
9.959562594527735513e-01 6.709491865559315781e-03 3.719270245427139243e-01
9.960045505597787674e-01 6.733623255102004837e-03 3.718958203065957924e-01
9.960343411253066437e-01 6.748452402048387040e-03 3.718763837178419296e-01
9.960854494326569775e-01 6.773796423725652986e-03 3.718426957873557925e-01
9.961277448285118519e-01 6.794680489394165808e-03 3.718144781127763476e-01
9.961713919593757627e-01 6.816147684997275746e-03 3.717850253207717892e-01
9.962161918280310058e-01 6.838091740995084003e-03 3.717544297426930155e-01
9.962505693319740896e-01 6.854866079645209956e-03 3.717306923837040977e-01
9.962858572444537320e-01 6.872024827221587251e-03 3.717060842432344248e-01
9.963221125104277931e-01 6.889590337079927462e-03 3.716805381126938035e-01
9.963593986330890884e-01 6.907588586507979432e-03 3.716539784815468539e-01
9.963977866504906133e-01 6.926050656129984114e-03 3.716263201169513475e-01
9.964373559441993544e-01 6.945011137092025298e-03 3.715974666556968176e-01
9.964644356591672025e-01 6.957947967347203125e-03 3.715775130420414518e-01
9.965061743102501257e-01 6.977827673016291816e-03 3.715464181388536402e-01
9.965347929889251111e-01 6.991416439190431716e-03 3.715248519211832856e-01
9.965789926785999508e-01 7.012334568604099844e-03 3.714911389255523000e-01
9.966093636738425632e-01 7.026658566152097288e-03 3.714676787625219578e-01
9.966559567315705914e-01 7.048552364691739076e-03 3.714312042030190053e-01
9.966880427217708061e-01 7.063571685084763484e-03 3.714057334073829209e-01
9.967378328212044281e-01 7.086786597243144997e-03 3.713656172495003460e-01
9.967809783515868549e-01 7.106817980701465864e-03 3.713302498397005325e-01
9.968257684029371291e-01 7.127532911961353447e-03 3.712929161218981311e-01
9.968534955838771472e-01 7.140318411352110893e-03 3.712694775335959596e-01
9.969012406558794837e-01 7.162268037576175958e-03 3.712285097186722727e-01
9.969308756731882770e-01 7.175847333464551933e-03 3.712026802509774126e-01
9.969613046775022136e-01 7.189753350203841736e-03 3.711758281174812324e-01
9.969925771600518516e-01 7.204005609990569645e-03 3.711478717861678156e-01
9.970247479264872092e-01 7.218626072146521952e-03 3.711187198025828748e-01
9.970691443777704999e-01 7.238735408547850546e-03 3.710778125509131553e-01
9.971036607767090887e-01 7.254317528089710559e-03 3.710454460983873548e-01
9.971393088047536546e-01 7.270365684111157467e-03 3.710114831950894199e-01
9.971637472447061334e-01 7.281343512492940463e-03 3.709878757978717356e-01
9.972014842903836884e-01 7.298258958116103992e-03 3.709508880139913978e-01
9.972274093111264115e-01 7.309853328854691579e-03 3.709250898029908261e-01
9.972575290295068173e-01 7.323295384588786663e-03 3.708947077667797965e-01
9.972922000224022643e-01 7.338729758535428478e-03 3.708591715129076483e-01
9.973280657224116164e-01 7.354650022591691441e-03 3.708217532050446241e-01
9.973558081309227275e-01 7.366932777262016549e-03 3.707923349997113704e-01
9.973843238065247530e-01 7.379531335024939152e-03 3.707616516948081808e-01
9.974136641173761975e-01 7.392468797639782478e-03 3.707295962625379304e-01
9.974438858290636256e-01 7.405770205585801742e-03 3.706960482712886029e-01
9.974750515538618467e-01 7.419463679342186077e-03 3.706608715424332678e-01
9.975181926553605694e-01 7.438378925091003631e-03 3.706111686165781127e-01
9.975404964969021293e-01 7.448137906788909225e-03 3.705849944014588115e-01
9.975740710655780497e-01 7.462802239352121607e-03 3.705449572743163555e-01
9.976084019075507348e-01 7.477762464989902262e-03 3.705031988553424971e-01
9.976319905302465374e-01 7.488021458043065369e-03 3.704740095393165844e-01
9.976685048465973038e-01 7.503873834556738266e-03 3.704280007322481305e-01
9.976936576052695127e-01 7.514776538282260700e-03 3.703957054534926518e-01
9.977327010428558296e-01 7.531677023523359119e-03 3.703445680345762714e-01
9.977596755686080066e-01 7.543337644937900613e-03 3.703084960040926021e-01
9.977874647642224204e-01 7.555337101873962902e-03 3.702706779079651400e-01
9.978161248682079210e-01 7.567698214637356806e-03 3.702309524868115931e-01
9.978457182292497230e-01 7.580444403863120448e-03 3.701891363279754543e-01
9.978685681051390199e-01 7.590273137875276112e-03 3.701562756774469665e-01
9.978920154480180882e-01 7.600348491855000131e-03 3.701220209660520677e-01
9.979242710965282592e-01 7.614193874035564413e-03 3.700739862073465503e-01
9.979408528064854789e-01 7.621305948084253559e-03 3.700488696231737928e-01
9.979749878048177480e-01 7.635939234524812338e-03 3.699962339039062353e-01
9.979925724695731803e-01 7.643474658328577344e-03 3.699686145455271524e-01
9.980288529745338089e-01 7.659016837961317783e-03 3.699105121025059728e-01
9.980475867178884020e-01 7.667039055541848523e-03 3.698798998040175867e-01
9.980764821692650335e-01 7.679408855073048372e-03 3.698318394520733743e-01
9.981063982578021188e-01 7.692209153808014267e-03 3.697809650019391881e-01
9.981269508387591305e-01 7.700998793796244579e-03 3.697453319699656737e-01
9.981587598926524585e-01 7.714598844242890469e-03 3.696890520255907697e-01
9.981806669382242703e-01 7.723964469241959355e-03 3.696494664395170160e-01
9.982031749578805790e-01 7.733589397177731591e-03 3.696080730463744413e-01
9.982381475806171300e-01 7.748554633226711896e-03 3.695422585672588078e-01
9.982623346236442208e-01 7.758911730681022044e-03 3.694956336927991969e-01
9.982872737916601569e-01 7.769597275398045996e-03 3.694465751432722822e-01
9.983130182164108302e-01 7.780634867340372081e-03 3.693948472690530282e-01
9.983396273700049228e-01 7.792050538755802142e-03 3.693401805315731923e-01
9.983671684421697723e-01 7.803875094399581082e-03 3.692822648990765066e-01
9.983957179697369178e-01 7.816145957312357895e-03 3.692207419871835761e-01
9.984253637137215920e-01 7.828906423278195539e-03 3.691551945365988963e-01
9.984406293963175028e-01 7.835486351496862012e-03 3.691207588948888230e-01
9.984641183739834114e-01 7.845626310255341893e-03 3.690668418136782702e-01
9.984883613646687861e-01 7.856113579530631455e-03 3.690099726326909746e-01
9.985219528053926874e-01 7.870680130307913455e-03 3.689290417258525023e-01
9.985393346580382357e-01 7.878232783209952392e-03 3.688861507995426781e-01
9.985661963323834156e-01 7.889928218961389864e-03 3.688184596864535481e-01
9.985940768752048502e-01 7.902099885523244244e-03 3.687463256583612958e-01
9.986132751984105882e-01 7.910502538548448703e-03 3.686955034553338617e-01
9.986430633305444227e-01 7.923581727748617298e-03 3.686147267833061458e-01
9.986636340980088455e-01 7.932646091280986037e-03 3.685575325865363960e-01
9.986848179599125963e-01 7.942011686819044902e-03 3.684973876575494689e-01
9.987178338722532134e-01 7.956675313043434783e-03 3.684010333213755262e-01
9.987349444046859093e-01 7.964305814480605872e-03 3.683497892858710876e-01
9.987524851726983233e-01 7.972151628201990664e-03 3.682962974051635641e-01
9.987765844015680239e-01 7.982973077314161128e-03 3.682211718224783770e-01
9.988015577918140098e-01 7.994241855094987026e-03 3.681412551407372002e-01
9.988274800149772314e-01 8.006003827291696337e-03 3.680559927940081910e-01
9.988544362552871370e-01 8.018312553439254156e-03 3.679647354251161517e-01
9.988753905693313895e-01 8.027939606283307841e-03 3.678918977386039235e-01
9.988970266660069930e-01 8.037938797987646128e-03 3.678148828493536526e-01
9.989270221423027785e-01 8.051906144181190592e-03 3.677049496705525611e-01
9.989504550052760168e-01 8.062904108261598549e-03 3.676163889174499100e-01
9.989747628014434833e-01 8.074399290583192390e-03 3.675219277000639218e-01
9.990051947931041232e-01 8.088926979962347136e-03 3.673997823799899365e-01
9.990263205772492716e-01 8.099107782061338787e-03 3.673123352675985442e-01
9.990481762035228197e-01 8.109731774528602943e-03 3.672194895082266930e-01
9.990785530834477290e-01 8.124665888533302155e-03 3.670862610801365333e-01
9.991023505581886344e-01 8.136507870356465139e-03 3.669783165527750191e-01
9.991271012511192540e-01 8.148965754211331611e-03 3.668625530572479088e-01
9.991528929002418957e-01 8.162112353242777923e-03 3.667379437463305081e-01
9.991798280720175507e-01 8.176035037232654359e-03 3.666032636083471075e-01
9.991984794926396241e-01 8.185800012751480448e-03 3.665071565973773704e-01
9.992177328124328684e-01 8.195996752547006145e-03 3.664054129648840474e-01
9.992478392564185796e-01 8.212198173859326655e-03 3.662409359474870785e-01
9.992688036569071786e-01 8.223672889943581948e-03 3.661223133272377139e-01
9.992905497192673403e-01 8.235755992389346899e-03 3.659955415987332095e-01
9.993131439165223728e-01 8.248516778713443562e-03 3.658596078990306033e-01
9.993247827739355493e-01 8.255176502134370028e-03 3.657878321119905074e-01
9.993487959678186705e-01 8.269118888491090377e-03 3.656358472356346923e-01
9.993674973098491954e-01 8.280175434574592319e-03 3.655136795530899430e-01
9.993868412429605108e-01 8.291807825847990684e-03 3.653836581374707015e-01
9.994068783400280598e-01 8.304081754569312898e-03 3.652448791843886378e-01
9.994276648665150198e-01 8.317072477377916717e-03 3.650962765671869059e-01
9.994492639380627708e-01 8.330866856378071894e-03 3.649365810059165827e-01
9.994641497712507539e-01 8.340560027695500742e-03 3.648232077511827653e-01
9.994872678435071656e-01 8.355939806652378302e-03 3.646415070583519102e-01
9.995032449859110324e-01 8.366813677066629179e-03 3.645116876391437666e-01
9.995197091961360858e-01 8.378243870330993534e-03 3.643740957265187430e-01
9.995366937452522249e-01 8.390290656209742695e-03 3.642278901672075242e-01
9.995542352050760249e-01 8.403021479737303803e-03 3.640720826129260068e-01
9.995632269244164592e-01 8.409667055977617517e-03 3.639902149972963907e-01
9.995816803494208536e-01 8.423579632199116457e-03 3.638177630967505682e-01
9.996007985421709874e-01 8.438402840413151626e-03 3.636323419001313839e-01
9.996106220069089776e-01 8.446190832896794190e-03 3.635341859270254661e-01
9.996308346586166849e-01 8.462612666819246954e-03 3.633256791676808262e-01
9.996412368419599348e-01 8.471282792511485374e-03 3.632146457759820590e-01
9.996572341019539509e-01 8.484929606655255974e-03 3.630385954306935004e-01
9.996654165764250477e-01 8.492063577982187500e-03 3.629458671217016263e-01
9.996737268852544656e-01 8.499421768919523598e-03 3.628497289491083855e-01
9.996907478591154916e-01 8.514870667401796059e-03 3.626462712720201487e-01
9.997083254080765258e-01 8.531394236249103050e-03 3.624257904802318797e-01
9.997203659123680142e-01 8.543073003985887995e-03 3.622678143196471079e-01
9.997295716088870909e-01 8.552214874186104404e-03 3.621427785607909122e-01
9.997389315847620139e-01 8.561711061745899687e-03 3.620115027115473616e-01
9.997484485856261704e-01 8.571586540513690192e-03 3.618733058840775674e-01
9.997581247233376933e-01 8.581868431648816825e-03 3.617273758816340612e-01
9.997679612228204116e-01 8.592585891407596849e-03 3.615727150772429788e-01
9.997739394289327786e-01 8.599237355468291114e-03 3.614752286513077673e-01
9.997820000854189537e-01 8.608380744369129381e-03 3.613392216085364317e-01
9.997929051550846768e-01 8.621089587916777944e-03 3.611458716047565853e-01
9.997984214594728414e-01 8.627674691343747981e-03 3.610433941170487770e-01
9.998039795735214064e-01 8.634421889051845794e-03 3.609366950161797538e-01
9.998095779159665852e-01 8.641336317899844799e-03 3.608255498635765668e-01
9.998208912998742814e-01 8.655691885151438336e-03 3.605891897589846296e-01
9.998265973426959663e-01 8.663133967256536963e-03 3.604641550464748323e-01
9.998323339786087116e-01 8.670758250684369728e-03 3.603352950384259290e-01
9.998380985682069344e-01 8.678566615968342710e-03 3.602039383438777609e-01
9.998467947419584778e-01 8.690627562000480255e-03 3.600109111762004321e-01
9.998526250026127382e-01 8.698902109861400903e-03 3.598895959670954658e-01
9.998555514960351109e-01 8.703111725979132199e-03 3.598337030122096269e-01
9.998614299637414993e-01 8.711678327162320282e-03 3.597329781820516881e-01
9.998643847881024671e-01 8.716039405640581966e-03 3.596887539438261006e-01
9.998673512895481785e-01 8.720454023171614680e-03 3.596486857743210197e-01
9.998733233069112547e-01 8.729449535276536873e-03 3.595805287315352317e-01
9.998793574077052826e-01 8.738683926471866800e-03 3.595274233668198649e-01
9.998824016846992180e-01 8.743397966074532845e-03 3.595060633886669188e-01
9.998854656500272275e-01 8.748179631504619455e-03 3.594878967393220215e-01
9.998916573648619632e-01 8.757956037227917698e-03 3.594604489801366820e-01
9.998979452562853920e-01 8.768041248372590579e-03 3.594437213956370725e-01
9.999043416463473388e-01 8.778465056634654484e-03 3.594364051265018234e-01
9.999125084778498485e-01 8.792020524604112972e-03 3.594384814832179420e-01
9.999175115050784601e-01 8.800464853987825797e-03 3.594446121063814559e-01
9.999243130945403291e-01 8.812120507002202049e-03 3.594573846609929180e-01
9.999312785469907094e-01 8.824273127112401000e-03 3.594742761545637877e-01
9.999348281186141163e-01 8.830552617256058959e-03 3.594838927540168205e-01
9.999420696978659207e-01 8.843550560025307747e-03 3.595048207477331559e-01
9.999476355849528098e-01 8.853716202265757285e-03 3.595214081319607069e-01
9.999533256625676714e-01 8.864271686438109435e-03 3.595382313591089507e-01
9.999611203631671996e-01 8.879008640862967594e-03 3.595601472943493193e-01
9.999671357732496935e-01 8.890608461962707168e-03 3.595754568977190813e-01
9.999724755022235678e-01 8.901076997819248188e-03 3.595874183448099504e-01
9.999792197722634501e-01 8.914538110564102641e-03 3.595997914704917031e-01
9.999826680284464864e-01 8.921526446051632198e-03 3.596047362147526405e-01
9.999897257606218393e-01 8.936061451331916636e-03 3.596115201320476684e-01
9.999933403873831894e-01 8.943628815609882057e-03 3.596130706693604351e-01
9.999970151280588304e-01 8.951410136575337767e-03 3.596131892938791430e-01
9.999985024668397449e-01 8.954585238200757011e-03 3.596127978997058494e-01
