# -12 2 0.82564257711 0.0053990285846
# x xi_r xi_h
1.310287751119751072e-03 8.310452753482154620e+00 4.135549023634818688e+00
1.460995662986557019e-03 9.250247030642828605e+00 4.597386778878118641e+00
1.650884358646134958e-03 1.042652751864570959e+01 5.172979578381579735e+00
1.840773054305712029e-03 1.159319351132005771e+01 5.740671833563331994e+00
2.080034956818093209e-03 1.304788669751213170e+01 6.443377813347500371e+00
2.319296859330475039e-03 1.448365839124096155e+01 7.130423202333351362e+00
2.620782178678318121e-03 1.626261440721796703e+01 7.971317409224411676e+00
2.922267498026161203e-03 1.800430455996517765e+01 8.781494711057582947e+00
3.302183600846774012e-03 2.013979080269475119e+01 9.754035202801633275e+00
3.682099703667386821e-03 2.220244594515799719e+01 1.066711857572881428e+01
4.160900837802832680e-03 2.468679887406965889e+01 1.172495526702633484e+01
4.639701971938277672e-03 2.703071960994592260e+01 1.266991619455403750e+01
5.099164758699403430e-03 2.913640743552225842e+01 1.346251802318604973e+01
5.558627545460530055e-03 3.109123583940368718e+01 1.413663472459056614e+01
6.245989158360841335e-03 3.371397078760885790e+01 1.491323626729101726e+01
6.768639774805322237e-03 3.545435299917914307e+01 1.531074935828015171e+01
7.291290391249803139e-03 3.696500304698082573e+01 1.553841425812300869e+01
8.033712313215113712e-03 3.870308493222773905e+01 1.556865627749535541e+01
8.776134235180425153e-03 3.995352923524376365e+01 1.525953182242861850e+01
9.779784977971731075e-03 4.086435037892843525e+01 1.432634211740780827e+01
1.078343572076304047e-02 4.089479257861693640e+01 1.285260415408176193e+01
1.166068504828845012e-02 4.023141279751294519e+01 1.118374859324822701e+01
1.253793437581384937e-02 3.896933562180861088e+01 9.224597482577916452e+00
1.341518370333926076e-02 3.716299058175698633e+01 7.046827470203414379e+00
1.454644800751801921e-02 3.413948168594477295e+01 4.035638778158773476e+00
1.567771231169676899e-02 3.047431678873390126e+01 9.564534442461173347e-01
1.680897661587552050e-02 2.633951801714840002e+01 -2.021618645746926735e+00
1.774028948610247014e-02 2.270668403164189542e+01 -4.280700204013097476e+00
1.867160235632940937e-02 1.897834352507893385e+01 -6.290446122583958299e+00
1.960291522655635901e-02 1.524991576480960553e+01 -7.986341918429869402e+00
2.053422809678330171e-02 1.161117118296439088e+01 -9.316840554606343971e+00
2.154914563826640025e-02 7.844354277251441410e+00 -1.031329002317255927e+01
2.256406317974948839e-02 4.371499237207877364e+00 -1.081720630263317240e+01
2.357898072123257999e-02 1.266531077282146089e+00 -1.083532129212515649e+01
2.466754477920376012e-02 -1.592509427364908303e+00 -1.034949959572836597e+01
2.575610883717492985e-02 -3.922878715333525168e+00 -9.394840553467282973e+00
2.684467289514610999e-02 -5.705492530067592938e+00 -8.048089638785970834e+00
2.793323695311727972e-02 -6.943894068095344707e+00 -6.399738570210619315e+00
2.903954886174606870e-02 -7.669432243175588582e+00 -4.517425812338857760e+00
3.014586077037486114e-02 -7.900109527358764261e+00 -2.531530960153923093e+00
3.125217267900363971e-02 -7.693093899510428102e+00 -5.467232619869264454e-01
3.235848458763242869e-02 -7.116382188633203043e+00 1.338678948550231729e+00
3.346479649626121766e-02 -6.245052292838917829e+00 3.037255223000552284e+00
3.457110840488999970e-02 -5.157547499857778384e+00 4.476335056201609319e+00
3.578544865467637309e-02 -3.809164850545938563e+00 5.693437217281474894e+00
3.699978890446273261e-02 -2.392501307604833372e+00 6.488708601953710797e+00
3.821412915424909212e-02 -9.964898700142705845e-01 6.844108085913724437e+00
3.942846940403545858e-02 3.022850985910147115e-01 6.767843555126680677e+00
4.064280965382181809e-02 1.441914168892914683e+00 6.293030611779420802e+00
4.185714990360817761e-02 2.376658505552245337e+00 5.474597800763508104e+00
4.307149015339455100e-02 3.077525589054606048e+00 4.384665419332383962e+00
4.424530788812759685e-02 3.520685012978438166e+00 3.150913779476172571e+00
4.541912562286065658e-02 3.735309681447785746e+00 1.820631877039641466e+00
4.659294335759370242e-02 3.734781693227868349e+00 4.710808504637125083e-01
4.776676109232676215e-02 3.541641066263578441e+00 -8.265581061898973347e-01
4.894057882705980800e-02 3.185234594331534108e+00 -2.010299765531426086e+00
5.005740200280924673e-02 2.725153883996866533e+00 -2.984584476057299707e+00
5.117422517855869241e-02 2.178936620409254843e+00 -3.776680402431051409e+00
5.229104835430813114e-02 1.578049875659931933e+00 -4.363184793664864003e+00
5.340787153005757681e-02 9.530764828705932112e-01 -4.730717520170482970e+00
5.452469470580702249e-02 3.325968912614868378e-01 -4.876201559243224182e+00
5.564151788155646122e-02 -2.577828735368931090e-01 -4.806663901507329584e+00
5.675834105730589996e-02 -7.962213894007227344e-01 -4.538510179198221195e+00
5.789005031244066207e-02 -1.270912000134666764e+00 -4.089434711413824530e+00
5.902175956757541725e-02 -1.661006142011441922e+00 -3.493591897727003293e+00
6.015346882271019324e-02 -1.958104214895839856e+00 -2.786246634695562108e+00
6.128517807784496230e-02 -2.158417215818789536e+00 -2.003213963104024220e+00
6.242226172525015132e-02 -2.262512915961083060e+00 -1.175032467578918105e+00
6.355934537265535422e-02 -2.273082123492677464e+00 -3.386170648129710470e-01
6.469642902006055019e-02 -2.197036709415538080e+00 4.745460558538152074e-01
6.583351266746574615e-02 -2.043793331691254878e+00 1.235700047552783287e+00
6.697059631487094211e-02 -1.824716538535120280e+00 1.919649579287590946e+00
6.810767996227613807e-02 -1.552545444621381554e+00 2.505538018703242997e+00
6.923644416253725564e-02 -1.243186060284994232e+00 2.974555604978195156e+00
7.036520836279837321e-02 -9.082750854156870224e-01 3.321583892591577936e+00
7.149397256305950465e-02 -5.609230898718110536e-01 3.542005447367579496e+00
7.262273676332062222e-02 -2.134897503185086420e-01 3.635977232172184159e+00
7.375150096358173979e-02 1.227614524921304268e-01 3.607999346551494568e+00
7.496577999948988991e-02 4.605930110721169757e-01 3.451549395452559565e+00
7.618005903539804002e-02 7.637944105719646215e-01 3.178170571583562865e+00
7.739433807130619014e-02 1.024301112565434435e+00 2.805425919721482142e+00
7.860861710721434026e-02 1.236309106209509956e+00 2.352629078456938139e+00
7.980832120060649126e-02 1.394586019956225664e+00 1.846081854806977285e+00
8.100802529399861451e-02 1.500389433885273460e+00 1.300052982039004768e+00
8.220772938739076552e-02 1.553908306528655192e+00 7.337943489510874162e-01
8.340743348078288877e-02 1.556936814328019114e+00 1.661913645017571439e-01
8.460713757417503977e-02 1.512694820449745903e+00 -3.847532087287583447e-01
8.565798069402660864e-02 1.438485805044099841e+00 -8.408804111078750365e-01
8.670882381387816362e-02 1.334950887488105975e+00 -1.262397728998114532e+00
8.775966693372971861e-02 1.206083165907137822e+00 -1.641381918634963633e+00
8.881051005358128747e-02 1.056166508959154315e+00 -1.971225740337283261e+00
8.973448221530234969e-02 9.104219828979737139e-01 -2.216561748598427251e+00
9.065845437702341192e-02 7.549228520066474379e-01 -2.417518575221137223e+00
9.158242653874446026e-02 5.926937467970398998e-01 -2.573376288743541629e+00
9.258135109670528884e-02 4.131145668691232342e-01 -2.691655465295557548e+00
9.358027565466608966e-02 2.324837135536367283e-01 -2.758776683450581135e+00
9.457920021262691823e-02 5.399651881828313599e-02 -2.776137565134208174e+00
9.557812477058773293e-02 -1.194057524909295509e-01 -2.745660997367156408e+00
9.657704932854854762e-02 -2.850568303581951235e-01 -2.669921529837215424e+00
9.778235897335758875e-02 -4.711793472405673144e-01 -2.523205391242392182e+00
9.898766861816662987e-02 -6.390886801113129234e-01 -2.322126264380000471e+00
1.001929782629756988e-01 -7.859477503438004886e-01 -2.074252622487374076e+00
1.013982879077846982e-01 -9.096305699582196702e-01 -1.787990325920989720e+00
1.024410895301341995e-01 -9.968516164291647552e-01 -1.516194901232299719e+00
1.034838911524837979e-01 -1.065154003926866766e+00 -1.228494680709304454e+00
1.045266927748332991e-01 -1.114415916103705939e+00 -9.304761339677956045e-01
1.055489126177679010e-01 -1.144406195192504638e+00 -6.330902613441037330e-01
1.065711324607025029e-01 -1.156710060502285753e+00 -3.349416225023617022e-01
1.075933523036371048e-01 -1.151987569605799955e+00 -4.053414531597806375e-02
1.087227524102803017e-01 -1.128062197596145122e+00 2.748216835933602886e-01
1.098521525169235957e-01 -1.085918376426424636e+00 5.746358950747010308e-01
1.108421192166808011e-01 -1.035287312266642612e+00 8.217687418058335913e-01
1.118320859164378955e-01 -9.731529180189678607e-01 1.052015379045911470e+00
1.128220526161951009e-01 -9.007869897946244597e-01 1.263303053620406180e+00
1.137952997292322049e-01 -8.209512085295107564e-01 1.450646319160662889e+00
1.147685468422692950e-01 -7.338030088861605682e-01 1.616355305224778993e+00
1.157417939553063990e-01 -6.406492348691245065e-01 1.759439495634296247e+00
1.166993964766919051e-01 -5.443889212682627710e-01 1.877531626049732782e+00
1.176569989980774944e-01 -4.447864819008018888e-01 1.972791684722409844e+00
1.186146015194630005e-01 -3.430217197214455727e-01 2.045197184788685618e+00
1.195575547351094003e-01 -2.418002021996255302e-01 2.094392073252349107e+00
1.205005079507558002e-01 -1.406110653513639175e-01 2.122081291152980054e+00
1.214434611664022001e-01 -4.042559042564592559e-02 2.128877267441779075e+00
1.223726583742238000e-01 5.643507638236251733e-02 2.115887278163951279e+00
1.233018555820453999e-01 1.506358201175533595e-01 2.084222800485976190e+00
1.242310527898669997e-01 2.414393901696955946e-01 2.034870043934260408e+00
1.252644199626453125e-01 3.376088881605671110e-01 1.960634768043144627e+00
1.262977871354236947e-01 4.279456395802512247e-01 1.867688624286210741e+00
1.269801736787574131e-01 4.840824717010209777e-01 1.797043618117481811e+00
1.276625602220911870e-01 5.372013909152457689e-01 1.719874071348840516e+00
1.285635768402965950e-01 6.024592962699515386e-01 1.608768483891257262e+00
1.294645934585020031e-01 6.619114806529771133e-01 1.487773211851203703e+00
1.303656100767074111e-01 7.153068996715553629e-01 1.357969797177698279e+00
1.313673042949614067e-01 7.673258703233432065e-01 1.205279505325413947e+00
1.323689985132154023e-01 8.114643363690577926e-01 1.045698399358335307e+00
1.333627524980957046e-01 8.473905276361708427e-01 8.822598924477913496e-01
1.343565064829760070e-01 8.754844662735611349e-01 7.153450626593098605e-01
1.353408825040227081e-01 8.956592945309002074e-01 5.481765502418768365e-01
1.363252585250694093e-01 9.083474524627798141e-01 3.807069450413719802e-01
1.371913053735339949e-01 9.134616749721615747e-01 2.340224188860845489e-01
1.380573522219986915e-01 9.130708927317333634e-01 8.871036489628059130e-02
1.389233990704633048e-01 9.073485951642655811e-01 -5.444391815716793925e-02
1.397798068184883113e-01 8.966413066181528890e-01 -1.930524092129518032e-01
1.406362145665132901e-01 8.811295295243450898e-01 -3.279822358596038434e-01
1.414926223145382134e-01 8.610474682026671989e-01 -4.585768391530519184e-01
1.423395568821196888e-01 8.369375277767570065e-01 -5.828867445807791592e-01
1.431864914497011088e-01 8.088573542223077562e-01 -7.018578874738999884e-01
1.440334260172826120e-01 7.770724807450561933e-01 -8.150283824526687315e-01
1.448719479772087870e-01 7.422220506283189190e-01 -9.209662990726291687e-01
1.457104699371351009e-01 7.042801288423992112e-01 -1.020480397766730496e+00
1.465489918970613870e-01 6.635225372489601536e-01 -1.113276927319989396e+00
1.473791511845158053e-01 6.206704807561738146e-01 -1.198291168089054892e+00
1.482093104719703069e-01 5.756020466082836240e-01 -1.276286974233978189e+00
1.490394697594248086e-01 5.285873666291164286e-01 -1.347111218771370522e+00
1.502727252360930021e-01 4.557619661522293031e-01 -1.438840675876675856e+00
1.515059807127611957e-01 3.800979836869088913e-01 -1.514303849830749504e+00
1.527277754813821942e-01 3.031643852794292382e-01 -1.572983474018675221e+00
1.539495702500031926e-01 2.250610426565555211e-01 -1.615767385753548613e+00
1.551603986792471912e-01 1.472474673627701403e-01 -1.642737812108231887e+00
1.563712271084913008e-01 6.972639509926367718e-02 -1.654715189519444518e+00
1.575715501599840029e-01 -6.186640005023079369e-03 -1.652257636818179831e+00
1.587718732114765940e-01 -8.056588566750909342e-02 -1.636051178340118373e+00
1.599645867604068128e-01 -1.524066840931991573e-01 -1.607030421117186414e+00
1.611499325358309032e-01 -2.212718732575817138e-01 -1.566253534937328773e+00
1.623352783112549935e-01 -2.871691881780814026e-01 -1.514132345838134164e+00
1.635111968763642010e-01 -3.492147470985412228e-01 -1.451994165944715087e+00
1.646871154414734917e-01 -4.075972807060103675e-01 -1.380315310101878801e+00
1.658539536555289073e-01 -4.616103167754128656e-01 -1.300584644081503427e+00
1.670207918695844063e-01 -5.114650131725348992e-01 -1.213126926745290879e+00
1.681789102884249099e-01 -5.566240836116630453e-01 -1.119438426183668067e+00
1.693370287072654135e-01 -5.973010119291473075e-01 -1.019635733336139216e+00
1.704887632179911960e-01 -6.331851722770808211e-01 -9.158325555548475494e-01
1.716344322308862025e-01 -6.642880814891607422e-01 -8.089402969846086755e-01
1.727801012437812922e-01 -6.907585335153173522e-01 -6.985017457702844546e-01
1.739178666881313895e-01 -7.124293066756504089e-01 -5.861853865132349295e-01
1.750556321324814035e-01 -7.294999448541010789e-01 -4.720986002220824984e-01
1.761857941226853963e-01 -7.419331261614099393e-01 -3.577597005242474926e-01
1.773159561128893891e-01 -7.499145241434191922e-01 -2.431214827747349150e-01
1.784387997630065004e-01 -7.535147492838234484e-01 -1.295858459483043013e-01
1.795616434131235006e-01 -7.528995010732042470e-01 -1.703466457272084789e-02
1.806774417515888131e-01 -7.482299018591119788e-01 9.325218281470189219e-02
1.817932400900540979e-01 -7.396492743240503653e-01 2.014365985809870307e-01
1.829022533861615063e-01 -7.273932632573446577e-01 3.063714715594139104e-01
1.840112666822688869e-01 -7.115819831345411295e-01 4.082490854002778224e-01
1.851137424986991076e-01 -6.925105512113153283e-01 5.060652217944449083e-01
1.862162183151294115e-01 -6.702758360888627642e-01 6.000348210681328842e-01
1.873123941815151017e-01 -6.452183424004658274e-01 6.892969595975196873e-01
1.884085700479007919e-01 -6.174124874360513715e-01 7.740777786360959478e-01
1.894986740814197101e-01 -5.872314392809695471e-01 8.536582153955112329e-01
1.905887781149386007e-01 -5.547285879659954455e-01 9.282673174997031484e-01
1.916730272722124984e-01 -5.202983847469337952e-01 9.973265323976362451e-01
1.927572764294863961e-01 -4.839748218431310089e-01 1.061063532045027902e+00
1.938358801601320902e-01 -4.461633886437240126e-01 1.119033035743328242e+00
1.949144838907778954e-01 -4.068806685366343490e-01 1.171454929792305366e+00
1.959876440525072094e-01 -3.665343467086010221e-01 1.218008180402121665e+00
1.970608042142364125e-01 -3.251257929452349149e-01 1.258899950267792667e+00
1.981287147275558047e-01 -2.830573480736578995e-01 1.293926426149226927e+00
1.991966252408751137e-01 -2.403172987123740334e-01 1.323280628860507457e+00
2.002594720445023124e-01 -1.972962260855249950e-01 1.346866492652068814e+00
2.013223188481295112e-01 -1.539713730480880005e-01 1.364860976292826100e+00
2.023802826740382921e-01 -1.107161833486338121e-01 1.377264225295251387e+00
2.034382464999472118e-01 -6.749895458293563022e-02 1.384235081715511573e+00
2.044915009253560068e-01 -2.467178677886070620e-02 1.385859390456740670e+00
2.055447553507646907e-01 1.780408775574688837e-02 1.382277567559685227e+00
2.065934679926554884e-01 5.960122561070780450e-02 1.373650924448789779e+00
2.076421806345462029e-01 1.007637211119189052e-01 1.360101473894874902e+00
2.086865129960230880e-01 1.409912179782209229e-01 1.341854421666801578e+00
2.097308453575000009e-01 1.803315350780681503e-01 1.319012101413153282e+00
2.107709537672242117e-01 2.185129288736074593e-01 1.291846687869072197e+00
2.118110621769483948e-01 2.555851463769305831e-01 1.260432957445964508e+00
2.128480599636951021e-01 2.913392945395658629e-01 1.225124836118977933e+00
2.138821136186860039e-01 3.256970602714241991e-01 1.186136788430687705e+00
2.149161672736769058e-01 3.586728691304120198e-01 1.143472079532616315e+00
2.159459665261461991e-01 3.900583383153659600e-01 1.097622895916396057e+00
2.169742753085213971e-01 4.198774004973374052e-01 1.048716840651524818e+00
2.180025840908965951e-01 4.481099838161776705e-01 9.968025537484785925e-01
2.190272457378873994e-01 4.746037694079123237e-01 9.422998937222518689e-01
2.200519073848782037e-01 4.994081582364292560e-01 8.852549226764094836e-01
2.210737515503453099e-01 5.224153367268605797e-01 8.260499027926064830e-01
2.220955957158123883e-01 5.436557568591924294e-01 7.647480271083091363e-01
2.231133728053782961e-01 5.630218524386947365e-01 7.018164196387353115e-01
2.241311498949442038e-01 5.805741633601880780e-01 6.372253372838472263e-01
2.251456680358785989e-01 5.962434908623714946e-01 5.713848779475168005e-01
2.261601861768129940e-01 6.100725485245137580e-01 5.042842994103287069e-01
2.271708474868849026e-01 6.220098975439480871e-01 4.365110175181191599e-01
2.281814321068081908e-01 6.321084425310141697e-01 3.680217333329717233e-01
2.291920167267315067e-01 6.403702405152039701e-01 2.988909836170586809e-01
2.301989120822834911e-01 6.467798313253254605e-01 2.295888154639229295e-01
2.312058074378355865e-01 6.513805343851071239e-01 1.600745452208202635e-01
2.322098544924325048e-01 6.541816281168019165e-01 9.073852426041555119e-02
2.332139015470293120e-01 6.552176964385756364e-01 2.157263286758201448e-02
2.342152100895429911e-01 6.545162744829381429e-01 -4.705504156608638494e-02
2.352165186320565871e-01 6.521096199061781062e-01 -1.151584826634163838e-01
2.362151954922880881e-01 6.480414325052893387e-01 -1.823926417983841863e-01
2.372138723525195059e-01 6.423417071657329114e-01 -2.487748115681738814e-01
2.382100212913642878e-01 6.350682901188177132e-01 -3.139860112240893675e-01
2.392061702302090975e-01 6.262489963221204992e-01 -3.780471795203443897e-01
2.401998924915476896e-01 6.159537240135329883e-01 -4.406727010226886287e-01
2.411936147528863927e-01 6.042079949362413327e-01 -5.018919685683356224e-01
2.421839272173959001e-01 5.911077742313199934e-01 -5.612936779332671211e-01
2.431741826801301909e-01 5.766673166940879947e-01 -6.189686025003765524e-01
2.441644381428645094e-01 5.609382112619077931e-01 -6.748819225143859457e-01
2.451525072457547971e-01 5.440125940042865871e-01 -7.287983496119047055e-01
2.461405763486450016e-01 5.259120939909077697e-01 -7.807330014099245208e-01
2.468787726936876870e-01 5.116550331854030631e-01 -8.181739938643594057e-01
2.476169690387302891e-01 4.967981303500111911e-01 -8.543996046775720332e-01
2.483577944001824911e-01 4.813102464123361068e-01 -8.894984348189834966e-01
2.490986197616346931e-01 4.652686164184507978e-01 -9.233073232643654871e-01
2.500816239077278125e-01 4.431735623438951555e-01 -9.661355382698142424e-01
2.510646280538209041e-01 4.202089481166075835e-01 -1.006600671369341615e+00
2.520461819638492029e-01 3.964716167976315431e-01 -1.044542591505911000e+00
2.530263942354005202e-01 3.720242369135536298e-01 -1.079922978542463552e+00
2.540066065069517820e-01 3.468965539961121891e-01 -1.112786146866298065e+00
2.549850575566918187e-01 3.211967914327624740e-01 -1.143036473345709680e+00
2.559635086064319109e-01 2.949416837635372990e-01 -1.170698446052212516e+00
2.569380179873769765e-01 2.683013749528092573e-01 -1.195626543699518818e+00
2.579152191512413816e-01 2.411568369708995963e-01 -1.217967366456591760e+00
2.588903710736741859e-01 2.137000279283618465e-01 -1.237608535122773690e+00
2.598655229961069901e-01 1.859343606440873320e-01 -1.254604624800115920e+00
2.605942947118716768e-01 1.650161655092794721e-01 -1.265571936691773924e+00
2.613230664276363080e-01 1.439831483558809133e-01 -1.275052576974864404e+00
2.620550563064771854e-01 1.227662550437972483e-01 -1.283081138164464674e+00
2.627870461853180073e-01 1.014825430414770802e-01 -1.289616720055513976e+00
2.635137174867600018e-01 8.031118659461591869e-02 -1.294633692577335182e+00
2.642403887882019964e-01 5.912111222221164836e-02 -1.298192048843509250e+00
2.649703906914105955e-01 3.783830088663216878e-02 -1.300306683268989127e+00
2.657003925946191947e-01 1.658282983899293447e-02 -1.300968101483671591e+00
2.666698680509819730e-01 -1.156235487719988082e-02 -1.299621959452392561e+00
2.676393435073449178e-01 -3.956747520911589600e-02 -1.295765319869965015e+00
2.686075749083224884e-01 -6.734622793818850761e-02 -1.289442120339474585e+00
2.695758063093001144e-01 -9.488534086591485228e-02 -1.280687164287576563e+00
2.705412474514743981e-01 -1.220588172434070029e-01 -1.269580134360863033e+00
2.715098617210188192e-01 -1.489878437651397380e-01 -1.256099113237349352e+00
2.724758040936595127e-01 -1.754648728698797455e-01 -1.240371546248297596e+00
2.734417464663002062e-01 -2.015213261213780471e-01 -1.222412631410249251e+00
2.744049664315437731e-01 -2.270439786291935103e-01 -1.202340773490925940e+00
2.753714841122708035e-01 -2.521517397650956394e-01 -1.180089294302387959e+00
2.760918532582701257e-01 -2.705162297858615394e-01 -1.162163289289557255e+00
2.768122224042693924e-01 -2.885642725761816130e-01 -1.143121474296414863e+00
2.775363826324631078e-01 -3.063732514661689499e-01 -1.122882660029450141e+00
2.782605428606568232e-01 -3.238327102275419533e-01 -1.101572809679094656e+00
2.792230898017574736e-01 -3.464728419943332582e-01 -1.071642250267170748e+00
2.801856367428581240e-01 -3.684389842119034641e-01 -1.039939855209990105e+00
2.811473565508991190e-01 -3.896831645287037738e-01 -1.006567305855752270e+00
2.821090763589401140e-01 -4.101963024427554561e-01 -9.715720668092713286e-01
2.830682204929131918e-01 -4.299000256210126492e-01 -9.351319588678458361e-01
2.840309311037308992e-01 -4.488945413432697817e-01 -8.970895718631719529e-01
2.847494289063747241e-01 -4.625470133912556459e-01 -8.677839957274789962e-01
2.854679267090184935e-01 -4.757408983798848690e-01 -8.377359420785723820e-01
2.861905218058161116e-01 -4.885389456579922740e-01 -8.068019815437168507e-01
2.869131169026136741e-01 -5.008565551335257826e-01 -7.751860462891695391e-01
2.878724078661420993e-01 -5.164527497808545364e-01 -7.322218023352504712e-01
2.888316988296705801e-01 -5.311730350167016557e-01 -6.881966168987512233e-01
2.897885131602004893e-01 -5.449684681466878677e-01 -6.433131405755048160e-01
2.907490868313554744e-01 -5.579144469353691793e-01 -5.973616567636975683e-01
2.914649765154507244e-01 -5.669679855829578008e-01 -5.625808715785477476e-01
2.921808661995458078e-01 -5.755083881395693934e-01 -5.273829915419396830e-01
2.929010534726512738e-01 -5.835787378716896789e-01 -4.915878380094343414e-01
2.936212407457569062e-01 -5.911231591358986348e-01 -4.554404602939881030e-01
2.945767800163460737e-01 -6.003161763920138450e-01 -4.070020038630343118e-01
2.955362094878383750e-01 -6.086061713596236933e-01 -3.578914082160895571e-01
2.964933245974175069e-01 -6.159341690959395654e-01 -3.085033397824253898e-01
2.974504397069965833e-01 -6.223196405789350738e-01 -2.587947758918058283e-01
2.981662161635638131e-01 -6.264792456720059688e-01 -2.214581544995459506e-01
2.988819926201308208e-01 -6.301119594239514843e-01 -1.840226809156168264e-01
2.996022787896107098e-01 -6.332365826609342996e-01 -1.462839333406205922e-01
3.003225649590904878e-01 -6.358299101186367652e-01 -1.085096733068251496e-01
3.012768521985618730e-01 -6.384502271188514655e-01 -5.847023534472736012e-02
3.022352021590857252e-01 -6.401518549773768108e-01 -8.293818996805464236e-03
3.031913095476029274e-01 -6.409276133401022868e-01 4.161988575122479994e-02
3.041474169361201851e-01 -6.407903292648687854e-01 9.132436837768272142e-02
3.051033301085280258e-01 -6.397491945724694817e-01 1.407384696525241508e-01
3.060592432809358110e-01 -6.378143199481360881e-01 1.898028858606422842e-01
3.068910593111273122e-01 -6.354121190133572572e-01 2.321612605466931434e-01
3.077228753413188134e-01 -6.323496016867312663e-01 2.741594692802675759e-01
3.085611288673250074e-01 -6.286041226358639600e-01 3.160766364807101048e-01
3.093993823933313125e-01 -6.242062063317334042e-01 3.575454293319603738e-01
3.102334054035402189e-01 -6.191928177972036984e-01 3.983203830389651090e-01
3.110674284137491807e-01 -6.135536898947414608e-01 4.385737112170935426e-01
3.119080450867570131e-01 -6.072477561078906128e-01 4.785795866463627979e-01
3.127486617597647900e-01 -6.003286574430789502e-01 5.179807814386687692e-01
3.137041837576390879e-01 -5.917345202253457837e-01 5.619881421532504362e-01
3.146597057555134969e-01 -5.823819877852330906e-01 6.051197182786689499e-01
3.156152457355064223e-01 -5.722898521938571959e-01 6.473274027995413737e-01
3.165707857154991811e-01 -5.614779336929426323e-01 6.885636193655390036e-01
3.175265174639494981e-01 -5.499640952233438851e-01 7.287957571050761585e-01
3.184822492123998150e-01 -5.377711762188532862e-01 7.679788573810586438e-01
3.194379809608500764e-01 -5.249203827837837233e-01 8.060749768158373962e-01
3.203937127093003934e-01 -5.114334066575473292e-01 8.430448777444931041e-01
3.213495186061188225e-01 -4.973313215291502165e-01 8.788515056631672762e-01
3.223053245029371960e-01 -4.826378068995765824e-01 9.134560650932245229e-01
3.232613666241492267e-01 -4.673720374387282384e-01 9.468393908370577039e-01
3.242174087453610909e-01 -4.515608502145337932e-01 9.789685329520666501e-01
3.251734508665731216e-01 -4.352277607892288125e-01 1.009817824682846199e+00
3.261296959091333214e-01 -4.183929143104940240e-01 1.039367355973278340e+00
3.270859409516935212e-01 -4.010837316823217535e-01 1.067587305874393655e+00
3.280424123582719176e-01 -3.833201336753855881e-01 1.094465165890837310e+00
3.289988837648503139e-01 -3.651304618594676255e-01 1.119977462715280536e+00
3.299556098233494827e-01 -3.465340967958546181e-01 1.144115588815958651e+00
3.309123358818485960e-01 -3.275602697522487783e-01 1.166859737882329329e+00
3.318692480034560743e-01 -3.082296880382495163e-01 1.188198325755414952e+00
3.328264091018481863e-01 -2.885653866234882403e-01 1.208122525350209253e+00
3.337835702002405203e-01 -2.685968303408315938e-01 1.226622803804040318e+00
3.347413225943591253e-01 -2.483358147222451129e-01 1.243704009400047550e+00
3.356990749884776748e-01 -2.278188983337701978e-01 1.259351546214688700e+00
3.366568273825963908e-01 -2.070702625764824778e-01 1.273563501283434762e+00
3.376145797767149959e-01 -1.861139431414166601e-01 1.286338784495329568e+00
3.385727985393063855e-01 -1.649634826727387205e-01 1.297682831979072748e+00
3.395310173018977751e-01 -1.436527576578048582e-01 1.307591348528822639e+00
3.404896417920181828e-01 -1.221961643747239423e-01 1.316072825789029288e+00
3.414482662821387016e-01 -1.006259635353446980e-01 1.323129604592554687e+00
3.424074710093443219e-01 -7.895202033363386829e-02 1.328773036963487142e+00
3.433666757365498867e-01 -5.721009093216235936e-02 1.333008382145780768e+00
3.443258804637556181e-01 -3.542259542157946695e-02 1.335846367195249851e+00
3.452857836278598880e-01 -1.359574375949856861e-02 1.337299737713054215e+00
3.462456867919642134e-01 8.232828500085755119e-03 1.337379564633353279e+00
3.472055899560684833e-01 3.004169749955330759e-02 1.336100506851382264e+00
3.481660761558372230e-01 5.182302240217884215e-02 1.333476817549104076e+00
3.491265623556059072e-01 7.354287053803959529e-02 1.329526272663918984e+00
3.500875704891284190e-01 9.519270194619980363e-02 1.324264299522028399e+00
3.510485786226508753e-01 1.167408236910963820e-01 1.317712398695278342e+00
3.520103073264083116e-01 1.381838096267677118e-01 1.309884820072418465e+00
3.529720360301656923e-01 1.594864331302080773e-01 1.300807631837729073e+00
3.539337647339230730e-01 1.806301183104932762e-01 1.290503177266156598e+00
3.548963558313465994e-01 2.016154693227077133e-01 1.278984305482016248e+00
3.558589469287700147e-01 2.224057819939233016e-01 1.266284198031498942e+00
3.568215380261933745e-01 2.429838653405139159e-01 1.252427669777860020e+00
3.577852424465762238e-01 2.633564091838567767e-01 1.237422606675318004e+00
3.587489468669590731e-01 2.834832338753919267e-01 1.221311048328594717e+00
3.597126512873419779e-01 3.033485846055680168e-01 1.204119974870179632e+00
3.606763557077248272e-01 3.229372130624674764e-01 1.185877023491177074e+00
3.616413390872483258e-01 3.422597890809867538e-01 1.166584587257077255e+00
3.626063224667718243e-01 3.612758640848616198e-01 1.146295336340365401e+00
3.635713058462953784e-01 3.799716871541911067e-01 1.125038472194590744e+00
3.645362892258188769e-01 3.983340257091269598e-01 1.102843599129579966e+00
3.655026181086620252e-01 4.163750362955589979e-01 1.079708224931186678e+00
3.664689469915051179e-01 4.340566505365516803e-01 1.055693403071751302e+00
3.674352758743483216e-01 4.513671570094919816e-01 1.030829791720018651e+00
3.684016047571914143e-01 4.682953644031205842e-01 1.005148300414840934e+00
3.693693456322281188e-01 4.848544657411619774e-01 9.786411544325834821e-01
3.703370865072648788e-01 5.010092574306544977e-01 9.513769959113177466e-01
3.713048273823015832e-01 5.167500668958935339e-01 9.233873206409056733e-01
3.722725682573382877e-01 5.320677350172762221e-01 8.947037305459458745e-01
3.732417861979792084e-01 5.469759958586624116e-01 8.653129139581967610e-01
3.742110041386200181e-01 5.614429769255149250e-01 8.352902069864731605e-01
3.751802220792607723e-01 5.754610118058433033e-01 8.046673701188598038e-01
3.761494400199016930e-01 5.890229334859560240e-01 7.734761212713678891e-01
3.771201940534871788e-01 6.021424560445629570e-01 7.416976610760284139e-01
3.780909480870727757e-01 6.147915187206012266e-01 7.094128652992653938e-01
3.790617021206583726e-01 6.269643996718563539e-01 6.766532206103952340e-01
3.800324561542439139e-01 6.386558548892444787e-01 6.434500465691214144e-01
3.810047989671537239e-01 6.498790468001200971e-01 6.097793333118985970e-01
3.819771417800634228e-01 6.606101247679427857e-01 5.757262662299942324e-01
3.829494845929731772e-01 6.708452244968158285e-01 5.413215945328965217e-01
3.839218274058828761e-01 6.805809327763948646e-01 5.065958085079250717e-01
3.848958109417324192e-01 6.898294315794394338e-01 4.715199579308471112e-01
3.858697944775816846e-01 6.985713322687614468e-01 4.361825195294145585e-01
3.868437780134311166e-01 7.068045230516120103e-01 4.006131249899794189e-01
3.878177615492804930e-01 7.145273120335213779e-01 3.648410381851470152e-01
3.887934366313096080e-01 7.217504938337445664e-01 3.288326922234931504e-01
3.897691117133387229e-01 7.284593350988158855e-01 2.926787349566970509e-01
3.907447867953677823e-01 7.346533547654757745e-01 2.564073100293898233e-01
3.917204618773967861e-01 7.403324612291548590e-01 2.200461287590986248e-01
3.929425816660728765e-01 7.467195879902747135e-01 1.744171251639168030e-01
3.941647014547489114e-01 7.523007407745720965e-01 1.287426238642344622e-01
3.953868212434248908e-01 7.570781744113366241e-01 8.307394975591639308e-02
3.966089410321009256e-01 7.610549935617598738e-01 3.746137523683609749e-02
3.975885794530298889e-01 7.636676039867331678e-01 9.714091597749341779e-04
3.985682178739590187e-01 7.657706525360891137e-01 -3.542616399494578211e-02
3.995478562948880930e-01 7.673668486083763396e-01 -7.170728097977510651e-02
4.005274947158171117e-01 7.684592049934160229e-01 -1.078485295664255578e-01
4.015089505737350906e-01 7.690516600971457617e-01 -1.438937596422542320e-01
4.024904064316531249e-01 7.691453306874516116e-01 -1.797534916052770937e-01
4.034718622895709927e-01 7.687441026111540010e-01 -2.154059208249120283e-01
4.044533181474890271e-01 7.678521295906507449e-01 -2.508297769180297121e-01
4.054366193923388262e-01 7.664707756867388255e-01 -2.860702973160592077e-01
4.064199206371885142e-01 7.646059431181243538e-01 -3.210405241026776380e-01
4.074032218820382023e-01 7.622625551061676941e-01 -3.557208384950850677e-01
4.083865231268878904e-01 7.594457641872575104e-01 -3.900922005024994865e-01
4.093716963483209903e-01 7.561542454950914705e-01 -4.242007508136205751e-01
4.103568695697539792e-01 7.523985263470952534e-01 -4.579629296496718349e-01
4.113420427911870791e-01 7.481844218600695040e-01 -4.913613891290416480e-01
4.123272160126201236e-01 7.435179394263627950e-01 -5.243793659788338335e-01
4.133142878436527057e-01 7.383949896280341818e-01 -5.570632983268383187e-01
4.143013596746851213e-01 7.328305332146057838e-01 -5.893336613324796636e-01
4.152884315057175924e-01 7.268311363617484533e-01 -6.211753946180744723e-01
4.162755033367501190e-01 7.204035201925882426e-01 -6.525740458803198640e-01
4.172645010635290252e-01 7.135407808256615247e-01 -6.835758732813949079e-01
4.182534987903078205e-01 7.062620872113237747e-01 -7.141060339396473333e-01
4.192424965170867268e-01 6.985746179902501130e-01 -7.441517289702819227e-01
4.202314942438655776e-01 6.904856791009379435e-01 -7.737006942801702980e-01
4.212227482547770130e-01 6.819828971760517611e-01 -8.028070976942587311e-01
4.222140022656882263e-01 6.730918470881578353e-01 -8.313920446861845504e-01
4.232052562765996062e-01 6.638202065568947763e-01 -8.594449647416334548e-01
4.241965102875108751e-01 6.541757473548657220e-01 -8.869558212983235101e-01
4.251877642984221994e-01 6.441663278091632749e-01 -9.139151066449819893e-01
4.261811722776812084e-01 6.337769765703957781e-01 -9.403708145710327759e-01
4.271745802569402173e-01 6.230371038873542267e-01 -9.662554348374738922e-01
4.281679882361992262e-01 6.119548271524307692e-01 -9.915609704565393479e-01
4.291613962154581796e-01 6.005383186837084386e-01 -1.016280014887060767e+00
4.301567804929378180e-01 5.887721184058927193e-01 -1.040453417791547430e+00
4.311521647704175120e-01 5.766869128122148469e-01 -1.064025340411510090e+00
4.321475490478970949e-01 5.642910420130425875e-01 -1.086989887483378103e+00
4.331429333253766778e-01 5.515928751504580729e-01 -1.109341620758740765e+00
4.341403004034695146e-01 5.385746374086564092e-01 -1.131118512774511364e+00
4.351376674815624068e-01 5.252697784589984709e-01 -1.152271192438625746e+00
4.361350345596550770e-01 5.116867630709812653e-01 -1.172795608880575990e+00
4.371324016377479138e-01 4.978340605478723813e-01 -1.192688164904971870e+00
4.381317600079985830e-01 4.836917050756683323e-01 -1.211983821569570852e+00
4.391311183782494187e-01 4.692955929481427146e-01 -1.230639818769408533e+00
4.401304767484999769e-01 4.546542210144748908e-01 -1.248653851075587129e+00
4.411298351187508127e-01 4.397760719831141918e-01 -1.266024007326120859e+00
4.421311902823116813e-01 4.246392040014612679e-01 -1.282781822982900222e+00
4.431325454458727164e-01 4.092815930111080025e-01 -1.298891119675920525e+00
4.441339006094336961e-01 3.937116890849187700e-01 -1.314351230449189556e+00
4.451352557729946757e-01 3.779379037920177486e-01 -1.329161926134090121e+00
4.461383128646460028e-01 3.619413030311847135e-01 -1.343347209356091865e+00
4.471413699562972743e-01 3.457568852804451254e-01 -1.356882063465260968e+00
4.481444270479484904e-01 3.293929670828945611e-01 -1.369767147760884596e+00
4.491495833164476092e-01 3.128230394728394037e-01 -1.382028737675977892e+00
4.501547395849466171e-01 2.960894173229286497e-01 -1.393641072727656693e+00
4.511598958534456250e-01 2.792002960296992575e-01 -1.404606039688370611e+00
4.521650521219445773e-01 2.621638085100078119e-01 -1.414925799985492061e+00
4.531702083904435852e-01 2.449880222654909345e-01 -1.424602785690346707e+00
4.571995547235140900e-01 1.749312600814869889e-01 -1.456987088910353334e+00
4.612368252831767768e-01 1.031256866275595957e-01 -1.479366870219225527e+00
4.652819592943879257e-01 3.004703100645995592e-02 -1.491978388806253442e+00
4.693348783544071812e-01 -4.384720689034082158e-02 -1.495116160708475306e+00
4.733955065266273188e-01 -1.181203652918552255e-01 -1.489126521995879804e+00
4.784822981688974797e-01 -2.108431606481312726e-01 -1.469403374857341182e+00
4.825599532103003741e-01 -2.844902492186238141e-01 -1.444360748551633433e+00
4.866449712303865804e-01 -3.572578154799155303e-01 -1.411583559163765322e+00
4.907371949891458085e-01 -4.288116724242834188e-01 -1.371558926394150113e+00
4.948364585384024128e-01 -4.988439367935958990e-01 -1.324790845625659852e+00
4.989425778493357111e-01 -5.670730991941846932e-01 -1.271795229446055275e+00
5.020264094695874313e-01 -6.169168379389302626e-01 -1.228272341982823201e+00
5.051138832495274400e-01 -6.655038435766810201e-01 -1.181760244753643940e+00
5.092361856145506405e-01 -7.281648865992461639e-01 -1.115479988523170540e+00
5.133645520198434342e-01 -7.882420852466565098e-01 -1.044796671622747697e+00
5.174987117319133079e-01 -8.455689516411940554e-01 -9.702208898478080767e-01
5.216383508218596088e-01 -9.000025282373262936e-01 -8.922515121124511284e-01
5.257831480915519107e-01 -9.514229084682227500e-01 -8.113728552336453292e-01
5.299327976174466048e-01 -9.997322887779132028e-01 -7.280520136246857454e-01
5.340869657500283418e-01 -1.044853473183727344e+00 -6.427378047580050158e-01
5.382452599924625325e-01 -1.086728670567539412e+00 -5.558597437636243477e-01
5.424072497157466088e-01 -1.125318574951645667e+00 -4.678263910280241467e-01
5.465725012540574301e-01 -1.160601325622273805e+00 -3.790240484527907516e-01
5.507405845750824591e-01 -1.192571256939518154e+00 -2.898164209349433085e-01
5.549110536012068495e-01 -1.221237650467801972e+00 -2.005448468171266707e-01
5.590834321773656690e-01 -1.246623304973874635e+00 -1.115264002760371076e-01
5.643010869630014081e-01 -1.273787003569992304e+00 -1.063904588346970383e-03
5.684758978830769527e-01 -1.291938809063932769e+00 8.633490935736327920e-02
5.726509199913500936e-01 -1.306966239099376148e+00 1.726010661814127989e-01
5.768255755389478656e-01 -1.318938331291497068e+00 2.575044834630245139e-01
5.809992666418749563e-01 -1.327932325265077651e+00 3.408518123339289163e-01
5.851713896051653485e-01 -1.334032812002825530e+00 4.224522923735403168e-01
5.882989619740793819e-01 -1.336766558851846032e+00 4.824118597823410237e-01
5.935085681122563850e-01 -1.337917049543766002e+00 5.797945225058387386e-01
5.976721595114997676e-01 -1.335900228374863552e+00 6.552660269161861839e-01
6.018315407075064405e-01 -1.331381426237018273e+00 7.284504713337286441e-01
6.059860031390628121e-01 -1.324467896759098151e+00 7.992563825592253757e-01
6.101348262532020339e-01 -1.315269461240821558e+00 8.676053487726861357e-01
6.142772761532119263e-01 -1.303897603806628336e+00 9.334320080641389517e-01
6.184126036405177551e-01 -1.290465004631852208e+00 9.966824191950184320e-01
6.225400396928169044e-01 -1.275085160394802797e+00 1.057312958489186716e+00
6.266587955232777452e-01 -1.257872013193384486e+00 1.115289484541142739e+00
6.307680621340325811e-01 -1.238939555712902374e+00 1.170586561027308736e+00
6.348670077734064332e-01 -1.218401487620736079e+00 1.223186504375430861e+00
6.389547727646552877e-01 -1.196370993369746838e+00 1.273078092815523865e+00
6.430304670771704867e-01 -1.172960563738148387e+00 1.320255152982243274e+00
6.470931794239351831e-01 -1.148281714839715084e+00 1.364715482480585385e+00
6.511419830734889169e-01 -1.122444722526693806e+00 1.406460728080279443e+00
6.551759295578980513e-01 -1.095558507573793472e+00 1.445496954734186490e+00
6.591940368817645890e-01 -1.067730617254551095e+00 1.481834539173294552e+00
6.631952816224888636e-01 -1.039067174402278582e+00 1.515487173466468551e+00
6.671786041264677891e-01 -1.009672693352713591e+00 1.546470665632711849e+00
6.711429148974273895e-01 -9.796498952392370674e-01 1.574801831819365505e+00
6.750870927600961524e-01 -9.490996772789912495e-01 1.600497627958547220e+00
6.790099725167971778e-01 -9.181212558091624842e-01 1.623574300393404002e+00
6.829103352717456055e-01 -8.868123093729679551e-01 1.644046328476080898e+00
6.867869018151261384e-01 -8.552690951273189679e-01 1.661924837999356752e+00
6.906383285912754966e-01 -8.235865683597850539e-01 1.677214429480007540e+00
6.944632064204609989e-01 -7.918585713203224463e-01 1.689908831240663156e+00
6.982600501045075347e-01 -7.601779807921276166e-01 1.699987208959971019e+00
7.020272815871985150e-01 -7.286386725902889161e-01 1.707408289068479634e+00
7.038990663650485091e-01 -7.129512451450823463e-01 1.710101754910324123e+00
7.057628000939073498e-01 -6.973339697778565549e-01 1.712106807633564154e+00
7.094655902404470860e-01 -6.663584287335146961e-01 1.714006553882996053e+00
7.131331888985167344e-01 -6.358072283520853629e-01 1.712966629706555777e+00
7.167633315432266894e-01 -6.057847717625748363e-01 1.708808719353805516e+00
7.203534697890988658e-01 -5.764001228196036219e-01 1.701129157697626626e+00
7.239006927315578821e-01 -5.477575842360962177e-01 1.690656828017774060e+00
7.274037472512754343e-01 -5.198960534403014311e-01 1.679943990189370906e+00
7.308631569784361792e-01 -4.927928695026169148e-01 1.669595462471215930e+00
7.342794427454362172e-01 -4.664176846395774456e-01 1.659596044570529783e+00
7.376531370894844342e-01 -4.407422488331704247e-01 1.649931219825112816e+00
7.409847640846142225e-01 -4.157397156891207701e-01 1.640587210033119581e+00
7.442748211369105693e-01 -3.913848449900377280e-01 1.631550979885182384e+00
7.475237974064263824e-01 -3.676536917239628943e-01 1.622810140606799623e+00
7.507321962838469087e-01 -3.445232345011693398e-01 1.614352853162662749e+00
7.539005302043194634e-01 -3.219713797095919428e-01 1.606167812770176395e+00
7.570292970629285412e-01 -2.999771929515099855e-01 1.598244280283895202e+00
7.601189748256973466e-01 -2.785209083097568983e-01 1.590572061972961526e+00
7.631700307096180858e-01 -2.575837524886016028e-01 1.583141454940254711e+00
7.661829280312825174e-01 -2.371478128658443263e-01 1.575943203352925703e+00
7.691581275626218073e-01 -2.171959782885869161e-01 1.568968471209415627e+00
7.720960887207071188e-01 -1.977118686035001793e-01 1.562208817196265809e+00
7.749972707982543119e-01 -1.786797632434359850e-01 1.555656171127541620e+00
7.778621289318303766e-01 -1.600846206187324927e-01 1.549302823392421535e+00
7.806911033824630586e-01 -1.419121815162856515e-01 1.543141429398074305e+00
7.834846171445913887e-01 -1.241489597679963641e-01 1.537164994647132854e+00
7.862430869060449412e-01 -1.067820627671647038e-01 1.531366832682381052e+00
7.889669369237084506e-01 -8.979900688531511355e-02 1.525740520595224581e+00
7.916565982021911418e-01 -7.318771590949875450e-02 1.520279888538538238e+00
7.943124974778934533e-01 -5.693662430195033097e-02 1.514979029812705269e+00
7.969350495080719243e-01 -4.103471988346299448e-02 1.509832302740283128e+00
7.995246585495641156e-01 -2.547148789841024302e-02 1.504834313980869975e+00
8.020817215573190495e-01 -1.023684645267936878e-02 1.499979899987369025e+00
8.046066294762304061e-01 4.678883384232743713e-03 1.495264113188692789e+00
8.070997653306969388e-01 1.928497984882354341e-02 1.490682215323201332e+00
8.095615092888481801e-01 3.359037200862295680e-02 1.486229657944224014e+00
8.119922431475441460e-01 4.760368795827651239e-02 1.481902065711217409e+00
8.143923505053758394e-01 6.133326059751415676e-02 1.477695228036788988e+00
8.167622071215497881e-01 7.478706747373674302e-02 1.473605108585995360e+00
8.191021778306492029e-01 8.797272591901322825e-02 1.469627841984731509e+00
8.214126187949533087e-01 1.008975427860202001e-01 1.465759722005237631e+00
8.236938850346046115e-01 1.135685968701373449e-01 1.461997181612931129e+00
8.259463322523640239e-01 1.259927650463190940e-01 1.458336784100227934e+00
8.281703138888254490e-01 1.381766843077191775e-01 1.454775222022222758e+00
8.303661724506571362e-01 1.501266685622641706e-01 1.451309325268948847e+00
8.325342380230222883e-01 1.618487044553972021e-01 1.447936056818849071e+00
8.346748353855768521e-01 1.733485511058746320e-01 1.444652495739006115e+00
8.367882947421915185e-01 1.846318596028694581e-01 1.441455815721562228e+00
8.388749484008726220e-01 1.957041531816327562e-01 1.438343286595474613e+00
8.409351219691613144e-01 2.065707365863535538e-01 1.435312283358624263e+00
8.429691303017050608e-01 2.172366602787911272e-01 1.432360287486883932e+00
8.449772835243484215e-01 2.277067853823083465e-01 1.429484873382977472e+00
8.469598912257328971e-01 2.379858358120831852e-01 1.426683698595077932e+00
8.489172622932020795e-01 2.480783955241782635e-01 1.423954500794925915e+00
8.508497044538249066e-01 2.579888985496169296e-01 1.421295095172482981e+00
8.527575229688695302e-01 2.677216318185454691e-01 1.418703373026692693e+00
8.546410160783932675e-01 2.772807247517842244e-01 1.416177304783196256e+00
8.565004710086118189e-01 2.866701303227722208e-01 1.413714942005415365e+00
8.583361673787008872e-01 2.958936497279062161e-01 1.411314409532117731e+00
8.601483873498577681e-01 3.049550068589042540e-01 1.408973889287525649e+00
8.619374190156378068e-01 3.138578819603880521e-01 1.406691613984697442e+00
8.637035513945729992e-01 3.226058744083496466e-01 1.404465871663095555e+00
8.654470650665438969e-01 3.312024315966158872e-01 1.402295015367764686e+00
8.671682312272307458e-01 3.396508426045747875e-01 1.400177461518571143e+00
8.688673159218502917e-01 3.479542842356117549e-01 1.398111682209243645e+00
8.705445856873960109e-01 3.561158717048487077e-01 1.396096196220836028e+00
8.722003068198478370e-01 3.641386525653845241e-01 1.394129568289152798e+00
8.738347418094588592e-01 3.720255736513833900e-01 1.392210411596235931e+00
8.754481467852704979e-01 3.797794668141863395e-01 1.390337388911903060e+00
8.770407741766889087e-01 3.874030799586951068e-01 1.388509207596477113e+00
8.786128771136945126e-01 3.948991170625061886e-01 1.386724612980434923e+00
8.801647113007132761e-01 4.022702484747048279e-01 1.384982384961093382e+00
8.816965317742312402e-01 4.095190825506494492e-01 1.383281340474479482e+00
8.832085878593547434e-01 4.166481294778157096e-01 1.381620337670770082e+00
8.847011190561783200e-01 4.236597814052560085e-01 1.379998278844015935e+00
8.861743569071006688e-01 4.305563323281643151e-01 1.378414106646368875e+00
8.876285293506940288e-01 4.373400152282066466e-01 1.376866798012840398e+00
8.890638676536581908e-01 4.440130482516185806e-01 1.375355355600254459e+00
8.904806072870743439e-01 4.505776426284775482e-01 1.373878806188398194e+00
8.918789864151801527e-01 4.570359899778869139e-01 1.372436201461229688e+00
8.932592404372767803e-01 4.633902262515972037e-01 1.371026622844064624e+00
8.946215989640163846e-01 4.696424087953889881e-01 1.369649183459613173e+00
8.959662842038009778e-01 4.757945049904876433e-01 1.368303028591846493e+00
8.972935117732897536e-01 4.818483988143535957e-01 1.366987333682672112e+00
8.986034927209798351e-01 4.878059088617636707e-01 1.365701301243061661e+00
8.998964354025826839e-01 4.936688088794992657e-01 1.364444158125949436e+00
9.011725489915097809e-01 4.994388554769786936e-01 1.363215151319706164e+00
9.024320447860507688e-01 5.051177988849997469e-01 1.362013546121891183e+00
9.036751353555274591e-01 5.107073727339781488e-01 1.360838626370142412e+00
9.049020296532450658e-01 5.162092584655902927e-01 1.359689698471666652e+00
9.061129304280890473e-01 5.216250673497553336e-01 1.358566093021051913e+00
9.073080357373773941e-01 5.269563545458465503e-01 1.357467162553848583e+00
9.084875419218813031e-01 5.322046436583204310e-01 1.356392278096058668e+00
9.096516449412487271e-01 5.373714373572702208e-01 1.355340827378847646e+00
9.108005396977110202e-01 5.424582117474616716e-01 1.354312214939643599e+00
9.119344190251117421e-01 5.474664081645174152e-01 1.353305862484996291e+00
9.130534727752540602e-01 5.523974280353898259e-01 1.352321209143456660e+00
9.141578874195450677e-01 5.572526323902197154e-01 1.351357711243398763e+00
9.152478462184302499e-01 5.620333431151260939e-01 1.350414841621129014e+00
9.163235307136011754e-01 5.667408586031480455e-01 1.349492087802966589e+00
9.173851213290326045e-01 5.713764512973372733e-01 1.348588951058879770e+00
9.184327978233862710e-01 5.759413772883017479e-01 1.347704945590209702e+00
9.194667382392092136e-01 5.804368682519883693e-01 1.346839599038850643e+00
9.204871184823875119e-01 5.848641286951177243e-01 1.345992452415928131e+00
9.214941118815067611e-01 5.892243329458769496e-01 1.345163060050773129e+00
9.224878885587296518e-01 5.935186217040573364e-01 1.344350989696421417e+00
9.234686156415649050e-01 5.977481041004117923e-01 1.343555821935526584e+00
9.244364580894727235e-01 6.019138655199470778e-01 1.342777149134267267e+00
9.253915805410551920e-01 6.060169811053862654e-01 1.342014573607196670e+00
9.263341472457474746e-01 6.100585165793980247e-01 1.341267707397174158e+00
9.272643205556930779e-01 6.140395166229724033e-01 1.340536173180101098e+00
9.281822593195951931e-01 6.179609915489029381e-01 1.339819605204800812e+00
9.290881192404382150e-01 6.218239181630280665e-01 1.339117648656673598e+00
9.299820544127295197e-01 6.256292522638052800e-01 1.338429958145169518e+00
9.308642183379219892e-01 6.293779402560353287e-01 1.337756196659606545e+00
9.317347637709364472e-01 6.330709215598104844e-01 1.337096035455443532e+00
9.325938419655581679e-01 6.367091233547512719e-01 1.336449154396670558e+00
9.334416025644689530e-01 6.402934571835398048e-01 1.335815241793939512e+00
9.342781940582032263e-01 6.438248199434930541e-01 1.335193993822880287e+00
9.351037639763524201e-01 6.473040956127086298e-01 1.334585114165258934e+00
9.359184581932523672e-01 6.507321498668308113e-01 1.333988314292600785e+00
9.367224180073485673e-01 6.541098107268745743e-01 1.333403315379148690e+00
9.375157793601903711e-01 6.574378607041001521e-01 1.332829848556736918e+00
9.382986736089657942e-01 6.607170443741676724e-01 1.332267654081684238e+00
9.390712321160756826e-01 6.639481007170240368e-01 1.331716477787164399e+00
9.398335891165293665e-01 6.671317854022063010e-01 1.331176068918032973e+00
9.405858812974943195e-01 6.702688695624552384e-01 1.330646180362036191e+00
9.413282457717848661e-01 6.733601269716016358e-01 1.330126569980557338e+00
9.420608178502133390e-01 6.764063215596289869e-01 1.329617002038754103e+00
9.427837310928691705e-01 6.794082065352977651e-01 1.329117246983539280e+00
9.434971161334501089e-01 6.823665138738151947e-01 1.328627082080230837e+00
9.442010983676487612e-01 6.852819364142797021e-01 1.328146292806225981e+00
9.448957981803430828e-01 6.881551271386052715e-01 1.327674672450004367e+00
9.455813325674083947e-01 6.909867166873575606e-01 1.327212020813008708e+00
9.462578189837917986e-01 6.937773467282675188e-01 1.326758141446191530e+00
9.469253759203707377e-01 6.965276806465362514e-01 1.326312841196176429e+00
9.475841219105402002e-01 6.992383908383229540e-01 1.325875930789248480e+00
9.482341736882211602e-01 7.019101305159525239e-01 1.325447225949581531e+00
9.488756453742962504e-01 7.045435164269979733e-01 1.325026547789474263e+00
9.495086488587556328e-01 7.071391301683773722e-01 1.324613722405729277e+00
9.501332951313513631e-01 7.096975250389769840e-01 1.324208579878080494e+00
9.507496960826257171e-01 7.122192326092779968e-01 1.323810952993438317e+00
9.513579651353069044e-01 7.147047668886142846e-01 1.323420676766142501e+00
9.519582165945869034e-01 7.171546368891921208e-01 1.323037588781506235e+00
9.525505625735545268e-01 7.195693568500431958e-01 1.322661531094843079e+00
9.531351118401709677e-01 7.219494495155988067e-01 1.322292350850109655e+00
9.537119697698679399e-01 7.242954411894673150e-01 1.321929900202514663e+00
9.542812403202287630e-01 7.266078641640024705e-01 1.321574034965916633e+00
9.548430270251752061e-01 7.288872590231253445e-01 1.321224613915630286e+00
9.553974327455952986e-01 7.311341699833148189e-01 1.320881498876516513e+00
9.559445589026865919e-01 7.333491276527223102e-01 1.320544555120279684e+00
9.564845050053580877e-01 7.355326337313392582e-01 1.320213651564091650e+00
9.570173690229182295e-01 7.376851619780480096e-01 1.319888660444370476e+00
9.575432481385535155e-01 7.398071709878920599e-01 1.319569456770417926e+00
9.580622389120657667e-01 7.418991153907187330e-01 1.319255918158595220e+00
9.585744372418232295e-01 7.439614489239195771e-01 1.318947924793329562e+00
9.590799381259947909e-01 7.459946213349444299e-01 1.318645359510275394e+00
9.595788354479902749e-01 7.479990746226518050e-01 1.318348107860498830e+00
9.600712216912781205e-01 7.499752399723587093e-01 1.318056058213934234e+00
9.605571877573033657e-01 7.519235369211425546e-01 1.317769101799974196e+00
9.610368233668841187e-01 7.538443764886673115e-01 1.317487132403662775e+00
9.615102176430252445e-01 7.557381652767561908e-01 1.317210045964811282e+00
9.619774592602109431e-01 7.576053067716916889e-01 1.316937740441600724e+00
9.624386363595022198e-01 7.594462011688767333e-01 1.316670115812549779e+00
9.628938363592510763e-01 7.612612447742979072e-01 1.316407074139620548e+00
9.633431459530198415e-01 7.630508299537435146e-01 1.316148519521166182e+00
9.637866510388649610e-01 7.648153435406234157e-01 1.315894358084462201e+00
9.642244362725824747e-01 7.665551631063768356e-01 1.315644498194812551e+00
9.646565852206075986e-01 7.682706578728009106e-01 1.315398850316779500e+00
9.650831808361504116e-01 7.699621927416828715e-01 1.315157326696594797e+00
9.655043054562382210e-01 7.716301291975770082e-01 1.314919841323425986e+00
9.659200402356747928e-01 7.732748218870203472e-01 1.314686310207615838e+00
9.663304647237355161e-01 7.748966153561178682e-01 1.314456651571561219e+00
9.667356570265409621e-01 7.764958453135408778e-01 1.314230785712673377e+00
9.671356950751521797e-01 7.780728459894431515e-01 1.314008634252455732e+00
9.675306568648514016e-01 7.796279520972175803e-01 1.313790119977288562e+00
9.679206204413721704e-01 7.811614987640692620e-01 1.313575166817620765e+00
9.683056632759791116e-01 7.826738195266407239e-01 1.313363700165851577e+00
9.686858619411236049e-01 7.841652455811495281e-01 1.313155647021071237e+00
9.690612920205190495e-01 7.856361050694427028e-01 1.312950936003926206e+00
9.694320280361357067e-01 7.870867210426809590e-01 1.312749497362709183e+00
9.697981436541373013e-01 7.885174109134692744e-01 1.312551262827208465e+00
9.701597119736792285e-01 7.899284883642608834e-01 1.312356165421963095e+00
9.705168057640763957e-01 7.913202656798267176e-01 1.312164139309716759e+00
9.708694969864466451e-01 7.926930519830032162e-01 1.311975120023318730e+00
9.712178563702503764e-01 7.940471502884971500e-01 1.311789044662115211e+00
9.715619532024425409e-01 7.953828561365782202e-01 1.311605851972791559e+00
9.719018559824413872e-01 7.967004628303682168e-01 1.311425481969864082e+00
9.722376334334535963e-01 7.980002686862424088e-01 1.311247875375299410e+00
9.725693544860373185e-01 7.992825773552979518e-01 1.311072973613379267e+00
9.728970879945362249e-01 8.005476951803811581e-01 1.310900718942741960e+00
9.732209017546173957e-01 8.017959260435102431e-01 1.310731054953741648e+00
9.735408623544371531e-01 8.030275709381511362e-01 1.310563926619366937e+00
9.738570353791702328e-01 8.042429294086839153e-01 1.310399280162628299e+00
9.741694855365269357e-01 8.054422990151808293e-01 1.310237062968057309e+00
9.744782765863391205e-01 8.066259732038673080e-01 1.310077223595962792e+00
9.747834712405878399e-01 8.077942400936164447e-01 1.309919711810354492e+00
9.750851311684266554e-01 8.089473834690605880e-01 1.309764478553726352e+00
9.753833174776915804e-01 8.100856866490627750e-01 1.309611475678362114e+00
9.756780908428658305e-01 8.112094334668833451e-01 1.309460655862803247e+00
9.759695114299516971e-01 8.123189074510912544e-01 1.309311972634416454e+00
9.762576389021463408e-01 8.134143936084944349e-01 1.309165380350387764e+00
9.765425324979953858e-01 8.144961816312642489e-01 1.309020834141989109e+00
9.768242509432418785e-01 8.155645666610928934e-01 1.308878289946144413e+00
9.771028522833710150e-01 8.166198464604008667e-01 1.308737704575218430e+00
9.773783933517848910e-01 8.176623143412462547e-01 1.308599035968998736e+00
9.776509296593629550e-01 8.186922555213947961e-01 1.308462243230782640e+00
9.779205156231944862e-01 8.197099483898383498e-01 1.308327286492333208e+00
9.781872047434609918e-01 8.207156673511516454e-01 1.308194126805640956e+00
9.784510495060143587e-01 8.217096845638701685e-01 1.308062726176645096e+00
9.787121011965591588e-01 8.226922693163479794e-01 1.307933047641086421e+00
9.789704097928612070e-01 8.236636871368445689e-01 1.307805055300613528e+00
9.792260248675913603e-01 8.246242042067687406e-01 1.307678713860113584e+00
9.794789964416771300e-01 8.255740920473091382e-01 1.307553988198162598e+00
9.797293750085785957e-01 8.265136282230558518e-01 1.307430843349951299e+00
9.799772111141689113e-01 8.274430924008047139e-01 1.307309244707144158e+00
9.802225538059048393e-01 8.283627559190325229e-01 1.307189158769854087e+00
9.804654503645000574e-01 8.292728735618607461e-01 1.307070553257397849e+00
9.807059465012439858e-01 8.301737120863896813e-01 1.306953396996329841e+00
9.809440869290046994e-01 8.310654911600876549e-01 1.306837659623021564e+00
9.811799158740861504e-01 8.319484643145398373e-01 1.306723311322171011e+00
9.814134771051555850e-01 8.328228702684649098e-01 1.306610322806079694e+00
9.816448139740299172e-01 8.336889444515866998e-01 1.306498665284207883e+00
9.818739695684386426e-01 8.345469183812272984e-01 1.306388310381823903e+00
9.821009867550495320e-01 8.353970173969915702e-01 1.306279230111704770e+00
9.823259081899210488e-01 8.362394609438567050e-01 1.306171396862210621e+00
9.825487766341645113e-01 8.370744636369173985e-01 1.306064783236303706e+00
9.827696354372893461e-01 8.379022370198985215e-01 1.305959361816039666e+00
9.829885289087769706e-01 8.387229910240580066e-01 1.305855104983980164e+00
9.832055018255810852e-01 8.395369309643012645e-01 1.305751985153826400e+00
9.834205977716130587e-01 8.403442492838526512e-01 1.305649975552557018e+00
9.836338588957453943e-01 8.411451236130391695e-01 1.305549050318679072e+00
9.838453264273652188e-01 8.419397189661232961e-01 1.305449184248824057e+00
9.840550431756610594e-01 8.427281982199967825e-01 1.305350351612718729e+00
9.842630544299338924e-01 8.435107267629893268e-01 1.305252525732659263e+00
9.844694079699815026e-01 8.442874716779199540e-01 1.305155678983152656e+00
9.846741527711339037e-01 8.450585930845633253e-01 1.305059783405932539e+00
9.848773386240422534e-01 8.458242392615705763e-01 1.304964810885636872e+00
9.850790165882933325e-01 8.465845497378309270e-01 1.304870732933389066e+00
9.852792397559874127e-01 8.473396645459063681e-01 1.304777520331005691e+00
9.854780637322345660e-01 8.480897310099281272e-01 1.304685142910605666e+00
9.856755468082143423e-01 8.488349032476605327e-01 1.304593569480382964e+00
9.858717495053704871e-01 8.495753352456173468e-01 1.304502768043426020e+00
9.860667343401825491e-01 8.503111859780635440e-01 1.304412705915513948e+00
9.862605662335471868e-01 8.510425802770474890e-01 1.304323349532919174e+00
9.864533145194630537e-01 8.517697011052802747e-01 1.304234663536809169e+00
9.866450541503118954e-01 8.524927279409838521e-01 1.304146610236590176e+00
9.867880381885917318e-01 8.530316292347321916e-01 1.304081056324146948e+00
9.869309532600107904e-01 8.535699943470781426e-01 1.304015627015057355e+00
9.871205341790296739e-01 8.542836418155959066e-01 1.303928976253212468e+00
9.872620466585018129e-01 8.548158864538163426e-01 1.303864401933708894e+00
9.874036170961336678e-01 8.553479040787267396e-01 1.303799891613924400e+00
9.875916216718324536e-01 8.560536477967322089e-01 1.303714361755276885e+00
9.877556032248382412e-01 8.566683790708516932e-01 1.303639890209205898e+00
9.878728339090028232e-01 8.571073198418374117e-01 1.303586724023052312e+00
9.880364164951689343e-01 8.577190130823690861e-01 1.303512638687911007e+00
9.881766700670048253e-01 8.582426534994609391e-01 1.303449213411437935e+00
9.882701561032216642e-01 8.585912340128966092e-01 1.303406985583581923e+00
9.884161744165290697e-01 8.591349285154196158e-01 1.303341105846914205e+00
9.885274938018725477e-01 8.595487602466649335e-01 1.303290944253548744e+00
9.886441702430321943e-01 8.599818567341528386e-01 1.303238426879089751e+00
9.887615048409820195e-01 8.604166938512528562e-01 1.303185673069376493e+00
9.888671405303265383e-01 8.608075444588206837e-01 1.303138230215132864e+00
9.889964814527246739e-01 8.612852551873051432e-01 1.303080206597140522e+00
9.891379956535801821e-01 8.618067993636606694e-01 1.303016804370622506e+00
9.892563647329785104e-01 8.622420890269402172e-01 1.302963837628250632e+00
9.893750463211569146e-01 8.626776179534002553e-01 1.302910790950763120e+00
9.894943121748573933e-01 8.631143407179789895e-01 1.302857543245754757e+00
9.896140207055634797e-01 8.635516914086599494e-01 1.302804158182955252e+00
9.897159914823099314e-01 8.639234324039247737e-01 1.302758730803130982e+00
9.898434705941348000e-01 8.643870954651911021e-01 1.302702000562425910e+00
9.899375585064562610e-01 8.647285346276839535e-01 1.302660173137970556e+00
9.900878310668779214e-01 8.652724676998369002e-01 1.302593444025130553e+00
9.901743200970993808e-01 8.655847328549506337e-01 1.302555080127600462e+00
9.902609137873940037e-01 8.658967828661383592e-01 1.302516700273430805e+00
9.903612026626938958e-01 8.662574373654112758e-01 1.302472288349600049e+00
9.904874739384739168e-01 8.667103607708117607e-01 1.302416427812176591e+00
9.905894425236058121e-01 8.670751463112803537e-01 1.302371364802601184e+00
9.907182233334840271e-01 8.675345932795366366e-01 1.302314511377488992e+00
9.907962672147299088e-01 8.678123440153578949e-01 1.302280088650685563e+00
9.909212141403226370e-01 8.682559420614780477e-01 1.302225027739030816e+00
9.910108377596256179e-01 8.685733196176708137e-01 1.302185569969913859e+00
9.911016878566011323e-01 8.688943497563680340e-01 1.302145603550551423e+00
9.912137238991562960e-01 8.692892907708366090e-01 1.302096360121772767e+00
9.913000989104370220e-01 8.695930543073097096e-01 1.302058427680927055e+00
9.913838631252052114e-01 8.698870358479545706e-01 1.302021668273316113e+00
9.914506465589315587e-01 8.701209970236224445e-01 1.301992379298938074e+00
9.915146713824002367e-01 8.703449428428147172e-01 1.301964315463629118e+00
9.916340109879260289e-01 8.707614494346336276e-01 1.301912045246220062e+00
9.917072197375820242e-01 8.710163666803211191e-01 1.301880005380303684e+00
9.918113459853242775e-01 8.713781731523938534e-01 1.301834467102127357e+00
9.918788921488236321e-01 8.716124041660856525e-01 1.301804946924861817e+00
9.919787124284612512e-01 8.719578826109091185e-01 1.301761350597445022e+00
9.920446367295224777e-01 8.721856172933520890e-01 1.301732576908273042e+00
9.921335618592820316e-01 8.724922768989866739e-01 1.301693787318643158e+00
9.922483388488775313e-01 8.728871883966726752e-01 1.301643759775017450e+00
9.923140323712106303e-01 8.731127605780584222e-01 1.301615145453369315e+00
9.923808176287334248e-01 8.733417423160895199e-01 1.301586069813968516e+00
9.924653149416101661e-01 8.736309690453338828e-01 1.301549303286060999e+00
9.925519742114751187e-01 8.739270389032676167e-01 1.301511619130920838e+00
9.926400143689063649e-01 8.742272562283560644e-01 1.301473357969323397e+00
9.927300306504682759e-01 8.745336325671406730e-01 1.301434261966745387e+00
9.928223552515691441e-01 8.748472659612103186e-01 1.301394188011607556e+00
9.928790071570852138e-01 8.750394236559938532e-01 1.301369610033805913e+00
9.929749283407137694e-01 8.753642793586670079e-01 1.301328015848509212e+00
9.930338309415541742e-01 8.755634544593501323e-01 1.301302486445581552e+00
9.931134822473388635e-01 8.758324141267407326e-01 1.301267978906885503e+00
9.931957520679123297e-01 8.761097592460107553e-01 1.301232354235749344e+00
9.932581794112547158e-01 8.763198981751144645e-01 1.301205333200876835e+00
9.933222453859934520e-01 8.765352767342431406e-01 1.301177612846002862e+00
9.934096186032961295e-01 8.768285608142436516e-01 1.301139823562998510e+00
9.934541404540199183e-01 8.769778096729980987e-01 1.301120574453500600e+00
9.935457954224757859e-01 8.772846527568973762e-01 1.301080961163486371e+00
9.936160469382104843e-01 8.775194691382397494e-01 1.301050610647926042e+00
9.936880935992783437e-01 8.777599415495013213e-01 1.301019495104057677e+00
9.937495894572796473e-01 8.779649179102971823e-01 1.300992944309391275e+00
9.938121488219817667e-01 8.781731725810562050e-01 1.300965941621565536e+00
9.939160796672812381e-01 8.785185371226641449e-01 1.300921096959242629e+00
9.939694945657114866e-01 8.786957307648445292e-01 1.300898056175062489e+00
9.940375730092885220e-01 8.789212705039323170e-01 1.300868696618754594e+00
9.941079133971814086e-01 8.791539561408842074e-01 1.300838368646069831e+00
9.941512836844985657e-01 8.792972493359998420e-01 1.300819672446101194e+00
9.942245924467123519e-01 8.795391586492217195e-01 1.300788075642890229e+00
9.942849783485653292e-01 8.797381401702024650e-01 1.300762053354880710e+00
9.943630951281491326e-01 8.799951587106988882e-01 1.300728395769665147e+00
9.944439687478419110e-01 8.802607651952302215e-01 1.300693556012042951e+00
9.944937414949477361e-01 8.804239756526350824e-01 1.300672116670288814e+00
9.945448254080581085e-01 8.805912861950200288e-01 1.300650114118063305e+00
9.946141837795062779e-01 8.808181289015163395e-01 1.300620242523300885e+00
9.946679242963347711e-01 8.809936372164866025e-01 1.300597098453955214e+00
9.947232555508067620e-01 8.811741103697821043e-01 1.300573269946465826e+00
9.947802947091887171e-01 8.813599091496271409e-01 1.300548706158475731e+00
9.948193345282794198e-01 8.814869326889501755e-01 1.300531893629503388e+00
9.948788033927520313e-01 8.816801974044721213e-01 1.300506282733589591e+00
9.949193304565996376e-01 8.818117426811048487e-01 1.300488828637742511e+00
9.949819063874423275e-01 8.820145896094158111e-01 1.300461876997965005e+00
9.950248963278948144e-01 8.821537571473753170e-01 1.300443359619609662e+00
9.950914392447394174e-01 8.823688615485867359e-01 1.300414694071008848e+00
9.951257033035670885e-01 8.824794778689309949e-01 1.300399931975989798e+00
9.951843888488717260e-01 8.826687131188367674e-01 1.300374645099402038e+00
9.952322115084688559e-01 8.828227169575614264e-01 1.300354035475121961e+00
9.952814503025246839e-01 8.829810901965045034e-01 1.300332811882174644e+00
9.953322073685838545e-01 8.831441433853784995e-01 1.300310929465531951e+00
9.953845960308196350e-01 8.833122183076733691e-01 1.300288338377047825e+00
9.954519586706931378e-01 8.835279934032801430e-01 1.300259281355364838e+00
9.954937886889216880e-01 8.836617842957834590e-01 1.300241232294136573e+00
9.955367586705249350e-01 8.837990631298521249e-01 1.300222686463655020e+00
9.955809446208156999e-01 8.839400645811571477e-01 1.300203610231800644e+00
9.956414875400296793e-01 8.841330011905806918e-01 1.300177462280754259e+00
9.956882115261579402e-01 8.842816977380751897e-01 1.300157274016624509e+00
9.957364305507077074e-01 8.844349688630128714e-01 1.300136431294522499e+00
9.957694647789196996e-01 8.845398663711782072e-01 1.300122146888408547e+00
9.958204391530577348e-01 8.847015581565963460e-01 1.300100095876423278e+00
9.958554331825923978e-01 8.848124352161205186e-01 1.300084951018285917e+00
9.959095524598978733e-01 8.849837058364907749e-01 1.300061517441670755e+00
9.959562594527735513e-01 8.851313194874043111e-01 1.300041281245270408e+00
9.960045505597787674e-01 8.852837447660718562e-01 1.300020346089380663e+00
9.960343411253066437e-01 8.853776802202234508e-01 1.300007424505695619e+00
9.960854494326569775e-01 8.855386746999553971e-01 1.299985243694397274e+00
9.961277448285118519e-01 8.856717595123980713e-01 1.299966874819372009e+00
9.961713919593757627e-01 8.858089581599312146e-01 1.299947905985189944e+00
9.962161918280310058e-01 8.859496311779220257e-01 1.299928421760070840e+00
9.962505693319740896e-01 8.860574706715733662e-01 1.299913459947309669e+00
9.962858572444537320e-01 8.861680669221116968e-01 1.299898091995406180e+00
9.963221125104277931e-01 8.862815895296901614e-01 1.299882291818034608e+00
9.963593986330890884e-01 8.863982293847904037e-01 1.299866030290539376e+00
9.963977866504906133e-01 8.865182034139094114e-01 1.299849274787260978e+00
9.964373559441993544e-01 8.866417537842008478e-01 1.299831988786917192e+00
9.964644356591672025e-01 8.867262423439316033e-01 1.299820149816100612e+00
9.965061743102501257e-01 8.868563670444052915e-01 1.299801887039554904e+00
9.965347929889251111e-01 8.869455192042317027e-01 1.299789353905057343e+00
9.965789926785999508e-01 8.870830947868961758e-01 1.299769978905333634e+00
9.966093636738425632e-01 8.871775451758359132e-01 1.299756652205240837e+00
9.966559567315705914e-01 8.873223097574730600e-01 1.299736184870212474e+00
9.966880427217708061e-01 8.874219050859902813e-01 1.299722073623568175e+00
9.967378328212044281e-01 8.875763019672774368e-01 1.299700148148329903e+00
9.967809783515868549e-01 8.877099523737783660e-01 1.299681119649143568e+00
9.968257684029371291e-01 8.878485641068302181e-01 1.299661335887601910e+00
9.968534955838771472e-01 8.879343082160705558e-01 1.299649072780586501e+00
9.969012406558794837e-01 8.880818455738686001e-01 1.299627926222695518e+00
9.969308756731882770e-01 8.881733466229396745e-01 1.299614780743389764e+00
9.969613046775022136e-01 8.882672374231330714e-01 1.299601266482303563e+00
9.969925771600518516e-01 8.883636654996731608e-01 1.299587359441550127e+00
9.970247479264872092e-01 8.884627947878980248e-01 1.299573032977399123e+00
9.970691443777704999e-01 8.885994835124684244e-01 1.299553227474154138e+00
9.971036607767090887e-01 8.887056665073793660e-01 1.299537800518965502e+00
9.971393088047536546e-01 8.888152559426808486e-01 1.299521840024754127e+00
9.971637472447061334e-01 8.888903447993953266e-01 1.299510881432192733e+00
9.972014842903836884e-01 8.890062341889111153e-01 1.299493931538608926e+00
9.972274093111264115e-01 8.890858050814204327e-01 1.299482266669580000e+00
9.972575290295068173e-01 8.891782033032843424e-01 1.299468692717954177e+00
9.972922000224022643e-01 8.892844984195580338e-01 1.299453037679288325e+00
9.973280657224116164e-01 8.893943793158285427e-01 1.299436808015292266e+00
9.973558081309227275e-01 8.894793199388832949e-01 1.299424228711409723e+00
9.973843238065247530e-01 8.895665835692673218e-01 1.299411274753326184e+00
9.974136641173761975e-01 8.896563280477288727e-01 1.299397919912502752e+00
9.974438858290636256e-01 8.897487269775729013e-01 1.299384135077205960e+00
9.974750515538618467e-01 8.898439726782105819e-01 1.299369887940062585e+00
9.975181926553605694e-01 8.899757490958185580e-01 1.299350110997232077e+00
9.975404964969021293e-01 8.900438431913958448e-01 1.299339860042714623e+00
9.975740710655780497e-01 8.901463029606405675e-01 1.299324393818739543e+00
9.976084019075507348e-01 8.902510125211748893e-01 1.299308533735816562e+00
9.976319905302465374e-01 8.903229241216479295e-01 1.299297608625549660e+00
9.976685048465973038e-01 8.904341929016776902e-01 1.299280650874305998e+00
9.976936576052695127e-01 8.905108108653693177e-01 1.299268935833848060e+00
9.977327010428558296e-01 8.906297016087341145e-01 1.299250694519274107e+00
9.977596755686080066e-01 8.907118146284448423e-01 1.299238050024313029e+00
9.977874647642224204e-01 8.907963847325268691e-01 1.299224986504601720e+00
9.978161248682079210e-01 8.908835805353044757e-01 1.299211472617642249e+00
9.978457182292497230e-01 8.909735858162768363e-01 1.299197473337327935e+00
9.978685681051390199e-01 8.910430592528746363e-01 1.299186631407773573e+00
9.978920154480180882e-01 8.911143314035213647e-01 1.299175475422975623e+00
9.979242710965282592e-01 8.912123521167234497e-01 1.299160076322892765e+00
9.979408528064854789e-01 8.912627322830004584e-01 1.299152135792029483e+00
9.979749878048177480e-01 8.913664310551057124e-01 1.299135735939480840e+00
9.979925724695731803e-01 8.914198461982514310e-01 1.299127258505192728e+00
9.980288529745338089e-01 8.915300427297301322e-01 1.299109703372001157e+00
9.980475867178884020e-01 8.915869378692736769e-01 1.299100603302915768e+00
9.980764821692650335e-01 8.916746872753771314e-01 1.299086518224002340e+00
9.981063982578021188e-01 8.917655244102393741e-01 1.299071870775003301e+00
9.981269508387591305e-01 8.918279224785189419e-01 1.299061768175140630e+00
9.981587598926524585e-01 8.919244884550134866e-01 1.299046066518286802e+00
9.981806669382242703e-01 8.919909918745376753e-01 1.299035204505853303e+00
9.982031749578805790e-01 8.920593230733926404e-01 1.299024002288289958e+00
9.982381475806171300e-01 8.921655109381817494e-01 1.299006508675356164e+00
9.982623346236442208e-01 8.922389615140968733e-01 1.298994345085869639e+00
9.982872737916601569e-01 8.923147060813548803e-01 1.298981745404643950e+00
9.983130182164108302e-01 8.923929073366043685e-01 1.298968674976679116e+00
9.983396273700049228e-01 8.924737467489035625e-01 1.298955094659148601e+00
9.983671684421697723e-01 8.925574316807485253e-01 1.298940959891515368e+00
9.983957179697369178e-01 8.926442022646494667e-01 1.298926219592836384e+00
9.984253637137215920e-01 8.927343345019533860e-01 1.298910814802322511e+00
9.984406293963175028e-01 8.927807617574603505e-01 1.298902841789063567e+00
9.984641183739834114e-01 8.928522239988005982e-01 1.298890518537822336e+00
9.984883613646687861e-01 8.929260162085689290e-01 1.298877727066677368e+00
9.985219528053926874e-01 8.930283219278225548e-01 1.298859876036543959e+00
9.985393346580382357e-01 8.930812849695295430e-01 1.298850578607023687e+00
9.985661963323834156e-01 8.931631725244019160e-01 1.298836126409068648e+00
9.985940768752048502e-01 8.932482202072898891e-01 1.298821013918241229e+00
9.986132751984105882e-01 8.933068188425774547e-01 1.298810538666048453e+00
9.986430633305444227e-01 8.933978099800328199e-01 1.298794170156911898e+00
9.986636340980088455e-01 8.934606995642839777e-01 1.298782781849840529e+00
9.986848179599125963e-01 8.935255155289132389e-01 1.298770979299412653e+00
9.987178338722532134e-01 8.936266461311621612e-01 1.298752427290269074e+00
9.987349444046859093e-01 8.936791092594538188e-01 1.298742733955329021e+00
9.987524851726983233e-01 8.937329309412996858e-01 1.298732739096885247e+00
9.987765844015680239e-01 8.938069472874529131e-01 1.298718908716545162e+00
9.988015577918140098e-01 8.938837407607185259e-01 1.298704451984516561e+00
9.988274800149772314e-01 8.939635616277468166e-01 1.298689306487997630e+00
9.988544362552871370e-01 8.940466975079561784e-01 1.298673399994956901e+00
9.988753905693313895e-01 8.941114224215177542e-01 1.298660920198374313e+00
9.988970266660069930e-01 8.941783529740174874e-01 1.298647924859559044e+00
9.989270221423027785e-01 8.942713207087295002e-01 1.298629716827657932e+00
9.989504550052760168e-01 8.943440950918452037e-01 1.298615329819709396e+00
9.989747628014434833e-01 8.944197338362070981e-01 1.298600248028749293e+00
9.990051947931041232e-01 8.945146612953488452e-01 1.298581130180042287e+00
9.990263205772492716e-01 8.945807225859921941e-01 1.298567697047350755e+00
9.990481762035228197e-01 8.946492220052731925e-01 1.298553654967238069e+00
9.990785530834477290e-01 8.947447150788063741e-01 1.298533882941025563e+00
9.991023505581886344e-01 8.948197683724163909e-01 1.298518175322884494e+00
9.991271012511192540e-01 8.948980700360463780e-01 1.298501624979558455e+00
9.991528929002418957e-01 8.949799469159266385e-01 1.298484135363468850e+00
9.991798280720175507e-01 8.950657850186519715e-01 1.298465592065075169e+00
9.991984794926396241e-01 8.951254369475388772e-01 1.298452577247692918e+00
9.992177328124328684e-01 8.951872140079532025e-01 1.298438987020353208e+00
9.992478392564185796e-01 8.952842558093094816e-01 1.298417405897075882e+00
9.992688036569071786e-01 8.953521617703288360e-01 1.298402126901095910e+00
9.992905497192673403e-01 8.954229102125490503e-01 1.298386049259058206e+00
9.993131439165223728e-01 8.954967733859898749e-01 1.298369085213651797e+00
9.993247827739355493e-01 8.955349708963992184e-01 1.298360238740760675e+00
9.993487959678186705e-01 8.956141280949340144e-01 1.298341746813805209e+00
9.993674973098491954e-01 8.956761172120313308e-01 1.298327111138227297e+00
9.993868412429605108e-01 8.957405744289334004e-01 1.298311747200348476e+00
9.994068783400280598e-01 8.958077293416059073e-01 1.298295579917923659e+00
9.994276648665150198e-01 8.958778412324798213e-01 1.298278521991392154e+00
9.994492639380627708e-01 8.959512052952042227e-01 1.298260470930546973e+00
9.994641497712507539e-01 8.960020891141968757e-01 1.298247825620055584e+00
9.994872678435071656e-01 8.960816773478453845e-01 1.298227839094010960e+00
9.995032449859110324e-01 8.961371053924345187e-01 1.298213763632296569e+00
9.995197091961360858e-01 8.961946127095700154e-01 1.298199022951296744e+00
9.995366937452522249e-01 8.962543800642264191e-01 1.298183552288683540e+00
9.995542352050760249e-01 8.963166083501219461e-01 1.298167276491487998e+00
9.995632269244164592e-01 8.963487142072057434e-01 1.298158809534512459e+00
9.995816803494208536e-01 8.964150796610371730e-01 1.298141157961381298e+00
9.996007985421709874e-01 8.964845466842492616e-01 1.298122451463159965e+00
9.996106220069089776e-01 8.965205384633957442e-01 1.298112660775513127e+00
9.996308346586166849e-01 8.965952852336773748e-01 1.298092109600534005e+00
9.996412368419599348e-01 8.966341329969054197e-01 1.298081301780075636e+00
9.996572341019539509e-01 8.966944207120602917e-01 1.298064351967189722e+00
9.996654165764250477e-01 8.967255247573343580e-01 1.298055515845350838e+00
9.996737268852544656e-01 8.967573109147518595e-01 1.298046419875112711e+00
9.996907478591154916e-01 8.968230724235387585e-01 1.298027382913091943e+00
9.997083254080765258e-01 8.968919756844331292e-01 1.298007079273919562e+00
9.997203659123680142e-01 8.969398012932984221e-01 1.297992739760178926e+00
9.997295716088870909e-01 8.969767374996080456e-01 1.297981512091576528e+00
9.997389315847620139e-01 8.970146431905905438e-01 1.297969838782883967e+00
9.997484485856261704e-01 8.970535682615590201e-01 1.297957676513544989e+00
9.997581247233376933e-01 8.970935649385642918e-01 1.297944974054134670e+00
9.997679612228204116e-01 8.971346870256021733e-01 1.297931669007622357e+00
9.997739394289327786e-01 8.971599197969168937e-01 1.297923365995592215e+00
9.997820000854189537e-01 8.971942475524163907e-01 1.297911887386275831e+00
9.997929051550846768e-01 8.972412807129666046e-01 1.297895777691548069e+00
9.997984214594728414e-01 8.972653454659449412e-01 1.297887338545498093e+00
9.998039795735214064e-01 8.972897886941936241e-01 1.297878621549230171e+00
9.998095779159665852e-01 8.973146158546310147e-01 1.297869613367488295e+00
9.998208912998742814e-01 8.973654571344288344e-01 1.297850679593205658e+00
9.998265973426959663e-01 8.973914525775346096e-01 1.297840768504466391e+00
9.998323339786087116e-01 8.974178366732632472e-01 1.297830608331213220e+00
9.998380985682069344e-01 8.974446068211539007e-01 1.297820282466893405e+00
9.998467947419584778e-01 8.974854844735394854e-01 1.297805023020947912e+00
9.998526250026127382e-01 8.975132204993155893e-01 1.297795294340459593e+00
9.998555514960351109e-01 8.975272409318174605e-01 1.297790721088807553e+00
9.998614299637414993e-01 8.975555971586107740e-01 1.297782250778283908e+00
9.998643847881024671e-01 8.975699464633264402e-01 1.297778390337839705e+00
9.998673512895481785e-01 8.975844156196087775e-01 1.297774783202535032e+00
9.998733233069112547e-01 8.976137319906801748e-01 1.297768297058961240e+00
9.998793574077052826e-01 8.976436047073261815e-01 1.297762720884807708e+00
9.998824016846992180e-01 8.976587711110485257e-01 1.297760244544063912e+00
9.998854656500272275e-01 8.976740995671553813e-01 1.297757958808234635e+00
9.998916573648619632e-01 8.977052707062797010e-01 1.297753914307688605e+00
9.998979452562853920e-01 8.977371952346701045e-01 1.297750498323732238e+00
9.999043416463473388e-01 8.977699522510680374e-01 1.297747625028699447e+00
9.999125084778498485e-01 8.978121968657044594e-01 1.297744664638967427e+00
9.999175115050784601e-01 8.978383151308355625e-01 1.297743152478229911e+00
9.999243130945403291e-01 8.978741218680514891e-01 1.297741372028236251e+00
9.999312785469907094e-01 8.979111591123568603e-01 1.297739785174359950e+00
9.999348281186141163e-01 8.979301804043040569e-01 1.297739039137021377e+00
9.999420696978659207e-01 8.979693042191521091e-01 1.297737598445751983e+00
9.999476355849528098e-01 8.979996730827760620e-01 1.297736522420566807e+00
9.999533256625676714e-01 8.980309967453838915e-01 1.297735414221115491e+00
9.999611203631671996e-01 8.980743777682739237e-01 1.297733826369858123e+00
9.999671357732496935e-01 8.981082421282777783e-01 1.297732501809700345e+00
9.999724755022235678e-01 8.981385947775677447e-01 1.297731225272770628e+00
9.999792197722634501e-01 8.981773380774419335e-01 1.297729443726009180e+00
9.999826680284464864e-01 8.981973272583392287e-01 1.297728447338028390e+00
9.999897257606218393e-01 8.982386348073038151e-01 1.297726201431237403e+00
9.999933403873831894e-01 8.982600005750622785e-01 1.297724932091184114e+00
9.999970151280588304e-01 8.982818719120354567e-01 1.297723551398598296e+00
9.999985024668397449e-01 8.982907679914492460e-01 1.297722965364579650e+00
