# -74 2 0.144454850879 1.75490562564e-05
# x xi_r xi_h
1.310287751119751072e-03 1.758420166601079018e+02 7.298829161355101292e+01
1.460995662986557019e-03 1.841950992498641142e+02 7.235393062471227665e+01
1.650884358646134958e-03 1.902217791009123573e+02 6.848112062130775257e+01
1.840773054305712029e-03 1.912600686728702897e+02 6.143580012871758100e+01
2.080034956818093209e-03 1.857951681348531565e+02 4.869519000050397040e+01
2.319296859330475039e-03 1.734760595842224973e+02 3.275669838545623946e+01
2.520287072229036949e-03 1.586090257746407133e+02 1.794486038770171632e+01
2.721277285127598859e-03 1.404951738980501830e+02 2.765558364532619162e+00
2.922267498026161203e-03 1.200291227358228099e+02 -1.188361481776964546e+01
3.112225549436466957e-03 9.936830311508020941e+01 -2.446997936813724550e+01
3.302183600846774012e-03 7.824950990702602382e+01 -3.520669237330694301e+01
3.492141652257081067e-03 5.743781806203278961e+01 -4.359073357376865943e+01
3.682099703667386821e-03 3.763630757851608877e+01 -4.926337488758377958e+01
3.921500270735109317e-03 1.507577962969008034e+01 -5.234135296426188688e+01
4.160900837802832680e-03 -3.968141222489689479e+00 -5.078749275815777509e+01
4.400301404870555176e-03 -1.882450108740046701e+01 -4.498158714698350025e+01
4.639701971938277672e-03 -2.915982157461487390e+01 -3.566328472638733160e+01
4.869433365318841418e-03 -3.481997878046230710e+01 -2.435224681003017011e+01
5.099164758699403430e-03 -3.657467982923060390e+01 -1.180534494926104649e+01
5.328896152079966309e-03 -3.490898586886824262e+01 8.633353421961013074e-01
5.558627545460530055e-03 -3.047611012509050710e+01 1.257967520516317350e+01
5.787748083093968016e-03 -2.405704135062746829e+01 2.237721244019273925e+01
6.016868620727404242e-03 -1.644620529855850322e+01 2.955794534108473925e+01
6.245989158360841335e-03 -8.432126218363356074e+00 3.364982603086295398e+01
6.507314466583081353e-03 2.718020914781180686e-01 3.435499259936072036e+01
6.768639774805322237e-03 7.695327277581176517e+00 3.101339360225189878e+01
7.029965083027563122e-03 1.320570406268520536e+01 2.425526186890245839e+01
7.291290391249803139e-03 1.645188424028826546e+01 1.506498100983940169e+01
7.588259160035928062e-03 1.732774448497859510e+01 3.242296938038149001e+00
7.885227928822052118e-03 1.551077107712237613e+01 -8.302337087715688568e+00
8.182196697608175306e-03 1.162493176961110208e+01 -1.785427327079674242e+01
8.479165466394300230e-03 6.501418120312168369e+00 -2.409311493921028813e+01
8.776134235180425153e-03 1.041146494356011143e+00 -2.626796349727289126e+01
9.062891590263655664e-03 -3.765394084379215300e+00 -2.440458601106297110e+01
9.349648945346886175e-03 -7.493795901650722513e+00 -1.912592296888445986e+01
9.636406300430114952e-03 -9.749915519335145220e+00 -1.136557300914829227e+01
9.923163655513347198e-03 -1.038117509100682589e+01 -2.361772699620378280e+00
1.020992101059657944e-02 -9.471587140256936266e+00 6.531789014319168807e+00
1.049667836567980995e-02 -7.306468852851307538e+00 1.404290016836243105e+01
1.078343572076304047e-02 -4.314172881970913309e+00 1.915745018732125970e+01
1.107585216327150977e-02 -9.306458732816048629e-01 2.126271892228444216e+01
1.136826860577998081e-02 2.268095355277155001e+00 2.006419645064450918e+01
1.166068504828845012e-02 4.833295483060171094e+00 1.589270684965894809e+01
1.195310149079691076e-02 6.449024749571065307e+00 9.506680845036115102e+00
1.224551793330539047e-02 6.964800573377115889e+00 1.960996154875837005e+00
1.253793437581384937e-02 6.402179614829027976e+00 -5.562331889429872334e+00
1.283035081832233082e-02 4.936622337226215684e+00 -1.193509075183903612e+01
1.312276726083078972e-02 2.859226352283336325e+00 -1.624826831197375299e+01
1.341518370333926076e-02 5.253353986929922836e-01 -1.793811124452439643e+01
1.372371033175165053e-02 -1.811970957525118386e+00 -1.672716613143839126e+01
1.403223696016404030e-02 -3.661983493433175862e+00 -1.276981060824673442e+01
1.434076358857643008e-02 -4.763616841968805637e+00 -6.833400960940155144e+00
1.464929021698880944e-02 -4.997299367103664736e+00 1.822034154270640513e-02
1.495781684540119921e-02 -4.392671039940141853e+00 6.611680789648064049e+00
1.526634347381359072e-02 -3.112113258046760755e+00 1.186170476698535303e+01
1.557487010222598049e-02 -1.414554087731819232e+00 1.494661027486742277e+01
1.588339673063835986e-02 3.932643006791528562e-01 1.543371039484520679e+01
1.619192335905075136e-02 2.009439657504838994e+00 1.333591641018243301e+01
1.650044998746313940e-02 3.184885095415684653e+00 9.092847252048752438e+00
1.680897661587552050e-02 3.759386262378913379e+00 3.482422034151541723e+00
1.711941423928450140e-02 3.678546923374567790e+00 -2.555361364479676212e+00
1.742985186269348924e-02 2.994980891688575841e+00 -7.968127536258641896e+00
1.774028948610247014e-02 1.860921040874386367e+00 -1.187358632275432058e+01
1.805072710951145104e-02 4.917369593074791267e-01 -1.367008118415341578e+01
1.836116473292042847e-02 -8.731278146119620942e-01 -1.312660100410777630e+01
1.867160235632940937e-02 -2.010476088671256711e+00 -1.040850925157458207e+01
1.898203997973839027e-02 -2.748407864487953045e+00 -6.036809811498531353e+00
1.929247760314737117e-02 -2.990828621688071731e+00 -7.898600884132782607e-01
1.960291522655635901e-02 -2.728161090294841440e+00 4.434261942116109800e+00
1.991335284996533991e-02 -2.033424110070512381e+00 8.770554462757704783e+00
2.022379047337432081e-02 -1.045246067347169960e+00 1.152913703582631477e+01
2.053422809678330171e-02 5.861676856886575276e-02 1.230330884404866509e+01
2.083870335922823058e-02 1.074708582154437320e+00 1.106771006819208480e+01
2.114317862167315945e-02 1.868339475006402406e+00 8.112092757969156409e+00
2.144765388411808138e-02 2.328223436832815629e+00 3.955087114662610759e+00
2.175212914656301025e-02 2.401155768329435780e+00 -7.126441641507997860e-01
2.205660440900793912e-02 2.096737600260732304e+00 -5.142858784488019808e+00
2.236107967145287145e-02 1.482180639998837313e+00 -8.648778487827950556e+00
2.266555493389780032e-02 6.686251791494965957e-01 -1.070997494330909561e+01
2.297003019634272919e-02 -2.084031222175279363e-01 -1.104740031836760217e+01
2.327450545878765112e-02 -1.011060386650991516e+00 -9.658193631547678848e+00
2.357898072123257999e-02 -1.620278913752811523e+00 -6.806558228508889030e+00
2.388999902351006052e-02 -1.956475760322525348e+00 -2.887785337228544691e+00
2.420101732578754106e-02 -1.965721924168801094e+00 1.395883937264190688e+00
2.451203562806502159e-02 -1.662870108231055744e+00 5.349280585098778573e+00
2.482305393034249866e-02 -1.111052449976380085e+00 8.351340727219648485e+00
2.513407223261997919e-02 -4.091510127376221662e-01 9.951105426862813630e+00
2.544509053489744932e-02 3.255694751914324780e-01 9.933314855980963642e+00
2.575610883717492985e-02 9.766881367718794893e-01 8.344484574493396423e+00
2.606712713945241039e-02 1.446636159323596127e+00 5.476935740540191944e+00
2.637814544172989092e-02 1.670787922206472542e+00 1.814926654044725307e+00
2.668916374400737146e-02 1.625702555542703154e+00 -2.047241583391439690e+00
2.700018204628484852e-02 1.330594634101724072e+00 -5.501337338458028192e+00
2.731120034856232906e-02 8.421992000122769939e-01 -8.020096060382041259e+00
2.762221865083979919e-02 2.441890149190520110e-01 -9.236295186952380831e+00
2.793323695311727972e-02 -3.669424261855350200e-01 -8.994428732004715599e+00
2.826513052570591919e-02 -9.270741373541028230e-01 -7.220858518273432836e+00
2.859702409829455866e-02 -1.303353659754008964e+00 -4.228190180279450594e+00
2.892891767088319119e-02 -1.439336895591526666e+00 -5.671740792666412068e-01
2.926081124347183066e-02 -1.322373483991009957e+00 3.111459914964601392e+00
2.959270481606045972e-02 -9.835640130371043899e-01 6.172106904570235919e+00
2.992459838864909918e-02 -4.903132216733490090e-01 8.102965044551849516e+00
3.025649196123773171e-02 6.686176314588208880e-02 8.599961381795395710e+00
3.058838553382637118e-02 5.907402787191078364e-01 7.612496894498680611e+00
3.092027910641501065e-02 9.940997506385034210e-01 5.344564251721935833e+00
3.125217267900363971e-02 1.213899342819077853e+00 2.212593160099891154e+00
3.158406625159228265e-02 1.220709378243296506e+00 -1.231351964368027074e+00
3.191595982418091171e-02 1.022063332862379381e+00 -4.396863462650464349e+00
3.224785339676954771e-02 6.594899159372773489e-01 -6.755876594091186682e+00
3.257974696935817677e-02 2.000427885459521160e-01 -7.929706731686912313e+00
3.291164054194681970e-02 -2.759888215894568675e-01 -7.748302284153823827e+00
3.324353411453546264e-02 -6.889653006804006274e-01 -6.272741124385456501e+00
3.357542768712409170e-02 -9.730099205178831534e-01 -3.778461324055793824e+00
3.390732125971272770e-02 -1.086234683958804403e+00 -7.033484854459304270e-01
3.423921483230135676e-02 -1.016547922077728261e+00 2.429509304302998274e+00
3.457110840488999970e-02 -7.823153974447573100e-01 5.100748430426533808e+00
3.491112367483018009e-02 -4.186353885165221556e-01 6.909447304141297153e+00
3.525113894477036047e-02 3.976520824628410576e-03 7.494276341832506461e+00
3.559115421471054780e-02 4.114002501023780733e-01 6.781940832653392981e+00
3.593116948465072819e-02 7.350853864501709634e-01 4.922353985699822410e+00
3.627118475459092245e-02 9.233618022012304305e-01 2.257043656780998830e+00
3.661120002453110284e-02 9.494050876182841270e-01 -7.439236743653430128e-01
3.695121529447128322e-02 8.146869738219282286e-01 -3.564878911705534836e+00
3.729123056441145667e-02 5.475486560013853587e-01 -5.732769746824257773e+00
3.763124583435163706e-02 1.973617108057336977e-01 -6.895676011377205761e+00
3.797126110429181745e-02 -1.745502335328938115e-01 -6.878747199075911922e+00
3.831127637423199783e-02 -5.055765634553759380e-01 -5.708886159629321888e+00
3.865129164417219210e-02 -7.422360896402183661e-01 -3.605010557519700232e+00
3.899130691411237248e-02 -8.486380633272682106e-01 -9.365742846896671914e-01
3.933132218405255287e-02 -8.116842556045074097e-01 1.841765607263236459e+00
3.967133745399273326e-02 -6.423060113086950240e-01 4.267741175029363454e+00
4.001135272393290671e-02 -3.727138512296523931e-01 5.948079351146480676e+00
4.035136799387308709e-02 -5.029049107732833784e-02 6.621484572938270752e+00
4.069138326381326748e-02 2.707243706470000011e-01 6.198045151865708036e+00
4.103139853375346174e-02 5.383050345507651713e-01 4.769344002473522082e+00
4.137141380369364213e-02 7.109618081317736760e-01 2.588576281567430915e+00
4.171142907363382252e-02 7.640040266548403514e-01 2.492411501318844008e-02
4.205144434357400290e-02 6.928309536855282724e-01 -2.499502600274523534e+00
4.239145961351419023e-02 5.128611599788798214e-01 -4.579312958786980303e+00
4.273147488345437062e-02 2.562699015155558424e-01 -5.890560467564698754e+00
4.307149015339455100e-02 -3.379398923059009213e-02 -6.240278649468599781e+00
4.325489917444660243e-02 -1.890177011067942503e-01 -6.005449079114767663e+00
4.343830819549863304e-02 -3.328470800614577452e-01 -5.487135938849990957e+00
4.362171721655067058e-02 -4.586831907933811014e-01 -4.713446722200451688e+00
4.380512623760270813e-02 -5.609123545733845084e-01 -3.724177558373858776e+00
4.398853525865475261e-02 -6.351478076700571851e-01 -2.568722029202201718e+00
4.417194427970679016e-02 -6.784073863425019724e-01 -1.303568190233208801e+00
4.435535330075882771e-02 -6.892207070971275717e-01 1.048801080568737519e-02
4.453876232181087219e-02 -6.676628324480016197e-01 1.311274688319476134e+00
4.472217134286290280e-02 -6.153149540276565688e-01 2.538179936679120008e+00
4.490558036391494035e-02 -5.351560190155872920e-01 3.634953901403941590e+00
4.527239840601902238e-02 -3.122632187074145249e-01 5.239792408768312093e+00
4.563921644812309747e-02 -4.035756978856033794e-02 5.884080004961263377e+00
4.600603449022717950e-02 2.310838922820173946e-01 5.475919998435190728e+00
4.637285253233124765e-02 4.545613035536504865e-01 4.111297385032834484e+00
4.673967057443533663e-02 5.927352943418315867e-01 2.050928067563711377e+00
4.710648861653941866e-02 6.244520228038950016e-01 -3.306964535002536176e-01
4.747330665864348681e-02 5.476884763312085402e-01 -2.613979582145671721e+00
4.784012470074756884e-02 3.790794530201394008e-01 -4.407974374212031421e+00
4.820694274285165087e-02 1.502900963335557782e-01 -5.416362704897575320e+00
4.857376078495573291e-02 -9.798362839824960313e-02 -5.484774351266124448e+00
4.894057882705980800e-02 -3.232509026340796843e-01 -4.622266480255869503e+00
4.931285321897629220e-02 -4.902300188678321846e-01 -2.966723591102557123e+00
4.968512761089276947e-02 -5.686502078921411574e-01 -8.264016178468296392e-01
5.005740200280924673e-02 -5.478394520219461716e-01 1.421143570847206661e+00
5.042967639472573094e-02 -4.343611124519797806e-01 3.389838874871351937e+00
5.080195078664220820e-02 -2.502175667195167819e-01 4.750778947011331965e+00
5.117422517855869241e-02 -2.854243435226836920e-02 5.286065065938632124e+00
5.154649957047517661e-02 1.923806053446127373e-01 4.922214233326815958e+00
5.191877396239164694e-02 3.756993000305896557e-01 3.738297293402873311e+00
5.229104835430813114e-02 4.920559436242143425e-01 1.948358982192181843e+00
5.266332274622462228e-02 5.241545795021372856e-01 -1.380365893930041166e-01
5.303559713814109261e-02 4.691492722869006204e-01 -2.169811308062937982e+00
5.340787153005757681e-02 3.385617727473360095e-01 -3.813479030481023546e+00
5.378014592197404714e-02 1.558556828643835046e-01 -4.807424994804478047e+00
5.415242031389053134e-02 -4.782958485616686795e-02 -5.002613828060693102e+00
5.452469470580702249e-02 -2.390073441386351139e-01 -4.383556460554945744e+00
5.489696909772349281e-02 -3.873235195026064615e-01 -3.066848220552274018e+00
5.526924348963997702e-02 -4.702982025615169981e-01 -1.278364326917898142e+00
5.564151788155646122e-02 -4.766034223078392529e-01 6.863701687528096507e-01
5.601379227347293849e-02 -4.074239041553146534e-01 2.511579586170104683e+00
5.638606666538942269e-02 -2.757775856809074888e-01 3.912076021051794417e+00
5.675834105730589996e-02 -1.040038119457331184e-01 4.677345856931330204e+00
5.713557747568415168e-02 8.243565371021045751e-02 4.697603012924763455e+00
5.751281389406241035e-02 2.516770510696650920e-01 3.972490843258764670e+00
5.789005031244066207e-02 3.776420111295586413e-01 2.633752597933787243e+00
5.826728673081892074e-02 4.419458009351762695e-01 9.054709315858427976e-01
5.864452314919717246e-02 4.364241620710261338e-01 -9.345500018792365360e-01
5.902175956757541725e-02 3.639494272441555767e-01 -2.599944355202863822e+00
5.939899598595368285e-02 2.375117173321208419e-01 -3.840099819393310465e+00
5.977623240433192764e-02 7.780920939340349451e-02 -4.476878414075629919e+00
6.015346882271019324e-02 -9.019912498827933889e-02 -4.428617447989922518e+00
6.053070524108843803e-02 -2.412007796207196464e-01 -3.718554297347694160e+00
6.090794165946669669e-02 -3.532913169785779073e-01 -2.467328334568120063e+00
6.128517807784496230e-02 -4.110477966440624353e-01 -8.715687882603306846e-01
6.149838126173343134e-02 -4.165638315117921042e-01 1.004862729639405400e-01
6.171158444562190731e-02 -4.020468102805635491e-01 1.058925108415649907e+00
6.192478762951038329e-02 -3.685063349901345209e-01 1.958139582572522075e+00
6.213799081339885233e-02 -3.178365492952888727e-01 2.756069352565581276e+00
6.235119399728732831e-02 -2.527064878601975040e-01 3.416117292811301276e+00
6.256439718117580429e-02 -1.764168958560317357e-01 3.908766509481124807e+00
6.277760036506427332e-02 -9.273115787023394896e-02 4.212831225685963688e+00
6.299080354895275624e-02 -5.688932982457104229e-03 4.316292482636628236e+00
6.320400673284122528e-02 8.058837551978700886e-02 4.216689980384482617e+00
6.341720991672969432e-02 1.620910906969041942e-01 3.921062504204906762e+00
6.384361628450666015e-02 2.952231285101166725e-01 2.831403415350794095e+00
6.427002265228359823e-02 3.730152350374313919e-01 1.254238057766496217e+00
6.469642902006055019e-02 3.832970061606655321e-01 -5.209083157706942968e-01
6.512283538783750214e-02 3.261452417181277541e-01 -2.177578210464185204e+00
6.554924175561444022e-02 2.133844975837662084e-01 -3.428599002589330702e+00
6.597564812339139217e-02 6.607459505513312015e-02 -4.065088453156784354e+00
6.640205449116834413e-02 -8.948109757303090994e-02 -3.990058026962551185e+00
6.682846085894529609e-02 -2.264476512823283549e-01 -3.231458880370485787e+00
6.725486722672224804e-02 -3.220497690884631115e-01 -1.933293946724741197e+00
6.768127359449918612e-02 -3.612674475352625203e-01 -3.272513129149070554e-01
6.810767996227613807e-02 -3.390557586065731099e-01 1.309464780051888377e+00
6.854182003929965017e-02 -2.589870684912719545e-01 2.723300249833412678e+00
6.897596011632314839e-02 -1.362138938081005335e-01 3.647628302315817361e+00
6.941010019334666048e-02 7.209480974528052755e-03 3.935795018294172110e+00
6.984424027037017257e-02 1.464988342152798162e-01 3.553312360084889931e+00
7.027838034739368467e-02 2.584147929988202530e-01 2.579593078262796713e+00
7.071252042441718288e-02 3.250741036563891129e-01 1.190503288444022534e+00
7.114666050144069498e-02 3.366893115625325672e-01 -3.743933854978448994e-01
7.158080057846419320e-02 2.928435239736155715e-01 -1.853698911769173119e+00
7.201494065548770529e-02 2.021719163075897940e-01 -3.007798727419936480e+00
7.244908073251121738e-02 8.058955748954707565e-02 -3.657014923141909346e+00
7.288322080953472948e-02 -5.156798493430621994e-02 -3.708380513576276183e+00
7.331736088655822769e-02 -1.729726501543421280e-01 -3.167302404404513716e+00
7.375150096358173979e-02 -2.647233478746273128e-01 -2.133023451395231973e+00
7.419305697663924892e-02 -3.136138519573954397e-01 -7.554908824286499236e-01
7.463461298969675806e-02 -3.111666845960229799e-01 7.221468274362260464e-01
7.507616900275426719e-02 -2.591554659464634369e-01 2.061266340055634583e+00
7.551772501581177632e-02 -1.671411369000188329e-01 3.052837786992296021e+00
7.595928102886928546e-02 -5.063351010271979757e-02 3.549253178424550015e+00
7.640083704192679459e-02 7.158368911125884138e-02 3.484927705287714339e+00
7.684239305498430372e-02 1.804976574730387529e-01 2.883124270411936418e+00
7.728394906804181286e-02 2.597900469761105224e-01 1.848770837218530971e+00
7.772550508109932199e-02 2.982010263978347453e-01 5.492042073924564560e-01
7.816706109415683112e-02 2.910109884755973653e-01 -8.135351054899324641e-01
7.860861710721434026e-02 2.404714376916328444e-01 -2.034224676446193314e+00
7.907004175851901906e-02 1.508522567111694745e-01 -2.964981188571182091e+00
7.953146640982367011e-02 3.874616053747494127e-02 -3.406461112050371387e+00
7.999289106112834891e-02 -7.745425163856077544e-02 -3.299313827248057773e+00
8.045431571243301383e-02 -1.793172521048308765e-01 -2.672372936361765650e+00
8.091574036373769263e-02 -2.512543031659918991e-01 -1.635060889629528003e+00
8.137716501504235755e-02 -2.828300839535903832e-01 -3.576119979315492969e-01
8.183858966634702248e-02 -2.701739879393346699e-01 9.573070960905398774e-01
8.230001431765168740e-02 -2.163219178812754717e-01 2.106852595973165432e+00
8.276143896895636620e-02 -1.304893744302241809e-01 2.919033350665368065e+00
8.322286362026103113e-02 -2.643909137135241547e-02 3.277834652883939714e+00
8.368428827156570993e-02 7.976515949778816006e-02 3.138869518718797380e+00
8.414571292287037485e-02 1.722499642123199726e-01 2.533596266532515795e+00
8.460713757417503977e-02 2.376832731490032269e-01 1.561968869597160081e+00
8.507417896077572317e-02 2.672563201915593156e-01 3.604222135552863082e-01
8.554122034737642044e-02 2.565281903982522538e-01 -8.772929349841137592e-01
8.600826173397713159e-02 2.080922465794400877e-01 -1.967227426022418957e+00
8.647530312057782886e-02 1.299870893596830335e-01 -2.752684835387398277e+00
8.694234450717849838e-02 3.430478510988908131e-02 -3.126152795518347016e+00
8.740938589377920953e-02 -6.472414762879524774e-02 -3.043127276615468002e+00
8.787642728037989293e-02 -1.528638764712266229e-01 -2.526184434180587246e+00
8.834346866698060408e-02 -2.179049945696863444e-01 -1.659163908133304499e+00
8.881051005358128747e-02 -2.513083241322337513e-01 -5.727835859222524251e-01
8.927249613444182552e-02 -2.494540914181648805e-01 5.638398101211964386e-01
8.973448221530234969e-02 -2.140275501220155197e-01 1.605697552991476318e+00
9.019646829616287387e-02 -1.506412936916929068e-01 2.416002306407415201e+00
9.065845437702341192e-02 -6.839994837734285349e-02 2.894244522297261923e+00
9.112044045788392221e-02 2.146831810195973245e-02 2.987334088130214838e+00
9.158242653874446026e-02 1.071650480039656461e-01 2.693672675729037014e+00
9.185990558262246974e-02 1.523057749274150663e-01 2.346174702857415806e+00
9.213738462650046535e-02 1.898660121065840756e-01 1.891839479171832927e+00
9.269234271425648430e-02 2.359221854764459447e-01 7.712274376252882258e-01
9.324730080201248938e-02 2.392186243739886642e-01 -4.685662676277219107e-01
9.380225888976850834e-02 2.003304741972503356e-01 -1.606590717826938741e+00
9.435721697752449955e-02 1.271633638798444210e-01 -2.446703920665402432e+00
9.491217506528051850e-02 3.327693564697227491e-02 -2.850282019840532310e+00
9.546713315303652359e-02 -6.467413584919305680e-02 -2.757854255642753216e+00
9.602209124079254254e-02 -1.499046604102970970e-01 -2.196446467699934679e+00
9.657704932854854762e-02 -2.083477512258078423e-01 -1.271925483843725946e+00
9.711274250401923103e-02 -2.307777582355540202e-01 -1.872917616719816936e-01
9.764843567948991443e-02 -2.170328543261899612e-01 9.108010903291097193e-01
9.818412885496061171e-02 -1.701245931110735576e-01 1.852963720284811933e+00
9.871982203043128123e-02 -9.802690691212130603e-02 2.498756614543250265e+00
9.925551520590197851e-02 -1.226708671582575107e-02 2.756929910157574604e+00
9.979120838137264804e-02 7.395189860478569577e-02 2.597379449482362102e+00
1.003269015568433037e-01 1.477915328620274527e-01 2.053396955147259284e+00
1.008625947323140010e-01 1.986669778186867519e-01 1.214322700099303765e+00
1.013982879077846982e-01 2.197122697158017390e-01 2.101522324681622811e-01
1.019196887189594974e-01 2.093111905532561989e-01 -7.836983867579039309e-01
1.024410895301341995e-01 1.705832650903421066e-01 -1.655759930558358795e+00
1.029624903413089987e-01 1.094561380502815651e-01 -2.291271434366429993e+00
1.034838911524837979e-01 3.464724343818913199e-02 -2.611390406700987210e+00
1.040052919636584999e-01 -4.362151054229215091e-02 -2.581911117414711132e+00
1.045266927748332991e-01 -1.150316823762239371e-01 -2.215511675500343003e+00
1.051400246805940936e-01 -1.778992926977937539e-01 -1.434803704173366334e+00
1.057533565863548047e-01 -2.086262298625850276e-01 -4.160792843464783397e-01
1.063666884921155992e-01 -2.027697412556565548e-01 6.582412566636471896e-01
1.069800203978762965e-01 -1.623174380004789863e-01 1.602617944091783153e+00
1.075933523036371048e-01 -9.505363866913686677e-02 2.260178136622277290e+00
1.081580523569587032e-01 -1.953250277194268705e-02 2.522518892897878562e+00
1.087227524102803017e-01 5.760924178497601328e-02 2.424172753769550770e+00
1.092874524636019973e-01 1.255429445616136619e-01 1.988857180830187810e+00
1.098521525169235957e-01 1.751161638789748010e-01 1.285906445763970840e+00
1.104461325367779023e-01 2.005600368612056594e-01 3.720431378289742463e-01
1.110401125566321950e-01 1.957237748070307370e-01 -5.831281351479685737e-01
1.116340925764865016e-01 1.620895315386149671e-01 -1.437899855391091997e+00
1.122280725963407944e-01 1.052924677737203524e-01 -2.069883962312355941e+00
1.128220526161951009e-01 3.412674376664161235e-02 -2.392994591559018058e+00
1.134060008840173939e-01 -3.964659952714928021e-02 -2.371757868450468987e+00
1.139899491518396035e-01 -1.068981519478430647e-01 -2.025576745568632653e+00
1.145738974196618964e-01 -1.586582086967615879e-01 -1.409744713474446742e+00
1.151578456874842032e-01 -1.883560145970138988e-01 -6.139281832943314088e-01
1.157417939553063990e-01 -1.925885768578536605e-01 2.514407387207355238e-01
1.163163554681377054e-01 -1.719418366070106785e-01 1.058742350485926353e+00
1.168909169809689980e-01 -1.298874337549967284e-01 1.720490756793423115e+00
1.174654784938004015e-01 -7.219722870977729468e-02 2.157612818450572068e+00
1.180400400066316940e-01 -6.381964514447578674e-03 2.321652980951343981e+00
1.186146015194630005e-01 5.930761319796282183e-02 2.199301517646498727e+00
1.189682089753304056e-01 9.639869872594263034e-02 1.987906808197421160e+00
1.193218164311977969e-01 1.286761216942058084e-01 1.685857096160359392e+00
1.200290313429325934e-01 1.731176991593919579e-01 8.851103260466728351e-01
1.207362462546674037e-01 1.863566316357539998e-01 -5.791497675452768334e-02
1.214434611664022001e-01 1.669547269906949127e-01 -9.751020564948830183e-01
1.221403590722684035e-01 1.199854852281289214e-01 -1.701009179686385986e+00
1.228372569781346069e-01 5.390754268503431673e-02 -2.134176200673168822e+00
1.235341548840007964e-01 -1.996417802117261137e-02 -2.211478130687661636e+00
1.242310527898669997e-01 -8.947166261021113898e-02 -1.929836102182616253e+00
1.249199642383859027e-01 -1.431254621198259636e-01 -1.352113032391570213e+00
1.256088756869047918e-01 -1.738459349483968963e-01 -5.747243872535265918e-01
1.262977871354236947e-01 -1.775529083745542025e-01 2.772900713469593770e-01
1.269801736787574131e-01 -1.547663005492837807e-01 1.065037521037191182e+00
1.276625602220911870e-01 -1.097398104268907798e-01 1.682116380188085181e+00
1.283383226857451875e-01 -5.020808428908205001e-02 2.044672643040633897e+00
1.290140851493992991e-01 1.546771786343186655e-02 2.117103285642999211e+00
1.296898476130534106e-01 7.807445294076680031e-02 1.896247839947133196e+00
1.303656100767074111e-01 1.291198516117391115e-01 1.418780592331492674e+00
1.310334062222101026e-01 1.617103490170564983e-01 7.646436929880220390e-01
1.317012023677127108e-01 1.726890112456274107e-01 2.068430124197473755e-02
1.323689985132154023e-01 1.611808608243161522e-01 -7.142002614819418227e-01
1.330315011698023075e-01 1.295405376151256838e-01 -1.342125639872307152e+00
1.336940038263891017e-01 8.220333490275305577e-02 -1.793558361438633009e+00
1.343565064829760070e-01 2.538195308928698282e-02 -2.017654663434045315e+00
1.350127571636738077e-01 -3.324280726154710958e-02 -1.994585012953562275e+00
1.356690078443716085e-01 -8.718816736456941330e-02 -1.736840100388726160e+00
1.363252585250694093e-01 -1.302769633310459918e-01 -1.280771673905309438e+00
1.369747936614179040e-01 -1.576128560008666080e-01 -6.903052995677356751e-01
1.376243287977663987e-01 -1.669866676160752239e-01 -3.077892931911787797e-02
1.382738639341148101e-01 -1.577645133316145920e-01 6.234015704534215940e-01
1.389233990704633048e-01 -1.313705015716987723e-01 1.200634361693551533e+00
1.395657048814820111e-01 -9.155149557530951887e-02 1.635994594263085133e+00
1.402080106925008007e-01 -4.259590517569478152e-02 1.893655178903704606e+00
1.408503165035195070e-01 1.019928622137455596e-02 1.950962382151656627e+00
1.414926223145382134e-01 6.131108758098754996e-02 1.806719331393493277e+00
1.423395568821196888e-01 1.172123269351246361e-01 1.347674802629297064e+00
1.431864914497011088e-01 1.521916814633618442e-01 6.656428094751826174e-01
1.440334260172826120e-01 1.609152141684981885e-01 -1.173977498347998638e-01
1.448719479772087870e-01 1.429501777108479477e-01 -8.611240242845444870e-01
1.457104699371351009e-01 1.021391446876694503e-01 -1.453559064735579165e+00
1.465489918970613870e-01 4.561633727250756498e-02 -1.804560409082790029e+00
1.473791511845158053e-01 -1.667656949984816506e-02 -1.866592712351912819e+00
1.482093104719703069e-01 -7.554817343328673607e-02 -1.642879952776240993e+00
1.490394697594248086e-01 -1.222085748868234484e-01 -1.175099736949691831e+00
1.498616400772035950e-01 -1.498631411727320561e-01 -5.460720194039292430e-01
1.506838103949824093e-01 -1.554960404122019968e-01 1.522641071390639922e-01
1.515059807127611957e-01 -1.388611646073940054e-01 8.184234308831841442e-01
1.523205105585085095e-01 -1.032637179951472611e-01 1.355227196071114415e+00
1.531350404042559066e-01 -5.399693103679070044e-02 1.698739929201335430e+00
1.539495702500031926e-01 1.933479361469736188e-03 1.807472577588075557e+00
1.547567892028325898e-01 5.642186512371269447e-02 1.675030572785237482e+00
1.555640081556619037e-01 1.028740988356214026e-01 1.326576388091113223e+00
1.563712271084913008e-01 1.355002650761427674e-01 8.121641232098787411e-01
1.571714424761531115e-01 1.504160220536648329e-01 2.063382299894886696e-01
1.579716578438148944e-01 1.464928197405513943e-01 -4.181563043186662942e-01
1.587718732114765940e-01 1.246220568886999835e-01 -9.833793097311469555e-01
1.593682299859416895e-01 9.827564762884435923e-02 -1.325485937801530678e+00
1.599645867604068128e-01 6.551999834656574428e-02 -1.573325022842336551e+00
1.607548172773561879e-01 1.645524722212263549e-02 -1.733513267432945426e+00
1.615450477943055907e-01 -3.391282067116162952e-02 -1.693113324026315203e+00
1.623352783112549935e-01 -7.983478555033261814e-02 -1.460684112088447284e+00
1.631192240213278077e-01 -1.159961652306180507e-01 -1.070030565074654660e+00
1.639031697314005942e-01 -1.390046001031004508e-01 -5.664936574419293658e-01
1.646871154414734917e-01 -1.466335811249116772e-01 -7.287728643857733883e-03
1.654650075841770929e-01 -1.385023526386341131e-01 5.421496128038096884e-01
1.662428997268806941e-01 -1.159051825807342895e-01 1.028270398140313624e+00
1.670207918695844063e-01 -8.149062600316472893e-02 1.401796935244506992e+00
1.677928708154781123e-01 -3.937708657368242660e-02 1.625568575628981494e+00
1.685649497613717074e-01 6.250742665615942675e-03 1.683143941532049048e+00
1.693370287072654135e-01 5.076399097055107196e-02 1.571689656276457958e+00
1.699128959626282909e-01 8.070718094802260822e-02 1.386131427358561208e+00
1.704887632179911960e-01 1.059555414327383455e-01 1.126314730178384238e+00
1.712525425599212003e-01 1.299713382926055705e-01 6.958305470233396850e-01
1.720163219018512046e-01 1.415139320660434852e-01 2.042651778899064463e-01
1.727801012437812922e-01 1.397307507286112971e-01 -3.021143625420683598e-01
1.735386115400147089e-01 1.251648064506841462e-01 -7.725200580393629668e-01
1.742971218362479868e-01 9.940357565735662149e-02 -1.168141527250008194e+00
1.750556321324814035e-01 6.496897664778109038e-02 -1.454791913499399181e+00
1.758090734592840931e-01 2.536092241182098111e-02 -1.608406688866927947e+00
1.765625147860866995e-01 -1.607169006013399459e-02 -1.620290201899557081e+00
1.773159561128893891e-01 -5.571558639975776606e-02 -1.492042841782924123e+00
1.780645185463007873e-01 -9.000950040622517079e-02 -1.239212990454225283e+00
1.788130809797122134e-01 -1.164307697711426948e-01 -8.848995058220386900e-01
1.795616434131235006e-01 -1.329221294550244348e-01 -4.604024040250646044e-01
1.806774417515888131e-01 -1.368428342523488050e-01 2.180809133792065146e-01
1.817932400900540979e-01 -1.165998919613367851e-01 8.490565948756217951e-01
1.829022533861615063e-01 -7.660120091648908724e-02 1.321676225274375005e+00
1.840112666822688869e-01 -2.408349020861639406e-02 1.563356515758110854e+00
1.851137424986991076e-01 3.151026121749004455e-02 1.540009266022032586e+00
1.862162183151294115e-01 8.123966723458887762e-02 1.263883342513501207e+00
1.873123941815151017e-01 1.170155122456876529e-01 7.888915066190272940e-01
1.884085700479007919e-01 1.337727705037087267e-01 1.942781327754068699e-01
1.894986740814197101e-01 1.293967582560879848e-01 -4.205700127787384557e-01
1.905887781149386007e-01 1.051807232368508621e-01 -9.635697076926240667e-01
1.916730272722124984e-01 6.549149861276619411e-02 -1.352221012865351346e+00
1.927572764294863961e-01 1.650419375165422878e-02 -1.535090688088917243e+00
1.938358801601320902e-01 -3.411148901887428586e-02 -1.490498912356288619e+00
1.949144838907778954e-01 -7.924215189728195385e-02 -1.231180837242303427e+00
1.959876440525072094e-01 -1.124319779206219977e-01 -8.011531165361560625e-01
1.970608042142364125e-01 -1.295218375347129414e-01 -2.634137069985842960e-01
1.981287147275558047e-01 -1.285266449059596083e-01 3.026291690412123980e-01
1.991966252408751137e-01 -1.100726804768256822e-01 8.217783451728303268e-01
2.002594720445023124e-01 -7.717805300128950663e-02 1.223581165293650130e+00
2.013223188481295112e-01 -3.442920571052758560e-02 1.459795592006507103e+00
2.023802826740382921e-01 1.217872036312434188e-02 1.502974375411546770e+00
2.034382464999472118e-01 5.675831122846454468e-02 1.352675542482603577e+00
2.044915009253560068e-01 9.354321136219491406e-02 1.033354743779630214e+00
2.055447553507646907e-01 1.182872548790445816e-01 5.877880935150526787e-01
2.065934679926554884e-01 1.281476356404148698e-01 7.564745655441693084e-02
2.076421806345462029e-01 1.223322160151407295e-01 -4.412132653805361238e-01
2.086865129960230880e-01 1.019402939784598838e-01 -8.987637737815388217e-01
2.097308453575000009e-01 6.965844149077356218e-02 -1.245947735543822876e+00
2.107709537672242117e-01 2.965693456521478755e-02 -1.443457771249292421e+00
2.118110621769483948e-01 -1.341390611538506930e-02 -1.472474671761864418e+00
2.128480599636951021e-01 -5.445580027237266474e-02 -1.333171188807498631e+00
2.138821136186860039e-01 -8.891660134663097181e-02 -1.045714497244681906e+00
2.149161672736769058e-01 -1.131905709086866302e-01 -6.435666047275017121e-01
2.159459665261461991e-01 -1.247531242589590000e-01 -1.758104591934010197e-01
2.169742753085213971e-01 -1.227085391399167918e-01 3.062561425176788532e-01
2.180025840908965951e-01 -1.075299950324468401e-01 7.522893789830120692e-01
2.190272457378873994e-01 -8.114778843559727894e-02 1.114135865845538254e+00
2.200519073848782037e-01 -4.647356738113622016e-02 1.356613406010793055e+00
2.210737515503453099e-01 -7.351540741872698848e-03 1.456199923727934609e+00
2.220955957158123883e-01 3.221877795186081639e-02 1.405603316490888322e+00
2.231133728053782961e-01 6.807555272502323340e-02 1.213185607699188040e+00
2.241311498949442038e-01 9.683881151675365062e-02 9.003641408244612565e-01
2.251456680358785989e-01 1.157151098246499143e-01 5.012294408728757977e-01
2.261601861768129940e-01 1.231015438893180852e-01 5.521932914725561498e-02
2.271708474868849026e-01 1.184958692898252092e-01 -3.912086797778269176e-01
2.281814321068081908e-01 1.025811157139000923e-01 -7.968788569136432409e-01
2.291920167267315067e-01 7.703861958388041886e-02 -1.124557022823794883e+00
2.301989120822834911e-01 4.453828154973238362e-02 -1.343676826501630783e+00
2.312058074378355865e-01 8.123243827304726938e-03 -1.436552832506273303e+00
2.322098544924325048e-01 -2.869281413109578058e-02 -1.396572843941587649e+00
2.332139015470293120e-01 -6.264969009752605067e-02 -1.229566609217226825e+00
2.342152100895429911e-01 -9.065496126859326487e-02 -9.531737750124656960e-01
2.352165186320565871e-01 -1.103890050879080126e-01 -5.932146095142465381e-01
2.362151954922880881e-01 -1.202074451598608013e-01 -1.837604075937260273e-01
2.372138723525195059e-01 -1.194495352270781297e-01 2.395533440084703647e-01
2.382100212913642878e-01 -1.083646987221212471e-01 6.388513625433067666e-01
2.392061702302090975e-01 -8.805319044709324083e-02 9.812225148492663696e-01
2.401998924915476896e-01 -6.043978565261742125e-02 1.237745418394496255e+00
2.411936147528863927e-01 -2.790461507166550059e-02 1.388764687912712237e+00
2.421839272173959001e-01 6.652588098400375599e-03 1.422914165036092360e+00
2.431741826801301909e-01 4.046006021223372273e-02 1.339695303859754993e+00
2.441644381428645094e-01 7.076748969724883098e-02 1.147291514628555831e+00
2.451525072457547971e-01 9.511500548351363438e-02 8.632866930028433305e-01
2.461405763486450016e-01 1.116938586305638303e-01 5.112604514872457484e-01
2.476169690387302891e-01 1.195486649563127501e-01 -7.297038281441478591e-02
2.490986197616346931e-01 1.067526708399745977e-01 -6.423560976903905928e-01
2.500816239077278125e-01 8.777812532780381038e-02 -9.649305082044943305e-01
2.510646280538209041e-01 6.217401962020581430e-02 -1.212145012714463732e+00
2.520461819638492029e-01 3.201500313400214293e-02 -1.365680138420191980e+00
2.530263942354005202e-01 -3.595354046619128846e-04 -1.415573729345760645e+00
2.540066065069517820e-01 -3.254704244111548267e-02 -1.359642206463446801e+00
2.549850575566918187e-01 -6.211821174631345505e-02 -1.203537540866833400e+00
2.559635086064319109e-01 -8.699420336174099044e-02 -9.597872079585001437e-01
2.569380179873769765e-01 -1.053624916492799934e-01 -6.486415989523447445e-01
2.579152191512413816e-01 -1.161128702403734086e-01 -2.915106234415938968e-01
2.588903710736741859e-01 -1.185136741017520368e-01 8.411287904641198687e-02
2.598655229961069901e-01 -1.125211512356338178e-01 4.523599960410211729e-01
2.613230664276363080e-01 -8.939584838239469922e-02 9.305559277081972835e-01
2.627870461853180073e-01 -5.265685174982763506e-02 1.265552599239338383e+00
2.642403887882019964e-01 -8.486031589162758293e-03 1.406406841500721372e+00
2.657003925946191947e-01 3.687296876470085721e-02 1.337534487166259334e+00
2.666698680509819730e-01 6.440097225617921750e-02 1.179234070951770574e+00
2.676393435073449178e-01 8.756150637299175976e-02 9.435098482931079111e-01
2.686075749083224884e-01 1.048634765567633964e-01 6.470489507974819254e-01
2.695758063093001144e-01 1.152760744345988075e-01 3.095094547777633154e-01
2.705412474514743981e-01 1.182029493460192149e-01 -4.574669636343556278e-02
2.715098617210188192e-01 1.135503332622176259e-01 -3.978464428523848517e-01
2.724758040936595127e-01 1.017155125474538124e-01 -7.224959239881587614e-01
2.734417464663002062e-01 8.351530269449709831e-02 -1.000569125308441887e+00
2.744049664315437731e-01 6.022404096011445968e-02 -1.214565569781034249e+00
2.753714841122708035e-01 3.319541996916829107e-02 -1.353056710060229983e+00
2.768122224042693924e-01 -9.917032265878075736e-03 -1.402803454396202465e+00
2.782605428606568232e-01 -5.170117503315707630e-02 -1.263972800701327337e+00
2.792230898017574736e-01 -7.599481923766837621e-02 -1.074980890250388121e+00
2.801856367428581240e-01 -9.567418640247438155e-02 -8.223658605893141571e-01
2.811473565508991190e-01 -1.096088067218753820e-01 -5.219966453311474242e-01
2.821090763589401140e-01 -1.170541377668940924e-01 -1.918140074486795188e-01
2.830682204929131918e-01 -1.176460366638536620e-01 1.476789876037911953e-01
2.840309311037308992e-01 -1.114099505096563525e-01 4.787907907046015654e-01
2.854679267090184935e-01 -9.054421246927962796e-02 9.121953555258379698e-01
2.869131169026136741e-01 -5.823013657612796656e-02 1.230971692016929575e+00
2.878724078661420993e-01 -3.236788175553863278e-02 1.358699889642412284e+00
2.888316988296705801e-01 -4.768416843327931941e-03 1.410187166056069641e+00
2.897885131602004893e-01 2.295230067172937191e-02 1.383479759517344476e+00
2.907490868313554744e-01 4.944170323014805690e-02 1.280497712475208383e+00
2.921808661995458078e-01 8.320862601984042872e-02 1.002159300439055656e+00
2.936212407457569062e-01 1.070955949774716753e-01 6.035904516828949351e-01
2.945767800163460737e-01 1.160234678015306803e-01 2.953842974528805287e-01
2.955362094878383750e-01 1.188041241303754297e-01 -2.879276846363728118e-02
2.964933245974175069e-01 1.153166162687148250e-01 -3.497305035828727759e-01
2.974504397069965833e-01 1.058150003380736587e-01 -6.514848347694131014e-01
2.988819926201308208e-01 8.179390125779495424e-02 -1.032177194520947916e+00
3.003225649590904878e-01 4.838192595082316944e-02 -1.295900700156933150e+00
3.012768521985618730e-01 2.288283686911770157e-02 -1.390594676465326085e+00
3.022352021590857252e-01 -3.824085359368678116e-03 -1.415302144844778232e+00
3.031913095476029274e-01 -3.022641407431369415e-02 -1.369158185154379259e+00
3.041474169361201851e-01 -5.507979056811389967e-02 -1.255300423340347082e+00
3.051033301085280258e-01 -7.717193923715308379e-02 -1.080055722485948611e+00
3.060592432809358110e-01 -9.545487498515561886e-02 -8.525918595267775180e-01
3.077228753413188134e-01 -1.156795020613513580e-01 -3.718921671077151103e-01
3.093993823933313125e-01 -1.194481651574670483e-01 1.630291717828976916e-01
3.110674284137491807e-01 -1.063751990274087594e-01 6.699030908947637419e-01
3.127486617597647900e-01 -7.832316989405238572e-02 1.084151833019091349e+00
3.146597057555134969e-01 -3.375290293312067924e-02 1.367077438198775585e+00
3.165707857154991811e-01 1.662357062832723817e-02 1.409198092180240947e+00
3.184822492123998150e-01 6.402114645441026042e-02 1.207928126982152239e+00
3.203937127093003934e-01 1.004113118646473152e-01 8.021752732167182209e-01
3.223053245029371960e-01 1.198709754141698280e-01 2.640686668836131346e-01
3.237393876847550755e-01 1.214431942797539465e-01 -1.743081593192198353e-01
3.251734508665731216e-01 1.116218923998583551e-01 -5.945855024546292666e-01
3.270859409516935212e-01 8.296065558046053501e-02 -1.058505397701702044e+00
3.289988837648503139e-01 4.108816940803273338e-02 -1.351288910424548684e+00
3.309123358818485960e-01 -7.204439793124578148e-03 -1.430218302397439967e+00
3.318692480034560743e-01 -3.162105081240313559e-02 -1.384779664380220376e+00
3.337835702002405203e-01 -7.535723085700986312e-02 -1.137573593264802119e+00
3.356990749884776748e-01 -1.076197712581328514e-01 -7.189168205851845794e-01
3.376145797767149959e-01 -1.237334034942725314e-01 -1.948516031972085116e-01
3.395310173018977751e-01 -1.215716607512332820e-01 3.554666063530006470e-01
3.414482662821387016e-01 -1.017151356840577392e-01 8.514829261714111919e-01
3.428870733729471043e-01 -7.684808139446767938e-02 1.146447410236482112e+00
3.443258804637556181e-01 -4.576142349763453326e-02 1.347412510161831944e+00
3.457657352099121062e-01 -1.099446460075617117e-02 1.439745981751584081e+00
3.472055899560684833e-01 2.463148959212162203e-02 1.417616754583193028e+00
3.491265623556059072e-01 6.846954873531921337e-02 1.218701011587232319e+00
3.510485786226508753e-01 1.030413805090781704e-01 8.558529837116818362e-01
3.524911716782869742e-01 1.201937777791429462e-01 5.045451697945568803e-01
3.539337647339230730e-01 1.282770576000006879e-01 1.165707754260745244e-01
3.553776513800582793e-01 1.267896177053226825e-01 -2.789473951209373026e-01
3.568215380261933745e-01 1.159419219281175445e-01 -6.523951934461533764e-01
3.587489468669590731e-01 8.867121912927361516e-02 -1.068875456952513403e+00
3.606763557077248272e-01 5.019780977481587414e-02 -1.348713378299061683e+00
3.626063224667718243e-01 5.407798484406403997e-03 -1.459977481750084793e+00
3.645362892258188769e-01 -4.007066557926774325e-02 -1.392001510039978518e+00
3.664689469915051179e-01 -8.078836105269575352e-02 -1.156188223876025267e+00
3.684016047571914143e-01 -1.119027293577603416e-01 -7.839771868579968883e-01
3.703370865072648788e-01 -1.299213368593606088e-01 -3.210433216984828753e-01
3.722725682573382877e-01 -1.328989352517744027e-01 1.767905525953220869e-01
3.742110041386200181e-01 -1.206875516367364037e-01 6.527997964339119497e-01
3.761494400199016930e-01 -9.486781358711529610e-02 1.053202103607403073e+00
3.780909480870727757e-01 -5.843528079502588457e-02 1.335562953955814036e+00
3.800324561542439139e-01 -1.555860440141136961e-02 1.470762395433699687e+00
3.819771417800634228e-01 2.912362913663753619e-02 1.447098997599978176e+00
3.839218274058828761e-01 7.077177522325653336e-02 1.269994098109404890e+00
3.858697944775816846e-01 1.051207395067907946e-01 9.604822322718384875e-01
3.878177615492804930e-01 1.286547602221366493e-01 5.533707553413075297e-01
3.897691117133387229e-01 1.391411189158850703e-01 9.118428479770158968e-02
3.917204618773967861e-01 1.356628321099030698e-01 -3.780005372021019161e-01
3.941647014547489114e-01 1.126969220241480496e-01 -9.028197211074161510e-01
3.966089410321009256e-01 7.275906511065606541e-02 -1.289723956681932293e+00
3.985682178739590187e-01 3.240755454053643320e-02 -1.463841576289879542e+00
4.005274947158171117e-01 -1.108335959146377649e-02 -1.499640122262161812e+00
4.024904064316531249e-01 -5.371637009839386884e-02 -1.396340859033275317e+00
4.044533181474890271e-01 -9.152745995257020872e-02 -1.166047338390367116e+00
4.064199206371885142e-01 -1.212262182401294269e-01 -8.313677579627596348e-01
4.083865231268878904e-01 -1.402107011574203477e-01 -4.244579891492647472e-01
4.103568695697539792e-01 -1.469687308846926166e-01 1.850556098512262312e-02
4.123272160126201236e-01 -1.410385776252783274e-01 4.578931837464533805e-01
4.143013596746851213e-01 -1.230523275629682861e-01 8.571987796699265250e-01
4.162755033367501190e-01 -9.468216494419214035e-02 1.182960097052460080e+00
4.182534987903078205e-01 -5.833466203324819133e-02 1.410168493615849394e+00
4.202314942438655776e-01 -1.712482975452303546e-02 1.521664030621004748e+00
4.227096292711439163e-01 3.600685736374562712e-02 1.489470351464656339e+00
4.251877642984221994e-01 8.493985800825770704e-02 1.276255013518429848e+00
4.271745802569402173e-01 1.173046025794918096e-01 9.930502668826920454e-01
4.291613962154581796e-01 1.407964113290693653e-01 6.353750475132876607e-01
4.311521647704175120e-01 1.537820314313312897e-01 2.307761226758814621e-01
4.331429333253766778e-01 1.553818321323151286e-01 -1.891794262295498907e-01
4.351376674815624068e-01 1.455985670482429495e-01 -5.943255782059170267e-01
4.371324016377479138e-01 1.252723038818653045e-01 -9.549964060416354927e-01
4.391311183782494187e-01 9.591643056175724880e-02 -1.247055885742372583e+00
4.411298351187508127e-01 5.973369516139716284e-02 -1.450736257127000828e+00
4.431325454458727164e-01 1.922251956903316822e-02 -1.553931570286546160e+00
4.451352557729946757e-01 -2.274090763943598797e-02 -1.551201982611946306e+00
4.481444270479484904e-01 -8.197175271649680128e-02 -1.357062589408908337e+00
4.506573177191960933e-01 -1.230420486799160690e-01 -1.042427269368722431e+00
4.531702083904435852e-01 -1.520049940694609691e-01 -6.256206971508944115e-01
4.551848815569788931e-01 -1.646788542633024488e-01 -2.455166971757636318e-01
4.571995547235140900e-01 -1.671170163282395815e-01 1.483254583831599693e-01
4.592181900033455166e-01 -1.592737232856935858e-01 5.322245157475913313e-01
4.612368252831767768e-01 -1.417382665652346940e-01 8.824185476605154177e-01
4.632593922887823235e-01 -1.156185473198308028e-01 1.179263709335025778e+00
4.652819592943879257e-01 -8.258209460072107877e-02 1.405702531165539559e+00
4.673084188243976089e-01 -4.455013407336322340e-02 1.550266615385608837e+00
4.693348783544071812e-01 -3.813006731798290229e-03 1.605872740202080040e+00
4.713651924405172222e-01 3.738365988592276534e-02 1.571050481981454139e+00
4.733955065266273188e-01 7.667510235275640240e-02 1.449372874542159462e+00
4.759389023477624270e-01 1.198829578863604001e-01 1.188423100397331122e+00
4.784822981688974797e-01 1.533207073188356806e-01 8.300266875441653092e-01
4.805211256895989269e-01 1.713347420601931126e-01 4.926821779447408955e-01
4.825599532103003741e-01 1.805145926306617465e-01 1.311164404143839168e-01
4.846024622203434773e-01 1.804902534134087411e-01 -2.363813459994255073e-01
4.866449712303865804e-01 1.713500736577035222e-01 -5.905634219887818670e-01
4.886910831097662222e-01 1.536189989333057171e-01 -9.146815619202034453e-01
4.907371949891458085e-01 1.282758808455941868e-01 -1.192872823417491235e+00
4.927868267637741106e-01 9.657283968496216398e-02 -1.413008021840771455e+00
4.948364585384024128e-01 6.012796075382775829e-02 -1.565310537794676105e+00
4.989425778493357111e-01 -1.908356795222966931e-02 -1.647573214156841104e+00
5.020264094695874313e-01 -7.799548156277397171e-02 -1.516629092520303645e+00
5.051138832495274400e-01 -1.296929465492746569e-01 -1.237263983709593784e+00
5.092361856145506405e-01 -1.788870766365732168e-01 -6.924874803825530334e-01
5.133645520198434342e-01 -1.993048070687656881e-01 -3.839076602185969439e-02
5.174987117319133079e-01 -1.882258188193186577e-01 6.177053815090126632e-01
5.216383508218596088e-01 -1.479349830319471315e-01 1.175018652119709461e+00
5.257831480915519107e-01 -8.499779640432807148e-02 1.554091877472525640e+00
5.299327976174466048e-01 -8.965789301668955491e-03 1.706610855630248169e+00
5.340869657500283418e-01 6.921925909775489272e-02 1.619472134457413004e+00
5.382452599924625325e-01 1.388525959559513134e-01 1.313341970255987423e+00
5.424072497157466088e-01 1.908929634319814495e-01 8.366928393626867910e-01
5.465725012540574301e-01 2.190169093646183729e-01 2.567916585887381475e-01
5.507405845750824591e-01 2.202073219341570132e-01 -3.506884670530348580e-01
5.549110536012068495e-01 1.948617911118299129e-01 -9.118598532338676455e-01
5.590834321773656690e-01 1.464711692274831001e-01 -1.363354888287385158e+00
5.643010869630014081e-01 6.322348946253701640e-02 -1.703392915255893314e+00
5.684758978830769527e-01 -1.299544711502376680e-02 -1.770687798788266987e+00
5.726509199913500936e-01 -8.872495127390277181e-02 -1.653261825694759768e+00
5.768255755389478656e-01 -1.563146564310342879e-01 -1.370529483812597649e+00
5.809992666418749563e-01 -2.093367864818038437e-01 -9.569393769776656233e-01
5.851713896051653485e-01 -2.431137525991933501e-01 -4.570990138300403127e-01
5.882989619740793819e-01 -2.541895468186035068e-01 -5.390981511500526902e-02
5.935085681122563850e-01 -2.445326872231964044e-01 6.031970827411217151e-01
5.976721595114997676e-01 -2.131061206983655698e-01 1.071900743489281993e+00
6.018315407075064405e-01 -1.638088845532499616e-01 1.448476601739029590e+00
6.059860031390628121e-01 -1.009948486257769285e-01 1.707259536730955540e+00
6.101348262532020339e-01 -2.980263708177724111e-02 1.833931828942249043e+00
6.142772761532119263e-01 4.432083998433465621e-02 1.825432448040357425e+00
6.184126036405177551e-01 1.160630237011510274e-01 1.688947427382238686e+00
6.225400396928169044e-01 1.806228669858175873e-01 1.440220034727500487e+00
6.266587955232777452e-01 2.340020012691345352e-01 1.101425088156111176e+00
6.307680621340325811e-01 2.731997079438056586e-01 6.988465850640264154e-01
6.348670077734064332e-01 2.963111242842231818e-01 2.605736595035001990e-01
6.389547727646552877e-01 3.025360345752308722e-01 -1.856093590645706004e-01
6.430304670771704867e-01 2.921112833222724858e-01 -6.140138031177843070e-01
6.470931794239351831e-01 2.661830686227648068e-01 -1.002444980720649026e+00
6.511419830734889169e-01 2.266368514995731887e-01 -1.333177284377151883e+00
6.551759295578980513e-01 1.759029570467722237e-01 -1.593502374372412600e+00
6.591940368817645890e-01 1.167547753659916032e-01 -1.775870480439139865e+00
6.631952816224888636e-01 5.211401511193642505e-02 -1.877681628069224784e+00
6.671786041264677891e-01 -1.512580615052798970e-02 -1.900804712465598678e+00
6.711429148974273895e-01 -8.224944030468477052e-02 -1.850903275141843496e+00
6.750870927600961524e-01 -1.468384989380821792e-01 -1.736643236654085376e+00
6.790099725167971778e-01 -2.068565796849662353e-01 -1.568851312460163738e+00
6.829103352717456055e-01 -2.607017520585867554e-01 -1.359685044995287750e+00
6.867869018151261384e-01 -3.072289961300758709e-01 -1.121866285858678536e+00
6.906383285912754966e-01 -3.457467985950786749e-01 -8.680260425643545608e-01
6.944632064204609989e-01 -3.759932480963772972e-01 -6.101886696781654296e-01
6.982600501045075347e-01 -3.980969681680793237e-01 -3.593894618570326327e-01
7.020272815871985150e-01 -4.125291416968826508e-01 -1.254468415458330210e-01
7.038990663650485091e-01 -4.170810856569946434e-01 -1.745647934470409557e-02
7.057628000939073498e-01 -4.200146427988366571e-01 8.326091568972311674e-02
7.094655902404470860e-01 -4.216120172999521243e-01 2.595969670989085043e-01
7.131331888985167344e-01 -4.184652033267302063e-01 3.976147320569500820e-01
7.167633315432266894e-01 -4.118966820035863119e-01 4.922790745639155086e-01
7.203534697890988658e-01 -4.033730354578821675e-01 5.368952923286491874e-01
7.239006927315578821e-01 -3.942867334238804866e-01 5.403554722616884520e-01
7.274037472512754343e-01 -3.853645135732444715e-01 5.358757761960313282e-01
7.308631569784361792e-01 -3.767122387200687039e-01 5.315355888977929544e-01
7.342794427454362172e-01 -3.683186437671282509e-01 5.273292707728474138e-01
7.376531370894844342e-01 -3.601732707164399527e-01 5.232514309954992004e-01
7.409847640846142225e-01 -3.522661812625591526e-01 5.192969506341269526e-01
7.442748211369105693e-01 -3.445880293430580443e-01 5.154609876381558431e-01
7.475237974064263824e-01 -3.371299507205432477e-01 5.117389387095643283e-01
7.507321962838469087e-01 -3.298834299282501492e-01 5.081264003017872399e-01
7.539005302043194634e-01 -3.228403003689271911e-01 5.046191637441451716e-01
7.570292970629285412e-01 -3.159928245538262126e-01 5.012132304262632010e-01
7.601189748256973466e-01 -3.093336966503853480e-01 4.979048052331782048e-01
7.631700307096180858e-01 -3.028559793423133417e-01 4.946902750475578592e-01
7.661829280312825174e-01 -2.965530566078087849e-01 4.915661915598429355e-01
7.691581275626218073e-01 -2.904186122192187192e-01 4.885292610110485434e-01
7.720960887207071188e-01 -2.844466033505203550e-01 4.855763347347585301e-01
7.749972707982543119e-01 -2.786312336174845417e-01 4.827044002792827970e-01
7.778621289318303766e-01 -2.729669596899682027e-01 4.799105781587355568e-01
7.806911033824630586e-01 -2.674485280007946053e-01 4.771921251596057401e-01
7.834846171445913887e-01 -2.620709709397242571e-01 4.745464292200216594e-01
7.862430869060449412e-01 -2.568295418768306027e-01 4.719709922046712025e-01
7.889669369237084506e-01 -2.517196496388987570e-01 4.694634113226294758e-01
7.916565982021911418e-01 -2.467368582139202737e-01 4.670213753724600236e-01
7.943124974778934533e-01 -2.418769228803149540e-01 4.646426701964742056e-01
7.969350495080719243e-01 -2.371358036589993612e-01 4.623251806018897070e-01
7.995246585495641156e-01 -2.325096442027770327e-01 4.600668839956316702e-01
8.020817215573190495e-01 -2.279947481450105840e-01 4.578658430444639271e-01
8.046066294762304061e-01 -2.235875684516622219e-01 4.557202003908458754e-01
8.070997653306969388e-01 -2.192847059721833580e-01 4.536281764921818449e-01
8.095615092888481801e-01 -2.150828923667747195e-01 4.515880616406949821e-01
8.119922431475441460e-01 -2.109789739007048026e-01 4.495982090741190706e-01
8.143923505053758394e-01 -2.069699098881572774e-01 4.476570318818449690e-01
8.167622071215497881e-01 -2.030527917222104406e-01 4.457630080480585177e-01
8.191021778306492029e-01 -1.992248434451917571e-01 4.439146797643033215e-01
8.214126187949533087e-01 -1.954834030651124988e-01 4.421106487126999496e-01
8.236938850346046115e-01 -1.918258937953972176e-01 4.403495675058160530e-01
8.259463322523640239e-01 -1.882498148103114999e-01 4.386301361159359313e-01
8.281703138888254490e-01 -1.847527557930546960e-01 4.369511019807015839e-01
8.303661724506571362e-01 -1.813324266198949319e-01 4.353112643950065030e-01
8.325342380230222883e-01 -1.779866587980229731e-01 4.337094732051790524e-01
8.346748353855768521e-01 -1.747133687302806493e-01 4.321446213737069608e-01
8.367882947421915185e-01 -1.715105149854058431e-01 4.306156353223922761e-01
8.388749484008726220e-01 -1.683761045517411237e-01 4.291214760290695818e-01
8.409351219691613144e-01 -1.653082255791071820e-01 4.276611438229653839e-01
8.429691303017050608e-01 -1.623050602760889305e-01 4.262336795439842785e-01
8.449772835243484215e-01 -1.593648620227535173e-01 4.248381585680005568e-01
8.469598912257328971e-01 -1.564859364229972127e-01 4.234736865075960366e-01
8.489172622932020795e-01 -1.536666427489737641e-01 4.221393981253694361e-01
8.508497044538249066e-01 -1.509053983396460297e-01 4.208344564554898359e-01
8.527575229688695302e-01 -1.482006766832040245e-01 4.195580525104353753e-01
8.546410160783932675e-01 -1.455510085980389612e-01 4.183094071654543944e-01
8.565004710086118189e-01 -1.429549876436966294e-01 4.170877725826789839e-01
8.583361673787008872e-01 -1.404112624332583825e-01 4.158924287528007468e-01
8.601483873498577681e-01 -1.379185124516522087e-01 4.147226758348218079e-01
8.619374190156378068e-01 -1.354754361643276117e-01 4.135778312606083751e-01
8.637035513945729992e-01 -1.330807635348686124e-01 4.124572322595267404e-01
8.654470650665438969e-01 -1.307332800608953793e-01 4.113602410105468565e-01
8.671682312272307458e-01 -1.284318291655622279e-01 4.102862442197700577e-01
8.688673159218502917e-01 -1.261752955383289021e-01 4.092346495695210473e-01
8.705445856873960109e-01 -1.239625874809351241e-01 4.082048814593753350e-01
8.722003068198478370e-01 -1.217926391828068333e-01 4.071963808642720117e-01
8.738347418094588592e-01 -1.196644227366817359e-01 4.062086068718762100e-01
8.754481467852704979e-01 -1.175769526079302185e-01 4.052410375474462256e-01
8.770407741766889087e-01 -1.155292741688885849e-01 4.042931676468579094e-01
8.786128771136945126e-01 -1.135204496041175709e-01 4.033645054270550423e-01
8.801647113007132761e-01 -1.115495550176137801e-01 4.024545710734662163e-01
8.816965317742312402e-01 -1.096156906042272394e-01 4.015628981702165645e-01
8.832085878593547434e-01 -1.077179928420284732e-01 4.006890361171038806e-01
8.847011190561783200e-01 -1.058556401165602623e-01 3.998325519272530326e-01
8.861743569071006688e-01 -1.040278455287730608e-01 3.989930285268221688e-01
8.876285293506940288e-01 -1.022338439707905361e-01 3.981700617681780408e-01
8.890638676536581908e-01 -1.004728773113401641e-01 3.973632560860959617e-01
8.904806072870743439e-01 -9.874419161110568888e-02 3.965722237523313654e-01
8.918789864151801527e-01 -9.704704166542590937e-02 3.957965854337066602e-01
8.932592404372767803e-01 -9.538070275781138085e-02 3.950359729247605589e-01
8.946215989640163846e-01 -9.374447864933342645e-02 3.942900304064045902e-01
8.959662842038009778e-01 -9.213770554017397529e-02 3.935584149048788061e-01
8.972935117732897536e-01 -9.055974996397821164e-02 3.928407954206063479e-01
8.986034927209798351e-01 -8.901000244938998829e-02 3.921368514449024012e-01
8.998964354025826839e-01 -8.748786981806010166e-02 3.914462716316024493e-01
9.011725489915097809e-01 -8.599276561170796085e-02 3.907687516400857874e-01
9.024320447860507688e-01 -8.452410633266246864e-02 3.901039932350483519e-01
9.036751353555274591e-01 -8.308131548171511505e-02 3.894517045279103362e-01
9.049020296532450658e-01 -8.166383572695401494e-02 3.888116023229126750e-01
9.061129304280890473e-01 -8.027113503312756360e-02 3.881834131762008089e-01
9.073080357373773941e-01 -7.890270160904613861e-02 3.875668723092271506e-01
9.084875419218813031e-01 -7.755803525862627057e-02 3.869617218186853780e-01
9.096516449412487271e-01 -7.623664370648369770e-02 3.863677097876093147e-01
9.108005396977110202e-01 -7.493804467594203378e-02 3.857845904462807729e-01
9.119344190251117421e-01 -7.366176887942675611e-02 3.852121244902638741e-01
9.130534727752540602e-01 -7.240736165744736386e-02 3.846500793405526752e-01
9.141578874195450677e-01 -7.117438290591862615e-02 3.840982291380042879e-01
9.152478462184302499e-01 -6.996240672729789334e-02 3.835563544628747268e-01
9.163235307136011754e-01 -6.877101547584513197e-02 3.830242414060522904e-01
9.173851213290326045e-01 -6.759980159059328364e-02 3.825016811163967634e-01
9.184327978233862710e-01 -6.644836348561704298e-02 3.819884694260799463e-01
9.194667382392092136e-01 -6.531630842848420992e-02 3.814844072287576493e-01
9.204871184823875119e-01 -6.420325350245950635e-02 3.809893005337489647e-01
9.214941118815067611e-01 -6.310882667642853106e-02 3.805029605307757024e-01
9.224878885587296518e-01 -6.203266790262811081e-02 3.800252037459009857e-01
9.234686156415649050e-01 -6.097442839548116583e-02 3.795558517897517081e-01
9.244364580894727235e-01 -5.993376772622294874e-02 3.790947308276139127e-01
9.253915805410551920e-01 -5.891034917374166069e-02 3.786416705771161184e-01
9.263341472457474746e-01 -5.790383927885596471e-02 3.781965042424334511e-01
9.272643205556930779e-01 -5.691391200009961182e-02 3.777590691225098940e-01
9.281822593195951931e-01 -5.594025362592099093e-02 3.773292072498009020e-01
9.290881192404382150e-01 -5.498256278493784260e-02 3.769067650957740323e-01
9.299820544127295197e-01 -5.404054596279493639e-02 3.764915927406479179e-01
9.308642183379219892e-01 -5.311391288701874935e-02 3.760835433090590207e-01
9.317347637709364472e-01 -5.220237520020142713e-02 3.756824729594428480e-01
9.325938419655581679e-01 -5.130564827659288285e-02 3.752882411497366899e-01
9.334416025644689530e-01 -5.042345280480996228e-02 3.749007106009892842e-01
9.342781940582032263e-01 -4.955551480769034012e-02 3.745197470035249165e-01
9.351037639763524201e-01 -4.870156501832026419e-02 3.741452188529206802e-01
9.359184581932523672e-01 -4.786134084525762999e-02 3.737769976845476960e-01
9.367224180073485673e-01 -4.703459293135993369e-02 3.734149593110775434e-01
9.375157793601903711e-01 -4.622108829180020945e-02 3.730589840637929533e-01
9.382986736089657942e-01 -4.542060743241922022e-02 3.727089563478422352e-01
9.390712321160756826e-01 -4.463293316572787550e-02 3.723647625042847964e-01
9.398335891165293665e-01 -4.385784255707540075e-02 3.720262894912610419e-01
9.405858812974943195e-01 -4.309510707133184376e-02 3.716934250468523770e-01
9.413282457717848661e-01 -4.234449680274474104e-02 3.713660585506707856e-01
9.420608178502133390e-01 -4.160578433679507776e-02 3.710440819591025452e-01
9.427837310928691705e-01 -4.087874525634399570e-02 3.707273897181814770e-01
9.434971161334501089e-01 -4.016316216973762204e-02 3.704158792158914748e-01
9.442010983676487612e-01 -3.945883124816829124e-02 3.701094517216996227e-01
9.448957981803430828e-01 -3.876556288861190969e-02 3.698080122012395443e-01
9.455813325674083947e-01 -3.808317469225120516e-02 3.695114685425468504e-01
9.462578189837917986e-01 -3.741147882346960302e-02 3.692197298348295353e-01
9.469253759203707377e-01 -3.675027720771936041e-02 3.689327060951918535e-01
9.475841219105402002e-01 -3.609936683894801601e-02 3.686503086707633714e-01
9.482341736882211602e-01 -3.545855204193879007e-02 3.683724509970940364e-01
9.488756453742962504e-01 -3.482765238845179911e-02 3.680990488973798214e-01
9.495086488587556328e-01 -3.420650251772796441e-02 3.678300203659297662e-01
9.501332951313513631e-01 -3.359495018506734876e-02 3.675652849574339576e-01
9.507496960826257171e-01 -3.299285496924397876e-02 3.673047629889037990e-01
9.513579651353069044e-01 -3.240008690575967715e-02 3.670483752476983996e-01
9.519582165945869034e-01 -3.181651939675943924e-02 3.667960432285531924e-01
9.525505625735545268e-01 -3.124202056926629611e-02 3.665476903863163494e-01
9.531351118401709677e-01 -3.067645027606865499e-02 3.663032425740987419e-01
9.537119697698679399e-01 -3.011966253113064484e-02 3.660626280292261781e-01
9.542812403202287630e-01 -2.957150644244531043e-02 3.658257765193124178e-01
9.548430270251752061e-01 -2.903182612258274620e-02 3.655926189068484655e-01
9.553974327455952986e-01 -2.850046278441935657e-02 3.653630872331368740e-01
9.559445589026865919e-01 -2.797726274274615205e-02 3.651371150143163935e-01
9.564845050053580877e-01 -2.746208478697561434e-02 3.649146374098393708e-01
9.570173690229182295e-01 -2.695480015316220265e-02 3.646955910373251841e-01
9.575432481385535155e-01 -2.645528682767989137e-02 3.644799136266469453e-01
9.580622389120657667e-01 -2.596342396858799736e-02 3.642675439239397850e-01
9.585744372418232295e-01 -2.547909027609164545e-02 3.640584216840775378e-01
9.590799381259947909e-01 -2.500216532262014568e-02 3.638524877466513541e-01
9.595788354479902749e-01 -2.453253125927202724e-02 3.636496841021572002e-01
9.600712216912781205e-01 -2.407007408891586112e-02 3.634499539862612316e-01
9.605571877573033657e-01 -2.361468390350303717e-02 3.632532419308021621e-01
9.610368233668841187e-01 -2.316625372881426018e-02 3.630594935761965458e-01
9.615102176430252445e-01 -2.272467806919651126e-02 3.628686554172411705e-01
9.619774592602109431e-01 -2.228985240582492464e-02 3.626806747258498609e-01
9.624386363595022198e-01 -2.186167319369159909e-02 3.624954995680437775e-01
9.628938363592510763e-01 -2.144003795860545056e-02 3.623130788657087376e-01
9.633431459530198415e-01 -2.102484532434215764e-02 3.621333623782658218e-01
9.637866510388649610e-01 -2.061599576653520144e-02 3.619563007149168565e-01
9.642244362725824747e-01 -2.021339305209358603e-02 3.617818454991826860e-01
9.646565852206075986e-01 -1.981694394828206404e-02 3.616099492887673295e-01
9.650831808361504116e-01 -1.942655667243769341e-02 3.614405653686204034e-01
9.655043054562382210e-01 -1.904214041898746879e-02 3.612736477396527035e-01
9.659200402356747928e-01 -1.866360649810851549e-02 3.611091513255992314e-01
9.663304647237355161e-01 -1.829086956094430616e-02 3.609470321241917135e-01
9.667356570265409621e-01 -1.792384713302360225e-02 3.607872471276988846e-01
9.671356950751521797e-01 -1.756245723235226250e-02 3.606297538107874900e-01
9.675306568648514016e-01 -1.720661761824300237e-02 3.604745100308879291e-01
9.679206204413721704e-01 -1.685624581174187051e-02 3.603214740182441034e-01
9.683056632759791116e-01 -1.651125941806175224e-02 3.601706046129472538e-01
9.686858619411236049e-01 -1.617157613999253493e-02 3.600218613726743344e-01
9.690612920205190495e-01 -1.583711404819117957e-02 3.598752045975586178e-01
9.694320280361357067e-01 -1.550779257205748586e-02 3.597305953510517851e-01
9.697981436541373013e-01 -1.518353303620257992e-02 3.595879953690078734e-01
9.701597119736792285e-01 -1.486425799598936441e-02 3.594473669413517092e-01
9.705168057640763957e-01 -1.454989028514458438e-02 3.593086728055462920e-01
9.708694969864466451e-01 -1.424035338467558032e-02 3.591718763193322284e-01
9.712178563702503764e-01 -1.393557248489250659e-02 3.590369416127328628e-01
9.715619532024425409e-01 -1.363547496357069011e-02 3.589038336581141242e-01
9.719018559824413872e-01 -1.333998838507795270e-02 3.587725180078886744e-01
9.722376334334535963e-01 -1.304903784797884977e-02 3.586429603963456891e-01
9.725693544860373185e-01 -1.276254578844275046e-02 3.585151267401961439e-01
9.728970879945362249e-01 -1.248043304366534823e-02 3.583889832425228295e-01
9.732209017546173957e-01 -1.220262041967068792e-02 3.582644967581865569e-01
9.735408623544371531e-01 -1.192902873990704833e-02 3.581416348389542259e-01
9.738570353791702328e-01 -1.165957832068828873e-02 3.580203656427483616e-01
9.741694855365269357e-01 -1.139418940601715467e-02 3.579006578828335394e-01
9.744782765863391205e-01 -1.113278322121477593e-02 3.577824808535080003e-01
9.747834712405878399e-01 -1.087528250396163632e-02 3.576658044517744273e-01
9.750851311684266554e-01 -1.062161098158099365e-02 3.575505991661502292e-01
9.753833174776915804e-01 -1.037169188099111919e-02 3.574368358974089888e-01
9.756780908428658305e-01 -1.012544755660786146e-02 3.573244858858335982e-01
9.759695114299516971e-01 -9.882799837193173564e-03 3.572135207385178091e-01
9.762576389021463408e-01 -9.643669074348234713e-03 3.571039124210325655e-01
9.765425324979953858e-01 -9.407972510780697808e-03 3.569956332053216830e-01
9.768242509432418785e-01 -9.175623755392913958e-03 3.568886557034727791e-01
9.771028522833710150e-01 -8.946534093335675036e-03 3.567829529235830854e-01
9.773783933517848910e-01 -8.720615640247439404e-03 3.566784984648876944e-01
9.776509296593629550e-01 -8.497783172066826138e-03 3.565752665705265168e-01
9.779205156231944862e-01 -8.277953727490032845e-03 3.564732320348970029e-01
9.781872047434609918e-01 -8.061045294974509418e-03 3.563723700988529752e-01
9.784510495060143587e-01 -7.846975757917203781e-03 3.562726565000323697e-01
9.787121011965591588e-01 -7.635663003960394511e-03 3.561740675330902217e-01
9.789704097928612070e-01 -7.427025273302902304e-03 3.560765800612907261e-01
9.792260248675913603e-01 -7.220979879363078648e-03 3.559801711762853871e-01
9.794789964416771300e-01 -7.017441719318067914e-03 3.558848178960550834e-01
9.797293750085785957e-01 -6.816322920238911641e-03 3.557904971372478076e-01
9.799772111141689113e-01 -6.617534453348262145e-03 3.556971858680901266e-01
9.802225538059048393e-01 -6.420989877085636101e-03 3.556048616965142850e-01
9.804654503645000574e-01 -6.226609470421426776e-03 3.555135029504409849e-01
9.807059465012439858e-01 -6.034305018386419348e-03 3.554230886089773112e-01
9.809440869290046994e-01 -5.844012544200681905e-03 3.553335980658481885e-01
9.811799158740861504e-01 -5.655649043387444251e-03 3.552450109312108584e-01
9.814134771051555850e-01 -5.469138919868506143e-03 3.551573070099062202e-01
9.816448139740299172e-01 -5.284407789953171966e-03 3.550704662794829103e-01
9.818739695684386426e-01 -5.101383013474224473e-03 3.549844688495062406e-01
9.821009867550495320e-01 -4.919994983847464018e-03 3.548992949525365814e-01
9.823259081899210488e-01 -4.740176993918777601e-03 3.548149249546529438e-01
9.825487766341645113e-01 -4.561865054190815047e-03 3.547313391919083569e-01
9.827696354372893461e-01 -4.384997541216507227e-03 3.546485177997281135e-01
9.829885289087769706e-01 -4.209514870355984470e-03 3.545664405980566425e-01
9.832055018255810852e-01 -4.035360527951907007e-03 3.544850872481121185e-01
9.834205977716130587e-01 -3.862483517083336107e-03 3.544044378474706658e-01
9.836338588957453943e-01 -3.690839125366964651e-03 3.543244729698678541e-01
9.838453264273652188e-01 -3.520388377911240659e-03 3.542451735090575982e-01
9.840550431756610594e-01 -3.351095438237147641e-03 3.541665197992343028e-01
9.842630544299338924e-01 -3.182926198866052516e-03 3.540884912631412362e-01
9.844694079699815026e-01 -3.015848747945768047e-03 3.540110663783861411e-01
9.846741527711339037e-01 -2.849836495398061238e-03 3.539342232029621393e-01
9.848773386240422534e-01 -2.684870379022578305e-03 3.538579395032503960e-01
9.850790165882933325e-01 -2.520937753829376095e-03 3.537821925418227487e-01
9.852792397559874127e-01 -2.358028291288744721e-03 3.537069587738884691e-01
9.854780637322345660e-01 -2.196130867143995628e-03 3.536322136213184142e-01
9.856755468082143423e-01 -2.035234053121274655e-03 3.535579313813519420e-01
9.858717495053704871e-01 -1.875329346808281327e-03 3.534840854022450740e-01
9.860667343401825491e-01 -1.716408073844578669e-03 3.534106482404979488e-01
9.862605662335471868e-01 -1.558483393415371725e-03 3.533375914132577678e-01
9.864533145194630537e-01 -1.401542171413963081e-03 3.532648846388694586e-01
9.866450541503118954e-01 -1.245580324167922578e-03 3.531924954601278754e-01
9.867880381885917318e-01 -1.129427004625840631e-03 3.531384693616254067e-01
9.869309532600107904e-01 -1.013481432312657565e-03 3.530844291047700034e-01
9.871205341790296739e-01 -8.599561021857892807e-04 3.530126769888864979e-01
9.872620466585018129e-01 -7.456088542535112794e-04 3.529590652079308000e-01
9.874036170961336678e-01 -6.314599252256357029e-04 3.529053837030273755e-01
9.875916216718324536e-01 -4.802963798828130968e-04 3.528340164793569711e-01
9.877556032248382412e-01 -3.489082268505059778e-04 3.527716904748843252e-01
9.878728339090028232e-01 -2.552722884581638948e-04 3.527270862309482835e-01
9.880364164951689343e-01 -1.250557481886100807e-04 3.526647762828889476e-01
9.881766700670048253e-01 -1.386175057647330366e-05 3.526112844798670598e-01
9.882701561032216642e-01 6.000447431421131709e-05 3.525755928889714452e-01
9.884161744165290697e-01 1.749561662685792372e-04 3.525197838941485085e-01
9.885274938018725477e-01 2.622245427465876651e-04 3.524771844335033433e-01
9.886441702430321943e-01 3.533323769988383815e-04 3.524324838838701623e-01
9.887615048409820195e-01 4.445648321103451948e-04 3.523874761996735883e-01
9.888671405303265383e-01 5.263510842574024764e-04 3.523469068504863633e-01
9.889964814527246739e-01 6.260197492613069807e-04 3.522971672825489509e-01
9.891379956535801821e-01 7.344432100409601987e-04 3.522426588637648237e-01
9.892563647329785104e-01 8.246037346380040000e-04 3.521969918792918763e-01
9.893750463211569146e-01 9.144967755417605796e-04 3.521511338471358110e-01
9.894943121748573933e-01 1.004304201759760292e-03 3.521049757368406308e-01
9.896140207055634797e-01 1.093892772013754311e-03 3.520585680002512041e-01
9.897159914823099314e-01 1.169758462755812311e-03 3.520189720605208517e-01
9.898434705941348000e-01 1.264006632812169012e-03 3.519693836509807383e-01
9.899375585064562610e-01 1.333136607945860494e-03 3.519327191134608013e-01
9.900878310668779214e-01 1.442769664748990441e-03 3.518740401841252141e-01
9.901743200970993808e-01 1.505425859523264317e-03 3.518401976620225691e-01
9.902609137873940037e-01 1.567827188299904684e-03 3.518062607853849610e-01
9.903612026626938958e-01 1.639680514506177160e-03 3.517668872203589259e-01
9.904874739384739168e-01 1.729497592605115999e-03 3.517172024728836832e-01
9.905894425236058121e-01 1.801488494131952113e-03 3.516769862113302003e-01
9.907182233334840271e-01 1.891706788117896842e-03 3.516260692505273067e-01
9.907962672147299088e-01 1.945998717183436985e-03 3.515951408425217473e-01
9.909212141403226370e-01 2.032317526420379574e-03 3.515455070170260266e-01
9.910108377596256179e-01 2.093778821468207825e-03 3.515098115004339774e-01
9.911016878566011323e-01 2.155694584750393605e-03 3.514735441101222158e-01
9.912137238991562960e-01 2.231515590223192690e-03 3.514286984576261430e-01
9.913000989104370220e-01 2.289567335039058727e-03 3.513940291922880710e-01
9.913838631252052114e-01 2.345527839208022547e-03 3.513603252452125458e-01
9.914506465589315587e-01 2.389906121590257195e-03 3.513333933556926358e-01
9.915146713824002367e-01 2.432254262146864559e-03 3.513075218334929528e-01
9.916340109879260289e-01 2.510673743643807281e-03 3.512591568308565115e-01
9.917072197375820242e-01 2.558449694717431118e-03 3.512293921902595595e-01
9.918113459853242775e-01 2.625971340740209433e-03 3.511869268299819824e-01
9.918788921488236321e-01 2.669507466237390058e-03 3.511592942245701510e-01
9.919787124284612512e-01 2.733468674045894803e-03 3.511183298514712892e-01
9.920446367295224777e-01 2.775468731412733883e-03 3.510911880656076289e-01
9.921335618592820316e-01 2.831823425301305697e-03 3.510544613879177933e-01
9.922483388488775313e-01 2.904055050045032792e-03 3.510068531467446240e-01
9.923140323712106303e-01 2.945138879638421921e-03 3.509794955452396614e-01
9.923808176287334248e-01 2.986714231044434141e-03 3.509515987736662734e-01
9.924653149416101661e-01 3.039043253880993872e-03 3.509161766419158224e-01
9.925519742114751187e-01 3.092396764419311130e-03 3.508796946723568011e-01
9.926400143689063649e-01 3.146278376377615454e-03 3.508424647816863473e-01
9.927300306504682759e-01 3.201041857861615901e-03 3.508042173852479739e-01
9.928223552515691441e-01 3.256870673429906708e-03 3.507647890090810350e-01
9.928790071570852138e-01 3.290962339003862883e-03 3.507404903122407491e-01
9.929749283407137694e-01 3.348402475668905195e-03 3.506991591909959793e-01
9.930338309415541742e-01 3.383499273244042725e-03 3.506736560427080041e-01
9.931134822473388635e-01 3.430746195909223448e-03 3.506390145632867772e-01
9.931957520679123297e-01 3.479287626163650622e-03 3.506030396704161722e-01
9.932581794112547158e-01 3.515943500717613746e-03 3.505756040315970989e-01
9.933222453859934520e-01 3.553404890282249422e-03 3.505473201533463312e-01
9.934096186032961295e-01 3.604239885404965892e-03 3.505085292731325852e-01
9.934541404540199183e-01 3.630031593139976080e-03 3.504886628940281357e-01
9.935457954224757859e-01 3.682895916364609893e-03 3.504475438340275972e-01
9.936160469382104843e-01 3.723203836272043384e-03 3.504158171414096246e-01
9.936880935992783437e-01 3.764346202515758081e-03 3.503830824739869176e-01
9.937495894572796473e-01 3.799304287936188657e-03 3.503549772828932762e-01
9.938121488219817667e-01 3.834715519182632475e-03 3.503262247801697260e-01
9.939160796672812381e-01 3.893197155013528640e-03 3.502780827721782009e-01
9.939694945657114866e-01 3.923080180781955174e-03 3.502531500249646546e-01
9.940375730092885220e-01 3.960997814489813224e-03 3.502211777626761946e-01
9.941079133971814086e-01 3.999977650789625361e-03 3.501879052242815593e-01
9.941512836844985657e-01 4.023911965497473445e-03 3.501672653633197130e-01
9.942245924467123519e-01 4.064198086696095384e-03 3.501321540462666859e-01
9.942849783485653292e-01 4.097221021968394834e-03 3.501030133104697240e-01
9.943630951281491326e-01 4.139719107117006275e-03 3.500650108301017749e-01
9.944439687478419110e-01 4.183442755408124832e-03 3.500252881980848163e-01
9.944937414949477361e-01 4.210207643456179497e-03 3.500006414787035225e-01
9.945448254080581085e-01 4.237564309056915564e-03 3.499751813862509442e-01
9.946141837795062779e-01 4.274525231203535856e-03 3.499403381029503324e-01
9.946679242963347711e-01 4.303018581901616769e-03 3.499131147974720024e-01
9.947232555508067620e-01 4.332224428327651963e-03 3.498848722036512204e-01
9.947802947091887171e-01 4.362192456441543395e-03 3.498555232932187842e-01
9.948193345282794198e-01 4.382621645042091528e-03 3.498352940015063139e-01
9.948788033927520313e-01 4.413611208745353044e-03 3.498042504940578890e-01
9.949193304565996376e-01 4.434638303884335525e-03 3.497829317123042903e-01
9.949819063874423275e-01 4.466954193012139668e-03 3.497497458191367592e-01
9.950248963278948144e-01 4.489047869150540084e-03 3.497267515524766224e-01
9.950914392447394174e-01 4.523070522806193865e-03 3.496908341897099204e-01
9.951257033035670885e-01 4.540507241355070528e-03 3.496721803584808552e-01
9.951843888488717260e-01 4.570245652306324097e-03 3.496399710888112300e-01
9.952322115084688559e-01 4.594363787547389028e-03 3.496134729799331153e-01
9.952814503025246839e-01 4.619087550121566375e-03 3.495859466947311978e-01
9.953322073685838545e-01 4.644458019077806789e-03 3.495573041106322942e-01
9.953845960308196350e-01 4.670519213423545909e-03 3.495274456269792385e-01
9.954519586706931378e-01 4.703836365235843607e-03 3.494885943757167213e-01
9.954937886889216880e-01 4.724412557606917987e-03 3.494641988455055581e-01
9.955367586705249350e-01 4.745459711248660277e-03 3.494389152258595699e-01
9.955809446208156999e-01 4.767010401667450513e-03 3.494126726012041773e-01
9.956414875400296793e-01 4.796390355312689195e-03 3.493763002779179394e-01
9.956882115261579402e-01 4.818949432912536003e-03 3.493478893100703253e-01
9.957364305507077074e-01 4.842126216848625410e-03 3.493182464915826624e-01
9.957694647789196996e-01 4.857943800787283689e-03 3.492977429939403966e-01
9.958204391530577348e-01 4.882253223401074142e-03 3.492657822373241294e-01
9.958554331825923978e-01 4.898870896544641959e-03 3.492436071451540669e-01
9.959095524598978733e-01 4.924454907302771960e-03 3.492089243420113398e-01
9.959562594527735513e-01 4.946421766870730437e-03 3.491785982562946589e-01
9.960045505597787674e-01 4.969023162558605829e-03 3.491468455815298078e-01
9.960343411253066437e-01 4.982911961792336336e-03 3.491270488243136683e-01
9.960854494326569775e-01 5.006648642708620527e-03 3.490927029491274758e-01
9.961277448285118519e-01 5.026208029000976858e-03 3.490639012301320343e-01
9.961713919593757627e-01 5.046313383719836475e-03 3.490338068349736478e-01
9.962161918280310058e-01 5.066865166625986704e-03 3.490025101490286108e-01
9.962505693319740896e-01 5.082575101306242675e-03 3.489782045277111111e-01
9.962858572444537320e-01 5.098644930823640654e-03 3.489529848633970976e-01
9.963221125104277931e-01 5.115095582286622623e-03 3.489267797707676366e-01
9.963593986330890884e-01 5.131951380904683710e-03 3.488995090175333602e-01
9.963977866504906133e-01 5.149241440313119013e-03 3.488710820017267289e-01
9.964373559441993544e-01 5.166998162504113368e-03 3.488413962321538220e-01
9.964644356591672025e-01 5.179113610265810054e-03 3.488208489089797415e-01
9.965061743102501257e-01 5.197731047221082652e-03 3.487887994126619429e-01
9.965347929889251111e-01 5.210456945803866244e-03 3.487665501429130788e-01
9.965789926785999508e-01 5.230046729767598261e-03 3.487317351557192580e-01
9.966093636738425632e-01 5.243461072587453017e-03 3.487074835574184295e-01
9.966559567315705914e-01 5.263964404920187107e-03 3.486697387378421276e-01
9.966880427217708061e-01 5.278029798216819085e-03 3.486433522784788130e-01
9.967378328212044281e-01 5.299770176864723042e-03 3.486017466965432021e-01
9.967809783515868549e-01 5.318529191326116200e-03 3.485650185766227538e-01
9.968257684029371291e-01 5.337928321509977959e-03 3.485262007141304852e-01
9.968534955838771472e-01 5.349901704128129723e-03 3.485018055058924369e-01
9.969012406558794837e-01 5.370457154022692525e-03 3.484591201668628679e-01
9.969308756731882770e-01 5.383173951543346498e-03 3.484321782816316437e-01
9.969613046775022136e-01 5.396196730313660914e-03 3.484041457187151969e-01
9.969925771600518516e-01 5.409543777546720750e-03 3.483749346662793345e-01
9.970247479264872092e-01 5.423235665236280333e-03 3.483444465828540726e-01
9.970691443777704999e-01 5.442067871147322766e-03 3.483016173613282529e-01
9.971036607767090887e-01 5.456660441074159297e-03 3.482676917298995756e-01
9.971393088047536546e-01 5.471689525974851413e-03 3.482320567979455550e-01
9.971637472447061334e-01 5.481970311143296096e-03 3.482072657734366361e-01
9.972014842903836884e-01 5.497811806396258813e-03 3.481683887365208951e-01
9.972274093111264115e-01 5.508670133906671575e-03 3.481412479406339466e-01
9.972575290295068173e-01 5.521258925405665534e-03 3.481092589188609643e-01
9.972922000224022643e-01 5.535713669137098426e-03 3.480718080156607885e-01
9.973280657224116164e-01 5.550623575495877704e-03 3.480323334300878257e-01
9.973558081309227275e-01 5.562126907676649690e-03 3.480012700668836390e-01
9.973843238065247530e-01 5.573926093790793589e-03 3.479688445756526916e-01
9.974136641173761975e-01 5.586042792287104243e-03 3.479349408608349292e-01
9.974438858290636256e-01 5.598500478281046022e-03 3.478994282253366488e-01
9.974750515538618467e-01 5.611325516629746268e-03 3.478621587872395282e-01
9.975181926553605694e-01 5.629041429834256288e-03 3.478094431505394102e-01
9.975404964969021293e-01 5.638181757897505961e-03 3.477816565392927162e-01
9.975740710655780497e-01 5.651916626678217884e-03 3.477391192475873249e-01
9.976084019075507348e-01 5.665928828324147751e-03 3.476947104095945429e-01
9.976319905302465374e-01 5.675537831728868533e-03 3.476636430228219887e-01
9.976685048465973038e-01 5.690386042353076310e-03 3.476146325582233354e-01
9.976936576052695127e-01 5.700598281288009675e-03 3.475802006446429004e-01
9.977327010428558296e-01 5.716428749811712680e-03 3.475256313944057318e-01
9.977596755686080066e-01 5.727351319110927236e-03 3.474871034969835293e-01
9.977874647642224204e-01 5.738591463441849484e-03 3.474466802893191320e-01
9.978161248682079210e-01 5.750170578985082728e-03 3.474041855864964390e-01
9.978457182292497230e-01 5.762110620494343381e-03 3.473594189049332703e-01
9.978685681051390199e-01 5.771317871623802415e-03 3.473242146176323542e-01
9.978920154480180882e-01 5.780756288039003848e-03 3.472874939396457528e-01
9.979242710965282592e-01 5.793726641980610943e-03 3.472359628045271207e-01
9.979408528064854789e-01 5.800389349110728586e-03 3.472090005567052273e-01
9.979749878048177480e-01 5.814098310344612171e-03 3.471524592435837886e-01
9.979925724695731803e-01 5.821157896412265144e-03 3.471227704783896306e-01
9.980288529745338089e-01 5.835718948340585036e-03 3.470602710596760176e-01
9.980475867178884020e-01 5.843234916817846569e-03 3.470273188246433826e-01
9.980764821692650335e-01 5.854824331631613456e-03 3.469755533422747562e-01
9.981063982578021188e-01 5.866817370085503774e-03 3.469207158806492663e-01
9.981269508387591305e-01 5.875052853370017411e-03 3.468822826970692774e-01
9.981587598926524585e-01 5.887795744723479420e-03 3.468215404464134455e-01
9.981806669382242703e-01 5.896571295717719166e-03 3.467787878989284089e-01
9.982031749578805790e-01 5.905589995057716063e-03 3.467340587076532810e-01
9.982381475806171300e-01 5.919613021207622248e-03 3.466628911169014615e-01
9.982623346236442208e-01 5.929318311259593882e-03 3.466124384090248922e-01
9.982872737916601569e-01 5.939331611420239042e-03 3.465593214700314340e-01
9.983130182164108302e-01 5.949675059041603827e-03 3.465032811970130688e-01
9.983396273700049228e-01 5.960373072171199285e-03 3.464440211566743866e-01
9.983671684421697723e-01 5.971454547526803582e-03 3.463812003214271074e-01
9.983957179697369178e-01 5.982954593370501568e-03 3.463144244253880122e-01
9.984253637137215920e-01 5.994913827053961058e-03 3.462432343722726125e-01
9.984406293963175028e-01 6.001080740164159780e-03 3.462058159941386326e-01
9.984641183739834114e-01 6.010584411811454968e-03 3.461472042227078938e-01
9.984883613646687861e-01 6.020413841146540941e-03 3.460853517884461272e-01
9.985219528053926874e-01 6.034067057729434677e-03 3.459972754813492313e-01
9.985393346580382357e-01 6.041146330002007334e-03 3.459505729273283925e-01
9.985661963323834156e-01 6.052108956532450089e-03 3.458768327106024887e-01
9.985940768752048502e-01 6.063518269180906244e-03 3.457982089325501995e-01
9.986132751984105882e-01 6.071394810021543686e-03 3.457427883648429012e-01
9.986430633305444227e-01 6.083655355033737964e-03 3.456546608098070017e-01
9.986636340980088455e-01 6.092152568386860131e-03 3.455922315691087321e-01
9.986848179599125963e-01 6.100932333402532895e-03 3.455265555879069583e-01
9.987178338722532134e-01 6.114679051429552925e-03 3.454212871903201143e-01
9.987349444046859093e-01 6.121832572839023406e-03 3.453652766490332149e-01
9.987524851726983233e-01 6.129188046873548269e-03 3.453067908374624628e-01
9.987765844015680239e-01 6.139333345144736866e-03 3.452246210604565380e-01
9.988015577918140098e-01 6.149898205990436510e-03 3.451371732586687169e-01
9.988274800149772314e-01 6.160925640114119951e-03 3.450438351860085073e-01
9.988544362552871370e-01 6.172465870353089322e-03 3.449438898536279496e-01
9.988753905693313895e-01 6.181491980120029303e-03 3.448640863798981271e-01
9.988970266660069930e-01 6.190867097806089688e-03 3.447796772257042952e-01
9.989270221423027785e-01 6.203962842160547393e-03 3.446591399625940633e-01
9.989504550052760168e-01 6.214274592243767582e-03 3.445619963478187553e-01
9.989747628014434833e-01 6.225052592193919786e-03 3.444583427716401136e-01
9.990051947931041232e-01 6.238673939898094385e-03 3.443242565572226521e-01
9.990263205772492716e-01 6.248219598374954789e-03 3.442282248564038083e-01
9.990481762035228197e-01 6.258180777744893133e-03 3.441262336669906885e-01
9.990785530834477290e-01 6.272183090399749937e-03 3.439798295236283221e-01
9.991023505581886344e-01 6.283286098540073576e-03 3.438611666357698216e-01
9.991271012511192540e-01 6.294966425877556240e-03 3.437338679307792577e-01
9.991528929002418957e-01 6.307292270013507146e-03 3.435967976811503122e-01
9.991798280720175507e-01 6.320345452596471368e-03 3.434486009679010854e-01
9.991984794926396241e-01 6.329500378126354937e-03 3.433428195140010297e-01
9.992177328124328684e-01 6.339059881991296157e-03 3.432308091262717964e-01
9.992478392564185796e-01 6.354248289778780673e-03 3.430496839634741835e-01
9.992688036569071786e-01 6.365005120493280252e-03 3.429190173609603098e-01
9.992905497192673403e-01 6.376331849626015215e-03 3.427793419066187952e-01
9.993131439165223728e-01 6.388293320746171559e-03 3.426295367204049702e-01
9.993247827739355493e-01 6.394535667226660010e-03 3.425504224737435655e-01
9.993487959678186705e-01 6.407603704620988723e-03 3.423828682806724366e-01
9.993674973098491954e-01 6.417966329702131691e-03 3.422481574024712203e-01
9.993868412429605108e-01 6.428868095635564481e-03 3.421047603426524142e-01
9.994068783400280598e-01 6.440370442393897506e-03 3.419516767349257136e-01
9.994276648665150198e-01 6.452543741852662454e-03 3.417877264130185222e-01
9.994492639380627708e-01 6.465469201505099663e-03 3.416115041780315442e-01
9.994641497712507539e-01 6.474551202326015581e-03 3.414863781398045917e-01
9.994872678435071656e-01 6.488960194365878641e-03 3.412858089785226756e-01
9.995032449859110324e-01 6.499146896402811270e-03 3.411424851537969705e-01
9.995197091961360858e-01 6.509854018581678545e-03 3.409905601256008056e-01
9.995366937452522249e-01 6.521137877825349503e-03 3.408291024568417815e-01
9.995542352050760249e-01 6.533061480886725135e-03 3.406570176068184908e-01
9.995632269244164592e-01 6.539285282464273041e-03 3.405665878505661492e-01
9.995816803494208536e-01 6.552313940678048190e-03 3.403760798275437538e-01
9.996007985421709874e-01 6.566193981869809966e-03 3.401712147962647204e-01
9.996106220069089776e-01 6.573485864175064412e-03 3.400627537329398709e-01
9.996308346586166849e-01 6.588860231364870174e-03 3.398323297207551663e-01
9.996412368419599348e-01 6.596976598829111353e-03 3.397096103213167462e-01
9.996572341019539509e-01 6.609750729590273786e-03 3.395150108738663741e-01
9.996654165764250477e-01 6.616427985996938856e-03 3.394125025777164351e-01
9.996737268852544656e-01 6.623314731048757058e-03 3.393062177313535543e-01
9.996907478591154916e-01 6.637772536427137202e-03 3.390812634307587281e-01
9.997083254080765258e-01 6.653234169792848242e-03 3.388374515881842353e-01
9.997203659123680142e-01 6.664161181224327254e-03 3.386627354033490689e-01
9.997295716088870909e-01 6.672713899485373593e-03 3.385244364385601723e-01
9.997389315847620139e-01 6.681597447420691699e-03 3.383792223783705366e-01
9.997484485856261704e-01 6.690835105204907297e-03 3.382263378894750927e-01
9.997581247233376933e-01 6.700452149198663811e-03 3.380648818749232842e-01
9.997679612228204116e-01 6.710475744336922427e-03 3.378937473779217715e-01
9.997739394289327786e-01 6.716696143848326778e-03 3.377858670914177797e-01
9.997820000854189537e-01 6.725246412788174998e-03 3.376353462654486104e-01
9.997929051550846768e-01 6.737129757805541096e-03 3.374213372096103725e-01
9.997984214594728414e-01 6.743286630230170380e-03 3.373078977059141281e-01
9.998039795735214064e-01 6.749594694472544829e-03 3.371897760846172543e-01
9.998095779159665852e-01 6.756058722464997231e-03 3.370667232071742347e-01
9.998208912998742814e-01 6.769477908560209145e-03 3.368050114056204136e-01
9.998265973426959663e-01 6.776433894839532443e-03 3.366665523831608442e-01
9.998323339786087116e-01 6.783559704405374945e-03 3.365238508807195106e-01
9.998380985682069344e-01 6.790857066305143637e-03 3.363783815535877353e-01
9.998467947419584778e-01 6.802127777567923937e-03 3.361646329353635276e-01
9.998526250026127382e-01 6.809859583607370467e-03 3.360303184326531856e-01
9.998555514960351109e-01 6.813792921884252902e-03 3.359684513423680796e-01
9.998614299637414993e-01 6.821797026678047896e-03 3.358569976878986729e-01
9.998643847881024671e-01 6.825871631863771223e-03 3.358080857126871099e-01
9.998673512895481785e-01 6.829996197733857570e-03 3.357637879733872954e-01
9.998733233069112547e-01 6.838400547945557538e-03 3.356884925877260950e-01
9.998793574077052826e-01 6.847027967935868931e-03 3.356299090828132048e-01
9.998824016846992180e-01 6.851432140096143202e-03 3.356063831094864280e-01
9.998854656500272275e-01 6.855899497513900237e-03 3.355864030522699992e-01
9.998916573648619632e-01 6.865033339351931524e-03 3.355563100957479894e-01
9.998979452562853920e-01 6.874455825822961899e-03 3.355381227901470531e-01
9.999043416463473388e-01 6.884194869038890927e-03 3.355303890346342799e-01
9.999125084778498485e-01 6.896860251072628283e-03 3.355331888859651168e-01
9.999175115050784601e-01 6.904750365054699440e-03 3.355402974815576145e-01
9.999243130945403291e-01 6.915641399975110473e-03 3.355548881053196375e-01
9.999312785469907094e-01 6.926997265982044391e-03 3.355740610642227728e-01
9.999348281186141163e-01 6.932865247657852420e-03 3.355849513747085067e-01
9.999420696978659207e-01 6.945011822712125922e-03 3.356086220808233156e-01
9.999476355849528098e-01 6.954511999523854335e-03 3.356273728827579572e-01
9.999533256625676714e-01 6.964376850699273598e-03 3.356463930936648965e-01
9.999611203631671996e-01 6.978150165304715900e-03 3.356711943429168676e-01
9.999671357732496935e-01 6.988991938740876653e-03 3.356885541445881471e-01
9.999724755022235678e-01 6.998776684530873780e-03 3.357021562303419970e-01
9.999792197722634501e-01 7.011358967162846859e-03 3.357163004637833126e-01
9.999826680284464864e-01 7.017891239156527107e-03 3.357219986428555125e-01
9.999897257606218393e-01 7.031478046399174293e-03 3.357299572283650724e-01
9.999933403873831894e-01 7.038551934679857479e-03 3.357318975228415492e-01
9.999970151280588304e-01 7.045825949191402912e-03 3.357322518635618147e-01
9.999985024668397449e-01 7.048794082666108921e-03 3.357319074866344510e-01
