# -45 2 0.237402571479 7.86408019822e-05
# x xi_r xi_h
1.310287751119751072e-03 -9.066348591872866791e+01 -4.258731392433607255e+01
1.460995662986557019e-03 -9.887433247690816529e+01 -4.569741860897084962e+01
1.650884358646134958e-03 -1.082526835464592381e+02 -4.886086502114677188e+01
1.840773054305712029e-03 -1.164732486283745061e+02 -5.113246638190007332e+01
2.080034956818093209e-03 -1.250671897571094604e+02 -5.267293876906683181e+01
2.319296859330475039e-03 -1.316005435572346300e+02 -5.271374142450236633e+01
2.520287072229036949e-03 -1.354490878364074149e+02 -5.160201298446661866e+01
2.721277285127598859e-03 -1.377853712642562414e+02 -4.948133549784468244e+01
2.922267498026161203e-03 -1.386203994053582846e+02 -4.641018429462882722e+01
3.112225549436466957e-03 -1.380591156468408940e+02 -4.270558483362886903e+01
3.302183600846774012e-03 -1.362321257327176625e+02 -3.830446355184748342e+01
3.492141652257081067e-03 -1.332010322553105368e+02 -3.330148064913879580e+01
3.682099703667386821e-03 -1.290421392703927665e+02 -2.780208013641829012e+01
3.921500270735109317e-03 -1.223391755945887667e+02 -2.033511041810974618e+01
4.160900837802832680e-03 -1.141910870246809679e+02 -1.250131307769905575e+01
4.400301404870555176e-03 -1.048265048893587306e+02 -4.549085307271936607e+00
4.639701971938277672e-03 -9.449144142104620414e+01 3.274113777644516166e+00
4.869433365318841418e-03 -8.389831180658717358e+01 1.043675821410298354e+01
5.099164758699403430e-03 -7.287973313133910835e+01 1.706495036442230173e+01
5.328896152079966309e-03 -6.166510818874330369e+01 2.298197890811370669e+01
5.558627545460530055e-03 -5.047739658303540011e+01 2.803569028023392562e+01
5.787748083093968016e-03 -3.955689124208667096e+01 3.209363369719257264e+01
6.016868620727404242e-03 -2.906832817319733309e+01 3.508144143329357689e+01
6.245989158360841335e-03 -1.918681285601169861e+01 3.694401535449399887e+01
6.507314466583081353e-03 -8.853439613974330769e+00 3.768167189134987183e+01
6.768639774805322237e-03 3.098555688491121396e-01 3.695716002588397231e+01
7.029965083027563122e-03 8.162373603408113354e+00 3.485334506477015992e+01
7.291290391249803139e-03 1.461113088713538488e+01 3.150505486602361671e+01
7.588259160035928062e-03 2.018171267605450936e+01 2.643123635141914463e+01
7.885227928822052118e-03 2.389263724247735965e+01 2.030110585386188760e+01
8.182196697608175306e-03 2.582098474545451694e+01 1.347593584606723915e+01
8.479165466394300230e-03 2.610752006740827369e+01 6.339275681085235092e+00
8.776134235180425153e-03 2.494637082715161824e+01 -7.239085310146934349e-01
9.062891590263655664e-03 2.267049614332336205e+01 -7.131604821960998208e+00
9.349648945346886175e-03 1.950146145881507564e+01 -1.283255461061665947e+01
9.636406300430114952e-03 1.569005601095726377e+01 -1.757715759356622698e+01
9.923163655513347198e-03 1.148923499342859778e+01 -2.117283885618191874e+01
1.020992101059657944e-02 7.143649406558183479e+00 -2.349171854061944842e+01
1.049667836567980995e-02 2.880188550147103843e+00 -2.447479797811170954e+01
1.078343572076304047e-02 -1.100118792675673030e+00 -2.413253367097319213e+01
1.107585216327150977e-02 -4.692357255766397728e+00 -2.249992919179043582e+01
1.136826860577998081e-02 -7.675928550887963553e+00 -1.971522421845938666e+01
1.166068504828845012e-02 -9.954469610004565538e+00 -1.597880918974401254e+01
1.195310149079691076e-02 -1.147534719909664602e+01 -1.153334420248940440e+01
1.224551793330539047e-02 -1.222845445847311119e+01 -6.649428855999835797e+00
1.253793437581384937e-02 -1.224314997433586250e+01 -1.610259152011938921e+00
1.283035081832233082e-02 -1.158359385596644309e+01 3.303879464279547040e+00
1.312276726083078972e-02 -1.034279617620260616e+01 7.830447879163426883e+00
1.341518370333926076e-02 -8.635736154548821375e+00 1.173804259953127271e+01
1.372371033175165053e-02 -6.473578828422026810e+00 1.498217597672974399e+01
1.403223696016404030e-02 -4.096702972856903102e+00 1.716872777194117461e+01
1.434076358857643008e-02 -1.664147091855775473e+00 1.820742694271500994e+01
1.464929021698880944e-02 6.747858703695778226e-01 1.808054458039591239e+01
1.495781684540119921e-02 2.788129968988969143e+00 1.684133601648246525e+01
1.526634347381359072e-02 4.567359214101853304e+00 1.460830059820023408e+01
1.557487010222598049e-02 5.931761749614107515e+00 1.155572194715947276e+01
1.588339673063835986e-02 6.830960539704573620e+00 7.901167799453705065e+00
1.619192335905075136e-02 7.245563346733774779e+00 3.890797464073748380e+00
1.650044998746313940e-02 7.186028010989265802e+00 -2.165633823634527111e-01
1.680897661587552050e-02 6.689922288676256379e+00 -4.165572293929484360e+00
1.711941423928450140e-02 5.811500241234170971e+00 -7.740079137984413826e+00
1.742985186269348924e-02 4.632411057617406236e+00 -1.070812430718739172e+01
1.774028948610247014e-02 3.244937491584884093e+00 -1.290710634705440363e+01
1.805072710951145104e-02 1.747489560159560140e+00 -1.422708410190571726e+01
1.836116473292042847e-02 2.384435534673782497e-01 -1.461579464074912948e+01
1.867160235632940937e-02 -1.189627126192712048e+00 -1.408002193991303308e+01
1.898203997973839027e-02 -2.455024646229225560e+00 -1.268330865499797966e+01
1.929247760314737117e-02 -3.491052265866918969e+00 -1.054023585911181549e+01
1.960291522655635901e-02 -4.249008647289630680e+00 -7.807711382232414010e+00
1.991335284996533991e-02 -4.699941791963073712e+00 -4.673891218122122382e+00
2.022379047337432081e-02 -4.835131714193703800e+00 -1.345497720835408639e+00
2.053422809678330171e-02 -4.665347650156195236e+00 1.965616209705736361e+00
2.083870335922823058e-02 -4.229771609724998882e+00 5.000165120113725159e+00
2.114317862167315945e-02 -3.568740329603325545e+00 7.649089281828236331e+00
2.144765388411808138e-02 -2.733544834237589871e+00 9.768140723337108255e+00
2.175212914656301025e-02 -1.782470477640915929e+00 1.124908314640256712e+01
2.205660440900793912e-02 -7.770580443328337639e-01 1.202471377753314208e+01
2.236107967145287145e-02 2.215853999514281469e-01 1.207128805511528036e+01
2.266555493389780032e-02 1.156222359557341983e+00 1.140832105905976412e+01
2.297003019634272919e-02 1.976491895245265917e+00 1.009589257402222273e+01
2.327450545878765112e-02 2.641347845555294338e+00 8.229719983126610572e+00
2.357898072123257999e-02 3.120829188109128349e+00 5.934377998258118403e+00
2.388999902351006052e-02 3.400756038395811309e+00 3.298383951763977695e+00
2.420101732578754106e-02 3.463192432598824144e+00 5.335121979898724831e-01
2.451203562806502159e-02 3.315623470907027137e+00 -2.190654525821250420e+00
2.482305393034249866e-02 2.977447355125856898e+00 -4.712396051785075812e+00
2.513407223261997919e-02 2.478180743822038234e+00 -6.887168439680961818e+00
2.544509053489744932e-02 1.855186734083776656e+00 -8.595552765388251970e+00
2.575610883717492985e-02 1.151083981129134237e+00 -9.749428749166376917e+00
2.606712713945241039e-02 4.110034939441323254e-01 -1.029608460875006060e+01
2.637814544172989092e-02 -3.201421930683230332e-01 -1.022010707710557220e+01
2.668916374400737146e-02 -1.000223696279125329e+00 -9.543030780654707002e+00
2.700018204628484852e-02 -1.592158316545337016e+00 -8.320856254781409334e+00
2.731120034856232906e-02 -2.065762520239370126e+00 -6.639663631233228003e+00
2.762221865083979919e-02 -2.399113030635505517e+00 -4.609648403654668769e+00
2.793323695311727972e-02 -2.579368339022560352e+00 -2.357981960098677998e+00
2.826513052570591919e-02 -2.599229961709203618e+00 1.339259451317291461e-01
2.859702409829455866e-02 -2.448222250287248603e+00 2.557021836003503523e+00
2.892891767088319119e-02 -2.144076329471859665e+00 4.754622509486648774e+00
2.926081124347183066e-02 -1.713487600726064874e+00 6.589314491935530427e+00
2.959270481606045972e-02 -1.189957817280010710e+00 7.951209097990078689e+00
2.992459838864909918e-02 -6.113235313078563271e-01 8.764157295741766163e+00
3.025649196123773171e-02 -1.714212296823919637e-02 8.989598966447317707e+00
3.058838553382637118e-02 5.538940499512750026e-01 8.627882725457167723e+00
3.092027910641501065e-02 1.066355930973754473e+00 7.717058745474628445e+00
3.125217267900363971e-02 1.490149282781515039e+00 6.329307287059780407e+00
3.158406625159228265e-02 1.802147952747839232e+00 4.565309930221261858e+00
3.191595982418091171e-02 1.987310433530375953e+00 2.546990210008739375e+00
3.224785339676954771e-02 2.039237333187627677e+00 4.091387513210477112e-01
3.257974696935817677e-02 1.960164091362946781e+00 -1.709509424558270041e+00
3.291164054194681970e-02 1.760418368795271471e+00 -3.675163034331687228e+00
3.324353411453546264e-02 1.457402933467641715e+00 -5.367268419920709022e+00
3.357542768712409170e-02 1.074190843035259135e+00 -6.685706789663855787e+00
3.390732125971272770e-02 6.378389811443075930e-01 -7.556479363462392129e+00
3.423921483230135676e-02 1.775377296956558160e-01 -7.935574942318420533e+00
3.457110840488999970e-02 -2.772815576974503871e-01 -7.810839562426481031e+00
3.491112367483018009e-02 -7.083477358209996355e-01 -7.181521951299265183e+00
3.525113894477036047e-02 -1.078040769415752553e+00 -6.097115256978624664e+00
3.559115421471054780e-02 -1.364976745385111379e+00 -4.638402272758266776e+00
3.593116948465072819e-02 -1.553944051599854825e+00 -2.908131616976453060e+00
3.627118475459092245e-02 -1.636592212602070662e+00 -1.023847740876424384e+00
3.661120002453110284e-02 -1.611659110857992960e+00 8.900081137701287837e-01
3.695121529447128322e-02 -1.484744219823496136e+00 2.710206674833233187e+00
3.729123056441145667e-02 -1.267663073165837595e+00 4.322531220845140965e+00
3.763124583435163706e-02 -9.774423799741719376e-01 5.628786116270940276e+00
3.797126110429181745e-02 -6.350346364786861875e-01 6.552593169499849601e+00
3.831127637423199783e-02 -2.638447907481669685e-01 7.043644366806272039e+00
3.865129164417219210e-02 1.118311093436451659e-01 7.080186889927668759e+00
3.899130691411237248e-02 4.683544938258937251e-01 6.669634984494927643e+00
3.933132218405255287e-02 7.841847031270207102e-01 5.847325272195053714e+00
3.967133745399273326e-02 1.041126990308512523e+00 4.673549519090077986e+00
4.001135272393290671e-02 1.225319614697353732e+00 3.229104215650095977e+00
4.035136799387308709e-02 1.327910875022797033e+00 1.609683112435605024e+00
4.069138326381326748e-02 1.345398405994908009e+00 -8.049798608589724125e-02
4.103139853375346174e-02 1.279625242815639830e+00 -1.735418705383552140e+00
4.137141380369364213e-02 1.137448620354585938e+00 -3.253880713217620180e+00
4.171142907363382252e-02 9.301169068099259807e-01 -4.545630652576146069e+00
4.205144434357400290e-02 6.724063562438460373e-01 -5.536612664880676604e+00
4.239145961351419023e-02 3.815816356866620351e-01 -6.173051674129372834e+00
4.273147488345437062e-02 7.625177388300398429e-02 -6.424153111818470485e+00
4.307149015339455100e-02 -2.248039566325539251e-01 -6.283299762530352162e+00
4.325489917444660243e-02 -3.795993365199895053e-01 -6.048037325181971013e+00
4.343830819549863304e-02 -5.252529055574344241e-01 -5.708158842516379394e+00
4.362171721655067058e-02 -6.593718886061239459e-01 -5.270969964507995265e+00
4.380512623760270813e-02 -7.798154186146339928e-01 -4.745384979525283597e+00
4.398853525865475261e-02 -8.847261879704494403e-01 -4.141740055525160003e+00
4.417194427970679016e-02 -9.725562949983120875e-01 -3.471585153733783624e+00
4.435535330075882771e-02 -1.042086999153946536e+00 -2.747458860649509838e+00
4.453876232181087219e-02 -1.092442215740093259e+00 -1.982650569647809391e+00
4.472217134286290280e-02 -1.123095696998409165e+00 -1.190954542409359052e+00
4.490558036391494035e-02 -1.133871959167990218e+00 -3.864203943198593616e-01
4.527239840601902238e-02 -1.097274736149912888e+00 1.198838924533227157e+00
4.563921644812309747e-02 -9.880014765169116142e-01 2.673227067365702592e+00
4.600603449022717950e-02 -8.158523044664496293e-01 3.940445612692577537e+00
4.637285253233124765e-02 -5.944102833840498867e-01 4.920905664127213086e+00
4.673967057443533663e-02 -3.399746640596164049e-01 5.556429411181365019e+00
4.710648861653941866e-02 -7.036967588478656999e-02 5.813336039180613035e+00
4.747330665864348681e-02 1.962861730966139473e-01 5.683786979558841601e+00
4.784012470074756884e-02 4.427681211705172815e-01 5.185386924229283601e+00
4.820694274285165087e-02 6.538162714198318959e-01 4.359150851385583891e+00
4.857376078495573291e-02 8.170277247659250008e-01 3.266046669646490930e+00
4.894057882705980800e-02 9.235229110147820109e-01 1.982402642870833898e+00
4.931285321897629220e-02 9.685505969420092898e-01 5.737654967469969503e-01
4.968512761089276947e-02 9.492192821183046414e-01 -8.478181113242043709e-01
5.005740200280924673e-02 8.688375584325607193e-01 -2.189710593592498089e+00
5.042967639472573094e-02 7.345163655474924447e-01 -3.366894493574698277e+00
5.080195078664220820e-02 5.565598030057150591e-01 -4.307165267613465964e+00
5.117422517855869241e-02 3.476816664781128829e-01 -4.955344190162017881e+00
5.154649957047517661e-02 1.221047924200617113e-01 -5.276279835562663223e+00
5.191877396239164694e-02 -1.053951647350260951e-01 -5.256489563171024670e+00
5.229104835430813114e-02 -3.204393490035330472e-01 -4.904382307824144860e+00
5.266332274622462228e-02 -5.099298443216671028e-01 -4.249094958010906531e+00
5.303559713814109261e-02 -6.628162661495974328e-01 -3.338060905539161460e+00
5.340787153005757681e-02 -7.707024414730336836e-01 -2.233505583867783528e+00
5.378014592197404714e-02 -8.282627184551036859e-01 -1.008125340665539271e+00
5.415242031389053134e-02 -8.334507005530196189e-01 2.597507667141965571e-01
5.452469470580702249e-02 -7.874969124984224633e-01 1.491194001208607123e+00
5.489696909772349281e-02 -6.947051925981488907e-01 2.611580340676135759e+00
5.526924348963997702e-02 -5.620696470027546354e-01 3.555062439987891398e+00
5.564151788155646122e-02 -3.987440919759655533e-01 4.268343935214528706e+00
5.601379227347293849e-02 -2.154035019944397777e-01 4.713545165684563720e+00
5.638606666538942269e-02 -2.354171372562181494e-02 4.870015279856812818e+00
5.675834105730589996e-02 1.652486497973566781e-01 4.735018384948188164e+00
5.713557747568415168e-02 3.421366140531356681e-01 4.316160346431775707e+00
5.751281389406241035e-02 4.944270947233561087e-01 3.645322948369083882e+00
5.789005031244066207e-02 6.138039637841350427e-01 2.768802858322096494e+00
5.826728673081892074e-02 6.942098820955265870e-01 1.743727285861002674e+00
5.864452314919717246e-02 7.321044237977480940e-01 6.341687238209389177e-01
5.902175956757541725e-02 7.265585697675259746e-01 -4.929512941866008857e-01
5.939899598595368285e-02 6.791906314886447804e-01 -1.571905624493681763e+00
5.977623240433192764e-02 5.939578487813852448e-01 -2.541914121273241012e+00
6.015346882271019324e-02 4.768253270612632932e-01 -3.350405561235020091e+00
6.053070524108843803e-02 3.353393757953611054e-01 -3.955635459649782693e+00
6.090794165946669669e-02 1.781355832221029611e-01 -4.328557013676445742e+00
6.128517807784496230e-02 1.441316705563123503e-02 -4.453893562956900531e+00
6.149838126173343134e-02 -7.777808079141537712e-02 -4.413623281148110422e+00
6.171158444562190731e-02 -1.674468814659037519e-01 -4.294884560671849982e+00
6.192478762951038329e-02 -2.530399590982964075e-01 -4.100789753724720654e+00
6.213799081339885233e-02 -3.331063697346344776e-01 -3.835724290811680870e+00
6.235119399728732831e-02 -4.063205196469500957e-01 -3.505246452741560770e+00
6.256439718117580429e-02 -4.715024279172890243e-01 -3.115969233366193247e+00
6.277760036506427332e-02 -5.276349660396066898e-01 -2.675426663956248508e+00
6.299080354895275624e-02 -5.738778652446555606e-01 -2.191927173821807351e+00
6.320400673284122528e-02 -6.095783419640853351e-01 -1.674396720546394768e+00
6.341720991672969432e-02 -6.342782523260418470e-01 -1.132214535126867760e+00
6.384361628450666015e-02 -6.499351045973191798e-01 -1.749909201292259436e-02
6.427002265228359823e-02 -6.213913158873931586e-01 1.080212952269674842e+00
6.469642902006055019e-02 -5.518479762340844363e-01 2.087558220284074118e+00
6.512283538783750214e-02 -4.471216413473740880e-01 2.939273411101424927e+00
6.554924175561444022e-02 -3.151529736239463420e-01 3.582259533963727094e+00
6.597564812339139217e-02 -1.653980655224202290e-01 3.978694443287642546e+00
6.640205449116834413e-02 -8.148021958104755338e-03 4.108024561610166714e+00
6.682846085894529609e-02 1.461752387950042698e-01 3.967747069115493908e+00
6.725486722672224804e-02 2.876998727604016537e-01 3.572977309169506288e+00
6.768127359449918612e-02 4.077184988891075501e-01 2.954876995697258035e+00
6.810767996227613807e-02 4.991994423467566722e-01 2.158091610154821982e+00
6.854182003929965017e-02 5.578828864352975980e-01 1.220114568657144183e+00
6.897596011632314839e-02 5.790285923047655547e-01 2.179825127431040677e-01
6.941010019334666048e-02 5.623452547239375932e-01 -7.818719590355148741e-01
6.984424027037017257e-02 5.099796200875723606e-01 -1.715198623071962247e+00
7.027838034739368467e-02 4.262754393777011819e-01 -2.523978593448450880e+00
7.071252042441718288e-02 3.174043370023844624e-01 -3.159893103492743549e+00
7.114666050144069498e-02 1.908992803847607000e-01 -3.587019085654477024e+00
7.158080057846419320e-02 5.512561295479750240e-02 -3.783619364386166417e+00
7.201494065548770529e-02 -8.127363309343019204e-02 -3.742960747628938822e+00
7.244908073251121738e-02 -2.099221210766031298e-01 -3.473158848017927181e+00
7.288322080953472948e-02 -3.232111799406218733e-01 -2.996109863937932882e+00
7.331736088655822769e-02 -4.147290287951828636e-01 -2.345623170619210107e+00
7.375150096358173979e-02 -4.795961309325227906e-01 -1.564911557131838604e+00
7.419305697663924892e-02 -5.150214903372027919e-01 -6.886936270317167708e-01
7.463461298969675806e-02 -5.183681409553672070e-01 2.151463640451625470e-01
7.507616900275426719e-02 -4.903305042294031080e-01 1.091056875391164693e+00
7.551772501581177632e-02 -4.334655369876551090e-01 1.887027453371509900e+00
7.595928102886928546e-02 -3.519564333060424821e-01 2.557581272328808275e+00
7.640083704192679459e-02 -2.512916451594775502e-01 3.066208586437844996e+00
7.684239305498430372e-02 -1.378840346102460368e-01 3.387131283113523850e+00
7.728394906804181286e-02 -1.865663623893446671e-02 3.506338955464691320e+00
7.772550508109932199e-02 9.937859841966893704e-02 3.421885759362519153e+00
7.816706109415683112e-02 2.095243790207435841e-01 3.143481812798502695e+00
7.860861710721434026e-02 3.057622493502529792e-01 2.691450765717981586e+00
7.907004175851901906e-02 3.860004669312925851e-01 2.065820472578794753e+00
7.953146640982367011e-02 4.412772449992967139e-01 1.324439716032850045e+00
7.999289106112834891e-02 4.689327778197222574e-01 5.145677253798064399e-01
8.045431571243301383e-02 4.680452018935415959e-01 -3.138672298724249354e-01
8.091574036373769263e-02 4.394144897937531935e-01 -1.111289134627656550e+00
8.137716501504235755e-02 3.854467468215549975e-01 -1.831363590582896883e+00
8.183858966634702248e-02 3.099503321273454071e-01 -2.433594818081397548e+00
8.230001431765168740e-02 2.178596892531096674e-01 -2.885491387627095783e+00
8.276143896895636620e-02 1.149061554893052034e-01 -3.164190704026212497e+00
8.322286362026103113e-02 7.257171033212092559e-03 -3.257466910425027340e+00
8.368428827156570993e-02 -9.885385421423938113e-02 -3.164085155796039217e+00
8.414571292287037485e-02 -1.974852408031553264e-01 -2.893504748089140044e+00
8.460713757417503977e-02 -2.833122599276700071e-01 -2.464972168588058121e+00
8.507417896077572317e-02 -3.526100673967665355e-01 -1.898657852339931340e+00
8.554122034737642044e-02 -4.008090489158172565e-01 -1.233911308771072468e+00
8.600826173397713159e-02 -4.257612903366110868e-01 -5.102702117223882894e-01
8.647530312057782886e-02 -4.266834936755055652e-01 2.306411016261742386e-01
8.694234450717849838e-02 -4.041447491665741687e-01 9.475057027160426193e-01
8.740938589377920953e-02 -3.599798931743559693e-01 1.601604393294850048e+00
8.787642728037989293e-02 -2.971367391394575952e-01 2.158876421141767921e+00
8.834346866698060408e-02 -2.194688109378613305e-01 2.591641158911670129e+00
8.881051005358128747e-02 -1.314877675902592358e-01 2.879894024481764792e+00
8.927249613444182552e-02 -3.910470826798779359e-02 3.011529855766917674e+00
8.973448221530234969e-02 5.373251440646500954e-02 2.987772819687487313e+00
9.019646829616287387e-02 1.423360104586766928e-01 2.814205467154116569e+00
9.065845437702341192e-02 2.224092381656779804e-01 2.503797066260567306e+00
9.112044045788392221e-02 2.902417107198923540e-01 2.075692419875018846e+00
9.158242653874446026e-02 3.428578325499188062e-01 1.553808875457888705e+00
9.185990558262246974e-02 3.662584978401496882e-01 1.205542994560934833e+00
9.213738462650046535e-02 3.830354647966166537e-01 8.395046065531186485e-01
9.269234271425648430e-02 3.961163221150825753e-01 8.368762705597944385e-02
9.324730080201248938e-02 3.821927686310542804e-01 -6.649515069981443149e-01
9.380225888976850834e-02 3.429577334144600642e-01 -1.356827596826462923e+00
9.435721697752449955e-02 2.817111727601682714e-01 -1.947650151750961678e+00
9.491217506528051850e-02 2.030769281688762640e-01 -2.401067107590490135e+00
9.546713315303652359e-02 1.126481795442906692e-01 -2.690745957322637327e+00
9.602209124079254254e-02 1.658616481519591818e-02 -2.801767998702805240e+00
9.657704932854854762e-02 -7.880078647216468002e-02 -2.731251483733971863e+00
9.711274250401923103e-02 -1.645940192559818549e-01 -2.499149045020843563e+00
9.764843567948991443e-02 -2.392372250882977280e-01 -2.123540872354514608e+00
9.818412885496061171e-02 -2.986667924622100068e-01 -1.629693185447837589e+00
9.871982203043128123e-02 -3.398367241105809677e-01 -1.048934342542414022e+00
9.925551520590197851e-02 -3.608518231985320956e-01 -4.166423332336343655e-01
9.979120838137264804e-02 -3.610290767316998717e-01 2.299280079299595991e-01
1.003269015568433037e-01 -3.408870525141095009e-01 8.538484042120273454e-01
1.008625947323140010e-01 -3.020672336691913040e-01 1.420622467936961897e+00
1.013982879077846982e-01 -2.471949648894766205e-01 1.900072961462236698e+00
1.019196887189594974e-01 -1.816051447492302573e-01 2.259759731042680464e+00
1.024410895301341995e-01 -1.077200774671243505e-01 2.497614544077227272e+00
1.029624903413089987e-01 -2.951526291644214484e-02 2.604610810797388876e+00
1.034838911524837979e-01 4.895697583476096848e-02 2.578786939592546013e+00
1.040052919636584999e-01 1.237768048764959217e-01 2.424933562051725833e+00
1.045266927748332991e-01 1.913452543651974480e-01 2.153953687027234665e+00
1.051400246805940936e-01 2.572731965178621794e-01 1.708262287760154097e+00
1.057533565863548047e-01 3.049597295083041337e-01 1.156800656549817674e+00
1.063666884921155992e-01 3.317865763222196951e-01 5.386662198789099465e-01
1.069800203978762965e-01 3.365948821775210931e-01 -1.040231087570730739e-01
1.075933523036371048e-01 3.196949060382495711e-01 -7.289642568393839284e-01
1.081580523569587032e-01 2.863389921072685418e-01 -1.254784043685456041e+00
1.087227524102803017e-01 2.382167713345501869e-01 -1.704647152456201020e+00
1.092874524636019973e-01 1.782727674186270483e-01 -2.056826142722611550e+00
1.098521525169235957e-01 1.099587597680003609e-01 -2.295761959461701807e+00
1.104461325367779023e-01 3.322666886065433339e-02 -2.414999508654537941e+00
1.110401125566321950e-01 -4.414246406434102488e-02 -2.396119656609233317e+00
1.116340925764865016e-01 -1.178110096933236983e-01 -2.243787340107603612e+00
1.122280725963407944e-01 -1.838026673954570867e-01 -1.969826464984164804e+00
1.128220526161951009e-01 -2.387046031572369886e-01 -1.592385972339064093e+00
1.134060008840173939e-01 -2.792665430854541220e-01 -1.142920325121065339e+00
1.139899491518396035e-01 -3.047471136712933681e-01 -6.413332393440160928e-01
1.145738974196618964e-01 -3.142268152214136578e-01 -1.147954485594445406e-01
1.151578456874842032e-01 -3.076350276016353580e-01 4.092599306625062661e-01
1.157417939553063990e-01 -2.857136698839031208e-01 9.045546033470189817e-01
1.163163554681377054e-01 -2.506101899581106851e-01 1.340683003379048888e+00
1.168909169809689980e-01 -2.040993702350011318e-01 1.706336528953257714e+00
1.174654784938004015e-01 -1.486566894907425385e-01 1.986073092895012548e+00
1.180400400066316940e-01 -8.708857520172826050e-02 2.169047689064398377e+00
1.186146015194630005e-01 -2.238666557308682803e-02 2.249288255251653545e+00
1.189682089753304056e-01 1.776911620312314477e-02 2.246809969416506458e+00
1.193218164311977969e-01 5.726194763900108869e-02 2.205395636142666760e+00
1.200290313429325934e-01 1.313252647744312940e-01 2.013025894692465290e+00
1.207362462546674037e-01 1.953449387295099204e-01 1.689396033442824407e+00
1.214434611664022001e-01 2.453764108468759753e-01 1.259792065749528955e+00
1.221403590722684035e-01 2.781994807743551346e-01 7.629669252307750282e-01
1.228372569781346069e-01 2.930387173873094109e-01 2.264766112962688649e-01
1.235341548840007964e-01 2.894656685432119292e-01 -3.152961183391226330e-01
1.242310527898669997e-01 2.682032799690116098e-01 -8.287558596457483828e-01
1.249199642383859027e-01 2.315310967390953600e-01 -1.278530309964026612e+00
1.256088756869047918e-01 1.818818908875064200e-01 -1.645886505523860510e+00
1.262977871354236947e-01 1.224899871152014819e-01 -1.911661244927402192e+00
1.269801736787574131e-01 5.765906993293994087e-02 -2.062525225610727819e+00
1.276625602220911870e-01 -9.367585149076654988e-03 -2.096779077404171243e+00
1.283383226857451875e-01 -7.426334703557850581e-02 -2.017962914833859145e+00
1.290140851493992991e-01 -1.342871509147021691e-01 -1.834140819705803560e+00
1.296898476130534106e-01 -1.864281985640274253e-01 -1.557143094002333195e+00
1.303656100767074111e-01 -2.281807026679108785e-01 -1.203464811714967331e+00
1.310334062222101026e-01 -2.573968175740485309e-01 -7.987458883493394612e-01
1.317012023677127108e-01 -2.734920754600590476e-01 -3.611493098198362284e-01
1.323689985132154023e-01 -2.760225729080593160e-01 8.689303474120087245e-02
1.330315011698023075e-01 -2.653538019558875360e-01 5.201965919263605853e-01
1.336940038263891017e-01 -2.423953766763361495e-01 9.222550682870667149e-01
1.343565064829760070e-01 -2.085249888800121409e-01 1.275238812287556422e+00
1.350127571636738077e-01 -1.660105634088279714e-01 1.561872033648366909e+00
1.356690078443716085e-01 -1.166988675629997002e-01 1.774620423189119611e+00
1.363252585250694093e-01 -6.292771057405487090e-02 1.906220048471718886e+00
1.369747936614179040e-01 -7.710729521953191105e-03 1.953172482795416220e+00
1.376243287977663987e-01 4.710972436357556414e-02 1.917379819057012824e+00
1.382738639341148101e-01 9.926026661708862997e-02 1.802308298627981697e+00
1.389233990704633048e-01 1.466524572888291134e-01 1.614573999415838346e+00
1.395657048814820111e-01 1.870520890442637918e-01 1.366706755204555312e+00
1.402080106925008007e-01 2.195634561648527050e-01 1.068332371277973536e+00
1.408503165035195070e-01 2.430949804455783680e-01 7.323605758340417937e-01
1.414926223145382134e-01 2.569399323293791726e-01 3.727140836509289512e-01
1.423395568821196888e-01 2.599379702977612228e-01 -1.123095973136018222e-01
1.431864914497011088e-01 2.459866701063900818e-01 -5.814196345995353843e-01
1.440334260172826120e-01 2.164748841108616317e-01 -1.004967325997047300e+00
1.448719479772087870e-01 1.741968025155883337e-01 -1.354475824147439722e+00
1.457104699371351009e-01 1.218960202050043268e-01 -1.615051827801147644e+00
1.465489918970613870e-01 6.301951471599680221e-02 -1.773599335225172879e+00
1.473791511845158053e-01 1.878996012281520817e-03 -1.823722981578122848e+00
1.482093104719703069e-01 -5.846851287080862686e-02 -1.767708852192203528e+00
1.490394697594248086e-01 -1.145998367087781716e-01 -1.611813388704056660e+00
1.498616400772035950e-01 -1.630412854001984380e-01 -1.370363383587351214e+00
1.506838103949824093e-01 -2.018957918613747682e-01 -1.057939314904964290e+00
1.515059807127611957e-01 -2.293183953048273105e-01 -6.933527718277984198e-01
1.523205105585085095e-01 -2.440671282443598877e-01 -3.011757409995811097e-01
1.531350404042559066e-01 -2.460024732798765934e-01 1.006414806237384552e-01
1.539495702500031926e-01 -2.353498253332403645e-01 4.913364262088769641e-01
1.547567892028325898e-01 -2.132094438948602122e-01 8.484903852432844618e-01
1.555640081556619037e-01 -1.809105117446047351e-01 1.158931168091665853e+00
1.563712271084913008e-01 -1.402664181798580212e-01 1.408809653748587687e+00
1.571714424761531115e-01 -9.384927734765367846e-02 1.586510936255670412e+00
1.579716578438148944e-01 -4.364813789862479615e-02 1.687930453257259655e+00
1.587718732114765940e-01 7.930639713612252367e-03 1.709910669863826449e+00
1.593682299859416895e-01 4.590103386204405500e-02 1.674940769058485657e+00
1.599645867604068128e-01 8.235273032601572729e-02 1.598188707960921162e+00
1.607548172773561879e-01 1.267588329029017413e-01 1.437426632183831376e+00
1.615450477943055907e-01 1.651592378207393519e-01 1.216685432612170992e+00
1.623352783112549935e-01 1.960408917195209932e-01 9.463320526025874591e-01
1.631192240213278077e-01 2.181152964700482644e-01 6.416715930827063818e-01
1.639031697314005942e-01 2.309296619988071286e-01 3.142514129324504024e-01
1.646871154414734917e-01 2.341598483645877249e-01 -2.202414354925960605e-02
1.654650075841770929e-01 2.279636938066651464e-01 -3.508693402251510385e-01
1.662428997268806941e-01 2.128448916391990908e-01 -6.619573289273954497e-01
1.670207918695844063e-01 1.895813169990681335e-01 -9.435193275887213682e-01
1.677928708154781123e-01 1.594893943976754547e-01 -1.183764842487958102e+00
1.685649497613717074e-01 1.236992062993612362e-01 -1.376840138802395641e+00
1.693370287072654135e-01 8.366324095317598242e-02 -1.516087761656826460e+00
1.699128959626282909e-01 5.193015225159482162e-02 -1.582169683766621704e+00
1.704887632179911960e-01 1.938916881087374144e-02 -1.614967166569052148e+00
1.712525425599212003e-01 -2.380432416535645940e-02 -1.607392171996019581e+00
1.720163219018512046e-01 -6.569943180725319742e-02 -1.543199644748622479e+00
1.727801012437812922e-01 -1.048548693652275460e-01 -1.425547160263561208e+00
1.735386115400147089e-01 -1.397382985543203782e-01 -1.260865032226015980e+00
1.742971218362479868e-01 -1.695205548631154302e-01 -1.055079472374199412e+00
1.750556321324814035e-01 -1.932963066611769476e-01 -8.159197701457313601e-01
1.758090734592840931e-01 -2.102956195611869750e-01 -5.538293201395289023e-01
1.765625147860866995e-01 -2.202660391789724725e-01 -2.763574092619853206e-01
1.773159561128893891e-01 -2.230160598107282233e-01 7.218691613893160434e-03
1.780645185463007873e-01 -2.186421339690319265e-01 2.859159493843308475e-01
1.788130809797122134e-01 -2.074518088581656095e-01 5.528590306844465285e-01
1.795616434131235006e-01 -1.899168731886573536e-01 7.999566794039464357e-01
1.806774417515888131e-01 -1.535933412423645117e-01 1.115236171228246809e+00
1.817932400900540979e-01 -1.074965762970283012e-01 1.351419689933286206e+00
1.829022533861615063e-01 -5.525395125008239483e-02 1.494395850289127248e+00
1.840112666822688869e-01 -1.470929968448358234e-04 1.538970912814434433e+00
1.851137424986991076e-01 5.393158638188674803e-02 1.485397006725557523e+00
1.862162183151294115e-01 1.039500813347190161e-01 1.339995185259425625e+00
1.873123941815151017e-01 1.467124240374927391e-01 1.115447795704151979e+00
1.884085700479007919e-01 1.801126274977190023e-01 8.266144003889035474e-01
1.894986740814197101e-01 2.022991835879951183e-01 4.941229453092658708e-01
1.905887781149386007e-01 2.124515470195965372e-01 1.369420912486589981e-01
1.916730272722124984e-01 2.103097531018060240e-01 -2.219308911505363247e-01
1.927572764294863961e-01 1.963601450224694844e-01 -5.640786170334011196e-01
1.938358801601320902e-01 1.717988143216294117e-01 -8.693742343016078733e-01
1.949144838907778954e-01 1.381591594599504425e-01 -1.123779958311164950e+00
1.959876440525072094e-01 9.767225782241634180e-02 -1.313901420875903669e+00
1.970608042142364125e-01 5.248133406764155656e-02 -1.432450899881270612e+00
1.981287147275558047e-01 5.281111292317149444e-03 -1.474724030019294307e+00
1.991966252408751137e-01 -4.167258911214922340e-02 -1.440880125955440239e+00
2.002594720445023124e-01 -8.580458151700730285e-02 -1.334861884540828880e+00
2.013223188481295112e-01 -1.251963488063131680e-01 -1.163419774088368275e+00
2.023802826740382921e-01 -1.578722727046253660e-01 -9.374456551749360544e-01
2.034382464999472118e-01 -1.825760179599506816e-01 -6.683057337182807256e-01
2.044915009253560068e-01 -1.982352101489928964e-01 -3.710839390720576669e-01
2.055447553507646907e-01 -2.044164455696846350e-01 -5.920637619742041141e-02
2.065934679926554884e-01 -2.010506318832198658e-01 2.512190111668279324e-01
2.076421806345462029e-01 -1.885202479852696733e-01 5.473123374552895104e-01
2.086865129960230880e-01 -1.676689414173064552e-01 8.148949084144525568e-01
2.097308453575000009e-01 -1.395466992966825359e-01 1.043815973419291776e+00
2.107709537672242117e-01 -1.056731375718055199e-01 1.224083573357124255e+00
2.118110621769483948e-01 -6.752263212517164992e-02 1.349701603353953727e+00
2.128480599636951021e-01 -2.693696257643186931e-02 1.415845143781606419e+00
2.138821136186860039e-01 1.430824669502314336e-02 1.421412287791539164e+00
2.149161672736769058e-01 5.458858351206201387e-02 1.367455519742799108e+00
2.159459665261461991e-01 9.210791692993260116e-02 1.257835613682900755e+00
2.169742753085213971e-01 1.255108399917293227e-01 1.098238940004846009e+00
2.180025840908965951e-01 1.535801335252346966e-01 8.954851160322337966e-01
2.190272457378873994e-01 1.752188336903254540e-01 6.592447617069909782e-01
2.200519073848782037e-01 1.897889904172771480e-01 3.987466373283454213e-01
2.210737515503453099e-01 1.968294820935365674e-01 1.252926104835512533e-01
2.220955957158123883e-01 1.962404434622420091e-01 -1.510577408295894208e-01
2.231133728053782961e-01 1.882129744833537233e-01 -4.186898908783130979e-01
2.241311498949442038e-01 1.731783726042473714e-01 -6.687667490946521687e-01
2.251456680358785989e-01 1.518824903425321782e-01 -8.916161144282555018e-01
2.261601861768129940e-01 1.251655361350223761e-01 -1.080287241386144403e+00
2.271708474868849026e-01 9.420969983143019644e-02 -1.227609358119297722e+00
2.281814321068081908e-01 6.010650671540651580e-02 -1.329750427446866112e+00
2.291920167267315067e-01 2.411452879310642741e-02 -1.383937466198241095e+00
2.301989120822834911e-01 -1.233722061805898364e-02 -1.388937947390246563e+00
2.312058074378355865e-01 -4.810127423411106329e-02 -1.345513093850988273e+00
2.322098544924325048e-01 -8.186248865345729930e-02 -1.256133465856178244e+00
2.332139015470293120e-01 -1.126011195532125309e-01 -1.124415854633783018e+00
2.342152100895429911e-01 -1.392558096913733279e-01 -9.558901891270878970e-01
2.352165186320565871e-01 -1.610823883221015329e-01 -7.563792223251356583e-01
2.362151954922880881e-01 -1.773914554565722834e-01 -5.335145651408788048e-01
2.372138723525195059e-01 -1.877898896136590001e-01 -2.944186151776334581e-01
2.382100212913642878e-01 -1.920194646910622083e-01 -4.768912797433222384e-02
2.392061702302090975e-01 -1.900624143400173327e-01 1.992433888704820966e-01
2.401998924915476896e-01 -1.820909978630472770e-01 4.379813289438744262e-01
2.411936147528863927e-01 -1.684379913104483428e-01 6.617367899790229657e-01
2.421839272173959001e-01 -1.496791469753362969e-01 8.628012607124913025e-01
2.431741826801301909e-01 -1.264277872801080060e-01 1.036084858245101659e+00
2.441644381428645094e-01 -9.945246058849493975e-02 1.176876263233014752e+00
2.451525072457547971e-01 -6.968553559597064073e-02 1.281076429749123058e+00
2.461405763486450016e-01 -3.799909992017775490e-02 1.346318096197714365e+00
2.476169690387302891e-01 1.067584432229040300e-02 1.368454625327003571e+00
2.490986197616346931e-01 5.842478101807057483e-02 1.300906057501917346e+00
2.500816239077278125e-01 8.806981621287740536e-02 1.208791502507534643e+00
2.510646280538209041e-01 1.150368177583073886e-01 1.082429887939831081e+00
2.520461819638492029e-01 1.385623607130829216e-01 9.261912763375869106e-01
2.530263942354005202e-01 1.580478271658586620e-01 7.449637101979881271e-01
2.540066065069517820e-01 1.730354370702300582e-01 5.437427428120650275e-01
2.549850575566918187e-01 1.831511558689516428e-01 3.287123547092271614e-01
2.559635086064319109e-01 1.882065772365417999e-01 1.055740822120771333e-01
2.569380179873769765e-01 1.881360573315942197e-01 -1.184710313212780780e-01
2.579152191512413816e-01 1.830142191240402005e-01 -3.388174572171828713e-01
2.588903710736741859e-01 1.730585658188067422e-01 -5.486884819661220769e-01
2.598655229961069901e-01 1.585824768279803232e-01 -7.432485786642351044e-01
2.613230664276363080e-01 1.295644828661906278e-01 -9.942759806290811797e-01
2.627870461853180073e-01 9.312724933900756730e-02 -1.187294502581313305e+00
2.642403887882019964e-01 5.190041543279829556e-02 -1.310416893313921527e+00
2.657003925946191947e-01 7.828994197395139007e-03 -1.359560720460277761e+00
2.666698680509819730e-01 -2.175818585039010489e-02 -1.349896205967194840e+00
2.676393435073449178e-01 -5.068863108322109456e-02 -1.306967426793110842e+00
2.686075749083224884e-01 -7.822830582367872043e-02 -1.232289939312639637e+00
2.695758063093001144e-01 -1.037625167382542624e-01 -1.127970862087770643e+00
2.705412474514743981e-01 -1.266374653921465976e-01 -9.972794480628097702e-01
2.715098617210188192e-01 -1.464739458312794840e-01 -8.428295727334595977e-01
2.724758040936595127e-01 -1.627160733974560569e-01 -6.693923513366479838e-01
2.734417464663002062e-01 -1.750791410525249781e-01 -4.807958762553434795e-01
2.744049664315437731e-01 -1.832984265184511852e-01 -2.822009359908984605e-01
2.753714841122708035e-01 -1.872742165810908355e-01 -7.709645892044053594e-02
2.768122224042693924e-01 -1.851943560346840378e-01 2.285139077634533722e-01
2.782605428606568232e-01 -1.737357667295958974e-01 5.226407474511981510e-01
2.792230898017574736e-01 -1.612282408012783719e-01 7.040375640820012437e-01
2.801856367428581240e-01 -1.451778399348801207e-01 8.692072577681265733e-01
2.811473565508991190e-01 -1.259912015747174374e-01 1.014543943106288371e+00
2.821090763589401140e-01 -1.041065213283254159e-01 1.137204275105802465e+00
2.830682204929131918e-01 -8.009228004600923989e-02 1.234507368015472561e+00
2.840309311037308992e-01 -5.433262148103910893e-02 1.305172898935596626e+00
2.854679267090184935e-01 -1.411896239991165466e-02 1.357790262462051922e+00
2.869131169026136741e-01 2.681541947470093487e-02 1.345962818997314292e+00
2.878724078661420993e-01 5.336846928411358854e-02 1.302721582651838128e+00
2.888316988296705801e-01 7.873920611139373360e-02 1.232526152548631293e+00
2.897885131602004893e-01 1.023580125202003116e-01 1.137371900725948626e+00
2.907490868313554744e-01 1.239066107077965440e-01 1.018803628830283081e+00
2.921808661995458078e-01 1.510646500314605511e-01 8.055478183413337101e-01
2.936212407457569062e-01 1.714890703647526660e-01 5.557566844697863218e-01
2.945767800163460737e-01 1.808300183918775672e-01 3.758221033415086731e-01
2.955362094878383750e-01 1.866142889298980923e-01 1.882932155390418250e-01
2.964933245974175069e-01 1.887170615461449263e-01 -1.908900773511732797e-03
2.974504397069965833e-01 1.871502250791942656e-01 -1.915175882670782370e-01
2.988819926201308208e-01 1.781376054326740677e-01 -4.655464481754675865e-01
3.003225649590904878e-01 1.614744931024627850e-01 -7.201050126755638159e-01
3.012768521985618730e-01 1.465968088875855557e-01 -8.721186556639258791e-01
3.022352021590857252e-01 1.289400237540512528e-01 -1.007945781407294961e+00
3.031913095476029274e-01 1.089645181948742797e-01 -1.124310927063157495e+00
3.041474169361201851e-01 8.702134383271026286e-02 -1.219617637558665146e+00
3.051033301085280258e-01 6.353409190310409238e-02 -1.292319310734011628e+00
3.060592432809358110e-01 3.893826812450380814e-02 -1.341344988162278984e+00
3.077228753413188134e-01 -5.029982519711441967e-03 -1.368626183219324055e+00
3.093993823933313125e-01 -4.892522095688114220e-02 -1.322137800305169808e+00
3.110674284137491807e-01 -8.988246714564170070e-02 -1.205956502638567240e+00
3.127486617597647900e-01 -1.262888428593655354e-01 -1.025742437638063054e+00
3.146597057555134969e-01 -1.593966538991093973e-01 -7.578682740223553482e-01
3.165707857154991811e-01 -1.818223212833045277e-01 -4.412213877195379497e-01
3.184822492123998150e-01 -1.922874258673608061e-01 -9.743819898225261622e-02
3.203937127093003934e-01 -1.903186465284081585e-01 2.507690731099062043e-01
3.223053245029371960e-01 -1.762531756368038161e-01 5.810850559599001208e-01
3.237393876847550755e-01 -1.583470205154006161e-01 8.052463969940426569e-01
3.251734508665731216e-01 -1.349121928431720741e-01 1.000222424138808686e+00
3.270859409516935212e-01 -9.669233066317667324e-02 1.203719941962377193e+00
3.289988837648503139e-01 -5.269494119162420470e-02 1.333503193065866954e+00
3.309123358818485960e-01 -5.625610693700298232e-03 1.383329826883601177e+00
3.318692480034560743e-01 1.827155535997837879e-02 1.377567044656908601e+00
3.337835702002405203e-01 6.470425392876352766e-02 1.306311830895383386e+00
3.356990749884776748e-01 1.073873184078689147e-01 1.160516043697297883e+00
3.376145797767149959e-01 1.439452322580800081e-01 9.499437422952625720e-01
3.395310173018977751e-01 1.724585872701948075e-01 6.875491288722860306e-01
3.414482662821387016e-01 1.914852202853411511e-01 3.887834807611779131e-01
3.428870733729471043e-01 1.989914770693138324e-01 1.504074206962655036e-01
3.443258804637556181e-01 2.004671372497064119e-01 -9.156811668190441289e-02
3.457657352099121062e-01 1.959365585682357747e-01 -3.300109842274220329e-01
3.472055899560684833e-01 1.856038330170876050e-01 -5.577375320411642745e-01
3.491265623556059072e-01 1.634953013132028621e-01 -8.332182407989897621e-01
3.510485786226508753e-01 1.330378294625381430e-01 -1.064916288691722723e+00
3.524911716782869742e-01 1.056378790260070200e-01 -1.203603047170599405e+00
3.539337647339230730e-01 7.527080732344310077e-02 -1.307916674176290872e+00
3.553776513800582793e-01 4.278503652033070065e-02 -1.375536703341593059e+00
3.568215380261933745e-01 9.123718942421808406e-03 -1.405069716988067263e+00
3.587489468669590731e-01 -3.595780561878000187e-02 -1.385045421745101146e+00
3.606763557077248272e-01 -7.933964354641614980e-02 -1.299507748166231380e+00
3.626063224667718243e-01 -1.190753265523549209e-01 -1.153580576770639965e+00
3.645362892258188769e-01 -1.533360863409312380e-01 -9.553111614253515516e-01
3.664689469915051179e-01 -1.806879568581368778e-01 -7.144198709995761565e-01
3.684016047571914143e-01 -1.999645490471920195e-01 -4.428071229833444034e-01
3.703370865072648788e-01 -2.104504759168545902e-01 -1.526455587368419908e-01
3.722725682573382877e-01 -2.117912529442096681e-01 1.427009228358305515e-01
3.742110041386200181e-01 -2.040498878826991769e-01 4.309159721427666678e-01
3.761494400199016930e-01 -1.876810728474134493e-01 6.995430737162599000e-01
3.780909480870727757e-01 -1.634496638675422830e-01 9.381771657004928100e-01
3.800324561542439139e-01 -1.324842596578880982e-01 1.137226734496555425e+00
3.819771417800634228e-01 -9.606978108432435992e-02 1.289692751954226058e+00
3.839218274058828761e-01 -5.577947282530795747e-02 1.390124993357755967e+00
3.858697944775816846e-01 -1.317441227155140802e-02 1.435703389304780364e+00
3.878177615492804930e-01 3.000240613297425543e-02 1.425602365220078660e+00
3.897691117133387229e-01 7.217317893548699792e-02 1.361213881224473399e+00
3.917204618773967861e-01 1.116978107005486137e-01 1.246062398664565363e+00
3.941647014547489114e-01 1.552448902549334042e-01 1.038913629221089208e+00
3.966089410321009256e-01 1.901051710429207398e-01 7.743655327515663878e-01
3.985682178739590187e-01 2.105944326049120907e-01 5.312604842450062703e-01
4.005274947158171117e-01 2.237067433671930949e-01 2.706379842420880699e-01
4.024904064316531249e-01 2.290977253837477023e-01 1.387073300373249662e-03
4.044533181474890271e-01 2.266633297679633563e-01 -2.666541424244998071e-01
4.064199206371885142e-01 2.165708323934691093e-01 -5.249678680945273346e-01
4.083865231268878904e-01 1.992604839981991227e-01 -7.646901589773137387e-01
4.103568695697539792e-01 1.753471934314889957e-01 -9.787600663722170191e-01
4.123272160126201236e-01 1.457187715989278765e-01 -1.160351090842059563e+00
4.143013596746851213e-01 1.113228786316794033e-01 -1.304623441140685403e+00
4.162755033367501190e-01 7.335119796985505036e-02 -1.407469714271345929e+00
4.182534987903078205e-01 3.293995222988614635e-02 -1.466662386798840867e+00
4.202314942438655776e-01 -8.581964406825275810e-03 -1.481080164729857707e+00
4.227096292711439163e-01 -6.018266580111577418e-02 -1.436963927709000277e+00
4.251877642984221994e-01 -1.092089347380485326e-01 -1.327466913168602991e+00
4.271745802569402173e-01 -1.452456675266841912e-01 -1.196631776741804210e+00
4.291613962154581796e-01 -1.772515323105019747e-01 -1.032385154503387081e+00
4.311521647704175120e-01 -2.044364041817426370e-01 -8.396154478619902717e-01
4.331429333253766778e-01 -2.260497758171187976e-01 -6.245313865807338161e-01
4.351376674815624068e-01 -2.416055188756637273e-01 -3.929731053301503962e-01
4.371324016377479138e-01 -2.507209911017149739e-01 -1.518950631724274303e-01
4.391311183782494187e-01 -2.532409159923479924e-01 9.262697071714685870e-02
4.411298351187508127e-01 -2.491635984937329018e-01 3.336884032392510302e-01
4.431325454458727164e-01 -2.386537671433349439e-01 5.656301190038103277e-01
4.451352557729946757e-01 -2.220633389127200097e-01 7.822972709424372839e-01
4.481444270479484904e-01 -1.869067180732251476e-01 1.067503116996317392e+00
4.506573177191960933e-01 -1.494450505731271528e-01 1.260685072451324773e+00
4.531702083904435852e-01 -1.062316955602558843e-01 1.405966331819525017e+00
4.551848815569788931e-01 -6.851220977781846688e-02 1.485098105710242589e+00
4.571995547235140900e-01 -2.906371654536445831e-02 1.529566486773487721e+00
4.592181900033455166e-01 1.127510971194447577e-02 1.539058252637420132e+00
4.612368252831767768e-01 5.151397286406102227e-02 1.513962598312917018e+00
4.632593922887823235e-01 9.084208694008963358e-02 1.455401814514376335e+00
4.652819592943879257e-01 1.283380979880549277e-01 1.365358615495734673e+00
4.673084188243976089e-01 1.632870832585947285e-01 1.246159938116607080e+00
4.693348783544071812e-01 1.949103775558034823e-01 1.101072796858148850e+00
4.713651924405172222e-01 2.226416435952971451e-01 9.333177071159606264e-01
4.733955065266273188e-01 2.458989879706159620e-01 7.470593319820938438e-01
4.759389023477624270e-01 2.680768226342880589e-01 4.942396759389370287e-01
4.784822981688974797e-01 2.820422849894900219e-01 2.273763142033203288e-01
4.805211256895989269e-01 2.871060644916135218e-01 8.831670830538304595e-03
4.825599532103003741e-01 2.866590745434313692e-01 -2.090160283531427299e-01
4.846024622203434773e-01 2.807626777147997910e-01 -4.224314536626318506e-01
4.866449712303865804e-01 2.695899011212773422e-01 -6.271301400604109011e-01
4.886910831097662222e-01 2.533774181529042657e-01 -8.198518248030259858e-01
4.907371949891458085e-01 2.324946886462879170e-01 -9.969836978376472869e-01
4.927868267637741106e-01 2.073229842377190268e-01 -1.155939169575290082e+00
4.948364585384024128e-01 1.783869382436816531e-01 -1.293981029301814134e+00
4.989425778493357111e-01 1.116001420110140918e-01 -1.499468522832818396e+00
5.020264094695874313e-01 5.574394470209143720e-02 -1.588106575455298319e+00
5.051138832495274400e-01 -2.628562451011640447e-03 -1.618099000064670445e+00
5.092361856145506405e-01 -8.052841416872424940e-02 -1.568257181362585406e+00
5.133645520198434342e-01 -1.543271639907474457e-01 -1.422574833596994992e+00
5.174987117319133079e-01 -2.197122596420902629e-01 -1.193252002515280408e+00
5.216383508218596088e-01 -2.730753984504852294e-01 -8.966501041413731388e-01
5.257831480915519107e-01 -3.116693196190695181e-01 -5.519230003809254548e-01
5.299327976174466048e-01 -3.336962547695234149e-01 -1.796375613122145054e-01
5.340869657500283418e-01 -3.383316498287226026e-01 1.995202709224397630e-01
5.382452599924625325e-01 -3.256914846285665077e-01 5.658925753508929901e-01
5.424072497157466088e-01 -2.967516698793519203e-01 9.018061622293866986e-01
5.465725012540574301e-01 -2.532293942514708407e-01 1.192304964536308853e+00
5.507405845750824591e-01 -1.974383946843780990e-01 1.425645031136351992e+00
5.549110536012068495e-01 -1.321300422490906123e-01 1.593561049618632319e+00
5.590834321773656690e-01 -6.033011459530697451e-02 1.691327995125562644e+00
5.643010869630014081e-01 3.358533289649480447e-02 1.713191103616308997e+00
5.684758978830769527e-01 1.085671019537637061e-01 1.653224735857282690e+00
5.726509199913500936e-01 1.801485745215998524e-01 1.529705083634926632e+00
5.768255755389478656e-01 2.457310723959078569e-01 1.349982230322794408e+00
5.809992666418749563e-01 3.030865567139521821e-01 1.123014650347088139e+00
5.851713896051653485e-01 3.504121516676820813e-01 8.589024953158587161e-01
5.882989619740793819e-01 3.785376513557765499e-01 6.425993640164343601e-01
5.935085681122563850e-01 4.100177157310947451e-01 2.623216773770269405e-01
5.976721595114997676e-01 4.210269766187133555e-01 -4.907821177916852490e-02
6.018315407075064405e-01 4.193464841105640217e-01 -3.557610118900719764e-01
6.059860031390628121e-01 4.053638919863805090e-01 -6.487857851341001236e-01
6.101348262532020339e-01 3.798068269720192847e-01 -9.203436079165198125e-01
6.142772761532119263e-01 3.436878058226214838e-01 -1.163904633725167947e+00
6.184126036405177551e-01 2.982458262188448783e-01 -1.374296572489419388e+00
6.225400396928169044e-01 2.448872010389295806e-01 -1.547728360453890062e+00
6.266587955232777452e-01 1.851276939623063555e-01 -1.681765377583706256e+00
6.307680621340325811e-01 1.205377869136873975e-01 -1.775263281460043530e+00
6.348670077734064332e-01 5.269257118818073543e-02 -1.828268354856348754e+00
6.389547727646552877e-01 -1.687266726191422386e-02 -1.841893140353368041e+00
6.430304670771704867e-01 -8.670062643094529620e-02 -1.818176393192222573e+00
6.470931794239351831e-01 -1.554437829848802632e-01 -1.759934499396200502e+00
6.511419830734889169e-01 -2.218894422847492442e-01 -1.670608515135112437e+00
6.551759295578980513e-01 -2.849779618715213569e-01 -1.554109488788930182e+00
6.591940368817645890e-01 -3.438145585457397790e-01 -1.414667906967509436e+00
6.631952816224888636e-01 -3.976753606965895971e-01 -1.256694170203340510e+00
6.671786041264677891e-01 -4.460084498039138534e-01 -1.084653299542155391e+00
6.711429148974273895e-01 -4.884303828573703377e-01 -9.029552592739428230e-01
6.750870927600961524e-01 -5.247188463797870517e-01 -7.158611997135968519e-01
6.790099725167971778e-01 -5.548022413455505619e-01 -5.274066250184229476e-01
6.829103352717456055e-01 -5.787470955405389361e-01 -3.413423181319137911e-01
6.867869018151261384e-01 -5.967440112665587382e-01 -1.610946020568416182e-01
6.906383285912754966e-01 -6.090929476121939024e-01 1.024898706902542360e-02
6.944632064204609989e-01 -6.161886847201565320e-01 1.699305529986184504e-01
6.982600501045075347e-01 -6.185069016830760935e-01 3.155017006570202120e-01
7.020272815871985150e-01 -6.165924749121683979e-01 4.447788121900966840e-01
7.038990663650485091e-01 -6.142231108015361318e-01 5.026861423573353305e-01
7.057628000939073498e-01 -6.110238262474725346e-01 5.558121462921515876e-01
7.094655902404470860e-01 -6.024966576461845413e-01 6.468992906143781196e-01
7.131331888985167344e-01 -5.916773819900519316e-01 7.162717633860292699e-01
7.167633315432266894e-01 -5.792978954450624940e-01 7.621746099897172000e-01
7.203534697890988658e-01 -5.661439298296464528e-01 7.815333204240793030e-01
7.239006927315578821e-01 -5.529532384501447684e-01 7.792201210750734353e-01
7.274037472512754343e-01 -5.401043195403679720e-01 7.728354483247082962e-01
7.308631569784361792e-01 -5.276425901462683532e-01 7.666502609419055814e-01
7.342794427454362172e-01 -5.155519180423201453e-01 7.606564789370063862e-01
7.376531370894844342e-01 -5.038173256536795375e-01 7.548463815589872006e-01
7.409847640846142225e-01 -4.924245796574502898e-01 7.492126385224924245e-01
7.442748211369105693e-01 -4.813602950549933923e-01 7.437483164760084753e-01
7.475237974064263824e-01 -4.706117767541708741e-01 7.384468243894872774e-01
7.507321962838469087e-01 -4.601668287220539999e-01 7.333018577689381923e-01
7.539005302043194634e-01 -4.500137542061272700e-01 7.283073915440992918e-01
7.570292970629285412e-01 -4.401414709794944091e-01 7.234577015516093779e-01
7.601189748256973466e-01 -4.305395150537221216e-01 7.187473550430107938e-01
7.631700307096180858e-01 -4.211979501327583475e-01 7.141711799457441945e-01
7.661829280312825174e-01 -4.121072998892376105e-01 7.097242402796667404e-01
7.691581275626218073e-01 -4.032585171529566859e-01 7.054018214604143022e-01
7.720960887207071188e-01 -3.946429461213457057e-01 7.011994167535671174e-01
7.749972707982543119e-01 -3.862522837654243091e-01 6.971127145638827960e-01
7.778621289318303766e-01 -3.780785893461085512e-01 6.931375937392306730e-01
7.806911033824630586e-01 -3.701143371077145749e-01 6.892701282055372358e-01
7.834846171445913887e-01 -3.623524108571504754e-01 6.855065796078391172e-01
7.862430869060449412e-01 -3.547860107960380538e-01 6.818433727375553532e-01
7.889669369237084506e-01 -3.474085595022851636e-01 6.782770690421289217e-01
7.916565982021911418e-01 -3.402137015032998257e-01 6.748043612380532075e-01
7.943124974778934533e-01 -3.331953551606851582e-01 6.714220810204039047e-01
7.969350495080719243e-01 -3.263477320694778694e-01 6.681272017425152754e-01
7.995246585495641156e-01 -3.196653068345034487e-01 6.649168293113696393e-01
8.020817215573190495e-01 -3.131427831736978695e-01 6.617881917038015427e-01
8.046066294762304061e-01 -3.067750786481041603e-01 6.587386314088952144e-01
8.070997653306969388e-01 -3.005573226223925420e-01 6.557656023156397396e-01
8.095615092888481801e-01 -2.944848317129352688e-01 6.528666583282561886e-01
8.119922431475441460e-01 -2.885530864944205742e-01 6.500394435403177296e-01
8.143923505053758394e-01 -2.827577292503306028e-01 6.472816878039907573e-01
8.167622071215497881e-01 -2.770945914044025127e-01 6.445912138645734091e-01
8.191021778306492029e-01 -2.715596944029571302e-01 6.419659363456480250e-01
8.214126187949533087e-01 -2.661492229566717604e-01 6.394038550140909161e-01
8.236938850346046115e-01 -2.608594837451315152e-01 6.369030425887777236e-01
8.259463322523640239e-01 -2.556868921522972293e-01 6.344616396437622319e-01
8.281703138888254490e-01 -2.506279931011386464e-01 6.320778547313066209e-01
8.303661724506571362e-01 -2.456795036583146186e-01 6.297499705915253765e-01
8.325342380230222883e-01 -2.408383151075255968e-01 6.274763422676309377e-01
8.346748353855768521e-01 -2.361014402932067324e-01 6.252553865236035735e-01
8.367882947421915185e-01 -2.314659523088646587e-01 6.230855681123255163e-01
8.388749484008726220e-01 -2.269289935139479353e-01 6.209654013154307650e-01
8.409351219691613144e-01 -2.224878225068634696e-01 6.188934567281662025e-01
8.429691303017050608e-01 -2.181398326334045290e-01 6.168683628819074949e-01
8.449772835243484215e-01 -2.138825191322536456e-01 6.148887977430871343e-01
8.469598912257328971e-01 -2.097134519630020066e-01 6.129534825949979338e-01
8.489172622932020795e-01 -2.056302778607515258e-01 6.110611804797094759e-01
8.508497044538249066e-01 -2.016307266125759723e-01 6.092106949354523238e-01
8.527575229688695302e-01 -1.977126083522740552e-01 6.074008695648411837e-01
8.546410160783932675e-01 -1.938738153786198071e-01 6.056305906914464243e-01
8.565004710086118189e-01 -1.901123299882405693e-01 6.038987893611346136e-01
8.583361673787008872e-01 -1.864262133929412701e-01 6.022044364198967381e-01
8.601483873498577681e-01 -1.828135709034928724e-01 6.005465316371156881e-01
8.619374190156378068e-01 -1.792725348592777712e-01 5.989240995906409681e-01
8.637035513945729992e-01 -1.758012826321131150e-01 5.973361932351980430e-01
8.654470650665438969e-01 -1.723980711896874185e-01 5.957819011933273012e-01
8.671682312272307458e-01 -1.690612405249579953e-01 5.942603471417426952e-01
8.688673159218502917e-01 -1.657891897593088970e-01 5.927706847666837087e-01
8.705445856873960109e-01 -1.625803517856168057e-01 5.913120917173670943e-01
8.722003068198478370e-01 -1.594331965307307919e-01 5.898837693942646787e-01
8.738347418094588592e-01 -1.563462481932515191e-01 5.884849451141929144e-01
8.754481467852704979e-01 -1.533180916899629931e-01 5.871148733231844608e-01
8.770407741766889087e-01 -1.503473562193363422e-01 5.857728323466786513e-01
8.786128771136945126e-01 -1.474326950236101164e-01 5.844581198652480936e-01
8.801647113007132761e-01 -1.445727812010593472e-01 5.831700506823284114e-01
8.816965317742312402e-01 -1.417663223046489174e-01 5.819079587996093261e-01
8.832085878593547434e-01 -1.390120778779579402e-01 5.806712008297415517e-01
8.847011190561783200e-01 -1.363088675989271858e-01 5.794591585303643377e-01
8.861743569071006688e-01 -1.336555609628440611e-01 5.782712363853096393e-01
8.876285293506940288e-01 -1.310510587169227692e-01 5.771068573681646940e-01
8.890638676536581908e-01 -1.284942715183141349e-01 5.759654567874247233e-01
8.904806072870743439e-01 -1.259841159357102391e-01 5.748464812276932179e-01
8.918789864151801527e-01 -1.235195209702037444e-01 5.737493893340903650e-01
8.932592404372767803e-01 -1.210994449798539624e-01 5.726736556729346006e-01
8.946215989640163846e-01 -1.187228871585532392e-01 5.716187725049439727e-01
8.959662842038009778e-01 -1.163888932284659478e-01 5.705842504275293603e-01
8.972935117732897536e-01 -1.140965524079264881e-01 5.695696171353147319e-01
8.986034927209798351e-01 -1.118449883097091535e-01 5.685744153148472035e-01
8.998964354025826839e-01 -1.096333479034098113e-01 5.675982007594344569e-01
9.011725489915097809e-01 -1.074607877594665889e-01 5.666405393132808443e-01
9.024320447860507688e-01 -1.053264686491640900e-01 5.657010055947694349e-01
9.036751353555274591e-01 -1.032295613233178422e-01 5.647791833340781720e-01
9.049020296532450658e-01 -1.011692640064849880e-01 5.638746686859369417e-01
9.061129304280890473e-01 -9.914481121035630118e-02 5.629870717211001852e-01
9.073080357373773941e-01 -9.715546648318304501e-02 5.621160148846552351e-01
9.084875419218813031e-01 -9.520050998920925878e-02 5.612611304610326535e-01
9.096516449412487271e-01 -9.327923322900349978e-02 5.604220593135822437e-01
9.108005396977110202e-01 -9.139094201992435662e-02 5.595984511080751567e-01
9.119344190251117421e-01 -8.953496078676101422e-02 5.587899647580427676e-01
9.130534727752540602e-01 -8.771063492439193365e-02 5.579962687882850103e-01
9.141578874195450677e-01 -8.591733070560614305e-02 5.572170413230360664e-01
9.152478462184302499e-01 -8.415443477635702052e-02 5.564519696857762598e-01
9.163235307136011754e-01 -8.242134562475597614e-02 5.557007490835200736e-01
9.173851213290326045e-01 -8.071747616856389529e-02 5.549630819643627255e-01
9.184327978233862710e-01 -7.904224788737052032e-02 5.542386774852072762e-01
9.194667382392092136e-01 -7.739509495533249128e-02 5.535272520428468068e-01
9.204871184823875119e-01 -7.577546562396353380e-02 5.528285293472154915e-01
9.214941118815067611e-01 -7.418282375882458146e-02 5.521422405095921526e-01
9.224878885587296518e-01 -7.261665042216845778e-02 5.514681242594450250e-01
9.234686156415649050e-01 -7.107644283742314828e-02 5.508059265859264197e-01
9.244364580894727235e-01 -6.956171022367860224e-02 5.501553999869559508e-01
9.253915805410551920e-01 -6.807196711336965800e-02 5.495163020517001007e-01
9.263341472457474746e-01 -6.660673271961910225e-02 5.488883953656129577e-01
9.272643205556930779e-01 -6.516553690257567699e-02 5.482714483666637495e-01
9.281822593195951931e-01 -6.374792721506061799e-02 5.476652362442455679e-01
9.290881192404382150e-01 -6.235346890305767248e-02 5.470695405208612083e-01
9.299820544127295197e-01 -6.098173847059346064e-02 5.464841478778900141e-01
9.308642183379219892e-01 -5.963231707564034534e-02 5.459088493571061518e-01
9.317347637709364472e-01 -5.830478864689331991e-02 5.453434403437409372e-01
9.325938419655581679e-01 -5.699874249479511268e-02 5.447877209397041787e-01
9.334416025644689530e-01 -5.571377556697099803e-02 5.442414959106453010e-01
9.342781940582032263e-01 -5.444949245968801893e-02 5.437045742694452954e-01
9.351037639763524201e-01 -5.320550452256388868e-02 5.431767690430061579e-01
9.359184581932523672e-01 -5.198143267838958859e-02 5.426578976010022481e-01
9.367224180073485673e-01 -5.077691685657175630e-02 5.421477833982445427e-01
9.375157793601903711e-01 -4.959162048368367243e-02 5.416462563121152707e-01
9.382986736089657942e-01 -4.842522635470802167e-02 5.411531520129031492e-01
9.390712321160756826e-01 -4.727742055878624006e-02 5.406683089483799165e-01
9.398335891165293665e-01 -4.614788092009147052e-02 5.401915664843958131e-01
9.405858812974943195e-01 -4.503627722175310849e-02 5.397227651338881715e-01
9.413282457717848661e-01 -4.394227729508833058e-02 5.392617477708564477e-01
9.420608178502133390e-01 -4.286555259196941220e-02 5.388083609473497404e-01
9.427837310928691705e-01 -4.180577890275290892e-02 5.383624547695202711e-01
9.434971161334501089e-01 -4.076264212742289339e-02 5.379238835336904723e-01
9.442010983676487612e-01 -3.973584765572889255e-02 5.374925070475771172e-01
9.448957981803430828e-01 -3.872512130078122755e-02 5.370681903674004998e-01
9.455813325674083947e-01 -3.773019925276540482e-02 5.366508027066935194e-01
9.462578189837917986e-01 -3.675080996177988724e-02 5.362402150124835343e-01
9.469253759203707377e-01 -3.578666728769618055e-02 5.358362995817409491e-01
9.475841219105402002e-01 -3.483747808520848421e-02 5.354389306257176795e-01
9.482341736882211602e-01 -3.390295971009153753e-02 5.350479853314289436e-01
9.488756453742962504e-01 -3.298285130596677328e-02 5.346633442776037581e-01
9.495086488587556328e-01 -3.207691353380155014e-02 5.342848911268329726e-01
9.501332951313513631e-01 -3.118492574766689590e-02 5.339125117617889993e-01
9.507496960826257171e-01 -3.030668409088950466e-02 5.335460931572725274e-01
9.513579651353069044e-01 -2.944199952849059498e-02 5.331855229663692297e-01
9.519582165945869034e-01 -2.859068778633487573e-02 5.328306898624084464e-01
9.525505625735545268e-01 -2.775255717126151947e-02 5.324814853158250649e-01
9.531351118401709677e-01 -2.692740434808703689e-02 5.321378042172094647e-01
9.537119697698679399e-01 -2.611501780554457280e-02 5.317995448554627691e-01
9.542812403202287630e-01 -2.531517911293572343e-02 5.314666077107152997e-01
9.548430270251752061e-01 -2.452766275786803438e-02 5.311388948384982989e-01
9.553974327455952986e-01 -2.375223913563370357e-02 5.308163099844376287e-01
9.559445589026865919e-01 -2.298868595455440950e-02 5.304987589946561499e-01
9.564845050053580877e-01 -2.223679873565254095e-02 5.301861500456696019e-01
9.570173690229182295e-01 -2.149639075837569274e-02 5.298783933795805368e-01
9.575432481385535155e-01 -2.076728493314885376e-02 5.295754008215762809e-01
9.580622389120657667e-01 -2.004930586308913479e-02 5.292770856493341780e-01
9.585744372418232295e-01 -1.934227752839010397e-02 5.289833625835119735e-01
9.590799381259947909e-01 -1.864602518602059139e-02 5.286941478945769157e-01
9.595788354479902749e-01 -1.796037780352010074e-02 5.284093594942697036e-01
9.600712216912781205e-01 -1.728516987906734970e-02 5.281289170659695387e-01
9.605571877573033657e-01 -1.662024178513820186e-02 5.278527421349701321e-01
9.610368233668841187e-01 -1.596543811134839078e-02 5.275807578061407765e-01
9.615102176430252445e-01 -1.532060557434309148e-02 5.273128884052713516e-01
9.619774592602109431e-01 -1.468559229900342177e-02 5.270490593702130688e-01
9.624386363595022198e-01 -1.406024781714333878e-02 5.267891972749506602e-01
9.628938363592510763e-01 -1.344442321215808846e-02 5.265332299141041172e-01
9.633431459530198415e-01 -1.283797115762112459e-02 5.262810862790223698e-01
9.637866510388649610e-01 -1.224074699146588188e-02 5.260326965740033112e-01
9.642244362725824747e-01 -1.165261077819836066e-02 5.257879924443054076e-01
9.646565852206075986e-01 -1.107342688961137321e-02 5.255469068643893182e-01
9.650831808361504116e-01 -1.050306178363267715e-02 5.253093738483926023e-01
9.655043054562382210e-01 -9.941383331993045719e-03 5.250753284325827552e-01
9.659200402356747928e-01 -9.388262459220213588e-03 5.248447069679791355e-01
9.663304647237355161e-01 -8.843574899433371411e-03 5.246174473319292764e-01
9.667356570265409621e-01 -8.307200527066242041e-03 5.243934888155545870e-01
9.671356950751521797e-01 -7.779019925085685003e-03 5.241727714029057461e-01
9.675306568648514016e-01 -7.258913308568136838e-03 5.239552356276945266e-01
9.679206204413721704e-01 -6.746760554234425798e-03 5.237408225641786430e-01
9.683056632759791116e-01 -6.242441681405854967e-03 5.235294741581375533e-01
9.686858619411236049e-01 -5.745836882826010038e-03 5.233211333846388147e-01
9.690612920205190495e-01 -5.256826912097846936e-03 5.231157442813404446e-01
9.694320280361357067e-01 -4.775294494680306506e-03 5.229132519738963758e-01
9.697981436541373013e-01 -4.301125082834719379e-03 5.227136025472208791e-01
9.701597119736792285e-01 -3.834205900646382812e-03 5.225167428753200172e-01
9.705168057640763957e-01 -3.374424581732428288e-03 5.223226204758917302e-01
9.708694969864466451e-01 -2.921669710931941791e-03 5.221311837556790181e-01
9.712178563702503764e-01 -2.475832349068509200e-03 5.219423822244789735e-01
9.715619532024425409e-01 -2.036806720122046142e-03 5.217561665934001836e-01
9.719018559824413872e-01 -1.604487343621149907e-03 5.215724884061757605e-01
9.722376334334535963e-01 -1.178765228223956464e-03 5.213912994816105595e-01
9.725693544860373185e-01 -7.595275930170848405e-04 5.212125519152510655e-01
9.728970879945362249e-01 -3.466593892592397257e-04 5.210361982242022183e-01
9.732209017546173957e-01 5.995443567376257182e-05 5.208621918633189463e-01
9.735408623544371531e-01 4.604288638117225402e-04 5.206904872906578108e-01
9.738570353791702328e-01 8.548795595295368647e-04 5.205210398435063945e-01
9.741694855365269357e-01 1.243422256173281693e-03 5.203538056625505170e-01
9.744782765863391205e-01 1.626171256165625210e-03 5.201887417218798992e-01
9.747834712405878399e-01 2.003238672749141618e-03 5.200258058664264382e-01
9.750851311684266554e-01 2.374735173086177983e-03 5.198649567973636643e-01
9.753833174776915804e-01 2.740772113366581140e-03 5.197061538111821255e-01
9.756780908428658305e-01 3.101462072261018492e-03 5.195493567137926538e-01
9.759695114299516971e-01 3.456918355287646755e-03 5.193945258548499089e-01
9.762576389021463408e-01 3.807256347179603824e-03 5.192416221166045176e-01
9.765425324979953858e-01 4.152595833499962003e-03 5.190906068562299858e-01
9.768242509432418785e-01 4.493061743283690256e-03 5.189414419488083130e-01
9.771028522833710150e-01 4.828782281220852374e-03 5.187940898676308699e-01
9.773783933517848910e-01 5.159884425968578985e-03 5.186485139569866343e-01
9.776509296593629550e-01 5.486491326002469401e-03 5.185046784898134087e-01
9.779205156231944862e-01 5.808722873000667086e-03 5.183625485373974939e-01
9.781872047434609918e-01 6.126697574193526452e-03 5.182220898505736084e-01
9.784510495060143587e-01 6.440534047777152389e-03 5.180832689131755764e-01
9.787121011965591588e-01 6.750350860838121719e-03 5.179460530295392218e-01
9.789704097928612070e-01 7.056266030532628783e-03 5.178104103608874853e-01
9.792260248675913603e-01 7.358398875081926561e-03 5.176763094467619064e-01
9.794789964416771300e-01 7.656872161487025472e-03 5.175437187650092641e-01
9.797293750085785957e-01 7.951812609249700112e-03 5.174126067080598856e-01
9.799772111141689113e-01 8.243348581249670959e-03 5.172829417981458233e-01
9.802225538059048393e-01 8.531604708387825753e-03 5.171546934978459298e-01
9.804654503645000574e-01 8.816696006746851944e-03 5.170278323331413128e-01
9.807059465012439858e-01 9.098749503612146503e-03 5.169023297883956758e-01
9.809440869290046994e-01 9.377857748610721883e-03 5.167781579906387535e-01
9.811799158740861504e-01 9.654140310049590459e-03 5.166552894355448400e-01
9.814134771051555850e-01 9.927706212436744962e-03 5.165336969651723731e-01
9.816448139740299172e-01 1.019866274213790391e-02 5.164133537396197182e-01
9.818739695684386426e-01 1.046711469837953608e-02 5.162942331635025361e-01
9.821009867550495320e-01 1.073316256187429804e-02 5.161763088646237341e-01
9.823259081899210488e-01 1.099690268590335952e-02 5.160595546934680922e-01
9.825487766341645113e-01 1.125842756624564206e-02 5.159439445331338581e-01
9.827696354372893461e-01 1.151782635857087275e-02 5.158294520524286941e-01
9.829885289087769706e-01 1.177518535708432616e-02 5.157160505250523164e-01
9.832055018255810852e-01 1.203058650993844153e-02 5.156037130690567238e-01
9.834205977716130587e-01 1.228410388336468456e-02 5.154924134900294996e-01
9.836338588957453943e-01 1.253580256198245403e-02 5.153821263750160142e-01
9.838453264273652188e-01 1.278573944508318988e-02 5.152728268415212032e-01
9.840550431756610594e-01 1.303396703118974570e-02 5.151644892733348025e-01
9.842630544299338924e-01 1.328053545360834316e-02 5.150570868489980914e-01
9.844694079699815026e-01 1.352549181777598121e-02 5.149505915223994146e-01
9.846741527711339037e-01 1.376887571193805872e-02 5.148449747130676712e-01
9.848773386240422534e-01 1.401071605857647472e-02 5.147402074936174854e-01
9.850790165882933325e-01 1.425103270906839283e-02 5.146362603326789520e-01
9.852792397559874127e-01 1.448984229818676105e-02 5.145331026925850093e-01
9.854780637322345660e-01 1.472716268361818660e-02 5.144307027595633741e-01
9.856755468082143423e-01 1.496301225359704390e-02 5.143290273430962678e-01
9.858717495053704871e-01 1.519740532091883728e-02 5.142280421148169856e-01
9.860667343401825491e-01 1.543035651572944103e-02 5.141277117671229080e-01
9.862605662335471868e-01 1.566184953352918463e-02 5.140279997531764788e-01
9.864533145194630537e-01 1.589190559029933156e-02 5.139288672555517579e-01
9.866450541503118954e-01 1.612053324781292582e-02 5.138302726120982378e-01
9.867880381885917318e-01 1.629081164031423445e-02 5.137567592897833713e-01
9.869309532600107904e-01 1.646079240640431485e-02 5.136832891174563098e-01
9.871205341790296739e-01 1.668587935092824548e-02 5.135858384721909697e-01
9.872620466585018129e-01 1.685353791573531226e-02 5.135131019146740305e-01
9.874036170961336678e-01 1.702091691472058799e-02 5.134403386073534969e-01
9.875916216718324536e-01 1.724259072576320856e-02 5.133437115801293693e-01
9.877556032248382412e-01 1.743528601435839070e-02 5.132594308241561487e-01
9.878728339090028232e-01 1.757262701071246255e-02 5.131991765303519637e-01
9.880364164951689343e-01 1.776364320297508723e-02 5.131150936570428867e-01
9.881766700670048253e-01 1.792677591581925273e-02 5.130429959265215833e-01
9.882701561032216642e-01 1.803515666964830566e-02 5.129949350700374611e-01
9.884161744165290697e-01 1.820384003012623028e-02 5.129198594737431893e-01
9.885274938018725477e-01 1.833191725463174590e-02 5.128626165183191032e-01
9.886441702430321943e-01 1.846564625810209401e-02 5.128026103035238092e-01
9.887615048409820195e-01 1.859957650777763205e-02 5.127422555413556626e-01
9.888671405303265383e-01 1.871965615767350738e-02 5.126879087532787427e-01
9.889964814527246739e-01 1.886601333934151067e-02 5.126213521729506839e-01
9.891379956535801821e-01 1.902525620087159100e-02 5.125485115337270470e-01
9.892563647329785104e-01 1.915770143757159275e-02 5.124875663968246897e-01
9.893750463211569146e-01 1.928977807780860379e-02 5.124264423186992712e-01
9.894943121748573933e-01 1.942175448217467806e-02 5.123649973727817386e-01
9.896140207055634797e-01 1.955343612704278644e-02 5.123033023991901969e-01
9.897159914823099314e-01 1.966496913475404562e-02 5.122507301831312754e-01
9.898434705941348000e-01 1.980355620820958146e-02 5.121849803865805573e-01
9.899375585064562610e-01 1.990522960239982792e-02 5.121364323887775960e-01
9.900878310668779214e-01 2.006651188429979873e-02 5.120588550477525036e-01
9.901743200970993808e-01 2.015870819916238885e-02 5.120141822823429667e-01
9.902609137873940037e-01 2.025054614672272893e-02 5.119694372229860457e-01
9.903612026626938958e-01 2.035631599842438466e-02 5.119175912988460642e-01
9.904874739384739168e-01 2.048856208894643885e-02 5.118522739409041566e-01
9.905894425236058121e-01 2.059458865898749005e-02 5.117994935009214652e-01
9.907182233334840271e-01 2.072749632440801584e-02 5.117327876233023209e-01
9.907962672147299088e-01 2.080749787160308950e-02 5.116923351784505858e-01
9.909212141403226370e-01 2.093472386048667380e-02 5.116275257370175300e-01
9.910108377596256179e-01 2.102533603980784663e-02 5.115810014733211952e-01
9.911016878566011323e-01 2.111663868228948887e-02 5.115338071237486295e-01
9.912137238991562960e-01 2.122847471693230584e-02 5.114755580839223104e-01
9.913000989104370220e-01 2.131412262806778313e-02 5.114306113356870132e-01
9.913838631252052114e-01 2.139670328508040675e-02 5.113869886926266650e-01
9.914506465589315587e-01 2.146220496949926074e-02 5.113521838055510305e-01
9.915146713824002367e-01 2.152472089462975288e-02 5.113187944376639260e-01
9.916340109879260289e-01 2.164051481504112445e-02 5.112564972437371180e-01
9.917072197375820242e-01 2.171107871284630453e-02 5.112182398046284382e-01
9.918113459853242775e-01 2.181083027301264701e-02 5.111637682795071580e-01
9.918788921488236321e-01 2.187516203688138691e-02 5.111283950469467374e-01
9.919787124284612512e-01 2.196969618208731434e-02 5.110760627841541837e-01
9.920446367295224777e-01 2.203178543875974893e-02 5.110414615705927144e-01
9.921335618592820316e-01 2.211511213812371660e-02 5.109947359051768556e-01
9.922483388488775313e-01 2.222194317382518783e-02 5.109343330269405792e-01
9.923140323712106303e-01 2.228272105970246358e-02 5.108997110066501035e-01
9.923808176287334248e-01 2.234423696838018503e-02 5.108644745065289428e-01
9.924653149416101661e-01 2.242167982972446960e-02 5.108198339324938608e-01
9.925519742114751187e-01 2.250065686446249200e-02 5.107739793384246108e-01
9.926400143689063649e-01 2.258043414850584296e-02 5.107273156452588614e-01
9.927300306504682759e-01 2.266153603486875667e-02 5.106795184548316158e-01
9.928223552515691441e-01 2.274423526033498080e-02 5.106304002846890899e-01
9.928790071570852138e-01 2.279474487896484408e-02 5.106002104372402428e-01
9.929749283407137694e-01 2.287986366852933287e-02 5.105490029920486394e-01
9.930338309415541742e-01 2.293188280229149431e-02 5.105174986428164807e-01
9.931134822473388635e-01 2.300192286749555212e-02 5.104748218212732391e-01
9.931957520679123297e-01 2.307389714914653833e-02 5.104306474371593794e-01
9.932581794112547158e-01 2.312825874501553761e-02 5.103970603314450516e-01
9.933222453859934520e-01 2.318382419958070137e-02 5.103625289325490755e-01
9.934096186032961295e-01 2.325924145568357762e-02 5.103153283271608665e-01
9.934541404540199183e-01 2.329751187903056700e-02 5.102912275302301515e-01
9.935457954224757859e-01 2.337596715232760289e-02 5.102415032443270437e-01
9.936160469382104843e-01 2.343580020546015552e-02 5.102032867980439423e-01
9.936880935992783437e-01 2.349688359209980634e-02 5.101639958765006311e-01
9.937495894572796473e-01 2.354879481845768147e-02 5.101303770967829943e-01
9.938121488219817667e-01 2.360138804054383657e-02 5.100960964718627144e-01
9.939160796672812381e-01 2.368826667927615912e-02 5.100389579897995906e-01
9.939694945657114866e-01 2.373267052336504312e-02 5.100094964497517980e-01
9.940375730092885220e-01 2.378902341047053545e-02 5.099718491416942445e-01
9.941079133971814086e-01 2.384696692994888595e-02 5.099328311921226264e-01
9.941512836844985657e-01 2.388255134832910007e-02 5.099087106986697204e-01
9.942245924467123519e-01 2.394245721539400504e-02 5.098678268314283946e-01
9.942849783485653292e-01 2.399157249100667202e-02 5.098340392652246367e-01
9.943630951281491326e-01 2.405479375306573964e-02 5.097901760884013811e-01
9.944439687478419110e-01 2.411985501794149112e-02 5.097445725030319563e-01
9.944937414949477361e-01 2.415969035532582188e-02 5.097164046421864825e-01
9.945448254080581085e-01 2.420041345532734575e-02 5.096874111774688521e-01
9.946141837795062779e-01 2.425544469374377524e-02 5.096479054004613429e-01
9.946679242963347711e-01 2.429787749318987680e-02 5.096171800381755768e-01
9.947232555508067620e-01 2.434137945628915903e-02 5.095854360607535716e-01
9.947802947091887171e-01 2.438602531549944122e-02 5.095525921933206082e-01
9.948193345282794198e-01 2.441646546539402718e-02 5.095300399421605064e-01
9.948788033927520313e-01 2.446264899674970364e-02 5.094955691986213786e-01
9.949193304565996376e-01 2.449399124713456596e-02 5.094719941984005018e-01
9.949819063874423275e-01 2.454216962899503571e-02 5.094354551391953034e-01
9.950248963278948144e-01 2.457511487947761780e-02 5.094102521294131547e-01
9.950914392447394174e-01 2.462585919571647769e-02 5.093710736673973116e-01
9.951257033035670885e-01 2.465187097025998975e-02 5.093508178867596214e-01
9.951843888488717260e-01 2.469624209448295291e-02 5.093159908041972050e-01
9.952322115084688559e-01 2.473223472371406662e-02 5.092874808230292150e-01
9.952814503025246839e-01 2.476913794706916971e-02 5.092580007948516174e-01
9.953322073685838545e-01 2.480701368962747941e-02 5.092274734311671436e-01
9.953845960308196350e-01 2.484592843447553864e-02 5.091958120187963788e-01
9.954519586706931378e-01 2.489568994980968786e-02 5.091548635476214058e-01
9.954937886889216880e-01 2.492642904276351837e-02 5.091292958406522517e-01
9.955367586705249350e-01 2.495787737480563082e-02 5.091029155527461159e-01
9.955809446208156999e-01 2.499008386475447610e-02 5.090756623578815976e-01
9.956414875400296793e-01 2.503400011059644936e-02 5.090381048683996212e-01
9.956882115261579402e-01 2.506772787221580798e-02 5.090089428493543844e-01
9.957364305507077074e-01 2.510238562464236350e-02 5.089786798628674891e-01
9.957694647789196996e-01 2.512604243313998342e-02 5.089578453097058919e-01
9.958204391530577348e-01 2.516240575338037078e-02 5.089255281960726185e-01
9.958554331825923978e-01 2.518726774514320338e-02 5.089032205524741670e-01
9.959095524598978733e-01 2.522555163734394035e-02 5.088685187179663449e-01
9.959562594527735513e-01 2.525842984980757738e-02 5.088383645113562226e-01
9.960045505597787674e-01 2.529226463533409616e-02 5.088069799063222876e-01
9.960343411253066437e-01 2.531305978100902021e-02 5.087875099540196677e-01
9.960854494326569775e-01 2.534860527249054377e-02 5.087539076334823829e-01
9.961277448285118519e-01 2.537790034561365066e-02 5.087259019034015006e-01
9.961713919593757627e-01 2.540801785508984070e-02 5.086968065739679856e-01
9.962161918280310058e-01 2.543880913239834202e-02 5.086667297261820986e-01
9.962505693319740896e-01 2.546234983490430412e-02 5.086434983771251916e-01
9.962858572444537320e-01 2.548643319105474772e-02 5.086195102949725433e-01
9.963221125104277931e-01 2.551109084607900215e-02 5.085947106538749596e-01
9.963593986330890884e-01 2.553635949439542543e-02 5.085690379815888118e-01
9.963977866504906133e-01 2.556228289061599282e-02 5.085424230613559970e-01
9.964373559441993544e-01 2.558890973826220133e-02 5.085147878863038873e-01
9.964644356591672025e-01 2.560707935753148493e-02 5.084957540463210801e-01
9.965061743102501257e-01 2.563500319542197023e-02 5.084662177371080949e-01
9.965347929889251111e-01 2.565409262975586191e-02 5.084458219697770565e-01
9.965789926785999508e-01 2.568348177926836270e-02 5.084140846037750183e-01
9.966093636738425632e-01 2.570360891882840504e-02 5.083921040891257181e-01
9.966559567315705914e-01 2.573437674356740534e-02 5.083580997059985451e-01
9.966880427217708061e-01 2.575548662029156569e-02 5.083344759882766351e-01
9.967378328212044281e-01 2.578812009663524613e-02 5.082974706652308994e-01
9.967809783515868549e-01 2.581628260478360457e-02 5.082650490144174915e-01
9.968257684029371291e-01 2.584540991800565041e-02 5.082310288513168794e-01
9.968534955838771472e-01 2.586338937234250110e-02 5.082097767023906476e-01
9.969012406558794837e-01 2.589425875108384775e-02 5.081728247445788105e-01
9.969308756731882770e-01 2.591335833992686882e-02 5.081496534572673696e-01
9.969613046775022136e-01 2.593291916922607979e-02 5.081256671791167800e-01
9.969925771600518516e-01 2.595296882476435738e-02 5.081008046219485097e-01
9.970247479264872092e-01 2.597353830947572023e-02 5.080749972259598346e-01
9.970691443777704999e-01 2.600183304861453451e-02 5.080389846596384817e-01
9.971036607767090887e-01 2.602376001699533564e-02 5.080106555948756819e-01
9.971393088047536546e-01 2.604634461361284709e-02 5.079810830311123349e-01
9.971637472447061334e-01 2.606179463070598321e-02 5.079606189759336976e-01
9.972014842903836884e-01 2.608560244055263544e-02 5.079287049677433385e-01
9.972274093111264115e-01 2.610192199781301986e-02 5.079065521200516464e-01
9.972575290295068173e-01 2.612084329109067710e-02 5.078805738932448133e-01
9.972922000224022643e-01 2.614257045568055965e-02 5.078503387043820094e-01
9.973280657224116164e-01 2.616498335951239831e-02 5.078186746393438256e-01
9.973558081309227275e-01 2.618227646892487895e-02 5.077939026849300763e-01
9.973843238065247530e-01 2.620001510670836795e-02 5.077681781645269066e-01
9.974136641173761975e-01 2.621823168221700667e-02 5.077414242165514402e-01
9.974438858290636256e-01 2.623696135208514538e-02 5.077135546260514998e-01
9.974750515538618467e-01 2.625624356274952956e-02 5.076844723213146393e-01
9.975181926553605694e-01 2.628287952311822787e-02 5.076436203016506665e-01
9.975404964969021293e-01 2.629662233879656238e-02 5.076222182440537356e-01
9.975740710655780497e-01 2.631727359033713548e-02 5.075896260362320334e-01
9.976084019075507348e-01 2.633834239490975143e-02 5.075558165691059775e-01
9.976319905302465374e-01 2.635279083385578050e-02 5.075322929838063102e-01
9.976685048465973038e-01 2.637511730203133745e-02 5.074953928862072638e-01
9.976936576052695127e-01 2.639047279166307353e-02 5.074696191188300398e-01
9.977327010428558296e-01 2.641427553767770539e-02 5.074290176134775843e-01
9.977596755686080066e-01 2.643069827549909129e-02 5.074005288190864826e-01
9.977874647642224204e-01 2.644759808190653982e-02 5.073707920740097022e-01
9.978161248682079210e-01 2.646500708240348901e-02 5.073396971245771603e-01
9.978457182292497230e-01 2.648295836615899984e-02 5.073071189922886415e-01
9.978685681051390199e-01 2.649680081646320004e-02 5.072816260176546965e-01
9.978920154480180882e-01 2.651099050929360545e-02 5.072551506023853518e-01
9.979242710965282592e-01 2.653048944343414095e-02 5.072181907664160549e-01
9.979408528064854789e-01 2.654050539065469852e-02 5.071989407077025502e-01
9.979749878048177480e-01 2.656111272115486630e-02 5.071587626435216656e-01
9.979925724695731803e-01 2.657172399969614032e-02 5.071377670308395702e-01
9.980288529745338089e-01 2.659360916136674011e-02 5.070937880298309608e-01
9.980475867178884020e-01 2.660490478142318177e-02 5.070707181432498878e-01
9.980764821692650335e-01 2.662232120091785961e-02 5.070346360387490980e-01
9.981063982578021188e-01 2.664034283321899468e-02 5.069966192121674320e-01
9.981269508387591305e-01 2.665271730600929714e-02 5.069700980640091670e-01
9.981587598926524585e-01 2.667186306558306727e-02 5.069283824785468795e-01
9.981806669382242703e-01 2.668504686020747863e-02 5.068991644652751649e-01
9.982031749578805790e-01 2.669859474753816589e-02 5.068687177652055897e-01
9.982381475806171300e-01 2.671965738112060465e-02 5.068205235338193448e-01
9.982623346236442208e-01 2.673423277949451421e-02 5.067865367718623615e-01
9.982872737916601569e-01 2.674926904866688215e-02 5.067509106684250364e-01
9.983130182164108302e-01 2.676479925737886012e-02 5.067134915786297711e-01
9.983396273700049228e-01 2.678085990476417044e-02 5.066741040880230473e-01
9.983671684421697723e-01 2.679749410344601721e-02 5.066325467288621542e-01
9.983957179697369178e-01 2.681475410488865299e-02 5.065885868831784267e-01
9.984253637137215920e-01 2.683270034491343561e-02 5.065419540406934651e-01
9.984406293963175028e-01 2.684195324034469032e-02 5.065175363310322476e-01
9.984641183739834114e-01 2.685621075075284719e-02 5.064794129902110420e-01
9.984883613646687861e-01 2.687095444700996968e-02 5.064393417159618327e-01
9.985219528053926874e-01 2.689142958463194844e-02 5.063825539395221398e-01
9.985393346580382357e-01 2.690204425706058805e-02 5.063525681167118098e-01
9.985661963323834156e-01 2.691847909263310468e-02 5.063053930891382448e-01
9.985940768752048502e-01 2.693558021554536691e-02 5.062553159027658456e-01
9.986132751984105882e-01 2.694738406032306036e-02 5.062201498664263832e-01
9.986430633305444227e-01 2.696575409688635461e-02 5.061644459354370795e-01
9.986636340980088455e-01 2.697848273221113702e-02 5.061251399664720152e-01
9.986848179599125963e-01 2.699163210187032619e-02 5.060839225043500811e-01
9.987178338722532134e-01 2.701221523958784870e-02 5.060181295580371552e-01
9.987349444046859093e-01 2.702292388695241160e-02 5.059832550321058386e-01
9.987524851726983233e-01 2.703393312113904975e-02 5.059469335579789284e-01
9.987765844015680239e-01 2.704911502197936482e-02 5.058960609443304834e-01
9.988015577918140098e-01 2.706492103343045852e-02 5.058421149082866775e-01
9.988274800149772314e-01 2.708141485790067221e-02 5.057847462241783498e-01
9.988544362552871370e-01 2.709867085196770650e-02 5.057235464951229664e-01
9.988753905693313895e-01 2.711216397671073128e-02 5.056748434338677045e-01
9.988970266660069930e-01 2.712617546095363527e-02 5.056234804322190524e-01
9.989270221423027785e-01 2.714574184037216176e-02 5.055503906016083349e-01
9.989504550052760168e-01 2.716114407474758824e-02 5.054916968986116199e-01
9.989747628014434833e-01 2.717723838585626994e-02 5.054292673804475777e-01
9.990051947931041232e-01 2.719757204182075491e-02 5.053487953411002209e-01
9.990263205772492716e-01 2.721181718638055261e-02 5.052913507686127570e-01
9.990481762035228197e-01 2.722667841177368528e-02 5.052305049329189890e-01
9.990785530834477290e-01 2.724756166039640423e-02 5.051434428032228752e-01
9.991023505581886344e-01 2.726411515066279670e-02 5.050731079384569444e-01
9.991271012511192540e-01 2.728152405632856131e-02 5.049978715113641048e-01
9.991528929002418957e-01 2.729988920296056235e-02 5.049170985953551627e-01
9.991798280720175507e-01 2.731933155762001839e-02 5.048300321046862438e-01
9.991984794926396241e-01 2.733296356146680539e-02 5.047680433055835580e-01
9.992177328124328684e-01 2.734719440506308205e-02 5.047025406899008360e-01
9.992478392564185796e-01 2.736979729991786264e-02 5.045969015414287773e-01
9.992688036569071786e-01 2.738579991763876939e-02 5.045208975243161698e-01
9.992905497192673403e-01 2.740264569820511503e-02 5.044398335692080737e-01
9.993131439165223728e-01 2.742043049999062787e-02 5.043530877088604480e-01
9.993247827739355493e-01 2.742970986598502331e-02 5.043073550344226996e-01
9.993487959678186705e-01 2.744913134529126594e-02 5.042106697299544305e-01
9.993674973098491954e-01 2.746452790021125176e-02 5.041330979533183987e-01
9.993868412429605108e-01 2.748072162376579211e-02 5.040506741762442733e-01
9.994068783400280598e-01 2.749780325148173249e-02 5.039628451251325636e-01
9.994276648665150198e-01 2.751587675201718972e-02 5.038689589363660737e-01
9.994492639380627708e-01 2.753506216047812982e-02 5.037682404100771727e-01
9.994641497712507539e-01 2.754853982462792533e-02 5.036968433051055571e-01
9.994872678435071656e-01 2.756991814871072310e-02 5.035825917062026758e-01
9.995032449859110324e-01 2.758502867474429965e-02 5.035010898073501995e-01
9.995197091961360858e-01 2.760090840170500992e-02 5.034148185279894161e-01
9.995366937452522249e-01 2.761764051962567815e-02 5.033232658900583800e-01
9.995542352050760249e-01 2.763531817344083708e-02 5.032258309156613096e-01
9.995632269244164592e-01 2.764454421495981737e-02 5.031746870404504302e-01
9.995816803494208536e-01 2.766385507753183967e-02 5.030670670863486293e-01
9.996007985421709874e-01 2.768442428479341369e-02 5.029515211975608135e-01
9.996106220069089776e-01 2.769522893650049750e-02 5.028904236847446807e-01
9.996308346586166849e-01 2.771800688427388318e-02 5.027607894127794630e-01
9.996412368419599348e-01 2.773003020863475457e-02 5.026918404171776267e-01
9.996572341019539509e-01 2.774895153213263396e-02 5.025826320959186910e-01
9.996654165764250477e-01 2.775884115344787184e-02 5.025251666850183430e-01
9.996737268852544656e-01 2.776904046424560901e-02 5.024656280923508467e-01
9.996907478591154916e-01 2.779045079120614700e-02 5.023397572105396947e-01
9.997083254080765258e-01 2.781334527858279199e-02 5.022035559458076781e-01
9.997203659123680142e-01 2.782952391573716155e-02 5.021060955464382580e-01
9.997295716088870909e-01 2.784218649746808202e-02 5.020290327882213077e-01
9.997389315847620139e-01 2.785533835268764677e-02 5.019481955999010037e-01
9.997484485856261704e-01 2.786901396054119670e-02 5.018631757329997667e-01
9.997581247233376933e-01 2.788325077023758036e-02 5.017734865581685577e-01
9.997679612228204116e-01 2.789808905415197549e-02 5.016785307854113585e-01
9.997739394289327786e-01 2.790729718087103101e-02 5.016187308037710624e-01
9.997820000854189537e-01 2.791995413859784878e-02 5.015353685653394233e-01
9.997929051550846768e-01 2.793754501889035569e-02 5.014169927383046454e-01
9.997984214594728414e-01 2.794665905104591272e-02 5.013543159926515669e-01
9.998039795735214064e-01 2.795599699014623268e-02 5.012891022343181069e-01
9.998095779159665852e-01 2.796556595475604284e-02 5.012212175631906019e-01
9.998208912998742814e-01 2.798543170783018147e-02 5.010769989792277501e-01
9.998265973426959663e-01 2.799572982959444220e-02 5.010007745708100479e-01
9.998323339786087116e-01 2.800627982121914328e-02 5.009222523846221797e-01
9.998380985682069344e-01 2.801708432298551446e-02 5.008422273268033909e-01
9.998467947419584778e-01 2.803377276081568670e-02 5.007245670551930816e-01
9.998526250026127382e-01 2.804522172732423421e-02 5.006505203552618077e-01
9.998555514960351109e-01 2.805104616383026842e-02 5.006163414212466689e-01
9.998614299637414993e-01 2.806289846035802532e-02 5.005545878222613654e-01
9.998643847881024671e-01 2.806893192310609339e-02 5.005273757822024105e-01
9.998673512895481785e-01 2.807503919639350518e-02 5.005026449113676446e-01
9.998733233069112547e-01 2.808748279604087600e-02 5.004603336065261976e-01
9.998793574077052826e-01 2.810025524933311078e-02 5.004270034338563766e-01
9.998824016846992180e-01 2.810677472054100290e-02 5.004134352932808616e-01
9.998854656500272275e-01 2.811338718095999362e-02 5.004017709111709955e-01
9.998916573648619632e-01 2.812690493836733988e-02 5.003837370746788693e-01
9.998979452562853920e-01 2.814084694356616331e-02 5.003720863656307971e-01
9.999043416463473388e-01 2.815525390388078086e-02 5.003660330720829386e-01
9.999125084778498485e-01 2.817398416155645138e-02 5.003651294459420251e-01
9.999175115050784601e-01 2.818564914665799837e-02 5.003674801489270685e-01
9.999243130945403291e-01 2.820174642247889885e-02 5.003733286621255827e-01
9.999312785469907094e-01 2.821852528786858091e-02 5.003815960779732785e-01
9.999348281186141163e-01 2.822719334748969439e-02 5.003864120292325079e-01
9.999420696978659207e-01 2.824513130253196794e-02 5.003970194303175578e-01
9.999476355849528098e-01 2.825915671232941823e-02 5.004054722964695889e-01
9.999533256625676714e-01 2.827371651491336971e-02 5.004140334329053585e-01
9.999611203631671996e-01 2.829403829601191342e-02 5.004250857497678506e-01
9.999671357732496935e-01 2.831002948387058640e-02 5.004326566558743306e-01
9.999724755022235678e-01 2.832445775742604629e-02 5.004384038210796248e-01
9.999792197722634501e-01 2.834300603954681766e-02 5.004440283090308972e-01
9.999826680284464864e-01 2.835263344244294895e-02 5.004460783889065345e-01
9.999897257606218393e-01 2.837265336428868370e-02 5.004482802007604869e-01
9.999933403873831894e-01 2.838307424396206008e-02 5.004482580850129203e-01
9.999970151280588304e-01 2.839378831868236835e-02 5.004473644246597575e-01
9.999985024668397449e-01 2.839815969596734199e-02 5.004467401124627068e-01
