# -47 2 0.227410008708 6.86664522982e-05
# x xi_r xi_h
1.310287751119751072e-03 -9.712181703740624528e+01 -4.535072043355273053e+01
1.460995662986557019e-03 -1.057012796684193177e+02 -4.848301863423803582e+01
1.650884358646134958e-03 -1.153886359515011861e+02 -5.155833411156744717e+01
1.840773054305712029e-03 -1.237370062734595564e+02 -5.361063707696931857e+01
2.080034956818093209e-03 -1.322266609005059763e+02 -5.469218423279374264e+01
2.319296859330475039e-03 -1.383605147707583853e+02 -5.408482647181975977e+01
2.520287072229036949e-03 -1.416524550411186851e+02 -5.230103946933754600e+01
2.721277285127598859e-03 -1.432432194743291234e+02 -4.941290295584659020e+01
2.922267498026161203e-03 -1.431607699957376099e+02 -4.550326092680175094e+01
3.112225549436466957e-03 -1.415934085059525671e+02 -4.096602543452503653e+01
3.302183600846774012e-03 -1.386471683513954645e+02 -3.571885927981927722e+01
3.492141652257081067e-03 -1.344075216361687524e+02 -2.988287386820394431e+01
3.682099703667386821e-03 -1.289766807042270500e+02 -2.359031652815778912e+01
3.921500270735109317e-03 -1.206241436005697949e+02 -1.521920255354481633e+01
4.160900837802832680e-03 -1.108248545840549042e+02 -6.635731274358642295e+00
4.400301404870555176e-03 -9.986387657011445640e+01 1.867593227755540930e+00
4.639701971938277672e-03 -8.804161956382260712e+01 1.000702825520591865e+01
4.869433365318841418e-03 -7.617066540812359676e+01 1.722702316628901187e+01
5.099164758699403430e-03 -6.406110801155914203e+01 2.365794526897816397e+01
5.328896152079966309e-03 -5.197578726650703373e+01 2.911963002681164170e+01
5.558627545460530055e-03 -4.016387587955073712e+01 3.346724617724834161e+01
5.787748083093968016e-03 -2.888442376635027742e+01 3.658914825398910864e+01
6.016868620727404242e-03 -1.830969263369347644e+01 3.843739077227170498e+01
6.245989158360841335e-03 -8.615563088783801504e+00 3.899397464100135835e+01
6.507314466583081353e-03 1.181285486969926524e+00 3.809815850505066948e+01
6.768639774805322237e-03 9.488153290308078525e+00 3.565784980146778338e+01
7.029965083027563122e-03 1.620186488008836179e+01 3.183819727399937349e+01
7.291290391249803139e-03 2.127799235317978699e+01 2.685859079296909968e+01
7.588259160035928062e-03 2.507967652454464869e+01 2.013790396598667343e+01
7.885227928822052118e-03 2.688747464396250919e+01 1.268549097987166974e+01
8.182196697608175306e-03 2.687680612726171958e+01 4.954752323446201423e+00
8.479165466394300230e-03 2.528639430464032500e+01 -2.603248323493862149e+00
8.776134235180425153e-03 2.240261010825028976e+01 -9.565632219405875603e+00
9.062891590263655664e-03 1.868617523538432934e+01 -1.537446653237338801e+01
9.349648945346886175e-03 1.435731486735168971e+01 -2.000943091030167054e+01
9.636406300430114952e-03 9.711550460122095885e+00 -2.327405440647423873e+01
9.923163655513347198e-03 5.028979853750743523e+00 -2.505421337067937060e+01
1.020992101059657944e-02 5.628757619575285309e-01 -2.532144557458493850e+01
1.049667836567980995e-02 -3.469715890119407398e+00 -2.413144220386402594e+01
1.078343572076304047e-02 -6.895054714356255943e+00 -2.161793141782379379e+01
1.107585216327150977e-02 -9.632277308876066257e+00 -1.790244093956532723e+01
1.136826860577998081e-02 -1.152756601514337120e+01 -1.329139451411709416e+01
1.166068504828845012e-02 -1.255391232954621472e+01 -8.096135676074053933e+00
1.195310149079691076e-02 -1.273424150246986031e+01 -2.649040797243203293e+00
1.224551793330539047e-02 -1.213592721572812572e+01 2.716480721429841427e+00
1.253793437581384937e-02 -1.086346628364102251e+01 7.685368367682673174e+00
1.283035081832233082e-02 -9.049802747324328323e+00 1.197856319360754007e+01
1.312276726083078972e-02 -6.846831918161710107e+00 1.536795350312946340e+01
1.341518370333926076e-02 -4.415626435225452617e+00 1.768782439229391557e+01
1.372371033175165053e-02 -1.781739734758285509e+00 1.887292555763796287e+01
1.403223696016404030e-02 7.504680264879598495e-01 1.873781941908580606e+01
1.434076358857643008e-02 3.024922379959278373e+00 1.734509192054107274e+01
1.464929021698880944e-02 4.914577707778771121e+00 1.483767622734479552e+01
1.495781684540119921e-02 6.326965203076414745e+00 1.142655407898874742e+01
1.526634347381359072e-02 7.207249364909397826e+00 7.374430572385612948e+00
1.557487010222598049e-02 7.538779010651619927e+00 2.976572643128782669e+00
1.588339673063835986e-02 7.341267583979289135e+00 -1.459840565190305028e+00
1.619192335905075136e-02 6.666870808011361227e+00 -5.636444722140005581e+00
1.650044998746313940e-02 5.594539920219100182e+00 -9.283119098030566008e+00
1.680897661587552050e-02 4.223110053631899952e+00 -1.217486940037347054e+01
1.711941423928450140e-02 2.653740753727581669e+00 -1.415432570539191737e+01
1.742985186269348924e-02 1.011463697617938085e+00 -1.510046604275605731e+01
1.774028948610247014e-02 -5.896699878285075469e-01 -1.498526439541669220e+01
1.805072710951145104e-02 -2.046080317867797316e+00 -1.385270800967172455e+01
1.836116473292042847e-02 -3.270589969506297212e+00 -1.181354525154294599e+01
1.867160235632940937e-02 -4.196943103895176108e+00 -9.035742461921273616e+00
1.898203997973839027e-02 -4.782712534489675704e+00 -5.731388638440582994e+00
1.929247760314737117e-02 -5.010506583707868167e+00 -2.141019677119935238e+00
1.960291522655635901e-02 -4.887498554172161391e+00 1.483505225764012003e+00
1.991335284996533991e-02 -4.443407171945813694e+00 4.896365241956795344e+00
2.022379047337432081e-02 -3.727148799876093044e+00 7.874179327467867751e+00
2.053422809678330171e-02 -2.802455932899709179e+00 1.023034696922386821e+01
2.083870335922823058e-02 -1.763707624172890398e+00 1.180349429992206289e+01
2.114317862167315945e-02 -6.685931998291803069e-01 1.256649431473126910e+01
2.144765388411808138e-02 4.102132328808362205e-01 1.249566828046498479e+01
2.175212914656301025e-02 1.405329781745936035e+00 1.162158099526148725e+01
2.205660440900793912e-02 2.258533727031336813e+00 1.002510248917339908e+01
2.236107967145287145e-02 2.923821804946466152e+00 7.830423741191817832e+00
2.266555493389780032e-02 3.369528813727952876e+00 5.195603772404456144e+00
2.297003019634272919e-02 3.579436071837587718e+00 2.301353016408138163e+00
2.327450545878765112e-02 3.552867130544495655e+00 -6.611656524810485269e-01
2.357898072123257999e-02 3.303829458694382826e+00 -3.502713087345775467e+00
2.388999902351006052e-02 2.848032441617995403e+00 -6.097606697613542792e+00
2.420101732578754106e-02 2.228505921068467011e+00 -8.222478566177773729e+00
2.451203562806502159e-02 1.493688947470398487e+00 -9.752200593489451563e+00
2.482305393034249866e-02 6.967911025199027275e-01 -1.060433946172628517e+01
2.513407223261997919e-02 -1.078476041164433546e-01 -1.074299799698155589e+01
2.544509053489744932e-02 -8.682552779511308882e-01 -1.017951813138238926e+01
2.575610883717492985e-02 -1.537975749044475426e+00 -8.970128971200141521e+00
2.606712713945241039e-02 -2.078690800233259139e+00 -7.210814116544766783e+00
2.637814544172989092e-02 -2.462185887100579951e+00 -5.029836569967237381e+00
2.668916374400737146e-02 -2.671576725960986831e+00 -2.578488377568647572e+00
2.700018204628484852e-02 -2.701764520283819415e+00 -2.071932692814757934e-02
2.731120034856232906e-02 -2.559136709426108158e+00 2.477658737684861556e+00
2.762221865083979919e-02 -2.260575085237645165e+00 4.759498497212179657e+00
2.793323695311727972e-02 -1.831871509213095939e+00 6.685927100462265571e+00
2.826513052570591919e-02 -1.268243398384972798e+00 8.223089272763283830e+00
2.859702409829455866e-02 -6.388996916572217133e-01 9.133407273861770648e+00
2.892891767088319119e-02 8.659528245242130093e-03 9.368810478699602484e+00
2.926081124347183066e-02 6.279863031465877654e-01 8.930441894630831712e+00
2.959270481606045972e-02 1.176852760373541251e+00 7.867016166668044264e+00
2.992459838864909918e-02 1.619960232558554258e+00 6.269907129582271033e+00
3.025649196123773171e-02 1.931030184160466234e+00 4.265420554759930205e+00
3.058838553382637118e-02 2.094168198590116159e+00 2.004886351860931004e+00
3.092027910641501065e-02 2.104447346244620931e+00 -3.466671168353361865e-01
3.125217267900363971e-02 1.967712862881583868e+00 -2.622422855443454992e+00
3.158406625159228265e-02 1.699662478423264567e+00 -4.665424506243308400e+00
3.191595982418091171e-02 1.324302623482860319e+00 -6.339168226555435659e+00
3.224785339676954771e-02 8.719173956014095728e-01 -7.536441474570633403e+00
3.257974696935817677e-02 3.767126444979323474e-01 -8.185858528499444731e+00
3.291164054194681970e-02 -1.256892559155250444e-01 -8.255720747491718470e+00
3.324353411453546264e-02 -6.007276523941933455e-01 -7.755026889683661828e+00
3.357542768712409170e-02 -1.017189693099932013e+00 -6.731660873159161618e+00
3.390732125971272770e-02 -1.349160628834819908e+00 -5.267977058190093764e+00
3.423921483230135676e-02 -1.577524719004106846e+00 -3.474173501708636813e+00
3.457110840488999970e-02 -1.690939091395338600e+00 -1.479980802672945073e+00
3.491112367483018009e-02 -1.684707072902069447e+00 6.240246136585897441e-01
3.525113894477036047e-02 -1.559921779375947892e+00 2.641288455646440880e+00
3.559115421471054780e-02 -1.329928921083621152e+00 4.431582413714735935e+00
3.593116948465072819e-02 -1.014830679267087588e+00 5.874204686830219124e+00
3.627118475459092245e-02 -6.398012328363543721e-01 6.875829327706680871e+00
3.661120002453110284e-02 -2.331333728752856271e-01 7.376233493624943627e+00
3.695121529447128322e-02 1.758387075014686551e-01 7.351571769255619060e+00
3.729123056441145667e-02 5.587939129817521833e-01 6.815044500768690838e+00
3.763124583435163706e-02 8.903179192870734893e-01 5.814990551360529558e+00
3.797126110429181745e-02 1.149515192405853314e+00 4.430611249024025255e+00
3.831127637423199783e-02 1.321243136366909043e+00 2.765689496429757810e+00
3.865129164417219210e-02 1.396902104930484834e+00 9.407956035347432300e-01
3.899130691411237248e-02 1.374748051428140272e+00 -9.154387356299051870e-01
3.933132218405255287e-02 1.259728344883357165e+00 -2.675350027612979353e+00
3.967133745399273326e-02 1.062873431517065148e+00 -4.220946022291566457e+00
4.001135272393290671e-02 8.003054612707143356e-01 -5.451694182509688957e+00
4.035136799387308709e-02 4.919479688933274808e-01 -6.290889227024596408e+00
4.069138326381326748e-02 1.600368927872963254e-01 -6.690207699751557158e+00
4.103139853375346174e-02 -1.724581481310503428e-01 -6.632195359222911257e+00
4.137141380369364213e-02 -4.833925430983985194e-01 -6.130584069478921094e+00
4.171142907363382252e-02 -7.528821701210395290e-01 -5.228487733462796605e+00
4.205144434357400290e-02 -9.645257373782885058e-01 -3.994670809006623191e+00
4.239145961351419023e-02 -1.106342700287019643e+00 -2.518208274079455578e+00
4.273147488345437062e-02 -1.171377973573461739e+00 -9.019544505705584525e-01
4.307149015339455100e-02 -1.157949289944315785e+00 7.446960301156965167e-01
4.325489917444660243e-02 -1.118889686324767263e+00 1.610257327137099459e+00
4.343830819549863304e-02 -1.058920049776997052e+00 2.436189706287545054e+00
4.362171721655067058e-02 -9.795711310687732487e-01 3.207093535635678894e+00
4.380512623760270813e-02 -8.827122684742558789e-01 3.908860963947553557e+00
4.398853525865475261e-02 -7.705077838280739444e-01 4.528924795192294184e+00
4.417194427970679016e-02 -6.453688725464421516e-01 5.056472308930056947e+00
4.435535330075882771e-02 -5.099020417461533894e-01 5.482620730742945092e+00
4.453876232181087219e-02 -3.668551829515121487e-01 5.800551900438725816e+00
4.472217134286290280e-02 -2.190623759922273317e-01 6.005604549938736270e+00
4.490558036391494035e-02 -6.938850926266183772e-02 6.095323469635919089e+00
4.527239840601902238e-02 2.230458453498178617e-01 5.933349766406989190e+00
4.563921644812309747e-02 4.906287198295977148e-01 5.338418912589801835e+00
4.600603449022717950e-02 7.147699554587058079e-01 4.364487910545726379e+00
4.637285253233124765e-02 8.807541256459219259e-01 3.091482869646986931e+00
4.673967057443533663e-02 9.786239460460288697e-01 1.618589428229667559e+00
4.710648861653941866e-02 1.003678798148091911e+00 5.643346846379743154e-02
4.747330665864348681e-02 9.565745943209971180e-01 -1.481232663723376142e+00
4.784012470074756884e-02 8.430403408013686928e-01 -2.885722136285044481e+00
4.820694274285165087e-02 6.732527601452009680e-01 -4.060910353216860891e+00
4.857376078495573291e-02 4.609316309704287740e-01 -4.929543513833760215e+00
4.894057882705980800e-02 2.222339720684693709e-01 -5.437975975493567482e+00
4.931285321897629220e-02 -2.908656743517661764e-02 -5.557994001591763933e+00
4.968512761089276947e-02 -2.715640767220010576e-01 -5.279841339963313729e+00
5.005740200280924673e-02 -4.883788509743799966e-01 -4.632101008238354467e+00
5.042967639472573094e-02 -6.651246306125923047e-01 -3.668514387049346848e+00
5.080195078664220820e-02 -7.907092526119207099e-01 -2.463478053006663337e+00
5.117422517855869241e-02 -8.579872639457915007e-01 -1.106265212480303850e+00
5.154649957047517661e-02 -8.640940195977997451e-01 3.055896930312499427e-01
5.191877396239164694e-02 -8.104724010645812937e-01 1.673262245020227246e+00
5.229104835430813114e-02 -7.026044794746515443e-01 2.903475760773481351e+00
5.266332274622462228e-02 -5.494798156902154229e-01 3.914741281858873823e+00
5.303559713814109261e-02 -3.628484189954247485e-01 4.642591957513087841e+00
5.340787153005757681e-02 -1.563187097354710731e-01 5.043486582433515331e+00
5.378014592197404714e-02 5.563150656087403889e-02 5.097159548472682822e+00
5.415242031389053134e-02 2.586603565590020470e-01 4.807309086052530489e+00
5.452469470580702249e-02 4.395150508544583001e-01 4.200633985392914660e+00
5.489696909772349281e-02 5.868712005232987750e-01 3.324342537238202944e+00
5.526924348963997702e-02 6.920072841818407650e-01 2.242358335790437973e+00
5.564151788155646122e-02 7.492768556541123948e-01 1.030529111751038673e+00
5.601379227347293849e-02 7.563565542362525873e-01 -2.287981999764074625e-01
5.638606666538942269e-02 7.142641582640005815e-01 -1.452443561147534812e+00
5.675834105730589996e-02 6.271566551726273087e-01 -2.561907781512669402e+00
5.713557747568415168e-02 5.000676418303826587e-01 -3.499109831993603592e+00
5.751281389406241035e-02 3.433112848899882441e-01 -4.191398949154109488e+00
5.789005031244066207e-02 1.679268490233427891e-01 -4.599590464800426659e+00
5.826728673081892074e-02 -1.425232014645341078e-02 -4.704270887163478854e+00
5.864452314919717246e-02 -1.913973201912469446e-01 -4.506244679187696889e+00
5.902175956757541725e-02 -3.524390309250264863e-01 -4.025632626931820113e+00
5.939899598595368285e-02 -4.877340470461256627e-01 -3.299771418839934523e+00
5.977623240433192764e-02 -5.896044524546247834e-01 -2.380131495347431958e+00
6.015346882271019324e-02 -6.527256952887651176e-01 -1.328515991234448412e+00
6.053070524108843803e-02 -6.743484547151387121e-01 -2.128271412836005849e-01
6.090794165946669669e-02 -6.543518018612076714e-01 8.973109693563400269e-01
6.128517807784496230e-02 -5.951354352557148841e-01 1.934800435597185286e+00
6.149838126173343134e-02 -5.457917925016164684e-01 2.467267737859547339e+00
6.171158444562190731e-02 -4.864448541682266924e-01 2.946825014720558578e+00
6.192478762951038329e-02 -4.184034417093750458e-01 3.364878764246924447e+00
6.213799081339885233e-02 -3.431180611814377279e-01 3.714152601556785616e+00
6.235119399728732831e-02 -2.621500055552710706e-01 3.988799874174448146e+00
6.256439718117580429e-02 -1.771391671636328990e-01 4.184487221650519118e+00
6.277760036506427332e-02 -8.977119356343901679e-02 4.298448197322655595e+00
6.299080354895275624e-02 -1.744613567290370171e-03 4.329506627231783256e+00
6.320400673284122528e-02 8.526145729401420070e-02 4.278069932861709113e+00
6.341720991672969432e-02 1.696184504762926482e-01 4.146093181127495697e+00
6.384361628450666015e-02 3.236777016709002641e-01 3.659368354726265871e+00
6.427002265228359823e-02 4.504358345649089879e-01 2.911057713811922465e+00
6.469642902006055019e-02 5.414425696273902355e-01 1.961764395834265207e+00
6.512283538783750214e-02 5.911346328717035359e-01 8.849862951562568192e-01
6.554924175561444022e-02 5.971184707875918374e-01 -2.386198742434418596e-01
6.597564812339139217e-02 5.602131762135201809e-01 -1.327279392897862342e+00
6.640205449116834413e-02 4.842623429500960697e-01 -2.303999731946467122e+00
6.682846085894529609e-02 3.757395461605495535e-01 -3.101912053891634269e+00
6.725486722672224804e-02 2.431855510335921566e-01 -3.668692531515159061e+00
6.768127359449918612e-02 9.652535516392844739e-02 -3.969782672576973148e+00
6.810767996227613807e-02 -5.368077607651330907e-02 -3.990225847961574868e+00
6.854182003929965017e-02 -1.994422872044801232e-01 -3.728100817356522434e+00
6.897596011632314839e-02 -3.279569783825988516e-01 -3.205752866776655274e+00
6.941010019334666048e-02 -4.306871232136991190e-01 -2.466127239930819393e+00
6.984424027037017257e-02 -5.011997663269975867e-01 -1.566104284406553360e+00
7.027838034739368467e-02 -5.355245009288269742e-01 -5.719973080585881720e-01
7.071252042441718288e-02 -5.323228746587520543e-01 4.454079731802192965e-01
7.114666050144069498e-02 -4.928682700339821476e-01 1.415902849832875399e+00
7.158080057846419320e-02 -4.208482883556864396e-01 2.274639454870934774e+00
7.201494065548770529e-02 -3.220131061644150305e-01 2.966333516739529497e+00
7.244908073251121738e-02 -2.037023082999033785e-01 3.448628890808541847e+00
7.288322080953472948e-02 -7.428888958892580774e-02 3.694439088770455903e+00
7.331736088655822769e-02 5.741775076955221713e-02 3.693161373028232219e+00
7.375150096358173979e-02 1.827679037418904473e-01 3.450741220340532323e+00
7.419305697663924892e-02 2.955413978242027451e-01 2.979163499061748599e+00
7.463461298969675806e-02 3.864740938984513319e-01 2.317415237532642891e+00
7.507616900275426719e-02 4.501924713444074855e-01 1.513884349793280792e+00
7.551772501581177632e-02 4.832971913630900174e-01 6.246896551366024619e-01
7.595928102886928546e-02 4.844972083437695254e-01 -2.903403851761015564e-01
7.640083704192679459e-02 4.545992873091979636e-01 -1.171715145157250060e+00
7.684239305498430372e-02 3.963629906512998735e-01 -1.964087082780967330e+00
7.728394906804181286e-02 3.142392168599649760e-01 -2.619584460935764803e+00
7.772550508109932199e-02 2.140164604103881318e-01 -3.100491072575028095e+00
7.816706109415683112e-02 1.024029184564819589e-01 -3.381149208526923911e+00
7.860861710721434026e-02 -1.342562896471963946e-02 -3.449021048067546058e+00
7.907004175851901906e-02 -1.311281898847437843e-01 -3.293780774762791630e+00
7.953146640982367011e-02 -2.379078021271719134e-01 -2.923059870670480898e+00
7.999289106112834891e-02 -3.270572008407138798e-01 -2.366104553347604611e+00
8.045431571243301383e-02 -3.932422703567656219e-01 -1.663349396222100651e+00
8.091574036373769263e-02 -4.327890644979174306e-01 -8.634437077855489084e-01
8.137716501504235755e-02 -4.438523267443122422e-01 -1.987044007136017434e-02
8.183858966634702248e-02 -4.264606700280169638e-01 8.126161274899598164e-01
8.230001431765168740e-02 -3.824414524257664927e-01 1.581503996257862532e+00
8.276143896895636620e-02 -3.152357250489470908e-01 2.239769011767176021e+00
8.322286362026103113e-02 -2.296200039621870970e-01 2.748657110289836059e+00
8.368428827156570993e-02 -1.313566696550599600e-01 3.079843810520956904e+00
8.414571292287037485e-02 -2.679825752336124217e-02 3.216856624258404018e+00
8.460713757417503977e-02 7.752738864648038575e-02 3.155697329525331885e+00
8.507417896077572317e-02 1.764388186151327476e-01 2.900540743735495752e+00
8.554122034737642044e-02 2.627694754583844161e-01 2.471148343583434492e+00
8.600826173397713159e-02 3.315908112074474889e-01 1.897774071402404727e+00
8.647530312057782886e-02 3.792002359561226776e-01 1.218494361496010647e+00
8.694234450717849838e-02 4.032943236615699201e-01 4.766226821562900562e-01
8.740938589377920953e-02 4.030497511517969200e-01 -2.820988479652720149e-01
8.787642728037989293e-02 3.791114552957211559e-01 -1.012350703502494786e+00
8.834346866698060408e-02 3.334931676276827184e-01 -1.671952494792784405e+00
8.881051005358128747e-02 2.694006181459340232e-01 -2.224281094467224662e+00
8.927249613444182552e-02 1.918920501421761959e-01 -2.636564787808117760e+00
8.973448221530234969e-02 1.050442249987221244e-01 -2.895797161603435921e+00
9.019646829616287387e-02 1.387418542777957634e-02 -2.991937289573871173e+00
9.065845437702341192e-02 -7.655538431057301585e-02 -2.924425352785499754e+00
9.112044045788392221e-02 -1.614152548942925647e-01 -2.701534935084608513e+00
9.158242653874446026e-02 -2.363533967647734879e-01 -2.339288577291449123e+00
9.185990558262246974e-02 -2.751211197513487305e-01 -2.062910764243810480e+00
9.213738462650046535e-02 -3.082749809371590488e-01 -1.749875659127703820e+00
9.269234271425648430e-02 -3.555753148100123107e-01 -1.043589638384551987e+00
9.324730080201248938e-02 -3.758405247044135367e-01 -2.724492955437505803e-01
9.380225888976850834e-02 -3.683534779528893077e-01 5.060208142693757294e-01
9.435721697752449955e-02 -3.344171685465272548e-01 1.235636660470267101e+00
9.491217506528051850e-02 -2.771752865133771393e-01 1.865415335044071865e+00
9.546713315303652359e-02 -2.013134001933157835e-01 2.352973430017357703e+00
9.602209124079254254e-02 -1.126657551019590447e-01 2.667239536795744659e+00
9.657704932854854762e-02 -1.775841757821387812e-02 2.790300077142938484e+00
9.711274250401923103e-02 7.351329947909233942e-02 2.723855505120698961e+00
9.764843567948991443e-02 1.585120784210250489e-01 2.483974510568260907e+00
9.818412885496061171e-02 2.320061520934059707e-01 2.089950819565438600e+00
9.871982203043128123e-02 2.896653175203647290e-01 1.570188327666568906e+00
9.925551520590197851e-02 3.282946040089923523e-01 9.601017992465213924e-01
9.979120838137264804e-02 3.459866375708013919e-01 2.996571215901875918e-01
1.003269015568433037e-01 3.421870798487491871e-01 -3.692832544628191216e-01
1.008625947323140010e-01 3.176731597686139330e-01 -1.005635881801769216e+00
1.013982879077846982e-01 2.744507535234044782e-01 -1.571622257825500357e+00
1.019196887189594974e-01 2.173049887822728898e-01 -2.024273788905819771e+00
1.024410895301341995e-01 1.489025780502523932e-01 -2.356498640262161715e+00
1.029624903413089987e-01 7.332495284083247189e-02 -2.552890097400121405e+00
1.034838911524837979e-01 -5.096229363930671052e-03 -2.606213664405543362e+00
1.040052919636584999e-01 -8.203007166498135772e-02 -2.517341177985178202e+00
1.045266927748332991e-01 -1.533806355346872263e-01 -2.294731900774002575e+00
1.051400246805940936e-01 -2.251461792496916026e-01 -1.883502217233245624e+00
1.057533565863548047e-01 -2.793804626175354078e-01 -1.343186667354298924e+00
1.063666884921155992e-01 -3.126985410742061378e-01 -7.159314294315471949e-01
1.069800203978762965e-01 -3.233282831581207328e-01 -4.860829397971393184e-02
1.075933523036371048e-01 -3.111626200106333839e-01 6.106592195248605748e-01
1.081580523569587032e-01 -2.810251164565018001e-01 1.171385089828844706e+00
1.087227524102803017e-01 -2.350204695765821805e-01 1.654480786065353426e+00
1.092874524636019973e-01 -1.762260541591295637e-01 2.034234605564378739e+00
1.098521525169235957e-01 -1.083316592059920119e-01 2.292048125716582341e+00
1.104461325367779023e-01 -3.159574498026292144e-02 2.419672804601404881e+00
1.110401125566321950e-01 4.584598870742873783e-02 2.396680996540760056e+00
1.116340925764865016e-01 1.192665701160369740e-01 2.228399260623096900e+00
1.122280725963407944e-01 1.843515447437037158e-01 1.928653083463096163e+00
1.128220526161951009e-01 2.374383672316517924e-01 1.518707611623876019e+00
1.134060008840173939e-01 2.751999530912830338e-01 1.034513976939068547e+00
1.139899491518396035e-01 2.968684497080157914e-01 4.995853700342641757e-01
1.145738974196618964e-01 3.016464859389467734e-01 -5.479560126004624776e-02
1.151578456874842032e-01 2.897025858772919182e-01 -5.974280134002530884e-01
1.157417939553063990e-01 2.621165510288705480e-01 -1.098923973504057239e+00
1.163163554681377054e-01 2.215313810099227010e-01 -1.526938616188093345e+00
1.168909169809689980e-01 1.700630721718060789e-01 -1.869298417458035821e+00
1.174654784938004015e-01 1.106227154100409144e-01 -2.110614463100057847e+00
1.180400400066316940e-01 4.642535440439501254e-02 -2.241218138981977415e+00
1.186146015194630005e-01 -1.918663165339367857e-02 -2.257367711418243772e+00
1.189682089753304056e-01 -5.893380797805619631e-02 -2.210822641527240950e+00
1.193218164311977969e-01 -9.721672215350710133e-02 -2.122937593359453867e+00
1.200290313429325934e-01 -1.663773717863796797e-01 -1.834922586494728280e+00
1.207362462546674037e-01 -2.222510134655307501e-01 -1.418393691525692502e+00
1.214434611664022001e-01 -2.611982456108795647e-01 -9.071208407876133473e-01
1.221403590722684035e-01 -2.807884398988306773e-01 -3.485268680461119928e-01
1.228372569781346069e-01 -2.808898371123586535e-01 2.246715244741068207e-01
1.235341548840007964e-01 -2.620282442379956445e-01 7.733537401471095585e-01
1.242310527898669997e-01 -2.259812132034474674e-01 1.261337752844500670e+00
1.249199642383859027e-01 -1.762402786833108803e-01 1.653941275388525201e+00
1.256088756869047918e-01 -1.160467972941726794e-01 1.934547842477475355e+00
1.262977871354236947e-01 -4.948332657631496212e-02 2.088512960240778593e+00
1.269801736787574131e-01 1.848921947375901237e-02 2.110396527020118373e+00
1.276625602220911870e-01 8.432479172499186826e-02 2.005414011311738687e+00
1.283383226857451875e-01 1.436494160506962270e-01 1.786605261499589314e+00
1.290140851493992991e-01 1.938651728109387351e-01 1.468726195302441973e+00
1.296898476130534106e-01 2.323434157351013385e-01 1.071715126743885138e+00
1.303656100767074111e-01 2.571981615557790146e-01 6.198101667844320151e-01
1.310334062222101026e-01 2.673472317220357275e-01 1.460049950941855468e-01
1.317012023677127108e-01 2.629825916473287895e-01 -3.280076245240608479e-01
1.323689985132154023e-01 2.447140289921032885e-01 -7.768684612031709902e-01
1.330315011698023075e-01 2.141489073110885710e-01 -1.174854467485359821e+00
1.336940038263891017e-01 1.730752785470508481e-01 -1.506593783100505846e+00
1.343565064829760070e-01 1.238347160612051079e-01 -1.757116900933074488e+00
1.350127571636738077e-01 6.962148655255573360e-02 -1.915058113989367206e+00
1.356690078443716085e-01 1.276962374970136947e-02 -1.977950510629906233e+00
1.363252585250694093e-01 -4.393498733322687838e-02 -1.945430544532605888e+00
1.369747936614179040e-01 -9.729048734227754847e-02 -1.823267683774850711e+00
1.376243287977663987e-01 -1.454986642671355634e-01 -1.619377931440798779e+00
1.382738639341148101e-01 -1.864922261199966069e-01 -1.344901789606187226e+00
1.389233990704633048e-01 -2.185955235225827131e-01 -1.013834352482676726e+00
1.395657048814820111e-01 -2.404003920543751061e-01 -6.466082672017366972e-01
1.402080106925008007e-01 -2.515996263685689183e-01 -2.566606505194083954e-01
1.408503165035195070e-01 -2.519573412038347282e-01 1.388203456596942831e-01
1.414926223145382134e-01 -2.417041275042148551e-01 5.230144415974421479e-01
1.423395568821196888e-01 -2.132470255096983736e-01 9.848770439814397148e-01
1.431864914497011088e-01 -1.701448212278641181e-01 1.368865630914995135e+00
1.440334260172826120e-01 -1.158355375719790914e-01 1.650534987400304798e+00
1.448719479772087870e-01 -5.501182728897954788e-02 1.812610870571166322e+00
1.457104699371351009e-01 8.553166671384880917e-03 1.851085771868699492e+00
1.465489918970613870e-01 7.059524377535736361e-02 1.767124923867871678e+00
1.473791511845158053e-01 1.266037711964004275e-01 1.572262425514169060e+00
1.482093104719703069e-01 1.738279195664191312e-01 1.281752979742864618e+00
1.490394697594248086e-01 2.095712823898364663e-01 9.163921694152480368e-01
1.498616400772035950e-01 2.318025879497245811e-01 5.048314888723248739e-01
1.506838103949824093e-01 2.399446525395215746e-01 6.975193028475397405e-02
1.515059807127611957e-01 2.338881385538716107e-01 -3.626549771054234372e-01
1.523205105585085095e-01 2.145902044895468264e-01 -7.638559640646206406e-01
1.531350404042559066e-01 1.834837801620017028e-01 -1.116030684048948451e+00
1.539495702500031926e-01 1.425983346836362520e-01 -1.400908620278768835e+00
1.547567892028325898e-01 9.487967618213158372e-02 -1.603186469907380562e+00
1.555640081556619037e-01 4.272898898999345774e-02 -1.716963535554961506e+00
1.563712271084913008e-01 -1.099089437934420641e-02 -1.738462135032987410e+00
1.571714424761531115e-01 -6.299658806750488282e-02 -1.669780497149467857e+00
1.579716578438148944e-01 -1.111292619388609543e-01 -1.516904316963503696e+00
1.587718732114765940e-01 -1.530512107541024958e-01 -1.289584115106368944e+00
1.593682299859416895e-01 -1.791261858857081113e-01 -1.079654880877469081e+00
1.599645867604068128e-01 -2.000246582831565478e-01 -8.429748246183441651e-01
1.607548172773561879e-01 -2.189544031200287844e-01 -5.004052913472846198e-01
1.615450477943055907e-01 -2.273790207812933228e-01 -1.385684414889009619e-01
1.623352783112549935e-01 -2.251286550595468228e-01 2.258009906360767816e-01
1.631192240213278077e-01 -2.126680905292359369e-01 5.727475486510179570e-01
1.639031697314005942e-01 -1.907994456511887260e-01 8.897076747302254951e-01
1.646871154414734917e-01 -1.606985706148424398e-01 1.163205449524403301e+00
1.654650075841770929e-01 -1.241718659226621196e-01 1.380686763904523495e+00
1.662428997268806941e-01 -8.272823622049658987e-02 1.536223022421889350e+00
1.670207918695844063e-01 -3.823519114256686974e-02 1.624515254109834217e+00
1.677928708154781123e-01 7.029914685367389532e-03 1.643381167268503029e+00
1.685649497613717074e-01 5.150126637053343420e-02 1.594253960220904487e+00
1.693370287072654135e-01 9.337738580928868493e-02 1.480466420384603410e+00
1.699128959626282909e-01 1.219774441220250610e-01 1.357071072446252025e+00
1.704887632179911960e-01 1.476115596089112025e-01 1.204745358825772383e+00
1.712525425599212003e-01 1.761314467587674903e-01 9.651757226705387493e-01
1.720163219018512046e-01 1.975862265120502115e-01 6.910297535922262924e-01
1.727801012437812922e-01 2.112885612015063252e-01 3.929744526969115581e-01
1.735386115400147089e-01 2.168514821185701935e-01 8.519664929273325360e-02
1.742971218362479868e-01 2.143408610126876224e-01 -2.225343189802894972e-01
1.750556321324814035e-01 2.040014587945773727e-01 -5.189071895341531571e-01
1.758090734592840931e-01 1.864962799437216434e-01 -7.916219860893991545e-01
1.765625147860866995e-01 1.625388664053557530e-01 -1.033389262541369424e+00
1.773159561128893891e-01 1.330933061460692901e-01 -1.236264565611867594e+00
1.780645185463007873e-01 9.951841960155356770e-02 -1.393033231940520533e+00
1.788130809797122134e-01 6.286728881017014658e-02 -1.500600246750751987e+00
1.795616434131235006e-01 2.443781947981712305e-02 -1.556223128023093594e+00
1.806774417515888131e-01 -3.310066295310205853e-02 -1.541584749129760068e+00
1.817932400900540979e-01 -8.743843877706794498e-02 -1.414826176755839660e+00
1.829022533861615063e-01 -1.344927603214985390e-01 -1.189620755294241494e+00
1.840112666822688869e-01 -1.714760402880555756e-01 -8.838921665146409756e-01
1.851137424986991076e-01 -1.959712963604035019e-01 -5.231226690349639608e-01
1.862162183151294115e-01 -2.068687045121853085e-01 -1.316033823335382158e-01
1.873123941815151017e-01 -2.038273360423948632e-01 2.614924947844469716e-01
1.884085700479007919e-01 -1.874801968063791735e-01 6.324902083559000854e-01
1.894986740814197101e-01 -1.593862475294462178e-01 9.562785734909020618e-01
1.905887781149386007e-01 -1.215465279341082366e-01 1.215530303405345736e+00
1.916730272722124984e-01 -7.680881561204608299e-02 1.394780496440361839e+00
1.927572764294863961e-01 -2.789792387693681291e-02 1.486395062406682621e+00
1.938358801601320902e-01 2.187260445064624290e-02 1.487015946423639878e+00
1.949144838907778954e-01 6.976901312043778947e-02 1.399297260746988458e+00
1.959876440525072094e-01 1.128201720994800594e-01 1.231337658451362893e+00
1.970608042142364125e-01 1.488958882213466672e-01 9.943005008750332996e-01
1.981287147275558047e-01 1.759842293894154919e-01 7.046558545486910630e-01
1.991966252408751137e-01 1.929528879765504967e-01 3.786945654792194249e-01
2.002594720445023124e-01 1.990732507969397991e-01 3.679368321358439387e-02
2.013223188481295112e-01 1.943392880334115225e-01 -3.036308156067827335e-01
2.023802826740382921e-01 1.793171727392298687e-01 -6.229536573427330026e-01
2.034382464999472118e-01 1.550071010747210432e-01 -9.063116010676630641e-01
2.044915009253560068e-01 1.230175002617032026e-01 -1.138717868718271298e+00
2.055447553507646907e-01 8.505007930937730221e-02 -1.310555634905179012e+00
2.065934679926554884e-01 4.333016704333064045e-02 -1.413954879710729751e+00
2.076421806345462029e-01 -1.409487678292858904e-04 -1.445881753961322236e+00
2.086865129960230880e-01 -4.301068253766333893e-02 -1.406367241295574999e+00
2.097308453575000009e-01 -8.338581765742865415e-02 -1.298867754172054578e+00
2.107709537672242117e-01 -1.192373261729936518e-01 -1.130473126206790635e+00
2.118110621769483948e-01 -1.491146629497387410e-01 -9.097933182234434479e-01
2.128480599636951021e-01 -1.716725998470482184e-01 -6.494010843932653820e-01
2.138821136186860039e-01 -1.860772281879255197e-01 -3.622613986475770043e-01
2.149161672736769058e-01 -1.918873121561092965e-01 -6.045924354402296835e-02
2.159459665261461991e-01 -1.890172860184222148e-01 2.401882620758193365e-01
2.169742753085213971e-01 -1.778152189792332472e-01 5.270785508559603372e-01
2.180025840908965951e-01 -1.589172649477401666e-01 7.888817195115538361e-01
2.190272457378873994e-01 -1.333696889923851325e-01 1.013781737754221091e+00
2.200519073848782037e-01 -1.023212882788515493e-01 1.193591411190069618e+00
2.210737515503453099e-01 -6.727981112588923840e-02 1.321074571594458513e+00
2.220955957158123883e-01 -2.970056930192977937e-02 1.392221516574030371e+00
2.231133728053782961e-01 8.662774212298532742e-03 1.404987411721500656e+00
2.241311498949442038e-01 4.637164117790971291e-02 1.360100036307821059e+00
2.251456680358785989e-01 8.179833899629518346e-02 1.260598766480744537e+00
2.261601861768129940e-01 1.136799033791946606e-01 1.111144027962912784e+00
2.271708474868849026e-01 1.407150871169071671e-01 9.194672006177678769e-01
2.281814321068081908e-01 1.620519089777693877e-01 6.933012335985645480e-01
2.291920167267315067e-01 1.769535205516812593e-01 4.415200105728315227e-01
2.301989120822834911e-01 1.849243360205682640e-01 1.751905717266498130e-01
2.312058074378355865e-01 1.858283510998022525e-01 -9.619309132568105991e-02
2.322098544924325048e-01 1.797611811295670436e-01 -3.616042435410880551e-01
2.332139015470293120e-01 1.670609114722404753e-01 -6.120028347859441942e-01
2.342152100895429911e-01 1.483488366592826679e-01 -8.377833540794686895e-01
2.352165186320565871e-01 1.243651872255262941e-01 -1.031749071870738943e+00
2.362151954922880881e-01 9.612817587057191637e-02 -1.186963196516959806e+00
2.372138723525195059e-01 6.464748355133363711e-02 -1.298941725821918913e+00
2.382100212913642878e-01 3.116697445250001669e-02 -1.364179445278419500e+00
2.392061702302090975e-01 -3.191605330668046900e-03 -1.381327717670011612e+00
2.401998924915476896e-01 -3.714435365895187025e-02 -1.350526916160117219e+00
2.411936147528863927e-01 -6.961524599315918604e-02 -1.273508441304632921e+00
2.421839272173959001e-01 -9.942439958755891483e-02 -1.154059139938307110e+00
2.431741826801301909e-01 -1.257216624125314375e-01 -9.966059067793155979e-01
2.441644381428645094e-01 -1.476813127201310472e-01 -8.066823448510550554e-01
2.451525072457547971e-01 -1.646023355374005848e-01 -5.914590288795656958e-01
2.461405763486450016e-01 -1.760490373912018125e-01 -3.579093585129412558e-01
2.476169690387302891e-01 -1.823477122015864094e-01 6.831507533693085069e-03
2.490986197616346931e-01 -1.756343586005460200e-01 3.695894975452936881e-01
2.500816239077278125e-01 -1.642487831777267038e-01 5.966501302250689642e-01
2.510646280538209041e-01 -1.478012382949990544e-01 8.041086672275278291e-01
2.520461819638492029e-01 -1.268971298546733295e-01 9.853260525990199525e-01
2.530263942354005202e-01 -1.022490411836790292e-01 1.135215479018678586e+00
2.540066065069517820e-01 -7.462485843692470699e-02 1.250003923236520320e+00
2.549850575566918187e-01 -4.494535898749128788e-02 1.326515064629164797e+00
2.559635086064319109e-01 -1.407190803208548981e-02 1.363121443270979949e+00
2.569380179873769765e-01 1.694448404552014939e-02 1.359271510250673165e+00
2.579152191512413816e-01 4.740162269465014039e-02 1.315633659270754707e+00
2.588903710736741859e-01 7.627917637360866199e-02 1.234114503904311322e+00
2.598655229961069901e-01 1.028299381564807824e-01 1.117389159755433292e+00
2.613230664276363080e-01 1.365277537369873895e-01 8.864808827038576089e-01
2.627870461853180073e-01 1.615591510659492303e-01 6.002192440660899520e-01
2.642403887882019964e-01 1.762843372003273790e-01 2.806279930618504337e-01
2.657003925946191947e-01 1.801841312271467987e-01 -5.566176058328440451e-02
2.666698680509819730e-01 1.766749535623909628e-01 -2.778953649850809393e-01
2.676393435073449178e-01 1.684351091903115993e-01 -4.918300396926726936e-01
2.686075749083224884e-01 1.557544398009913789e-01 -6.916065807747397987e-01
2.695758063093001144e-01 1.390078998543246569e-01 -8.723743581210046116e-01
2.705412474514743981e-01 1.187413164705866525e-01 -1.029123437661966900e+00
2.715098617210188192e-01 9.539511008064860409e-02 -1.158959604475201077e+00
2.724758040936595127e-01 6.973975102008134197e-02 -1.258066071096286986e+00
2.734417464663002062e-01 4.239509535312533522e-02 -1.324640058647725382e+00
2.744049664315437731e-01 1.415256709702305930e-02 -1.357258094755923628e+00
2.753714841122708035e-01 -1.444148945533393034e-02 -1.355615447770703197e+00
2.768122224042693924e-01 -5.589109536633331266e-02 -1.290643090332935339e+00
2.782605428606568232e-01 -9.426102556762169793e-02 -1.154404688421081238e+00
2.792230898017574736e-01 -1.169729794690941849e-01 -1.028175074345130113e+00
2.801856367428581240e-01 -1.367771908551519700e-01 -8.774106758280838525e-01
2.811473565508991190e-01 -1.532140687189834927e-01 -7.061351992995941185e-01
2.821090763589401140e-01 -1.659432095225474579e-01 -5.185196678843472240e-01
2.830682204929131918e-01 -1.746819232607197125e-01 -3.197290173366815202e-01
2.840309311037308992e-01 -1.793129818805713205e-01 -1.132920329176174412e-01
2.854679267090184935e-01 -1.783980507533738935e-01 1.963869515827283696e-01
2.869131169026136741e-01 -1.682576464004227057e-01 4.962406660469599329e-01
2.878724078661420993e-01 -1.566934812371645058e-01 6.817665418539256006e-01
2.888316988296705801e-01 -1.416136490313428531e-01 8.512995312929985126e-01
2.897885131602004893e-01 -1.234409412962422653e-01 1.000810706183532073e+00
2.907490868313554744e-01 -1.024876525137572159e-01 1.128068386097018871e+00
2.921808661995458078e-01 -6.736891976638237356e-02 1.269608761590281132e+00
2.936212407457569062e-01 -2.887740098798008762e-02 1.349162989481326180e+00
2.945767800163460737e-01 -2.464913918715001644e-03 1.365576435636393526e+00
2.955362094878383750e-01 2.404313223729450180e-02 1.352597234138960491e+00
2.964933245974175069e-01 4.991235903836516163e-02 1.310811516281738642e+00
2.974504397069965833e-01 7.466541087615866101e-02 1.241393743806603389e+00
2.988819926201308208e-01 1.084394405944624634e-01 1.090336968592675815e+00
3.003225649590904878e-01 1.372561645809681763e-01 8.881899758571442094e-01
3.012768521985618730e-01 1.528972038121430566e-01 7.310849392276865810e-01
3.022352021590857252e-01 1.654485214217410183e-01 5.588763259337155009e-01
3.031913095476029274e-01 1.745952695057736148e-01 3.762748137390447556e-01
3.041474169361201851e-01 1.802183139578636406e-01 1.866501041050725729e-01
3.051033301085280258e-01 1.822380360699651369e-01 -6.098157040804562737e-03
3.060592432809358110e-01 1.806491067336819523e-01 -1.981532995953035059e-01
3.077228753413188134e-01 1.695526568801358769e-01 -5.185946335867196444e-01
3.093993823933313125e-01 1.484417563909598281e-01 -8.093110130631495647e-01
3.110674284137491807e-01 1.189129643610997572e-01 -1.050347867564089821e+00
3.127486617597647900e-01 8.239090727941644765e-02 -1.231529294592535129e+00
3.146597057555134969e-01 3.547963372444776914e-02 -1.350642954261077611e+00
3.165707857154991811e-01 -1.386916592365372396e-02 -1.371436569665493987e+00
3.184822492123998150e-01 -6.210949028685920636e-02 -1.294410985216714716e+00
3.203937127093003934e-01 -1.058667763701678088e-01 -1.126918042141776377e+00
3.223053245029371960e-01 -1.421963321739053709e-01 -8.824126112210824990e-01
3.237393876847550755e-01 -1.631829135565071032e-01 -6.586846335217421133e-01
3.251734508665731216e-01 -1.778949684965543399e-01 -4.107083053406573314e-01
3.270859409516935212e-01 -1.869545975429013074e-01 -6.010751391727676973e-02
3.289988837648503139e-01 -1.837051012182765730e-01 2.925675218949683187e-01
3.309123358818485960e-01 -1.685549647204945545e-01 6.244708526103972535e-01
3.318692480034560743e-01 -1.568054386636169584e-01 7.765733739855049667e-01
3.337835702002405203e-01 -1.261586555036737223e-01 1.039183712332971909e+00
3.356990749884776748e-01 -8.765119284096595242e-02 1.235680816614333377e+00
3.376145797767149959e-01 -4.379456783701280581e-02 1.355161044453249142e+00
3.395310173018977751e-01 2.691656569425892025e-03 1.391928717443804864e+00
3.414482662821387016e-01 4.899024312393689129e-02 1.345388822879884039e+00
3.428870733729471043e-01 8.202423419505441848e-02 1.257991320903586896e+00
3.443258804637556181e-01 1.123307648921557933e-01 1.129468986064443126e+00
3.457657352099121062e-01 1.389743461317704265e-01 9.645241896730478715e-01
3.472055899560684833e-01 1.611184333351663445e-01 7.691289378479174710e-01
3.491265623556059072e-01 1.825159544508467846e-01 4.734066747193699798e-01
3.510485786226508753e-01 1.937683052935694483e-01 1.528178454140305953e-01
3.524911716782869742e-01 1.952470147579289661e-01 -9.367066320398259593e-02
3.539337647339230730e-01 1.907384061785502294e-01 -3.363289050499224109e-01
3.553776513800582793e-01 1.804387272462700531e-01 -5.680596052707026500e-01
3.568215380261933745e-01 1.647267991047841607e-01 -7.818635404059158800e-01
3.587489468669590731e-01 1.363116421721714822e-01 -1.028547772860870513e+00
3.606763557077248272e-01 1.008449418338861481e-01 -1.220908116564213941e+00
3.626063224667718243e-01 6.018118592949214807e-02 -1.350412020382071754e+00
3.645362892258188769e-01 1.648024518140059694e-02 -1.411578252558328916e+00
3.664689469915051179e-01 -2.811688086220408972e-02 -1.402744216627336282e+00
3.684016047571914143e-01 -7.136779050753903897e-02 -1.325664506620412686e+00
3.703370865072648788e-01 -1.112755197038923644e-01 -1.185208097349481182e+00
3.722725682573382877e-01 -1.459409526935137036e-01 -9.894035964164840102e-01
3.742110041386200181e-01 -1.738669747699514989e-01 -7.481310571295799461e-01
3.761494400199016930e-01 -1.938168044594171524e-01 -4.736835703182858959e-01
3.780909480870727757e-01 -2.050190739059441214e-01 -1.786989504075346125e-01
3.800324561542439139e-01 -2.070676984110758345e-01 1.228181677794926707e-01
3.819771417800634228e-01 -1.999903540062061835e-01 4.179455920237871158e-01
3.839218274058828761e-01 -1.842185322442395079e-01 6.935339317125699399e-01
3.858697944775816846e-01 -1.605073002342533861e-01 9.386035696228439695e-01
3.878177615492804930e-01 -1.299904618015070845e-01 1.142991718038660620e+00
3.897691117133387229e-01 -9.396538506143500835e-02 1.299296853562462939e+00
3.917204618773967861e-01 -5.403144607853556380e-02 1.401742985408500619e+00
3.941647014547489114e-01 -1.144295282588415159e-03 1.449722172167793310e+00
3.966089410321009256e-01 5.193560983512809232e-02 1.408343219131257262e+00
3.985682178739590187e-01 9.252850488979059984e-02 1.313503663532907373e+00
4.005274947158171117e-01 1.296503275570575486e-01 1.168826795881811265e+00
4.024904064316531249e-01 1.620074680710761050e-01 9.804288767372616453e-01
4.044533181474890271e-01 1.883941732403462965e-01 7.564567810357322175e-01
4.064199206371885142e-01 2.079601003373944546e-01 5.053703647725572567e-01
4.083865231268878904e-01 2.200411941003670713e-01 2.371967201450251861e-01
4.103568695697539792e-01 2.243146067916693132e-01 -3.868940017895507177e-02
4.123272160126201236e-01 2.207107003941129464e-01 -3.119532799492104047e-01
4.143013596746851213e-01 2.094353615121789247e-01 -5.736931415871056039e-01
4.162755033367501190e-01 1.909789747801603765e-01 -8.147044282995328235e-01
4.182534987903078205e-01 1.660051966126324940e-01 -1.027716569127339330e+00
4.202314942438655776e-01 1.354585825644977759e-01 -1.205779663888364883e+00
4.227096292711439163e-01 9.104081140092354363e-02 -1.371719097465479820e+00
4.251877642984221994e-01 4.191696515047124011e-02 -1.468488317382500963e+00
4.271745802569402173e-01 7.417338190011835575e-04 -1.494016480305812911e+00
4.291613962154581796e-01 -4.057886566346995127e-02 -1.473174391211165224e+00
4.311521647704175120e-01 -8.086298893611572336e-02 -1.407392489662169899e+00
4.331429333253766778e-01 -1.188332805238842688e-01 -1.299584465837219982e+00
4.351376674815624068e-01 -1.534632941551521967e-01 -1.153494505590488606e+00
4.371324016377479138e-01 -1.837106494652917810e-01 -9.743611343463862706e-01
4.391311183782494187e-01 -2.088101330055149030e-01 -7.675897462950083128e-01
4.411298351187508127e-01 -2.280554128913103162e-01 -5.399442460962770030e-01
4.431325454458727164e-01 -2.410071175167914637e-01 -2.977260675760716180e-01
4.451352557729946757e-01 -2.473485770385174531e-01 -4.834311613678669156e-02
4.481444270479484904e-01 -2.443227298324483765e-01 3.236895694018116498e-01
4.506573177191960933e-01 -2.306074593184961330e-01 6.192461206322048550e-01
4.531702083904435852e-01 -2.074426456697561760e-01 8.881716283173680671e-01
4.551848815569788931e-01 -1.827306125694087291e-01 1.077936584177149992e+00
4.571995547235140900e-01 -1.533067230190685581e-01 1.239748507042886194e+00
4.592181900033455166e-01 -1.198914580697417603e-01 1.370388976472197262e+00
4.612368252831767768e-01 -8.340531873610972091e-02 1.466959618287423162e+00
4.632593922887823235e-01 -4.468803196011129908e-02 1.527915047907151047e+00
4.652819592943879257e-01 -4.753900716085510472e-03 1.552319856377233576e+00
4.673084188243976089e-01 3.552657104035419205e-02 1.540295378453049979e+00
4.693348783544071812e-01 7.514648765970326216e-02 1.492787109891277719e+00
4.713651924405172222e-01 1.132868655691664644e-01 1.411417907531267835e+00
4.733955065266273188e-01 1.490385179798876525e-01 1.298763234216670615e+00
4.759389023477624270e-01 1.892629907805135070e-01 1.118535921395059640e+00
4.784822981688974797e-01 2.232893304190408934e-01 9.014719874928538434e-01
4.805211256895989269e-01 2.454119244794051857e-01 7.061314748703334532e-01
4.825599532103003741e-01 2.624728287550805450e-01 4.967749576712361947e-01
4.846024622203434773e-01 2.742001323467556095e-01 2.776134407122946568e-01
4.866449712303865804e-01 2.803869801131032569e-01 5.367246857571499746e-02
4.886910831097662222e-01 2.809743199973109284e-01 -1.708517994848184340e-01
4.907371949891458085e-01 2.760039197054917071e-01 -3.911222905792511861e-01
4.927868267637741106e-01 2.656178385376792850e-01 -6.032937687258564941e-01
4.948364585384024128e-01 2.500844847090638590e-01 -8.030840962222967061e-01
4.989425778493357111e-01 2.051915387678675817e-01 -1.150878831172299943e+00
5.020264094695874313e-01 1.610729077181381197e-01 -1.357351937229247518e+00
5.051138832495274400e-01 1.101166772800833693e-01 -1.508602893845956805e+00
5.092361856145506405e-01 3.535060418619168088e-02 -1.616916654556469046e+00
5.133645520198434342e-01 -4.263561083121725215e-02 -1.616528955051373284e+00
5.174987117319133079e-01 -1.187196826266017635e-01 -1.511421033485823351e+00
5.216383508218596088e-01 -1.881520606676440610e-01 -1.312066943062291990e+00
5.257831480915519107e-01 -2.468294530434219092e-01 -1.034147958613920393e+00
5.299327976174466048e-01 -2.914975576413068037e-01 -6.970732993341375305e-01
5.340869657500283418e-01 -3.198784495492512647e-01 -3.224417236289538469e-01
5.382452599924625325e-01 -3.307259164590740097e-01 6.744948261098022979e-02
5.424072497157466088e-01 -3.238143134583991167e-01 4.509644935485789263e-01
5.465725012540574301e-01 -2.998690941550963274e-01 8.082870688406388338e-01
5.507405845750824591e-01 -2.604508957406976299e-01 1.122330295946975420e+00
5.549110536012068495e-01 -2.078067476920121004e-01 1.379380963403540106e+00
5.590834321773656690e-01 -1.447009564673462090e-01 1.569486944572551668e+00
5.643010869630014081e-01 -5.603595053489145161e-02 1.703880068487695354e+00
5.684758978830769527e-01 1.901627353567636458e-02 1.727148193839902479e+00
5.726509199913500936e-01 9.409830026208161613e-02 1.677262989833621321e+00
5.768255755389478656e-01 1.661448698410504798e-01 1.559340244810538234e+00
5.809992666418749563e-01 2.323866105357703382e-01 1.380957973973429231e+00
5.851713896051653485e-01 2.904408850247408025e-01 1.151614335596101713e+00
5.882989619740793819e-01 3.274829276720046534e-01 9.523598388895783140e-01
5.935085681122563850e-01 3.746953229174154743e-01 5.841614864562085785e-01
5.976721595114997676e-01 3.985564015982665520e-01 2.689873832843148738e-01
6.018315407075064405e-01 4.094416482148415803e-01 -5.178678702212134027e-02
6.059860031390628121e-01 4.073510039835590568e-01 -3.674707462451949347e-01
6.101348262532020339e-01 3.927021072036888105e-01 -6.683904184379586555e-01
6.142772761532119263e-01 3.662767107584342652e-01 -9.461336983499591957e-01
6.184126036405177551e-01 3.291599929726223284e-01 -1.193711974876527027e+00
6.225400396928169044e-01 2.826761069450001718e-01 -1.405650341863901920e+00
6.266587955232777452e-01 2.283228020953889104e-01 -1.578012801668111198e+00
6.307680621340325811e-01 1.677076569028625452e-01 -1.708370111663891633e+00
6.348670077734064332e-01 1.024880807634283714e-01 -1.795719309643912354e+00
6.389547727646552877e-01 3.431674759164989041e-02 -1.840365351755262280e+00
6.430304670771704867e-01 -3.520650602032034115e-02 -1.843776103610843542e+00
6.470931794239351831e-01 -1.045758013263286546e-01 -1.808420238878024611e+00
6.511419830734889169e-01 -1.724127274139791166e-01 -1.737594418267552898e+00
6.551759295578980513e-01 -2.374919509428304598e-01 -1.635243983962355374e+00
6.591940368817645890e-01 -2.987592012108158945e-01 -1.505784262892998937e+00
6.631952816224888636e-01 -3.553422411644760470e-01 -1.353931233592850614e+00
6.671786041264677891e-01 -4.065555939797130258e-01 -1.184546585186418532e+00
6.711429148974273895e-01 -4.518995785864667325e-01 -1.002499793800766259e+00
6.750870927600961524e-01 -4.910543984238916471e-01 -8.125483804932527310e-01
6.790099725167971778e-01 -5.238702107088755167e-01 -6.192379466492756723e-01
6.829103352717456055e-01 -5.503542318087024654e-01 -4.268232584325883372e-01
6.867869018151261384e-01 -5.706557417752912142e-01 -2.392122830945230816e-01
6.906383285912754966e-01 -5.850499458726120539e-01 -5.993966415216628318e-02
6.944632064204609989e-01 -5.939216989696015636e-01 1.078322492320731851e-01
6.982600501045075347e-01 -5.977496634841490408e-01 2.612980448115210796e-01
7.020272815871985150e-01 -5.970926024343400362e-01 3.979656946666504935e-01
7.038990663650485091e-01 -5.952636310989911639e-01 4.592973347566761677e-01
7.057628000939073498e-01 -5.925506828102257151e-01 5.156278452638299870e-01
7.094655902404470860e-01 -5.848517867176996621e-01 6.123658758748129483e-01
7.131331888985167344e-01 -5.746968204322713270e-01 6.862330464760206805e-01
7.167633315432266894e-01 -5.628574334441703853e-01 7.353240373667799812e-01
7.203534697890988658e-01 -5.501634642124890728e-01 7.563644700109178887e-01
7.239006927315578821e-01 -5.373944681228934872e-01 7.544922840802451569e-01
7.274037472512754343e-01 -5.249511879165356110e-01 7.483006480267045957e-01
7.308631569784361792e-01 -5.128830746839564414e-01 7.423023840600099232e-01
7.342794427454362172e-01 -5.011744937719609938e-01 7.364896613877379705e-01
7.376531370894844342e-01 -4.898109297262735473e-01 7.308549972229300140e-01
7.409847640846142225e-01 -4.787785883917128893e-01 7.253912871476788649e-01
7.442748211369105693e-01 -4.680644977496756787e-01 7.200918114286941618e-01
7.475237974064263824e-01 -4.576563544232818415e-01 7.149501820778147998e-01
7.507321962838469087e-01 -4.475423387551873411e-01 7.099602887687987973e-01
7.539005302043194634e-01 -4.377111150109850857e-01 7.051162919543890739e-01
7.570292970629285412e-01 -4.281519430255449898e-01 7.004126437158501028e-01
7.601189748256973466e-01 -4.188546817927220611e-01 6.958440785721115018e-01
7.631700307096180858e-01 -4.098097017281531751e-01 6.914055836804180455e-01
7.661829280312825174e-01 -4.010078190471270121e-01 6.870923750047049916e-01
7.691581275626218073e-01 -3.924402659061231313e-01 6.828998830716136448e-01
7.720960887207071188e-01 -3.840986537779600418e-01 6.788237398417833468e-01
7.749972707982543119e-01 -3.759749360462238399e-01 6.748597663901012567e-01
7.778621289318303766e-01 -3.680614172219534574e-01 6.710039683595618865e-01
7.806911033824630586e-01 -3.603508039958664422e-01 6.672525404656061143e-01
7.834846171445913887e-01 -3.528361999809452865e-01 6.636018593671747512e-01
7.862430869060449412e-01 -3.455110154333415062e-01 6.600484598395535141e-01
7.889669369237084506e-01 -3.383688761576794657e-01 6.565890090854962224e-01
7.916565982021911418e-01 -3.314036230939268468e-01 6.532203015153820180e-01
7.943124974778934533e-01 -3.246093625830187013e-01 6.499392662317093894e-01
7.969350495080719243e-01 -3.179804851502853746e-01 6.467429696351170154e-01
7.995246585495641156e-01 -3.115116362129606853e-01 6.436286065991173588e-01
8.020817215573190495e-01 -3.051976832324240219e-01 6.405934903061143437e-01
8.046066294762304061e-01 -2.990337009179908079e-01 6.376350449215849592e-01
8.070997653306969388e-01 -2.930149692457367228e-01 6.347508025799157849e-01
8.095615092888481801e-01 -2.871369496772036567e-01 6.319383923452527307e-01
8.119922431475441460e-01 -2.813952625956258058e-01 6.291955306834881023e-01
8.143923505053758394e-01 -2.757856851285738209e-01 6.265200171681315489e-01
8.167622071215497881e-01 -2.703041777101231613e-01 6.239097414059381341e-01
8.191021778306492029e-01 -2.649468849275017912e-01 6.213626820571803711e-01
8.214126187949533087e-01 -2.597101095884365995e-01 6.188769003058295359e-01
8.236938850346046115e-01 -2.545902727134972676e-01 6.164505280356450401e-01
8.259463322523640239e-01 -2.495839006840322727e-01 6.140817628883936674e-01
8.281703138888254490e-01 -2.446876454342011564e-01 6.117688683867046340e-01
8.303661724506571362e-01 -2.398983257294060034e-01 6.095101799623484640e-01
8.325342380230222883e-01 -2.352129291739144534e-01 6.073041031314971860e-01
8.346748353855768521e-01 -2.306285611848985784e-01 6.051491032304168183e-01
8.367882947421915185e-01 -2.261423855872492505e-01 6.030436920946694590e-01
8.388749484008726220e-01 -2.217516333444295440e-01 6.009864295553544178e-01
8.409351219691613144e-01 -2.174536480719022336e-01 5.989759300252113228e-01
8.429691303017050608e-01 -2.132459039697845726e-01 5.970108640759148599e-01
8.449772835243484215e-01 -2.091259739918222005e-01 5.950899501922009005e-01
8.469598912257328971e-01 -2.050915035163159983e-01 5.932119488374191230e-01
8.489172622932020795e-01 -2.011402123392085906e-01 5.913756609437186285e-01
8.508497044538249066e-01 -1.972699007599608423e-01 5.895799266889674151e-01
8.527575229688695302e-01 -1.934784469544435503e-01 5.878236250798780649e-01
8.546410160783932675e-01 -1.897638087205967272e-01 5.861056765320993289e-01
8.565004710086118189e-01 -1.861240310588354319e-01 5.844250448146858234e-01
8.583361673787008872e-01 -1.825572354407587194e-01 5.827807322757769803e-01
8.601483873498577681e-01 -1.790615860909359758e-01 5.811717692893281217e-01
8.619374190156378068e-01 -1.756352734483602740e-01 5.795972102630438938e-01
8.637035513945729992e-01 -1.722765316049492679e-01 5.780561371027701512e-01
8.654470650665438969e-01 -1.689836717845774605e-01 5.765476662897772719e-01
8.671682312272307458e-01 -1.657550856661501593e-01 5.750709482872601308e-01
8.688673159218502917e-01 -1.625892222288942146e-01 5.736251626461591480e-01
8.705445856873960109e-01 -1.594845631871955327e-01 5.722095121383864447e-01
8.722003068198478370e-01 -1.564396261519719611e-01 5.708232225526050918e-01
8.738347418094588592e-01 -1.534529813329149339e-01 5.694655447970351503e-01
8.754481467852704979e-01 -1.505232577801518257e-01 5.681357560781030713e-01
8.770407741766889087e-01 -1.476491274568356160e-01 5.668331567476807553e-01
8.786128771136945126e-01 -1.448292856322731526e-01 5.655570659129517397e-01
8.801647113007132761e-01 -1.420624468292179254e-01 5.643068192706387487e-01
8.816965317742312402e-01 -1.393473589681186453e-01 5.630817711222940725e-01
8.832085878593547434e-01 -1.366828203524456664e-01 5.618812976879664634e-01
8.847011190561783200e-01 -1.340676875496715492e-01 5.607047995671706753e-01
8.861743569071006688e-01 -1.315008653947012940e-01 5.595516993925588878e-01
8.876285293506940288e-01 -1.289812890044029769e-01 5.584214377188744249e-01
8.890638676536581908e-01 -1.265079031102394613e-01 5.573134670495296650e-01
8.904806072870743439e-01 -1.240796581845560326e-01 5.562272508093470957e-01
8.918789864151801527e-01 -1.216955167583582131e-01 5.551622641066914499e-01
8.932592404372767803e-01 -1.193544698119051728e-01 5.541179974817771470e-01
8.946215989640163846e-01 -1.170555478947342826e-01 5.530939586289620458e-01
8.959662842038009778e-01 -1.147978266400780240e-01 5.520896730212087045e-01
8.972935117732897536e-01 -1.125804238284520142e-01 5.511046827078622812e-01
8.986034927209798351e-01 -1.104024905698101772e-01 5.501385442718551566e-01
8.998964354025826839e-01 -1.082632006073147024e-01 5.491908270004353110e-01
9.011725489915097809e-01 -1.061617369916536269e-01 5.482611099192914450e-01
9.024320447860507688e-01 -1.040972868496731901e-01 5.473489805536092545e-01
9.036751353555274591e-01 -1.020690469853742233e-01 5.464540352563532766e-01
9.049020296532450658e-01 -1.000762408258722980e-01 5.455758824248863048e-01
9.061129304280890473e-01 -9.811812695837944520e-02 5.447141439496878679e-01
9.073080357373773941e-01 -9.619399210516134391e-02 5.438684537183695600e-01
9.084875419218813031e-01 -9.430313909049048426e-02 5.430384551552319694e-01
9.096516449412487271e-01 -9.244488172608680832e-02 5.422237999980837886e-01
9.108005396977110202e-01 -9.061854769908557483e-02 5.414241485157286204e-01
9.119344190251117421e-01 -8.882348272931553379e-02 5.406391699408567009e-01
9.130534727752540602e-01 -8.705905285708950836e-02 5.398685428235046047e-01
9.141578874195450677e-01 -8.532464435232341160e-02 5.391119550201053379e-01
9.152478462184302499e-01 -8.361966322603470170e-02 5.383691033054536224e-01
9.163235307136011754e-01 -8.194352696283477289e-02 5.376396920957458025e-01
9.173851213290326045e-01 -8.029566703352954138e-02 5.369234328252074917e-01
9.184327978233862710e-01 -7.867552320593690363e-02 5.362200434296973128e-01
9.194667382392092136e-01 -7.708254754881750659e-02 5.355292488627415581e-01
9.204871184823875119e-01 -7.551620577140107093e-02 5.348507811670866197e-01
9.214941118815067611e-01 -7.397597871211548937e-02 5.341843795607605916e-01
9.224878885587296518e-01 -7.246136387105370225e-02 5.335297906480465091e-01
9.234686156415649050e-01 -7.097187440675195580e-02 5.328867680717882527e-01
9.244364580894727235e-01 -6.950703509974857919e-02 5.322550717846199486e-01
9.253915805410551920e-01 -6.806637587949346258e-02 5.316344666728717305e-01
9.263341472457474746e-01 -6.664943121046297547e-02 5.310247224646430508e-01
9.272643205556930779e-01 -6.525574587258657633e-02 5.304256145615290352e-01
9.281822593195951931e-01 -6.388488178821945251e-02 5.298369249118382029e-01
9.290881192404382150e-01 -6.253641802447736098e-02 5.292584416047517726e-01
9.299820544127295197e-01 -6.120994455848731419e-02 5.286899577304021713e-01
9.308642183379219892e-01 -5.990505587624948836e-02 5.281312706047636141e-01
9.317347637709364472e-01 -5.862134914527775131e-02 5.275821817534538383e-01
9.325938419655581679e-01 -5.735842674387682527e-02 5.270424972744019998e-01
9.334416025644689530e-01 -5.611589844848942354e-02 5.265120277866791598e-01
9.342781940582032263e-01 -5.489338144702121669e-02 5.259905880262816247e-01
9.351037639763524201e-01 -5.369049947138087447e-02 5.254779966198899199e-01
9.359184581932523672e-01 -5.250688552964895978e-02 5.249740764043887564e-01
9.367224180073485673e-01 -5.134219104335451672e-02 5.244786561192430474e-01
9.375157793601903711e-01 -5.019609020001400412e-02 5.239915707345569329e-01
9.382986736089657942e-01 -4.906827595194600961e-02 5.235126608398759096e-01
9.390712321160756826e-01 -4.795844444519281602e-02 5.230417697159187584e-01
9.398335891165293665e-01 -4.686628382010543659e-02 5.225787415288479787e-01
9.405858812974943195e-01 -4.579147442655064765e-02 5.221234215527540412e-01
9.413282457717848661e-01 -4.473369472125085511e-02 5.216756573487573156e-01
9.420608178502133390e-01 -4.369262666287380970e-02 5.212353000442292439e-01
9.427837310928691705e-01 -4.266795640872993872e-02 5.208022042125990403e-01
9.434971161334501089e-01 -4.165937990764601723e-02 5.203762284913122649e-01
9.442010983676487612e-01 -4.066661198853634140e-02 5.199572368653189169e-01
9.448957981803430828e-01 -3.968938726728311883e-02 5.195450984120032478e-01
9.455813325674083947e-01 -3.872745040900024693e-02 5.191396862415482705e-01
9.462578189837917986e-01 -3.778053857130606735e-02 5.187408751428468356e-01
9.469253759203707377e-01 -3.684837476186030719e-02 5.183485412109364310e-01
9.475841219105402002e-01 -3.593067519158905238e-02 5.179625623953002522e-01
9.482341736882211602e-01 -3.502716624831179321e-02 5.175828195312823787e-01
9.488756453742962504e-01 -3.413759544203977259e-02 5.172091967444838456e-01
9.495086488587556328e-01 -3.326173114458513824e-02 5.168415811520000736e-01
9.501332951313513631e-01 -3.239935985628013271e-02 5.164798620237071036e-01
9.507496960826257171e-01 -3.155028436773413270e-02 5.161239296869506443e-01
9.513579651353069044e-01 -3.071432185429079018e-02 5.157736751247596896e-01
9.519582165945869034e-01 -2.989129411325138624e-02 5.154289903076314516e-01
9.525505625735545268e-01 -2.908101573392202904e-02 5.150897699188343726e-01
9.531351118401709677e-01 -2.828328999539428054e-02 5.147559119593743127e-01
9.537119697698679399e-01 -2.749791222845978170e-02 5.144273177269582664e-01
9.542812403202287630e-01 -2.672467104386804654e-02 5.141038906438327727e-01
9.548430270251752061e-01 -2.596334817952261273e-02 5.137855356587932576e-01
9.553974327455952986e-01 -2.521372139924440980e-02 5.134721593588246202e-01
9.559445589026865919e-01 -2.447557555350211161e-02 5.131636703681327072e-01
9.564845050053580877e-01 -2.374871276305884696e-02 5.128599795718983279e-01
9.570173690229182295e-01 -2.303295236824023234e-02 5.125609998593378958e-01
9.575432481385535155e-01 -2.232812304811791770e-02 5.122666456548423675e-01
9.580622389120657667e-01 -2.163405512032033282e-02 5.119768327909390848e-01
9.585744372418232295e-01 -2.095057829444873718e-02 5.116914784990431730e-01
9.590799381259947909e-01 -2.027752351387446944e-02 5.114105015132824894e-01
9.595788354479902749e-01 -1.961472531580825060e-02 5.111338221594815545e-01
9.600712216912781205e-01 -1.896202359566860965e-02 5.108613624819693388e-01
9.605571877573033657e-01 -1.831926393965081085e-02 5.105930463119715546e-01
9.610368233668841187e-01 -1.768629601901745146e-02 5.103287990127350904e-01
9.615102176430252445e-01 -1.706297156521507236e-02 5.100685471312148556e-01
9.619774592602109431e-01 -1.644914367327482418e-02 5.098122182923653378e-01
9.624386363595022198e-01 -1.584466680015661141e-02 5.095597412225555400e-01
9.628938363592510763e-01 -1.524939690418886801e-02 5.093110458318145239e-01
9.633431459530198415e-01 -1.466319148251334949e-02 5.090660631905485900e-01
9.637866510388649610e-01 -1.408591061286678867e-02 5.088247255453883788e-01
9.642244362725824747e-01 -1.351741895211277557e-02 5.085869665409058493e-01
9.646565852206075986e-01 -1.295758533023281742e-02 5.083527211110343558e-01
9.650831808361504116e-01 -1.240628059778045057e-02 5.081219251977591167e-01
9.655043054562382210e-01 -1.186337697361962776e-02 5.078945157341863137e-01
9.659200402356747928e-01 -1.132874963230437459e-02 5.076704309287689565e-01
9.663304647237355161e-01 -1.080227840643373238e-02 5.074496104709400601e-01
9.667356570265409621e-01 -1.028384713815136582e-02 5.072319954218462712e-01
9.671356950751521797e-01 -9.773340355860818396e-03 5.070175275141064475e-01
9.675306568648514016e-01 -9.270642231074077352e-03 5.068061490128135116e-01
9.679206204413721704e-01 -8.775636606999195552e-03 5.065978027064462763e-01
9.683056632759791116e-01 -8.288207462157359817e-03 5.063924322285612289e-01
9.686858619411236049e-01 -7.808238938733253788e-03 5.061899822107696068e-01
9.690612920205190495e-01 -7.335615718020676961e-03 5.059903983152069795e-01
9.694320280361357067e-01 -6.870224388974476189e-03 5.057936272594399929e-01
9.697981436541373013e-01 -6.411954181630563979e-03 5.055996166914711321e-01
9.701597119736792285e-01 -5.960696042013536450e-03 5.054083150246326817e-01
9.705168057640763957e-01 -5.516341311627220682e-03 5.052196712961215530e-01
9.708694969864466451e-01 -5.078782250697159648e-03 5.050336354052628041e-01
9.712178563702503764e-01 -4.647913515428632111e-03 5.048501583214397570e-01
9.715619532024425409e-01 -4.223632823683089350e-03 5.046691921795946056e-01
9.719018559824413872e-01 -3.805838176047601166e-03 5.044906899220475971e-01
9.722376334334535963e-01 -3.394424167783775641e-03 5.043146047567091950e-01
9.725693544860373185e-01 -2.989281718342025069e-03 5.041408901586634794e-01
9.728970879945362249e-01 -2.590299546349320286e-03 5.039695000109537526e-01
9.732209017546173957e-01 -2.197366361318318657e-03 5.038003891059814610e-01
9.735408623544371531e-01 -1.810370935186693874e-03 5.036335132090176137e-01
9.738570353791702328e-01 -1.429201372807963489e-03 5.034688289375940373e-01
9.741694855365269357e-01 -1.053745707638662973e-03 5.033062936880662308e-01
9.744782765863391205e-01 -6.838933565797112668e-04 5.031458656651014438e-01
9.747834712405878399e-01 -3.195358551554226259e-04 5.029875039177132967e-01
9.750851311684266554e-01 3.943386340062585626e-05 5.028311683250361597e-01
9.753833174776915804e-01 3.931235372856315097e-04 5.026768193432905596e-01
9.756780908428658305e-01 7.416420930661407705e-04 5.025244179214998219e-01
9.759695114299516971e-01 1.085099165182379236e-03 5.023739255350599953e-01
9.762576389021463408e-01 1.423606407984535699e-03 5.022253041748931945e-01
9.765425324979953858e-01 1.757279747788805966e-03 5.020785162906279409e-01
9.768242509432418785e-01 2.086240103830471621e-03 5.019335248326000087e-01
9.771028522833710150e-01 2.410611576936160308e-03 5.017902933298027390e-01
9.773783933517848910e-01 2.730517084558297010e-03 5.016487861550125160e-01
9.776509296593629550e-01 3.046075834749695666e-03 5.015089685816730425e-01
9.779205156231944862e-01 3.357403881340803413e-03 5.013708066573110411e-01
9.781872047434609918e-01 3.664615939631609039e-03 5.012342670866621885e-01
9.784510495060143587e-01 3.967826837712900602e-03 5.010993172845028543e-01
9.787121011965591588e-01 4.267151360116842873e-03 5.009659254605399736e-01
9.789704097928612070e-01 4.562703764375977862e-03 5.008340606537470263e-01
9.792260248675913603e-01 4.854599572505343720e-03 5.007036922674019674e-01
9.794789964416771300e-01 5.142957650610007793e-03 5.005747896423632382e-01
9.797293750085785957e-01 5.427900697489373809e-03 5.004473220332442684e-01
9.799772111141689113e-01 5.709553006337673466e-03 5.003212588175161013e-01
9.802225538059048393e-01 5.988035257007222854e-03 5.001965702838959693e-01
9.804654503645000574e-01 6.263458809675995047e-03 5.000732277514048363e-01
9.807059465012439858e-01 6.535946685753355086e-03 4.999512034677624506e-01
9.809440869290046994e-01 6.805588460905997832e-03 4.998304703017844575e-01
9.811799158740861504e-01 7.072499927255528757e-03 4.997110014769056141e-01
9.814134771051555850e-01 7.336786649533105775e-03 4.995927705491289283e-01
9.816448139740299172e-01 7.598552508253811170e-03 4.994757513793661174e-01
9.818739695684386426e-01 7.857898972273302113e-03 4.993599180628416900e-01
9.821009867550495320e-01 8.114923321728566979e-03 4.992452449088204958e-01
9.823259081899210488e-01 8.369718833361676491e-03 4.991317064409023230e-01
9.825487766341645113e-01 8.622375040862792148e-03 4.990192772103112517e-01
9.827696354372893461e-01 8.872978234494444810e-03 4.989079315563562100e-01
9.829885289087769706e-01 9.121611923665746274e-03 4.987976434317361041e-01
9.832055018255810852e-01 9.368355398923696245e-03 4.986883866342318172e-01
9.834205977716130587e-01 9.613280309405499574e-03 4.985801356256533423e-01
9.836338588957453943e-01 9.856449597039091542e-03 4.984728656211635522e-01
9.838453264273652188e-01 1.009791826658983614e-02 4.983665523470185987e-01
9.840550431756610594e-01 1.033773704538628289e-02 4.982611708136501227e-01
9.842630544299338924e-01 1.057595435388283822e-02 4.981566948563039277e-01
9.844694079699815026e-01 1.081261566267244581e-02 4.980530971147473784e-01
9.846741527711339037e-01 1.104775914309098946e-02 4.979503497064797224e-01
9.848773386240422534e-01 1.128141261420508891e-02 4.978484244084850907e-01
9.850790165882933325e-01 1.151359508776995944e-02 4.977472924053304437e-01
9.852792397559874127e-01 1.174432244471992209e-02 4.976469238969982167e-01
9.854780637322345660e-01 1.197361174018905620e-02 4.975472878342678262e-01
9.856755468082143423e-01 1.220148053091367132e-02 4.974483518194958709e-01
9.858717495053704871e-01 1.242794240856366639e-02 4.973500823391501235e-01
9.860667343401825491e-01 1.265301126291522825e-02 4.972524449211226383e-01
9.862605662335471868e-01 1.287667095808327396e-02 4.971554038775815587e-01
9.864533145194630537e-01 1.309894174028223071e-02 4.970589213009539709e-01
9.866450541503118954e-01 1.331983155075065241e-02 4.969629565083272249e-01
9.867880381885917318e-01 1.348434604260534582e-02 4.968914001962719262e-01
9.869309532600107904e-01 1.364857210373107525e-02 4.968198824955734616e-01
9.871205341790296739e-01 1.386603709770481245e-02 4.967250161940885977e-01
9.872620466585018129e-01 1.402801690185658326e-02 4.966542044103222642e-01
9.874036170961336678e-01 1.418972517891110147e-02 4.965833628982154191e-01
9.875916216718324536e-01 1.440388629687600411e-02 4.964892820424899322e-01
9.877556032248382412e-01 1.459004829798351589e-02 4.964072164203225390e-01
9.878728339090028232e-01 1.472273105127564104e-02 4.963485424008262092e-01
9.880364164951689343e-01 1.490726586773054134e-02 4.962666598827482622e-01
9.881766700670048253e-01 1.506486064029054911e-02 4.961964442064265013e-01
9.882701561032216642e-01 1.516956065428222596e-02 4.961496354759541982e-01
9.884161744165290697e-01 1.533251280640050146e-02 4.960765117574782446e-01
9.885274938018725477e-01 1.545623626260912188e-02 4.960207536258504635e-01
9.886441702430321943e-01 1.558541720693649643e-02 4.959623006346154939e-01
9.887615048409820195e-01 1.571479020054539211e-02 4.959035046392988311e-01
9.888671405303265383e-01 1.583078176702936574e-02 4.958505583821747331e-01
9.889964814527246739e-01 1.597215338353831504e-02 4.957857129041771116e-01
9.891379956535801821e-01 1.612596790636523433e-02 4.957147396137964179e-01
9.892563647329785104e-01 1.625389503099496091e-02 4.956553524662457577e-01
9.893750463211569146e-01 1.638146300340078548e-02 4.955957867893222568e-01
9.894943121748573933e-01 1.650893087404677398e-02 4.955359040905268353e-01
9.896140207055634797e-01 1.663611059795767899e-02 4.954757732089441480e-01
9.897159914823099314e-01 1.674382770264312356e-02 4.954245301224302622e-01
9.898434705941348000e-01 1.687766949480077466e-02 4.953604376882145832e-01
9.899375585064562610e-01 1.697585879992802305e-02 4.953131098209614391e-01
9.900878310668779214e-01 1.713160936184087921e-02 4.952374755725548194e-01
9.901743200970993808e-01 1.722064063543332635e-02 4.951939179176152450e-01
9.902609137873940037e-01 1.730932369611928867e-02 4.951502868900298227e-01
9.903612026626938958e-01 1.741145733879062574e-02 4.950997280739032891e-01
9.904874739384739168e-01 1.753915272881549636e-02 4.950360264004627364e-01
9.905894425236058121e-01 1.764152726771930912e-02 4.949845465901386299e-01
9.907182233334840271e-01 1.776985232140506493e-02 4.949194779389986532e-01
9.907962672147299088e-01 1.784709287891394699e-02 4.948800146611423978e-01
9.909212141403226370e-01 1.796992402122157481e-02 4.948167839468992080e-01
9.910108377596256179e-01 1.805740303895762844e-02 4.947713882503124716e-01
9.911016878566011323e-01 1.814554600043743679e-02 4.947253345272033531e-01
9.912137238991562960e-01 1.825350809212139894e-02 4.946684872583017589e-01
9.913000989104370220e-01 1.833618641236072974e-02 4.946246174417195940e-01
9.913838631252052114e-01 1.841590148066829524e-02 4.945820359385342257e-01
9.914506465589315587e-01 1.847912855790245779e-02 4.945480587803016692e-01
9.915146713824002367e-01 1.853947217135658299e-02 4.945154609412050206e-01
9.916340109879260289e-01 1.865123882123492088e-02 4.944546337140556247e-01
9.917072197375820242e-01 1.871934618108939824e-02 4.944172744208909509e-01
9.918113459853242775e-01 1.881562200757287001e-02 4.943640754533132342e-01
9.918788921488236321e-01 1.887771029427866981e-02 4.943295245430716078e-01
9.919787124284612512e-01 1.896894496870841704e-02 4.942784027734253294e-01
9.920446367295224777e-01 1.902886539916897116e-02 4.942445977994888162e-01
9.921335618592820316e-01 1.910927924319821489e-02 4.941989419998945032e-01
9.922483388488775313e-01 1.921237205951971394e-02 4.941399126484622428e-01
9.923140323712106303e-01 1.927102130003259875e-02 4.941060728958678872e-01
9.923808176287334248e-01 1.933038129252555304e-02 4.940716286644486477e-01
9.924653149416101661e-01 1.940510801860670376e-02 4.940279860004932466e-01
9.925519742114751187e-01 1.948131275123346148e-02 4.939831494679242097e-01
9.926400143689063649e-01 1.955828721337779866e-02 4.939375142575362920e-01
9.927300306504682759e-01 1.963653725782512835e-02 4.938907623427121751e-01
9.928223552515691441e-01 1.971632589065877225e-02 4.938427093688553815e-01
9.928790071570852138e-01 1.976505655776726947e-02 4.938131695596737480e-01
9.929749283407137694e-01 1.984717528508436746e-02 4.937630562952599611e-01
9.930338309415541742e-01 1.989735961807644060e-02 4.937322196927124152e-01
9.931134822473388635e-01 1.996492760436973865e-02 4.936904406176328419e-01
9.931957520679123297e-01 2.003435952558933406e-02 4.936471869614613706e-01
9.932581794112547158e-01 2.008679950624570748e-02 4.936142939210085845e-01
9.933222453859934520e-01 2.014039956158265518e-02 4.935804705404363557e-01
9.934096186032961295e-01 2.021314723619114032e-02 4.935342283217420967e-01
9.934541404540199183e-01 2.025006209959558795e-02 4.935106125698846546e-01
9.935457954224757859e-01 2.032573660482581493e-02 4.934618795379847600e-01
9.936160469382104843e-01 2.038344725394166876e-02 4.934244159767000037e-01
9.936880935992783437e-01 2.044236232195509664e-02 4.933858907249402681e-01
9.937495894572796473e-01 2.049242954268020930e-02 4.933529201278254450e-01
9.938121488219817667e-01 2.054315331377573953e-02 4.933192936506957671e-01
9.939160796672812381e-01 2.062694100048314064e-02 4.932632297561754808e-01
9.939694945657114866e-01 2.066976364453773293e-02 4.932343143452062595e-01
9.940375730092885220e-01 2.072410845336149915e-02 4.931973568073318437e-01
9.941079133971814086e-01 2.077998559613912846e-02 4.931590438936684362e-01
9.941512836844985657e-01 2.081430018633607243e-02 4.931353541061060386e-01
9.942245924467123519e-01 2.087206691415609272e-02 4.930951910955276296e-01
9.942849783485653292e-01 2.091942702919046340e-02 4.930619903209511601e-01
9.943630951281491326e-01 2.098038720921423586e-02 4.930188765012806229e-01
9.944439687478419110e-01 2.104311929838680734e-02 4.929740366650796624e-01
9.944937414949477361e-01 2.108152733147277552e-02 4.929463325017926500e-01
9.945448254080581085e-01 2.112079036490623757e-02 4.929178097513552959e-01
9.946141837795062779e-01 2.117384700190548530e-02 4.928789343742095985e-01
9.946679242963347711e-01 2.121475602335988128e-02 4.928486903282810472e-01
9.947232555508067620e-01 2.125669470145671869e-02 4.928174351851152268e-01
9.947802947091887171e-01 2.129973498058609568e-02 4.927850878577293425e-01
9.948193345282794198e-01 2.132907972180543565e-02 4.927628710019258951e-01
9.948788033927520313e-01 2.137360019282579307e-02 4.927289039890328515e-01
9.949193304565996376e-01 2.140381302405319069e-02 4.927056671579420066e-01
9.949819063874423275e-01 2.145025398967221122e-02 4.926696418397743527e-01
9.950248963278948144e-01 2.148201023078874158e-02 4.926447856607043541e-01
9.950914392447394174e-01 2.153092163180003737e-02 4.926061338907329334e-01
9.951257033035670885e-01 2.155599312787270447e-02 4.925861443399008888e-01
9.951843888488717260e-01 2.159875921043136540e-02 4.925517651362981697e-01
9.952322115084688559e-01 2.163344885941492421e-02 4.925236123194326465e-01
9.952814503025246839e-01 2.166901518166232735e-02 4.924944924586346362e-01
9.953322073685838545e-01 2.170551776999007920e-02 4.924643280560550007e-01
9.953845960308196350e-01 2.174302058637120338e-02 4.924330321106442643e-01
9.954519586706931378e-01 2.179097490679150415e-02 4.923925393517091798e-01
9.954937886889216880e-01 2.182059663713468295e-02 4.923672462601914046e-01
9.955367586705249350e-01 2.185090102007555823e-02 4.923411411635127966e-01
9.955809446208156999e-01 2.188193515520336918e-02 4.923141634177775616e-01
9.956414875400296793e-01 2.192425146040801950e-02 4.922769705215810365e-01
9.956882115261579402e-01 2.195674942841210550e-02 4.922480793631391904e-01
9.957364305507077074e-01 2.199014253607000507e-02 4.922180859491042670e-01
9.957694647789196996e-01 2.201293557056904771e-02 4.921974300485458254e-01
9.958204391530577348e-01 2.204797027398897394e-02 4.921653786839800815e-01
9.958554331825923978e-01 2.207192323078785434e-02 4.921432462766875959e-01
9.959095524598978733e-01 2.210880628145671378e-02 4.921088035040290243e-01
9.959562594527735513e-01 2.214048041412093604e-02 4.920788607820157923e-01
9.960045505597787674e-01 2.217307507194264671e-02 4.920476826072998633e-01
9.960343411253066437e-01 2.219310752889598962e-02 4.920283335946251668e-01
9.960854494326569775e-01 2.222734850969997761e-02 4.919949270103707306e-01
9.961277448285118519e-01 2.225556768753098741e-02 4.919670716628919971e-01
9.961713919593757627e-01 2.228457836940717432e-02 4.919381201143457893e-01
9.962161918280310058e-01 2.231423727909318325e-02 4.919081783616928716e-01
9.962505693319740896e-01 2.233691169743397612e-02 4.918850418029193095e-01
9.962858572444537320e-01 2.236010827895895323e-02 4.918611427466895725e-01
9.963221125104277931e-01 2.238385745791207290e-02 4.918364255752510350e-01
9.963593986330890884e-01 2.240819453645019263e-02 4.918108279143553196e-01
9.963977866504906133e-01 2.243316163108258557e-02 4.917842795125109689e-01
9.964373559441993544e-01 2.245880562068454725e-02 4.917567011687835055e-01
9.964644356591672025e-01 2.247630421939662143e-02 4.917376991499582961e-01
9.965061743102501257e-01 2.250319628389620824e-02 4.917082003023385828e-01
9.965347929889251111e-01 2.252158000868120097e-02 4.916878218539389445e-01
9.965789926785999508e-01 2.254988208547543255e-02 4.916560974293123776e-01
9.966093636738425632e-01 2.256926431381924350e-02 4.916341157668006612e-01
9.966559567315705914e-01 2.259889270497237798e-02 4.916000931640649441e-01
9.966880427217708061e-01 2.261922030978455109e-02 4.915764448961764677e-01
9.967378328212044281e-01 2.265064368263454420e-02 4.915393813684218460e-01
9.967809783515868549e-01 2.267776113708282887e-02 4.915068887211628268e-01
9.968257684029371291e-01 2.270580690518037709e-02 4.914727738477555619e-01
9.968534955838771472e-01 2.272311842822596212e-02 4.914514519532677816e-01
9.969012406558794837e-01 2.275284045354737661e-02 4.914143592669659166e-01
9.969308756731882770e-01 2.277122976683003397e-02 4.913910870167041423e-01
9.969613046775022136e-01 2.279006284905667895e-02 4.913669858500244736e-01
9.969925771600518516e-01 2.280936623408605021e-02 4.913419930101775024e-01
9.970247479264872092e-01 2.282916974651136646e-02 4.913160382717539632e-01
9.970691443777704999e-01 2.285641026356906996e-02 4.912797994190479245e-01
9.971036607767090887e-01 2.287751982288137656e-02 4.912512753480348104e-01
9.971393088047536546e-01 2.289926211962272501e-02 4.912214832421253896e-01
9.971637472447061334e-01 2.291413572693593373e-02 4.912008576952241468e-01
9.972014842903836884e-01 2.293705502176677721e-02 4.911686762261005534e-01
9.972274093111264115e-01 2.295276531380477381e-02 4.911463264960275188e-01
9.972575290295068173e-01 2.297097997845714071e-02 4.911201056592455205e-01
9.972922000224022643e-01 2.299189540784291400e-02 4.910895721292916627e-01
9.973280657224116164e-01 2.301347057653589309e-02 4.910575771863098238e-01
9.973558081309227275e-01 2.303011705415861782e-02 4.910325332257419739e-01
9.973843238065247530e-01 2.304719218644667861e-02 4.910065140565989528e-01
9.974136641173761975e-01 2.306472718006905009e-02 4.909794405380867865e-01
9.974438858290636256e-01 2.308275588247139104e-02 4.909512238638514825e-01
9.974750515538618467e-01 2.310131627626911197e-02 4.909217639912223374e-01
9.975181926553605694e-01 2.312695484639943136e-02 4.908803551873819893e-01
9.975404964969021293e-01 2.314018290822917809e-02 4.908586491172736155e-01
9.975740710655780497e-01 2.316006044637321931e-02 4.908255777619320304e-01
9.976084019075507348e-01 2.318033963230066094e-02 4.907912506621598392e-01
9.976319905302465374e-01 2.319424641945096871e-02 4.907673546125380093e-01
9.976685048465973038e-01 2.321573569808805734e-02 4.907298500887535275e-01
9.976936576052695127e-01 2.323051528025725856e-02 4.907036396208030449e-01
9.977327010428558296e-01 2.325342516729167475e-02 4.906623262368723370e-01
9.977596755686080066e-01 2.326923178894916774e-02 4.906333205620672655e-01
9.977874647642224204e-01 2.328549750843639590e-02 4.906030291560410372e-01
9.978161248682079210e-01 2.330225323779620134e-02 4.905713377853502810e-01
9.978457182292497230e-01 2.331953079690727085e-02 4.905381169034079836e-01
9.978685681051390199e-01 2.333285364983083907e-02 4.905121082981718783e-01
9.978920154480180882e-01 2.334651065246176604e-02 4.904850857214551052e-01
9.979242710965282592e-01 2.336527751057358715e-02 4.904473424094713541e-01
9.979408528064854789e-01 2.337491739559761916e-02 4.904276753073002482e-01
9.979749878048177480e-01 2.339475099523843915e-02 4.903866073173235307e-01
9.979925724695731803e-01 2.340496386998766609e-02 4.903651362572647443e-01
9.980288529745338089e-01 2.342602738461180625e-02 4.903201385957369207e-01
9.980475867178884020e-01 2.343689894267102919e-02 4.902965221233956394e-01
9.980764821692650335e-01 2.345366153552716493e-02 4.902595685213650412e-01
9.981063982578021188e-01 2.347100663746854582e-02 4.902206117700958488e-01
9.981269508387591305e-01 2.348291657936288357e-02 4.901934218984563274e-01
9.981587598926524585e-01 2.350134365873322168e-02 4.901506332110150965e-01
9.981806669382242703e-01 2.351403261698661873e-02 4.901206483299190286e-01
9.982031749578805790e-01 2.352707207322403404e-02 4.900893893967465664e-01
9.982381475806171300e-01 2.354734445510555177e-02 4.900398826481264791e-01
9.982623346236442208e-01 2.356137313718766751e-02 4.900049508292553813e-01
9.982872737916601569e-01 2.357584552485324919e-02 4.899683171354487499e-01
9.983130182164108302e-01 2.359079346047800868e-02 4.899298213607794494e-01
9.983396273700049228e-01 2.360625208596939945e-02 4.898892805530072891e-01
9.983671684421697723e-01 2.362226292399726563e-02 4.898464845432410342e-01
9.983957179697369178e-01 2.363887632011200599e-02 4.898011906266823701e-01
9.984253637137215920e-01 2.365615050873040581e-02 4.897531165150330601e-01
9.984406293963175028e-01 2.366505702312344736e-02 4.897279336509512415e-01
9.984641183739834114e-01 2.367878099934546399e-02 4.896886016151301702e-01
9.984883613646687861e-01 2.369297323353294904e-02 4.896472417298699531e-01
9.985219528053926874e-01 2.371268296353760269e-02 4.895885966634457298e-01
9.985393346580382357e-01 2.372290102244536958e-02 4.895576156812097568e-01
9.985661963323834156e-01 2.373872205522118903e-02 4.895088553588098912e-01
9.985940768752048502e-01 2.375518486905852863e-02 4.894570696361281725e-01
9.986132751984105882e-01 2.376654837066952478e-02 4.894206883755185533e-01
9.986430633305444227e-01 2.378423356575555883e-02 4.893630342705756475e-01
9.986636340980088455e-01 2.379648801997122365e-02 4.893223340569469171e-01
9.986848179599125963e-01 2.380914786097423214e-02 4.892796388766165183e-01
9.987178338722532134e-01 2.382896541369238647e-02 4.892114548509941541e-01
9.987349444046859093e-01 2.383927607496437798e-02 4.891752971424264684e-01
9.987524851726983233e-01 2.384987638829848614e-02 4.891376279568192542e-01
9.987765844015680239e-01 2.386449479886110572e-02 4.890848488025401619e-01
9.988015577918140098e-01 2.387971469203628572e-02 4.890288575964051865e-01
9.988274800149772314e-01 2.389559751821615508e-02 4.889692883922193700e-01
9.988544362552871370e-01 2.391221501263587901e-02 4.889057131579229720e-01
9.988753905693313895e-01 2.392520941779005192e-02 4.888550996650415925e-01
9.988970266660069930e-01 2.393870356159102583e-02 4.888017033230301345e-01
9.989270221423027785e-01 2.395754844095815406e-02 4.887256882487007736e-01
9.989504550052760168e-01 2.397238349174264649e-02 4.886646192565110569e-01
9.989747628014434833e-01 2.398788588516733919e-02 4.885996385995385327e-01
9.990051947931041232e-01 2.400747287023935125e-02 4.885158421337879031e-01
9.990263205772492716e-01 2.402119572266589453e-02 4.884560005814435613e-01
9.990481762035228197e-01 2.403551282000625580e-02 4.883925950850727116e-01
9.990785530834477290e-01 2.405563280682266811e-02 4.883018347976054718e-01
9.991023505581886344e-01 2.407158241336276178e-02 4.882284827830744023e-01
9.991271012511192540e-01 2.408835732545547628e-02 4.881499909715135144e-01
9.991528929002418957e-01 2.410605490484987040e-02 4.880656922057695635e-01
9.991798280720175507e-01 2.412479197096996028e-02 4.879747908988038008e-01
9.991984794926396241e-01 2.413793036573872591e-02 4.879100510769299737e-01
9.992177328124328684e-01 2.415164674943241427e-02 4.878416235543381885e-01
9.992478392564185796e-01 2.417343432260220248e-02 4.877312301206325751e-01
9.992688036569071786e-01 2.418886102199305915e-02 4.876517782070565743e-01
9.992905497192673403e-01 2.420510174291132591e-02 4.875670127445614899e-01
9.993131439165223728e-01 2.422224910180257110e-02 4.874762794761537399e-01
9.993247827739355493e-01 2.423119642745203556e-02 4.874284339685874268e-01
9.993487959678186705e-01 2.424992421646451207e-02 4.873272587067146722e-01
9.993674973098491954e-01 2.426477205907328488e-02 4.872460625957840685e-01
9.993868412429605108e-01 2.428038983250307634e-02 4.871597673029290365e-01
9.994068783400280598e-01 2.429686524516519452e-02 4.870677905274350961e-01
9.994276648665150198e-01 2.431429880003358260e-02 4.869694460804013803e-01
9.994492639380627708e-01 2.433280653359677984e-02 4.868639177991100908e-01
9.994641497712507539e-01 2.434580914011036726e-02 4.867890947622482423e-01
9.994872678435071656e-01 2.436643563816002708e-02 4.866693338327142682e-01
9.995032449859110324e-01 2.438101601599701462e-02 4.865838820618608174e-01
9.995197091961360858e-01 2.439633972559508007e-02 4.864934125835160272e-01
9.995366937452522249e-01 2.441248721976737104e-02 4.863973860630899648e-01
9.995542352050760249e-01 2.442954857705188082e-02 4.862951693156322697e-01
9.995632269244164592e-01 2.443845352186348185e-02 4.862415072312230024e-01
9.995816803494208536e-01 2.445709353234532674e-02 4.861285704719424672e-01
9.996007985421709874e-01 2.447694996481567659e-02 4.860072897373543532e-01
9.996106220069089776e-01 2.448738093455525913e-02 4.859431489130686121e-01
9.996308346586166849e-01 2.450937273203688746e-02 4.858070334592918260e-01
9.996412368419599348e-01 2.452098196406778813e-02 4.857346240423289774e-01
9.996572341019539509e-01 2.453925283435640786e-02 4.856199165426187125e-01
9.996654165764250477e-01 2.454880306307383880e-02 4.855595485154907132e-01
9.996737268852544656e-01 2.455865276749533144e-02 4.854969962220113122e-01
9.996907478591154916e-01 2.457933056282554651e-02 4.853647332049674246e-01
9.997083254080765258e-01 2.460144372803161131e-02 4.852215831774767119e-01
9.997203659123680142e-01 2.461707144238449441e-02 4.851191300099235160e-01
9.997295716088870909e-01 2.462930351812497171e-02 4.850381073962813372e-01
9.997389315847620139e-01 2.464200886310477859e-02 4.849531050508951724e-01
9.997484485856261704e-01 2.465522085046241429e-02 4.848636919648006693e-01
9.997581247233376933e-01 2.466897573004591879e-02 4.847693543282690642e-01
9.997679612228204116e-01 2.468331248632294611e-02 4.846694614290004144e-01
9.997739394289327786e-01 2.469220976731325776e-02 4.846065438575030138e-01
9.997820000854189537e-01 2.470443992874044384e-02 4.845188250870854363e-01
9.997929051550846768e-01 2.472143853271281319e-02 4.843942419374577257e-01
9.997984214594728414e-01 2.473024609877456578e-02 4.843282685862141945e-01
9.998039795735214064e-01 2.473927031848948549e-02 4.842596177261211943e-01
9.998095779159665852e-01 2.474851808593429847e-02 4.841881478906162606e-01
9.998208912998742814e-01 2.476771790036947848e-02 4.840362901485958380e-01
9.998265973426959663e-01 2.477767125977468204e-02 4.839560175721497881e-01
9.998323339786087116e-01 2.478786836045042408e-02 4.838733197383612294e-01
9.998380985682069344e-01 2.479831176251511005e-02 4.837890360517541621e-01
9.998467947419584778e-01 2.481444302491985984e-02 4.836651236285602340e-01
9.998526250026127382e-01 2.482551012421605266e-02 4.835871569219487576e-01
9.998555514960351109e-01 2.483114040675600889e-02 4.835511781114402718e-01
9.998614299637414993e-01 2.484259784803241611e-02 4.834861964561906200e-01
9.998643847881024671e-01 2.484843042672546520e-02 4.834575766891898163e-01
9.998673512895481785e-01 2.485433444018255236e-02 4.834315778016900489e-01
9.998733233069112547e-01 2.486636415243664508e-02 4.833871332924337128e-01
9.998793574077052826e-01 2.487871213870399348e-02 4.833521763899957246e-01
9.998824016846992180e-01 2.488501508943401219e-02 4.833379697617774529e-01
9.998854656500272275e-01 2.489140803947360522e-02 4.833257745103056169e-01
9.998916573648619632e-01 2.490447736612576290e-02 4.833069786162673132e-01
9.998979452562853920e-01 2.491795730835096034e-02 4.832949278995422593e-01
9.999043416463473388e-01 2.493188727226773593e-02 4.832887930611148297e-01
9.999125084778498485e-01 2.494999812427508082e-02 4.832881683028709130e-01
9.999175115050784601e-01 2.496127776826049041e-02 4.832908528151098060e-01
9.999243130945403291e-01 2.497684381298558021e-02 4.832973040047922053e-01
9.999312785469907094e-01 2.499306959984229012e-02 4.833063164568626724e-01
9.999348281186141163e-01 2.500145219187030129e-02 4.833115459124343594e-01
9.999420696978659207e-01 2.501879994018278014e-02 4.833230408180340110e-01
9.999476355849528098e-01 2.503236438465773067e-02 4.833321926607530572e-01
9.999533256625676714e-01 2.504644612253816710e-02 4.833414638624195514e-01
9.999611203631671996e-01 2.506610142204837230e-02 4.833534509747883789e-01
9.999671357732496935e-01 2.508156877582452121e-02 4.833616894924244178e-01
9.999724755022235678e-01 2.509552486934901391e-02 4.833679746459534354e-01
9.999792197722634501e-01 2.511346675994858071e-02 4.833741868910920170e-01
9.999826680284464864e-01 2.512277968598801425e-02 4.833764911377189111e-01
9.999897257606218393e-01 2.514214623234101165e-02 4.833791012245099994e-01
9.999933403873831894e-01 2.515222731017137392e-02 4.833792236658336905e-01
9.999970151280588304e-01 2.516259222902749240e-02 4.833784280638037112e-01
9.999985024668397449e-01 2.516682120864677241e-02 4.833778286991926576e-01
