# -101 2 0.105121802291 6.97562420922e-06
# x xi_r xi_h
1.310287751119751072e-03 -2.026615571201967327e+02 -6.684410524596896153e+01
1.460995662986557019e-03 -1.992094306558256278e+02 -5.602927719254433470e+01
1.650884358646134958e-03 -1.869303940444153227e+02 -3.843570164367333319e+01
1.840773054305712029e-03 -1.670882377449435410e+02 -1.818635489302951669e+01
2.080034956818093209e-03 -1.342413450449944037e+02 8.067896211971969933e+00
2.319296859330475039e-03 -9.640408624676834393e+01 3.124846823955794761e+01
2.520287072229036949e-03 -6.390315737675452112e+01 4.568186324483911420e+01
2.721277285127598859e-03 -3.341687184350849549e+01 5.413308957362451679e+01
2.922267498026161203e-03 -6.927358820354148072e+00 5.598228452010398115e+01
3.112225549436466957e-03 1.311973254144265333e+01 5.177438117921694527e+01
3.302183600846774012e-03 2.756323703722069141e+01 4.258251660566508434e+01
3.492141652257081067e-03 3.619885797167418673e+01 2.965988396685369111e+01
3.682099703667386821e-03 3.930296941424206381e+01 1.459490474279397354e+01
3.921500270735109317e-03 3.650833837344453769e+01 -4.694020454181311308e+00
4.160900837802832680e-03 2.811046500465592857e+01 -2.140281538096757785e+01
4.400301404870555176e-03 1.653578821001615395e+01 -3.287070009279923255e+01
4.639701971938277672e-03 4.247171989321310015e+00 -3.750525051950286581e+01
4.869433365318841418e-03 -6.224006657756451233e+00 -3.520929367625166861e+01
5.099164758699403430e-03 -1.395682430800446916e+01 -2.716161395177070759e+01
5.328896152079966309e-03 -1.816914274963683340e+01 -1.509247384030022587e+01
5.558627545460530055e-03 -1.872556398799651589e+01 -1.290875153968340738e+00
5.787748083093968016e-03 -1.608035880992526145e+01 1.177156856378910632e+01
6.016868620727404242e-03 -1.111422005877718178e+01 2.196828464942791470e+01
6.245989158360841335e-03 -4.947574466943557958e+00 2.774324843424953357e+01
6.507314466583081353e-03 2.045015649204481090e+00 2.810237158510576094e+01
6.768639774805322237e-03 7.625647862569446822e+00 2.219685571743395514e+01
7.029965083027563122e-03 1.080786422484722209e+01 1.171375262887474733e+01
7.291290391249803139e-03 1.123015934701074059e+01 -7.549816030983792503e-01
7.588259160035928062e-03 8.737192061082655670e+00 -1.365254243455619410e+01
7.885227928822052118e-03 4.164344930961952684e+00 -2.188102532879064910e+01
8.182196697608175306e-03 -9.756023819001834463e-01 -2.338820572098032358e+01
8.479165466394300230e-03 -5.209871029287084454e+00 -1.813131364038694926e+01
8.776134235180425153e-03 -7.490130281336760731e+00 -7.979488455143445513e+00
9.062891590263655664e-03 -7.457595881347959477e+00 3.532469415043506533e+00
9.349648945346886175e-03 -5.476301998996201625e+00 1.351166793650230424e+01
9.636406300430114952e-03 -2.269291550915182309e+00 1.936781199398571474e+01
9.923163655513347198e-03 1.203295728993245772e+00 1.973533475733757570e+01
1.020992101059657944e-02 4.012323078458298831e+00 1.477680612556896200e+01
1.049667836567980995e-02 5.492882948458693626e+00 6.067722273559606805e+00
1.078343572076304047e-02 5.387801651185456286e+00 -3.887849165033989252e+00
1.107585216327150977e-02 3.835281932224950729e+00 -1.249788188247818077e+01
1.136826860577998081e-02 1.377922377329416692e+00 -1.725319093698598749e+01
1.166068504828845012e-02 -1.236585526770485943e+00 -1.699735394299291968e+01
1.195310149079691076e-02 -3.285967405082867110e+00 -1.201139426493967832e+01
1.224551793330539047e-02 -4.263770566183575639e+00 -3.874790791643686116e+00
1.253793437581384937e-02 -3.995752693342511819e+00 5.025222127724154220e+00
1.283035081832233082e-02 -2.657997384107674499e+00 1.218638690889172160e+01
1.312276726083078972e-02 -7.003446109146108656e-01 1.568729379094342491e+01
1.341518370333926076e-02 1.296682489966599627e+00 1.469485969715872997e+01
1.372371033175165053e-02 2.844968251046136931e+00 9.305901198450602152e+00
1.403223696016404030e-02 3.417281715100499717e+00 1.256706958220313419e+00
1.434076358857643008e-02 2.918262543459394287e+00 -6.893467458230241540e+00
1.464929021698880944e-02 1.578727255481981118e+00 -1.265000238228738993e+01
1.495781684540119921e-02 -1.380004534135567118e-01 -1.433906819900673391e+01
1.526634347381359072e-02 -1.691001253162504714e+00 -1.158615213415743384e+01
1.557487010222598049e-02 -2.627773045344069303e+00 -5.382484246015632579e+00
1.588339673063835986e-02 -2.711764138362418919e+00 2.265326414898784613e+00
1.619192335905075136e-02 -1.976818599620900008e+00 8.980779258422090905e+00
1.650044998746313940e-02 -6.978942847918547798e-01 1.275163575305082375e+01
1.680897661587552050e-02 7.072652625973748775e-01 1.252718332920015776e+01
1.711941423928450140e-02 1.816579713550960262e+00 8.470552071252363646e+00
1.742985186269348924e-02 2.307412591758446485e+00 1.933952315046629566e+00
1.774028948610247014e-02 2.071409623754942420e+00 -5.005724408590518593e+00
1.805072710951145104e-02 1.224916044457200481e+00 -1.021440241916377900e+01
1.836116473292042847e-02 5.968675492380504100e-02 -1.215246801485622186e+01
1.867160235632940937e-02 -1.055323701452529184e+00 -1.032443167971970510e+01
1.898203997973839027e-02 -1.788810025561922590e+00 -5.396624099643767991e+00
1.929247760314737117e-02 -1.943486971620889570e+00 1.041999983157118725e+00
1.960291522655635901e-02 -1.506583844872303901e+00 6.991551891261854834e+00
1.991335284996533991e-02 -6.423969257858259674e-01 1.066091702610608927e+01
2.022379047337432081e-02 3.672362391213114807e-01 1.100371637359166677e+01
2.053422809678330171e-02 1.213627520039597396e+00 8.010846909433896101e+00
2.083870335922823058e-02 1.650665477028218309e+00 2.788035245386547345e+00
2.114317862167315945e-02 1.592095576740260254e+00 -3.111443260510512232e+00
2.144765388411808138e-02 1.080908488668022915e+00 -7.961559993699746762e+00
2.175212914656301025e-02 2.864139198681646126e-01 -1.039164523309251287e+01
2.205660440900793912e-02 -5.509720589028260784e-01 -9.768901039798345565e+00
2.236107967145287145e-02 -1.191698746277719989e+00 -6.355480229166403205e+00
2.266555493389780032e-02 -1.464535798939284206e+00 -1.204001789297797220e+00
2.297003019634272919e-02 -1.310880728019092167e+00 4.168524896148394276e+00
2.327450545878765112e-02 -7.949529947134595931e-01 8.227115958597352119e+00
2.357898072123257999e-02 -7.910927819153794338e-02 9.854487584105358522e+00
2.388999902351006052e-02 6.396515103824857995e-01 8.601836793896934452e+00
2.420101732578754106e-02 1.140113794232668676e+00 4.851616304931725132e+00
2.451203562806502159e-02 1.287874708083780018e+00 -2.338250005595751968e-01
2.482305393034249866e-02 1.056924735150702954e+00 -5.136123797254105838e+00
2.513407223261997919e-02 5.313786615882519770e-01 -8.433508693508573018e+00
2.544509053489744932e-02 -1.243639345657205214e-01 -9.209810993153711323e+00
2.575610883717492985e-02 -7.167015925559887535e-01 -7.303430611964857100e+00
2.606712713945241039e-02 -1.079433362678700492e+00 -3.330551559814727725e+00
2.637814544172989092e-02 -1.119541899023002829e+00 1.515716718803909790e+00
2.668916374400737146e-02 -8.398432938510310697e-01 5.824594710359758842e+00
2.700018204628484852e-02 -3.334219949519641180e-01 8.377055022146606689e+00
2.731120034856232906e-02 2.470217501544766936e-01 8.487174868110761494e+00
2.762221865083979919e-02 7.349507474467512624e-01 6.181075330894559627e+00
2.793323695311727972e-02 9.972892797370909168e-01 2.168629744785400160e+00
2.826513052570591919e-02 9.585906129754052651e-01 -2.653750976142576157e+00
2.859702409829455866e-02 6.196558478958844596e-01 -6.533664041406905376e+00
2.892891767088319119e-02 9.961669702231312762e-02 -8.264299810070761865e+00
2.926081124347183066e-02 -4.312347894403989468e-01 -7.348641989946602671e+00
2.959270481606045972e-02 -8.068774148620331266e-01 -4.135357795774790901e+00
2.992459838864909918e-02 -9.168770683029970892e-01 3.145827521629638301e-01
3.025649196123773171e-02 -7.379647909817371731e-01 4.579827638151837910e+00
3.058838553382637118e-02 -3.371804929782494242e-01 7.332162053221970233e+00
3.092027910641501065e-02 1.529167704373070313e-01 7.747293457249030624e+00
3.125217267900363971e-02 5.779458704819240289e-01 5.746919829642053834e+00
3.158406625159228265e-02 8.099876998176741560e-01 2.002696479983479438e+00
3.191595982418091171e-02 7.854959416920097581e-01 -2.291403982060954636e+00
3.224785339676954771e-02 5.218148460441360825e-01 -5.800791013444608346e+00
3.257974696935817677e-02 1.083498721220854943e-01 -7.463863431997197928e+00
3.291164054194681970e-02 -3.236863960709100985e-01 -6.809838291574795477e+00
3.324353411453546264e-02 -6.427650113850735814e-01 -4.086799279893786441e+00
3.357542768712409170e-02 -7.567201223621269346e-01 -1.670461156448839746e-01
3.390732125971272770e-02 -6.387819020691389849e-01 3.734355695117454577e+00
3.423921483230135676e-02 -3.328209718530423800e-01 6.436561094540995676e+00
3.457110840488999970e-02 6.276172728458934147e-02 7.148512714050966110e+00
3.491112367483018009e-02 4.338313852078818367e-01 5.640522645273581048e+00
3.525113894477036047e-02 6.576153549038686874e-01 2.389193406989635893e+00
3.559115421471054780e-02 6.699775927449325152e-01 -1.553890729276877991e+00
3.593116948465072819e-02 4.745833842674247460e-01 -4.945917677421166836e+00
3.627118475459092245e-02 1.389765797304239048e-01 -6.743435797270053378e+00
3.661120002453110284e-02 -2.287582311328419382e-01 -6.420310324639024735e+00
3.695121529447128322e-02 -5.147258968671284407e-01 -4.117250624941678261e+00
3.729123056441145667e-02 -6.342388324935283039e-01 -5.819660261559617132e-01
3.763124583435163706e-02 -5.564602116282986177e-01 3.075458366613444738e+00
3.797126110429181745e-02 -3.116585723710825762e-01 5.731583551433141466e+00
3.831127637423199783e-02 2.034965551251665880e-02 6.593300918676368916e+00
3.865129164417219210e-02 3.362471712542310365e-01 5.431546020812755948e+00
3.899130691411237248e-02 5.412661127464363231e-01 2.637191054852759731e+00
3.933132218405255287e-02 5.773452338561606556e-01 -9.125845347346169811e-01
3.967133745399273326e-02 4.391242282651228734e-01 -4.131363891969523472e+00
4.001135272393290671e-02 1.735274993300126578e-01 -6.056069015755417340e+00
4.035136799387308709e-02 -1.362169760916248362e-01 -6.133252672416744211e+00
4.069138326381326748e-02 -3.966867164945687696e-01 -4.374591888480231283e+00
4.103139853375346174e-02 -5.323150265537901493e-01 -1.339104627137696957e+00
4.137141380369364213e-02 -5.070076234641457402e-01 2.047161439436214536e+00
4.171142907363382252e-02 -3.332454717636925690e-01 4.775170128404169212e+00
4.205144434357400290e-02 -6.656295960683958346e-02 6.053133742835951736e+00
4.239145961351419023e-02 2.123228246579537959e-01 5.533752743805963270e+00
4.273147488345437062e-02 4.219608881566779268e-01 3.404048587212482158e+00
4.307149015339455100e-02 5.037916446719538088e-01 3.161538462932929061e-01
4.325489917444660243e-02 4.853326373247747738e-01 -1.458669648563887256e+00
4.343830819549863304e-02 4.240712607359121700e-01 -3.086665715391620157e+00
4.362171721655067058e-02 3.261946873100887156e-01 -4.425027004672492659e+00
4.380512623760270813e-02 2.009972877419176629e-01 -5.358710336817570585e+00
4.398853525865475261e-02 5.999062520031955836e-02 -5.810136821000165597e+00
4.417194427970679016e-02 -8.415889745836983848e-02 -5.745387844930154309e+00
4.435535330075882771e-02 -2.187666057484616844e-01 -5.176429810296549583e+00
4.453876232181087219e-02 -3.322387220049250467e-01 -4.159262629523595045e+00
4.472217134286290280e-02 -4.150580553889988700e-01 -2.788248013995004992e+00
4.490558036391494035e-02 -4.605638751478163262e-01 -1.187201723128582520e+00
4.527239840601902238e-02 -4.325742842319197368e-01 2.067981522651122894e+00
4.563921644812309747e-02 -2.660751880565967453e-01 4.601241207136376410e+00
4.600603449022717950e-02 -1.874119316903908108e-02 5.612462773268519278e+00
4.637285253233124765e-02 2.281068509924173149e-01 4.810173680207383562e+00
4.673967057443533663e-02 3.962514792710841727e-01 2.488389212979206899e+00
4.710648861653941866e-02 4.351086683252552989e-01 -5.850479575784655051e-01
4.747330665864348681e-02 3.364572304114683554e-01 -3.425466712564217531e+00
4.784012470074756884e-02 1.352743020971362564e-01 -5.146961588581462799e+00
4.820694274285165087e-02 -1.028731571861795924e-01 -5.235661504820993351e+00
4.857376078495573291e-02 -3.033064297240012364e-01 -3.697651204137637482e+00
4.894057882705980800e-02 -4.055406886038651626e-01 -1.041097960367553643e+00
4.931285321897629220e-02 -3.799761246033178108e-01 1.934096177889540913e+00
4.968512761089276947e-02 -2.361970770839533773e-01 4.256671296897873269e+00
5.005740200280924673e-02 -2.240888607401805843e-02 5.213462687855266786e+00
5.042967639472573094e-02 1.931375374158513791e-01 4.533274835916064838e+00
5.080195078664220820e-02 3.439292590990273846e-01 2.458181515789255034e+00
5.117422517855869241e-02 3.855217284781776721e-01 -3.454227170945031178e-01
5.154649957047517661e-02 3.082866711404338989e-01 -3.003014830867248630e+00
5.191877396239164694e-02 1.390521392741596030e-01 -4.704879599129916379e+00
5.229104835430813114e-02 -6.835957117767060831e-02 -4.950775825697656174e+00
5.266332274622462228e-02 -2.503458512237093925e-01 -3.693158320490857349e+00
5.303559713814109261e-02 -3.529742670233337321e-01 -1.339237511324870233e+00
5.340787153005757681e-02 -3.477519588432165243e-01 1.383804111343395871e+00
5.378014592197404714e-02 -2.391800055349224963e-01 3.655210508662797508e+00
5.415242031389053134e-02 -6.221869209285887242e-02 4.807789560326581224e+00
5.452469470580702249e-02 1.291339067320964040e-01 4.521515822888140690e+00
5.489696909772349281e-02 2.783876124150361786e-01 2.908179389518607660e+00
5.526924348963997702e-02 3.431498747852489983e-01 4.661314726148697019e-01
5.564151788155646122e-02 3.069204199871230498e-01 -2.076693188260308798e+00
5.601379227347293849e-02 1.828915763560222674e-01 -3.981293801036490443e+00
5.638606666538942269e-02 9.034079585979390425e-03 -4.711670943054737215e+00
5.675834105730589996e-02 -1.637031712064884181e-01 -4.082660432702936326e+00
5.713557747568415168e-02 -2.874457678548386630e-01 -2.273832437845279664e+00
5.751281389406241035e-02 -3.255769616574938907e-01 1.659448721867677889e-01
5.789005031244066207e-02 -2.695284685611666342e-01 2.520508317847551805e+00
5.826728673081892074e-02 -1.378723380085197792e-01 4.118764782857541995e+00
5.864452314919717246e-02 3.005920778196619417e-02 4.524170605700151171e+00
5.902175956757541725e-02 1.860983543361512671e-01 3.649431722957702906e+00
5.939899598595368285e-02 2.870574306087436689e-01 1.768037620778442065e+00
5.977623240433192764e-02 3.064894738475663627e-01 -5.751290245959397307e-01
6.015346882271019324e-02 2.412689545887685971e-01 -2.724043357819617039e+00
6.053070524108843803e-02 1.114863452395888632e-01 -4.095024850615940792e+00
6.090794165946669669e-02 -4.594095313023468380e-02 -4.332477554346271909e+00
6.128517807784496230e-02 -1.878770663846038025e-01 -3.396486747261603156e+00
6.149838126173343134e-02 -2.471973775201415369e-01 -2.423679977792586815e+00
6.171158444562190731e-02 -2.836553229341322035e-01 -1.241962349835986412e+00
6.192478762951038329e-02 -2.943515160320079316e-01 4.046305192275836266e-02
6.213799081339885233e-02 -2.787324685486657905e-01 1.308155425926574855e+00
6.235119399728732831e-02 -2.385868045767154388e-01 2.448790645917467312e+00
6.256439718117580429e-02 -1.778353284079553231e-01 3.363010421788817705e+00
6.277760036506427332e-02 -1.021392761125519549e-01 3.972917059109148052e+00
6.299080354895275624e-02 -1.836614591105861435e-02 4.228506025728022699e+00
6.320400673284122528e-02 6.603635899607294968e-02 4.111526872488756368e+00
6.341720991672969432e-02 1.437013449312844748e-01 3.636499495670773463e+00
6.384361628450666015e-02 2.521646706689093520e-01 1.869370176418037488e+00
6.427002265228359823e-02 2.769913636405624269e-01 -4.781833762471228155e-01
6.469642902006055019e-02 2.124383297244399060e-01 -2.639002800461477616e+00
6.512283538783750214e-02 8.145099821966464426e-02 -3.925331277469111146e+00
6.554924175561444022e-02 -7.269796305137488091e-02 -3.945164937607306133e+00
6.597564812339139217e-02 -2.008171747689133924e-01 -2.717139196842344617e+00
6.640205449116834413e-02 -2.634396793001917425e-01 -6.519393424968562556e-01
6.682846085894529609e-02 -2.427590222372173201e-01 1.588430446863010825e+00
6.725486722672224804e-02 -1.473320548954970832e-01 3.304546991797965738e+00
6.768127359449918612e-02 -8.447645571402880027e-03 3.977171049441234896e+00
6.810767996227613807e-02 1.303159669266772402e-01 3.421186707558180551e+00
6.854182003929965017e-02 2.279196620096513581e-01 1.797641509796438664e+00
6.897596011632314839e-02 2.525608143059459021e-01 -3.646294120395658922e-01
6.941010019334666048e-02 1.985128122709108878e-01 -2.382798167583569438e+00
6.984424027037017257e-02 8.444556129904626229e-02 -3.637480810177406099e+00
7.027838034739368467e-02 -5.324320260187341558e-02 -3.760524927561874176e+00
7.071252042441718288e-02 -1.721771568562225352e-01 -2.738447165693055130e+00
7.114666050144069498e-02 -2.370139065283647650e-01 -9.041854519208081253e-01
7.158080057846419320e-02 -2.297495648066606166e-01 1.174982214633834010e+00
7.201494065548770529e-02 -1.543877648043867623e-01 2.874818343544236043e+00
7.244908073251121738e-02 -3.488965502594081752e-02 3.700961603540916744e+00
7.288322080953472948e-02 9.263666465706631159e-02 3.429665797392319249e+00
7.331736088655822769e-02 1.909227725235472517e-01 2.163498406006898911e+00
7.375150096358173979e-02 2.323515261781931851e-01 2.899976809180669357e-01
7.419305697663924892e-02 2.055485000127489914e-01 -1.668592270835761893e+00
7.463461298969675806e-02 1.189522914019684185e-01 -3.108513911512851280e+00
7.507616900275426719e-02 -7.062880042821883305e-04 -3.621335645829506067e+00
7.551772501581177632e-02 -1.180319999223598953e-01 -3.079462292746048657e+00
7.595928102886928546e-02 -1.994759111981142252e-01 -1.662136005815588735e+00
7.640083704192679459e-02 -2.228066040043088780e-01 2.074642068212278756e-01
7.684239305498430372e-02 -1.829199882424120405e-01 1.991261597284354368e+00
7.728394906804181286e-02 -9.256705858430722134e-02 3.191524246368016016e+00
7.772550508109932199e-02 2.191282538705237315e-02 3.487645943443087759e+00
7.816706109415683112e-02 1.283939248244324871e-01 2.817775105257149360e+00
7.860861710721434026e-02 1.979714769625930959e-01 1.386021941737873631e+00
7.907004175851901906e-02 2.119826743725780616e-01 -4.797831326898598925e-01
7.953146640982367011e-02 1.638343548864306665e-01 -2.179372684433855234e+00
7.999289106112834891e-02 6.901624282980636793e-02 -3.222716757278767385e+00
8.045431571243301383e-02 -4.403543241330714481e-02 -3.322372672349825251e+00
8.091574036373769263e-02 -1.425542375823658503e-01 -2.468812853270073493e+00
8.137716501504235755e-02 -1.989070344911163246e-01 -9.238960920653817022e-01
8.183858966634702248e-02 -1.981974271124861409e-01 8.620283380868679624e-01
8.230001431765168740e-02 -1.419709170022599165e-01 2.382761978041913142e+00
8.276143896895636620e-02 -4.718000062585880894e-02 3.219418324066524839e+00
8.322286362026103113e-02 5.907298175279676600e-02 3.153836847953892519e+00
8.368428827156570993e-02 1.473603446354165569e-01 2.222162486804014403e+00
8.414571292287037485e-02 1.940506283144340371e-01 6.964727695604734370e-01
8.460713757417503977e-02 1.874996202305744819e-01 -9.972991269369440026e-01
8.507417896077572317e-02 1.298303982914426613e-01 -2.412957080581389580e+00
8.554122034737642044e-02 3.773531655569531407e-02 -3.151163193024610010e+00
8.600826173397713159e-02 -6.307307145119210590e-02 -3.026609322628761589e+00
8.647530312057782886e-02 -1.453543640526784309e-01 -2.091231985393539272e+00
8.694234450717849838e-02 -1.876592470812830371e-01 -6.118145625064722593e-01
8.740938589377920953e-02 -1.797771417131653338e-01 1.008601163134094314e+00
8.787642728037989293e-02 -1.249734555465170094e-01 2.341951516561801672e+00
8.834346866698060408e-02 -3.860022343836796987e-02 3.048093603021112763e+00
8.881051005358128747e-02 5.636212821866692924e-02 2.959734981295560008e+00
8.927249613444182552e-02 1.348425115798757012e-01 2.130578297605970395e+00
8.973448221530234969e-02 1.788112123245315932e-01 7.879846122797118380e-01
9.019646829616287387e-02 1.783860609066633407e-01 -7.256442707212652499e-01
9.065845437702341192e-02 1.348019427266592407e-01 -2.039310153380151647e+00
9.112044045788392221e-02 5.959258693485566805e-02 -2.844056000921699745e+00
9.158242653874446026e-02 -2.862380305145479850e-02 -2.962691007508861496e+00
9.185990558262246974e-02 -7.964885332171436905e-02 -2.686910034070611797e+00
9.213738462650046535e-02 -1.232031357169786207e-01 -2.177936988187014311e+00
9.269234271425648430e-02 -1.737819327498895394e-01 -7.028034643615901356e-01
9.324730080201248938e-02 -1.673575847193450039e-01 9.776592428442969496e-01
9.380225888976850834e-02 -1.074436058556837575e-01 2.320586882573010268e+00
9.435721697752449955e-02 -1.440800404980000296e-02 2.906862148370422894e+00
9.491217506528051850e-02 8.162227686093398438e-02 2.568031725922732100e+00
9.546713315303652359e-02 1.505590722163309969e-01 1.429911178018614892e+00
9.602209124079254254e-02 1.716836863189983020e-01 -1.368702040110316154e-01
9.657704932854854762e-02 1.396605078034783842e-01 -1.640041714787622285e+00
9.711274250401923103e-02 6.844944424339886868e-02 -2.600875825180884338e+00
9.764843567948991443e-02 -2.104947121421205450e-02 -2.810821783904673410e+00
9.818412885496061171e-02 -1.032422786057770325e-01 -2.226901439152411122e+00
9.871982203043128123e-02 -1.553777996989822996e-01 -1.029026716119477047e+00
9.925551520590197851e-02 -1.637347014687655089e-01 4.379338799991984166e-01
9.979120838137264804e-02 -1.270403748615263895e-01 1.765082447332547044e+00
1.003269015568433037e-01 -5.633215599605439355e-02 2.593659420616349909e+00
1.008625947323140010e-01 2.851388017041986758e-02 2.710637195200202409e+00
1.013982879077846982e-01 1.044713703785173781e-01 2.100676579463629956e+00
1.019196887189594974e-01 1.508914976482496062e-01 9.765420508995341642e-01
1.024410895301341995e-01 1.589796369433407741e-01 -3.751765498281462996e-01
1.029624903413089987e-01 1.276520246034236750e-01 -1.614364827201515418e+00
1.034838911524837979e-01 6.552399823223438446e-02 -2.440252394370471034e+00
1.040052919636584999e-01 -1.160705987608239703e-02 -2.662807679990481180e+00
1.045266927748332991e-01 -8.487072432981770942e-02 -2.243252860355762657e+00
1.051400246805940936e-01 -1.426636579170872943e-01 -1.101911774758383755e+00
1.057533565863548047e-01 -1.542028028680806628e-01 3.724287271423912249e-01
1.063666884921155992e-01 -1.170414976903962623e-01 1.707485168616957871e+00
1.069800203978762965e-01 -4.399713870346480538e-02 2.490478052442820722e+00
1.075933523036371048e-01 4.149022320632073796e-02 2.493542546690539208e+00
1.081580523569587032e-01 1.086221320013771169e-01 1.815404201878077606e+00
1.087227524102803017e-01 1.466679254150879963e-01 6.778572010165063721e-01
1.092874524636019973e-01 1.466072751866752399e-01 -6.154268999340308799e-01
1.098521525169235957e-01 1.094046301794383697e-01 -1.733023153593231447e+00
1.104461325367779023e-01 4.170434206808183025e-02 -2.417933014276096859e+00
1.110401125566321950e-01 -3.638142394806297142e-02 -2.433715091637764338e+00
1.116340925764865016e-01 -1.035181656937145950e-01 -1.792200784687880022e+00
1.122280725963407944e-01 -1.420140820355599576e-01 -6.803752392762435486e-01
1.128220526161951009e-01 -1.423544415157500520e-01 5.960022698994156265e-01
1.134060008840173939e-01 -1.062108129716453214e-01 1.682935786742874695e+00
1.139899491518396035e-01 -4.385563163290095989e-02 2.331070023811915526e+00
1.145738974196618964e-01 2.855888292160349215e-02 2.389572006604030019e+00
1.151578456874842032e-01 9.294083507305027358e-02 1.858382149725742227e+00
1.157417939553063990e-01 1.337680428059585536e-01 8.815027720641391840e-01
1.163163554681377054e-01 1.418748368223074763e-01 -2.760522424512644735e-01
1.168909169809689980e-01 1.169635926840311840e-01 -1.353252044895503436e+00
1.174654784938004015e-01 6.552147788234108372e-02 -2.104600750751997928e+00
1.180400400066316940e-01 -1.405013875456371717e-04 -2.367080432725069183e+00
1.186146015194630005e-01 -6.491172025608429874e-02 -2.093253308967819581e+00
1.189682089753304056e-01 -9.828793186259215942e-02 -1.679396065497276380e+00
1.193218164311977969e-01 -1.228164174486503085e-01 -1.122985294775157294e+00
1.200290313429325934e-01 -1.385475501104598550e-01 1.807512768582722751e-01
1.207362462546674037e-01 -1.096670961463950822e-01 1.406042093707399410e+00
1.214434611664022001e-01 -4.649115182968238669e-02 2.167143809987913450e+00
1.221403590722684035e-01 2.926064233644984011e-02 2.242168184268781062e+00
1.228372569781346069e-01 9.508785819747768431e-02 1.640171167752756842e+00
1.235341548840007964e-01 1.315994383407458890e-01 5.577030379138973037e-01
1.242310527898669997e-01 1.287503609150754125e-01 -6.732914422057419968e-01
1.249199642383859027e-01 8.896891570934534199e-02 -1.680280264521876399e+00
1.256088756869047918e-01 2.461004613176771480e-02 -2.197508830312420169e+00
1.262977871354236947e-01 -4.572847001101305181e-02 -2.093433628464204777e+00
1.269801736787574131e-01 -1.020976459787555912e-01 -1.423325275572503656e+00
1.276625602220911870e-01 -1.304573481183876893e-01 -3.869808835533089519e-01
1.283383226857451875e-01 -1.243251728242417559e-01 7.234611417424258173e-01
1.290140851493992991e-01 -8.652747080179200301e-02 1.633905725757683447e+00
1.296898476130534106e-01 -2.734899688192711509e-02 2.119600930494883961e+00
1.303656100767074111e-01 3.789717227565001650e-02 2.067322152598777052e+00
1.310334062222101026e-01 9.235760188456725028e-02 1.511099922100667126e+00
1.317012023677127108e-01 1.239143752839397122e-01 6.001891787720878835e-01
1.323689985132154023e-01 1.256205570736918242e-01 -4.395153109058034246e-01
1.330315011698023075e-01 9.810427090453936738e-02 -1.354662994357004546e+00
1.336940038263891017e-01 4.848612893816783148e-02 -1.946731649320173174e+00
1.343565064829760070e-01 -1.148089842622362043e-02 -2.090085769503301716e+00
1.350127571636738077e-01 -6.767291410434839172e-02 -1.769130154397520638e+00
1.356690078443716085e-01 -1.084756237444045174e-01 -1.069078533806562259e+00
1.363252585250694093e-01 -1.254874517658377542e-01 -1.499540808274622550e-01
1.369747936614179040e-01 -1.158685019530815014e-01 7.794781950164930695e-01
1.376243287977663987e-01 -8.248242780317181777e-02 1.536140426647877089e+00
1.382738639341148101e-01 -3.266066158050124485e-02 1.969730462252549996e+00
1.389233990704633048e-01 2.317105798293914165e-02 1.999744998626797665e+00
1.395657048814820111e-01 7.322654954109791836e-02 1.635088512690779261e+00
1.402080106925008007e-01 1.084900820031123314e-01 9.579840754668095260e-01
1.408503165035195070e-01 1.225017087551128064e-01 1.056523267873693134e-01
1.414926223145382134e-01 1.130497560207825575e-01 -7.557947866456331543e-01
1.423395568821196888e-01 6.978961034450875678e-02 -1.628083156787063723e+00
1.431864914497011088e-01 5.357439018351425712e-03 -1.979052788849302580e+00
1.440334260172826120e-01 -5.983620799949794511e-02 -1.715372437465652045e+00
1.448719479772087870e-01 -1.056385090379222957e-01 -9.435442129111935028e-01
1.457104699371351009e-01 -1.196665291203800746e-01 9.446287888299964575e-02
1.465489918970613870e-01 -9.864832506238378762e-02 1.089138687488515167e+00
1.473791511845158053e-01 -5.008268046306476456e-02 1.751513657903574162e+00
1.482093104719703069e-01 1.182009092253293557e-02 1.915642531301296803e+00
1.490394697594248086e-01 6.965584930409469966e-02 1.549533476375142271e+00
1.498616400772035950e-01 1.075378351827954021e-01 7.753008815800314091e-01
1.506838103949824093e-01 1.164922858330678657e-01 -1.927930997031028770e-01
1.515059807127611957e-01 9.487639111702902972e-02 -1.096807777690828711e+00
1.523205105585085095e-01 4.949262961153333418e-02 -1.701234179324668361e+00
1.531350404042559066e-01 -7.756898126974887120e-03 -1.870301488864087869e+00
1.539495702500031926e-01 -6.237319049985399350e-02 -1.572790212602738880e+00
1.547567892028325898e-01 -1.007636884105949232e-01 -9.000991587410628325e-01
1.555640081556619037e-01 -1.146137744031493627e-01 -2.120400142056667186e-02
1.563712271084913008e-01 -1.012006897672375755e-01 8.514309917214809564e-01
1.571714424761531115e-01 -6.464887488354364997e-02 1.509941028990523737e+00
1.579716578438148944e-01 -1.378487413763328055e-02 1.816681865359645931e+00
1.587718732114765940e-01 3.959984769476135313e-02 1.709161943772634418e+00
1.593682299859416895e-01 7.407170518487375677e-02 1.373120224361876085e+00
1.599645867604068128e-01 9.890101797206830858e-02 8.688827860961035876e-01
1.607548172773561879e-01 1.122073312643645099e-01 6.267414206471401406e-02
1.615450477943055907e-01 1.016671902309039810e-01 -7.475774312026174373e-01
1.623352783112549935e-01 6.996193811206156965e-02 -1.393119394285249557e+00
1.631192240213278077e-01 2.446986338329328395e-02 -1.740940790723622511e+00
1.639031697314005942e-01 -2.548064112589253430e-02 -1.732121260592474510e+00
1.646871154414734917e-01 -6.977359461585440348e-02 -1.375791649993658439e+00
1.654650075841770929e-01 -9.956136664917297763e-02 -7.552932860928500691e-01
1.662428997268806941e-01 -1.097064239685852927e-01 4.954858865814997307e-03
1.670207918695844063e-01 -9.864516729606687129e-02 7.559713278301912753e-01
1.677928708154781123e-01 -6.916679273302030195e-02 1.351594770578165461e+00
1.685649497613717074e-01 -2.710184212807932244e-02 1.689686407059139972e+00
1.693370287072654135e-01 1.954255521805957352e-02 1.711757222872408057e+00
1.699128959626282909e-01 5.235695265102316420e-02 1.519887656682173738e+00
1.704887632179911960e-01 7.951999425308664549e-02 1.173809953629258995e+00
1.712525425599212003e-01 1.022917746703259217e-01 5.483510921878982369e-01
1.720163219018512046e-01 1.070251303998568104e-01 -1.664785057261109202e-01
1.727801012437812922e-01 9.321768005303772420e-02 -8.465607670596916323e-01
1.735386115400147089e-01 6.379844731839159899e-02 -1.372145513588489907e+00
1.742971218362479868e-01 2.395324662661076770e-02 -1.662223814540197298e+00
1.750556321324814035e-01 -1.949733498985766270e-02 -1.672751743689536053e+00
1.758090734592840931e-01 -5.908398613314882336e-02 -1.409598364540339599e+00
1.765625147860866995e-01 -8.875246844600603868e-02 -9.212249962717101726e-01
1.773159561128893891e-01 -1.039250866837950760e-01 -2.899552629135478954e-01
1.780645185463007873e-01 -1.025085043847884791e-01 3.772322424359904058e-01
1.788130809797122134e-01 -8.515430705801546596e-02 9.794480431682002219e-01
1.795616434131235006e-01 -5.481652779444742829e-02 1.424899563301603056e+00
1.806774417515888131e-01 2.753902711944581760e-03 1.666959391056128892e+00
1.817932400900540979e-01 5.874502069576373331e-02 1.371699963438207881e+00
1.829022533861615063e-01 9.532127609370856514e-02 6.504275344482595145e-01
1.840112666822688869e-01 1.019386412424334309e-01 -2.636385784514422848e-01
1.851137424986991076e-01 7.747048458801433779e-02 -1.082236931537171820e+00
1.862162183151294115e-01 3.007371312847536421e-02 -1.567008926119955792e+00
1.873123941815151017e-01 -2.539820296753006121e-02 -1.583046748054946162e+00
1.884085700479007919e-01 -7.288007565722523506e-02 -1.139706845337693730e+00
1.894986740814197101e-01 -9.885731314891058052e-02 -3.787474576414950889e-01
1.905887781149386007e-01 -9.677332766778995454e-02 4.803364040786685107e-01
1.916730272722124984e-01 -6.801152321268356948e-02 1.193654300786753941e+00
1.927572764294863961e-01 -2.103054613497682898e-02 1.574192856192923706e+00
1.938358801601320902e-01 3.087423909389436921e-02 1.527521498360890240e+00
1.949144838907778954e-01 7.407600187994976826e-02 1.077445467332085460e+00
1.959876440525072094e-01 9.739358205532402946e-02 3.537373025083652700e-01
1.970608042142364125e-01 9.547680261796134826e-02 -4.536482993354150062e-01
1.981287147275558047e-01 6.948488376664119226e-02 -1.135215821362265842e+00
1.991966252408751137e-01 2.642283119188684054e-02 -1.527063314006188666e+00
2.002594720445023124e-01 -2.252321265086664956e-02 -1.538747494127799209e+00
2.013223188481295112e-01 -6.553351049204923784e-02 -1.177050863485696652e+00
2.023802826740382921e-01 -9.231769962012503772e-02 -5.389996326682581218e-01
2.034382464999472118e-01 -9.706787563111650419e-02 2.206023766790587703e-01
2.044915009253560068e-01 -7.920285718907783823e-02 9.193202974393744897e-01
2.055447553507646907e-01 -4.330853895962238909e-02 1.400746125176074663e+00
2.065934679926554884e-01 1.923668791733298186e-03 1.559139656648575567e+00
2.076421806345462029e-01 4.631907260691945499e-02 1.367107571880054495e+00
2.086865129960230880e-01 7.994136615595798245e-02 8.756394414144080818e-01
2.097308453575000009e-01 9.582612898023812331e-02 1.968625445830168852e-01
2.107709537672242117e-01 9.089832943889013250e-02 -5.168320820486677070e-01
2.118110621769483948e-01 6.664987821018422687e-02 -1.115338385977066027e+00
2.128480599636951021e-01 2.865287369815982740e-02 -1.472376663704659583e+00
2.138821136186860039e-01 -1.486949486168109499e-02 -1.520480246336606944e+00
2.149161672736769058e-01 -5.498069819359477362e-02 -1.255950906959048874e+00
2.159459665261461991e-01 -8.349588485778369762e-02 -7.403501321158907356e-01
2.169742753085213971e-01 -9.507586865847862667e-02 -8.187185786102743612e-02
2.180025840908965951e-01 -8.775218049375586860e-02 5.887100351843272961e-01
2.190272457378873994e-01 -6.336068032494880653e-02 1.137706926732622525e+00
2.200519073848782037e-01 -2.689177881745972304e-02 1.462687711056508411e+00
2.210737515503453099e-01 1.435543898681391865e-02 1.504684365578876193e+00
2.220955957158123883e-01 5.257209850911428312e-02 1.260958697405359707e+00
2.231133728053782961e-01 8.053504785222027895e-02 7.836108480881579519e-01
2.241311498949442038e-01 9.337373900006940008e-02 1.639547035529497487e-01
2.251456680358785989e-01 8.899038924834776210e-02 -4.802928458385910537e-01
2.261601861768129940e-01 6.849132555083076168e-02 -1.033716737495807836e+00
2.271708474868849026e-01 3.594075575370109937e-02 -1.396165248857177188e+00
2.281814321068081908e-01 -2.751812716424471145e-03 -1.508670406954785381e+00
2.291920167267315067e-01 -4.069572963373222635e-02 -1.355140416356636734e+00
2.301989120822834911e-01 -7.119126154539380524e-02 -9.674251910178169878e-01
2.312058074378355865e-01 -8.923265665116869583e-02 -4.152543841157368965e-01
2.322098544924325048e-01 -9.192549347129803927e-02 2.031567558216193503e-01
2.332139015470293120e-01 -7.909448347360181764e-02 7.838811405041631319e-01
2.342152100895429911e-01 -5.318310313184134580e-02 1.229166988566861907e+00
2.352165186320565871e-01 -1.863917886403960306e-02 1.468665046832950072e+00
2.362151954922880881e-01 1.865685885634165916e-02 1.465942968845410421e+00
2.372138723525195059e-01 5.269944657386918530e-02 1.225343537939477034e+00
2.382100212913642878e-01 7.800312610396631374e-02 7.898102384603211679e-01
2.392061702302090975e-01 9.074619711075283812e-02 2.307194947194680379e-01
2.401998924915476896e-01 8.909883698249300432e-02 -3.607919517951700406e-01
2.411936147528863927e-01 7.354571677677693153e-02 -8.931991430705399360e-01
2.421839272173959001e-01 4.678240995475379388e-02 -1.283073419886586741e+00
2.431741826801301909e-01 1.302128814255069413e-02 -1.474660054755774441e+00
2.441644381428645094e-01 -2.252777549477760419e-02 -1.441552236019839173e+00
2.451525072457547971e-01 -5.442657291315038809e-02 -1.191969546141947278e+00
2.461405763486450016e-01 -7.804241946485962478e-02 -7.657368470106884484e-01
2.476169690387302891e-01 -9.102110090476622783e-02 4.139439029431141864e-02
2.490986197616346931e-01 -7.537173110093094153e-02 8.326849931889088730e-01
2.500816239077278125e-01 -5.102388255450546889e-02 1.228711606429415681e+00
2.510646280538209041e-01 -1.952968944633071482e-02 1.448007848322811153e+00
2.520461819638492029e-01 1.452380105522468878e-02 1.461498604879545304e+00
2.530263942354005202e-01 4.634043174823983258e-02 1.270670533179750539e+00
2.540066065069517820e-01 7.158002858997097873e-02 9.043315125331417015e-01
2.549850575566918187e-01 8.682573493901453443e-02 4.157464438614161262e-01
2.559635086064319109e-01 9.016327639604325428e-02 -1.276442226203781671e-01
2.569380179873769765e-01 8.133636070970981513e-02 -6.493774387625402822e-01
2.579152191512413816e-01 6.163756449872611481e-02 -1.083043061951668662e+00
2.588903710736741859e-01 3.388659489108371975e-02 -1.370281053642406377e+00
2.598655229961069901e-01 1.796578644152188467e-03 -1.476007217105276048e+00
2.613230664276363080e-01 -4.449009288155091058e-02 -1.282127525382311228e+00
2.627870461853180073e-01 -7.825379821330909202e-02 -7.302244534790888197e-01
2.642403887882019964e-01 -9.013698032521177961e-02 1.579641600401709631e-02
2.657003925946191947e-01 -7.744255321826300220e-02 7.565149626841596309e-01
2.666698680509819730e-01 -5.668584119421166828e-02 1.147695436101885180e+00
2.676393435073449178e-01 -2.902745651428497928e-02 1.396096454673823928e+00
2.686075749083224884e-01 2.037599444029197272e-03 1.472793538919109801e+00
2.695758063093001144e-01 3.273963924260393787e-02 1.370619990620943307e+00
2.705412474514743981e-01 5.932035626101363895e-02 1.104701425911755130e+00
2.715098617210188192e-01 7.879960817208661594e-02 7.069366487079967731e-01
2.724758040936595127e-01 8.883061180115561783e-02 2.278398049691044980e-01
2.734417464663002062e-01 8.839387830204332996e-02 -2.765473305873854537e-01
2.744049664315437731e-01 7.768809893283742940e-02 -7.458127861565662098e-01
2.753714841122708035e-01 5.798504510585229116e-02 -1.128624088954744975e+00
2.768122224042693924e-01 1.775346939367487137e-02 -1.444983757290498438e+00
2.782605428606568232e-01 -2.686276484859385222e-02 -1.404952185787973651e+00
2.792230898017574736e-01 -5.367925472778922735e-02 -1.179870675783982970e+00
2.801856367428581240e-01 -7.443449621475928257e-02 -8.240178417077326234e-01
2.811473565508991190e-01 -8.688426098378974893e-02 -3.784099363118872961e-01
2.821090763589401140e-01 -8.976211710398396271e-02 1.074451712729281166e-01
2.830682204929131918e-01 -8.287608846609001434e-02 5.789784735358963763e-01
2.840309311037308992e-01 -6.700868049359953726e-02 9.880579256176401648e-01
2.854679267090184935e-01 -3.116320973299981437e-02 1.385658201269902134e+00
2.869131169026136741e-01 1.195543688780602992e-02 1.462256303913977540e+00
2.878724078661420993e-01 3.986478683646207943e-02 1.321961888012941566e+00
2.888316988296705801e-01 6.354542290320153164e-02 1.044243674663896781e+00
2.897885131602004893e-01 8.055205131067615099e-02 6.602695612471646269e-01
2.907490868313554744e-01 8.928894308024094839e-02 2.080326644178335793e-01
2.921808661995458078e-01 8.543269396935211646e-02 -4.815985829722098654e-01
2.936212407457569062e-01 6.275616147630884434e-02 -1.066154606841432262e+00
2.945767800163460737e-01 3.946264920716871516e-02 -1.331872900955008543e+00
2.955362094878383750e-01 1.221653420999038557e-02 -1.465714790427365966e+00
2.964933245974175069e-01 -1.610869595496055434e-02 -1.454688734282755025e+00
2.974504397069965833e-01 -4.280047146306095035e-02 -1.301759940623297584e+00
2.988819926201308208e-01 -7.395279577041705132e-02 -8.523957299541468080e-01
3.003225649590904878e-01 -8.965546005554164699e-02 -2.233169671931477251e-01
3.012768521985618730e-01 -8.972989595518945927e-02 2.309479306186530134e-01
3.022352021590857252e-01 -8.134823643139581228e-02 6.639276123530930551e-01
3.031913095476029274e-01 -6.539964921931418207e-02 1.032651796844227254e+00
3.041474169361201851e-01 -4.341999011363512767e-02 1.304675083014063430e+00
3.051033301085280258e-01 -1.749025414722343505e-02 1.455901478313170960e+00
3.060592432809358110e-01 9.990898226812655256e-03 1.473785161649295183e+00
3.077228753413188134e-01 5.355363978363790467e-02 1.199877017723703476e+00
3.093993823933313125e-01 8.327050342290659435e-02 6.112637611814288885e-01
3.110674284137491807e-01 9.129889419742388823e-02 -1.296924118542703563e-01
3.127486617597647900e-01 7.589573016284582863e-02 -8.390375018305610277e-01
3.146597057555134969e-01 3.568456109808477300e-02 -1.372354936670131309e+00
3.165707857154991811e-01 -1.582678125411710740e-02 -1.465974258725380341e+00
3.184822492123998150e-01 -6.227254130549761402e-02 -1.098614871532342052e+00
3.203937127093003934e-01 -8.931488069503902560e-02 -3.925197756471678900e-01
3.223053245029371960e-01 -8.898207123986442979e-02 4.300680971486177118e-01
3.237393876847550755e-01 -7.048612309471635751e-02 9.772096804002734505e-01
3.251734508665731216e-01 -3.977020175511290084e-02 1.352678584627932112e+00
3.270859409516935212e-01 1.010097474719000125e-02 1.486199133509474857e+00
3.289988837648503139e-01 5.697936684492367621e-02 1.186448019401670217e+00
3.309123358818485960e-01 8.743205217230463899e-02 5.474178318726889980e-01
3.318692480034560743e-01 9.367131219580844548e-02 1.495769301250597649e-01
3.337835702002405203e-01 8.571358622801900085e-02 -6.327543356503178007e-01
3.356990749884776748e-01 5.393575770631073990e-02 -1.236259243818351283e+00
3.376145797767149959e-01 7.396853322863048905e-03 -1.498792355269533250e+00
3.395310173018977751e-01 -4.113759772539034992e-02 -1.355842784018684855e+00
3.414482662821387016e-01 -7.870390062434705347e-02 -8.528240180740700449e-01
3.428870733729471043e-01 -9.372715066069770007e-02 -3.143462040805626301e-01
3.443258804637556181e-01 -9.462677157447059451e-02 2.693945500642114244e-01
3.457657352099121062e-01 -8.141896374655094304e-02 8.112414774476729429e-01
3.472055899560684833e-01 -5.620846562352253828e-02 1.231624039183026875e+00
3.491265623556059072e-01 -1.110521461920256289e-02 1.503739716696519180e+00
3.510485786226508753e-01 3.678861195823415059e-02 1.401389475573393550e+00
3.524911716782869742e-01 6.763660714179943467e-02 1.090947838657876146e+00
3.539337647339230730e-01 8.899689912637659406e-02 6.288597461001008693e-01
3.553776513800582793e-01 9.801843239096665050e-02 8.091690132678287795e-02
3.568215380261933745e-01 9.358001353659639587e-02 -4.760931356746123111e-01
3.587489468669590731e-01 6.852777660216179123e-02 -1.099635622324844020e+00
3.606763557077248272e-01 2.754930370933877937e-02 -1.465615955394084624e+00
3.626063224667718243e-01 -1.981913596010846310e-02 -1.495355535437084882e+00
3.645362892258188769e-01 -6.274986223269087005e-02 -1.188091037345064382e+00
3.664689469915051179e-01 -9.178665907169646088e-02 -6.177351298659579104e-01
3.684016047571914143e-01 -1.006889781276650991e-01 8.535691438538263454e-02
3.703370865072648788e-01 -8.778357879424568411e-02 7.676936708842995172e-01
3.722725682573382877e-01 -5.610678313204549988e-02 1.283330499340771258e+00
3.742110041386200181e-01 -1.251596825965085001e-02 1.527444061925431251e+00
3.761494400199016930e-01 3.373386216756200928e-02 1.453893603809114810e+00
3.780909480870727757e-01 7.319610255061730075e-02 1.083211175921093838e+00
3.800324561542439139e-01 9.792284317713993713e-02 4.958792453457883109e-01
3.819771417800634228e-01 1.031915118481053079e-01 -1.883052309545348579e-01
3.839218274058828761e-01 8.818423500121683190e-02 -8.325107395691010437e-01
3.858697944775816846e-01 5.601990481620325313e-02 -1.313773362429915270e+00
3.878177615492804930e-01 1.308792922331566272e-02 -1.542478245436541773e+00
3.897691117133387229e-01 -3.246224643619708555e-02 -1.480376076074125580e+00
3.917204618773967861e-01 -7.206714558007561167e-02 -1.144172243439275372e+00
3.941647014547489114e-01 -1.024043578826168421e-01 -4.491387032433310500e-01
3.966089410321009256e-01 -1.047017662768992552e-01 3.651229755032286417e-01
3.985682178739590187e-01 -8.571483236538660067e-02 9.580436469980220249e-01
4.005274947158171117e-01 -5.172218665205181171e-02 1.381641244097781440e+00
4.024904064316531249e-01 -8.681404216618884492e-03 1.566833751520421814e+00
4.044533181474890271e-01 3.593708470428268881e-02 1.486141283967447269e+00
4.064199206371885142e-01 7.472422337320729080e-02 1.157541719401574909e+00
4.083865231268878904e-01 1.012797530560386877e-01 6.399824847003218187e-01
4.103568695697539792e-01 1.114577430576989825e-01 1.988780216493644948e-02
4.123272160126201236e-01 1.037816761809947919e-01 -6.007059819440052628e-01
4.143013596746851213e-01 7.963939557044238948e-02 -1.124933019605937723e+00
4.162755033367501190e-01 4.300798774135242142e-02 -1.472046444334754733e+00
4.182534987903078205e-01 -4.147724978386093048e-04 -1.592490985501468392e+00
4.202314942438655776e-01 -4.390224356680175882e-02 -1.471790118315806417e+00
4.227096292711439163e-01 -8.838810692569737393e-02 -1.022456280928322636e+00
4.251877642984221994e-01 -1.131669329673593571e-01 -3.463842024648998152e-01
4.271745802569402173e-01 -1.151084288636760739e-01 2.600797210252251412e-01
4.291613962154581796e-01 -1.006806067018783390e-01 8.271193272036287958e-01
4.311521647704175120e-01 -7.204488434157713117e-02 1.277122074534189800e+00
4.331429333253766778e-01 -3.335223128009898175e-02 1.549277743903145099e+00
4.351376674815624068e-01 1.009358314854300227e-02 1.610156077434494959e+00
4.371324016377479138e-01 5.233112878233269621e-02 1.455148094166311079e+00
4.391311183782494187e-01 8.785350809222468305e-02 1.108190477063766499e+00
4.411298351187508127e-01 1.120243802102209169e-01 6.184101014459260082e-01
4.431325454458727164e-01 1.218862468464781690e-01 5.028806112183683424e-02
4.451352557729946757e-01 1.163087781504097279e-01 -5.218868482046024049e-01
4.481444270479484904e-01 8.192715068987357907e-02 -1.228002855345470046e+00
4.506573177191960933e-01 3.546656372764244586e-02 -1.572756517619522620e+00
4.531702083904435852e-01 -1.778462655068579340e-02 -1.626174264644197454e+00
4.551848815569788931e-01 -5.900231228903937003e-02 -1.453649948691891680e+00
4.571995547235140900e-01 -9.350554431576606207e-02 -1.113035304186128505e+00
4.592181900033455166e-01 -1.174578840107644156e-01 -6.456275380029357081e-01
4.612368252831767768e-01 -1.282047193150344100e-01 -1.072088707463232510e-01
4.632593922887823235e-01 -1.246900433576365874e-01 4.420321941223798179e-01
4.652819592943879257e-01 -1.074400089386641083e-01 9.406848894617817480e-01
4.673084188243976089e-01 -7.842243008262600457e-02 1.336574253414026581e+00
4.693348783544071812e-01 -4.089853691929885154e-02 1.588577967170483607e+00
4.713651924405172222e-01 1.166045406929877267e-03 1.673139488927593677e+00
4.733955065266273188e-01 4.328909545735431380e-02 1.584239294933028397e+00
4.759389023477624270e-01 8.940492688319309766e-02 1.250945853439540345e+00
4.784822981688974797e-01 1.219158724957807166e-01 7.262115479753499248e-01
4.805211256895989269e-01 1.349045818417483888e-01 2.211141461324296065e-01
4.825599532103003741e-01 1.348223147080988837e-01 -3.034903826144488281e-01
4.846024622203434773e-01 1.217976440748382017e-01 -7.979787228178484293e-01
4.866449712303865804e-01 9.720174262177141977e-02 -1.215463284591939530e+00
4.886910831097662222e-01 6.339044759253463501e-02 -1.519204706204275057e+00
4.907371949891458085e-01 2.360483739379818161e-02 -1.682906448945022948e+00
4.927868267637741106e-01 -1.856805899874081414e-02 -1.694530665907522993e+00
4.948364585384024128e-01 -5.928376626702511892e-02 -1.555702001394521083e+00
4.989425778493357111e-01 -1.217162195226796917e-01 -9.149734808751865955e-01
5.020264094695874313e-01 -1.441121878841172266e-01 -2.206238727564876212e-01
5.051138832495274400e-01 -1.403122210152783766e-01 5.107760923633799521e-01
5.092361856145506405e-01 -9.756933348151716756e-02 1.312147709998378931e+00
5.133645520198434342e-01 -2.508654025849177405e-02 1.719018106753674502e+00
5.174987117319133079e-01 5.555963969091010785e-02 1.627237137182949045e+00
5.216383508218596088e-01 1.214488984521438636e-01 1.079685744838837502e+00
5.257831480915519107e-01 1.547578923587946964e-01 2.414333011252832450e-01
5.299327976174466048e-01 1.471800345796311638e-01 -6.554529525495936815e-01
5.340869657500283418e-01 1.013944186877440701e-01 -1.378408821225559411e+00
5.382452599924625325e-01 2.957405287068680041e-02 -1.753296633093939016e+00
5.424072497157466088e-01 -5.031930581595200208e-02 -1.701906414048877991e+00
5.465725012540574301e-01 -1.192642422548512715e-01 -1.251809563075052090e+00
5.507405845750824591e-01 -1.616709755771503776e-01 -5.201553539719868668e-01
5.549110536012068495e-01 -1.686238630523333171e-01 3.210517551914479628e-01
5.590834321773656690e-01 -1.393081249237872743e-01 1.087677693820245262e+00
5.643010869630014081e-01 -6.346282697405267181e-02 1.704478732982299016e+00
5.684758978830769527e-01 1.410580362249541468e-02 1.825468758189564999e+00
5.726509199913500936e-01 8.984294662671334086e-02 1.594070173625749431e+00
5.768255755389478656e-01 1.495677631371558625e-01 1.067543170529517971e+00
5.809992666418749563e-01 1.827731511596518976e-01 3.529211378549872991e-01
5.851713896051653485e-01 1.842039083962381807e-01 -4.170965575100564204e-01
5.882989619740793819e-01 1.643541197216913385e-01 -9.537803013491982229e-01
5.935085681122563850e-01 9.903665956221638367e-02 -1.614208430391838922e+00
5.976721595114997676e-01 2.722467675687392438e-02 -1.862627907359046153e+00
6.018315407075064405e-01 -4.955289722593884949e-02 -1.826027745977317762e+00
6.059860031390628121e-01 -1.198475555599745612e-01 -1.522559414110701281e+00
6.101348262532020339e-01 -1.738239248359602640e-01 -1.007481165486212804e+00
6.142772761532119263e-01 -2.045068241071399950e-01 -3.611522125598190525e-01
6.184126036405177551e-01 -2.084685554439744681e-01 3.249211112769521681e-01
6.225400396928169044e-01 -1.859426176628479754e-01 9.616444549014957488e-01
6.266587955232777452e-01 -1.404353933654891584e-01 1.473653477023387781e+00
6.307680621340325811e-01 -7.796540530329632013e-02 1.807206625718624560e+00
6.348670077734064332e-01 -6.088064819583339365e-03 1.934169627649633627e+00
6.389547727646552877e-01 6.713581244054650510e-02 1.852237356254740508e+00
6.430304670771704867e-01 1.340911050358254142e-01 1.582013666257586104e+00
6.470931794239351831e-01 1.883777061750687432e-01 1.161848454882894233e+00
6.511419830734889169e-01 2.253369392341248445e-01 6.414268665039569717e-01
6.551759295578980513e-01 2.423143727463383246e-01 7.506891869865434108e-02
6.591940368817645890e-01 2.386738092258588184e-01 -4.844280108314111821e-01
6.631952816224888636e-01 2.156035549253043637e-01 -9.907965229189598100e-01
6.671786041264677891e-01 1.757715021402891098e-01 -1.407820467014919252e+00
6.711429148974273895e-01 1.228911260606586342e-01 -1.711272893757993074e+00
6.750870927600961524e-01 6.125813432418501098e-02 -1.889366720981620285e+00
6.790099725167971778e-01 -4.691225376161863199e-03 -1.941951242290363311e+00
6.829103352717456055e-01 -7.076202132431039238e-02 -1.878774114508032111e+00
6.867869018151261384e-01 -1.332983048951555949e-01 -1.717162971619944134e+00
6.906383285912754966e-01 -1.893858399715870333e-01 -1.479478888042509821e+00
6.944632064204609989e-01 -2.369612005067568972e-01 -1.190649746678164034e+00
6.982600501045075347e-01 -2.748372031829809381e-01 -8.759885799761406577e-01
7.020272815871985150e-01 -3.026612380213308806e-01 -5.594585870610054856e-01
7.038990663650485091e-01 -3.128914701449013736e-01 -4.071424952609272174e-01
7.057628000939073498e-01 -3.207947627684246128e-01 -2.621004063894279423e-01
7.094655902404470860e-01 -3.302932939732254325e-01 -2.206822358098658576e-03
7.131331888985167344e-01 -3.326311050178250572e-01 2.059876451934982977e-01
7.167633315432266894e-01 -3.296667351529194434e-01 3.513349466746920613e-01
7.203534697890988658e-01 -3.235621214420416614e-01 4.218826950282473232e-01
7.239006927315578821e-01 -3.164056172765708497e-01 4.303748592677638096e-01
7.274037472512754343e-01 -3.092965159583410673e-01 4.267954854078144233e-01
7.308631569784361792e-01 -3.024027341441242189e-01 4.233274652507549307e-01
7.342794427454362172e-01 -2.957152828684544432e-01 4.199663035087863872e-01
7.376531370894844342e-01 -2.892258172752660283e-01 4.167077010449678487e-01
7.409847640846142225e-01 -2.829264071424663074e-01 4.135475747882529363e-01
7.442748211369105693e-01 -2.768095947675894841e-01 4.104820621401874536e-01
7.475237974064263824e-01 -2.708683069121344267e-01 4.075074906578526335e-01
7.507321962838469087e-01 -2.650957486815743724e-01 4.046203470046097483e-01
7.539005302043194634e-01 -2.594854035986604024e-01 4.018172731347136040e-01
7.570292970629285412e-01 -2.540310975862629106e-01 3.990950784873192325e-01
7.601189748256973466e-01 -2.487270009941146276e-01 3.964507347886200850e-01
7.631700307096180858e-01 -2.435675782362190511e-01 3.938813589109003699e-01
7.661829280312825174e-01 -2.385475501259321507e-01 3.913841991682359689e-01
7.691581275626218073e-01 -2.336618767240302708e-01 3.889566271462518987e-01
7.720960887207071188e-01 -2.289057362785608674e-01 3.865961301630423397e-01
7.749972707982543119e-01 -2.242745037106392558e-01 3.843003041898405692e-01
7.778621289318303766e-01 -2.197637558845921546e-01 3.820668512696253627e-01
7.806911033824630586e-01 -2.153693008825489918e-01 3.798935821748279373e-01
7.834846171445913887e-01 -2.110871749633230765e-01 3.777784123278989936e-01
7.862430869060449412e-01 -2.069135907310054590e-01 3.757193480437611699e-01
7.889669369237084506e-01 -2.028448848770556534e-01 3.737144716851950599e-01
7.916565982021911418e-01 -1.988775179453173281e-01 3.717619386703142070e-01
7.943124974778934533e-01 -1.950081031405221099e-01 3.698599818423912167e-01
7.969350495080719243e-01 -1.912334170427025803e-01 3.680069130152506807e-01
7.995246585495641156e-01 -1.875503827605880247e-01 3.662011178932723654e-01
8.020817215573190495e-01 -1.839560510627086809e-01 3.644410502111434247e-01
8.046066294762304061e-01 -1.804475918839194282e-01 3.627252275165608331e-01
8.070997653306969388e-01 -1.770222931637950026e-01 3.610522294498340057e-01
8.095615092888481801e-01 -1.736775472383591534e-01 3.594206913702279182e-01
8.119922431475441460e-01 -1.704108379212214697e-01 3.578292988531796004e-01
8.143923505053758394e-01 -1.672197392648735181e-01 3.562767852219632103e-01
8.167622071215497881e-01 -1.641019307193223864e-01 3.547619355860854307e-01
8.191021778306492029e-01 -1.610551975774395517e-01 3.532835862979673003e-01
8.214126187949533087e-01 -1.580774160665062988e-01 3.518406211866936806e-01
8.236938850346046115e-01 -1.551665304147432367e-01 3.504319647171793561e-01
8.259463322523640239e-01 -1.523205454782782242e-01 3.490565791385134009e-01
8.281703138888254490e-01 -1.495375383496297950e-01 3.477134645728555684e-01
8.303661724506571362e-01 -1.468156820301073362e-01 3.464016625326402088e-01
8.325342380230222883e-01 -1.441532465748582570e-01 3.451202548810339277e-01
8.346748353855768521e-01 -1.415485697869542647e-01 3.438683578889605297e-01
8.367882947421915185e-01 -1.390000231386938068e-01 3.426451145143268318e-01
8.388749484008726220e-01 -1.365060167527128998e-01 3.414496952824485065e-01
8.409351219691613144e-01 -1.340650255158167825e-01 3.402813021255501891e-01
8.429691303017050608e-01 -1.316755993645070399e-01 3.391391693136840968e-01
8.449772835243484215e-01 -1.293363450334854003e-01 3.380225586783912051e-01
8.469598912257328971e-01 -1.270459109418528854e-01 3.369307561762084902e-01
8.489172622932020795e-01 -1.248029883476346052e-01 3.358630710221567339e-01
8.508497044538249066e-01 -1.226063148607900721e-01 3.348188349894711813e-01
8.527575229688695302e-01 -1.204546729069766592e-01 3.337974021769111177e-01
8.546410160783932675e-01 -1.183468906511484786e-01 3.327981505184577915e-01
8.565004710086118189e-01 -1.162818463027521787e-01 3.318204829257438981e-01
8.583361673787008872e-01 -1.142584619921209188e-01 3.308638245245066334e-01
8.601483873498577681e-01 -1.122756845021513628e-01 3.299276165282498674e-01
8.619374190156378068e-01 -1.103324757857026828e-01 3.290113139231941042e-01
8.637035513945729992e-01 -1.084278229424448237e-01 3.281143874898646007e-01
8.654470650665438969e-01 -1.065607573770848693e-01 3.272363279273362568e-01
8.671682312272307458e-01 -1.047303567068416236e-01 3.263766455166376423e-01
8.688673159218502917e-01 -1.029357314741222579e-01 3.255348672804935228e-01
8.705445856873960109e-01 -1.011760110706679261e-01 3.247105335767219714e-01
8.722003068198478370e-01 -9.945034555256369868e-02 3.239031979873599476e-01
8.738347418094588592e-01 -9.775791522338808659e-02 3.231124285525756590e-01
8.754481467852704979e-01 -9.609793419357834376e-02 3.223378084655812437e-01
8.770407741766889087e-01 -9.446964123393472579e-02 3.215789342434650089e-01
8.786128771136945126e-01 -9.287228853668100248e-02 3.208354131741074089e-01
8.801647113007132761e-01 -9.130513941378631815e-02 3.201068620569137435e-01
8.816965317742312402e-01 -8.976747640828684760e-02 3.193929083800132740e-01
8.832085878593547434e-01 -8.825861101183321566e-02 3.186931922565195419e-01
8.847011190561783200e-01 -8.677788813926905209e-02 3.180073678657548975e-01
8.861743569071006688e-01 -8.532468039233537249e-02 3.173351020945534007e-01
8.876285293506940288e-01 -8.389837775531870656e-02 3.166760721479957019e-01
8.890638676536581908e-01 -8.249837579256741327e-02 3.160299620729703496e-01
8.904806072870743439e-01 -8.112407342807508026e-02 3.153964621619895214e-01
8.918789864151801527e-01 -7.977487656795477500e-02 3.147752694007587837e-01
8.932592404372767803e-01 -7.845020746527398003e-02 3.141660896570842021e-01
8.946215989640163846e-01 -7.714951108944834157e-02 3.135686386895681355e-01
8.959662842038009778e-01 -7.587225828437753339e-02 3.129826425156538305e-01
8.972935117732897536e-01 -7.461794409066387079e-02 3.124078367147915536e-01
8.986034927209798351e-01 -7.338608269153547303e-02 3.118439652420739172e-01
8.998964354025826839e-01 -7.217620126833923511e-02 3.112907793660807942e-01
9.011725489915097809e-01 -7.098783236890250647e-02 3.107480359428687611e-01
9.024320447860507688e-01 -6.982051091013181943e-02 3.102154966957356153e-01
9.036751353555274591e-01 -6.867377740044793011e-02 3.096929284087956424e-01
9.049020296532450658e-01 -6.754718763962853922e-02 3.091801048061883495e-01
9.061129304280890473e-01 -6.644031760426916122e-02 3.086768074009719198e-01
9.073080357373773941e-01 -6.535275941834062241e-02 3.081828246258163650e-01
9.084875419218813031e-01 -6.428411445705659033e-02 3.076979504001864374e-01
9.096516449412487271e-01 -6.323399041755882466e-02 3.072219834192545518e-01
9.108005396977110202e-01 -6.220200297629842334e-02 3.067547272835134398e-01
9.119344190251117421e-01 -6.118777817389172563e-02 3.062959907541499827e-01
9.130534727752540602e-01 -6.019095372058124588e-02 3.058455879620009532e-01
9.141578874195450677e-01 -5.921117893646488800e-02 3.054033384035453325e-01
9.152478462184302499e-01 -5.824811447384922736e-02 3.049690667168907798e-01
9.163235307136011754e-01 -5.730142756635173834e-02 3.045426019383852267e-01
9.173851213290326045e-01 -5.637079349690417296e-02 3.041237771404834977e-01
9.184327978233862710e-01 -5.545589231595378366e-02 3.037124291320733582e-01
9.194667382392092136e-01 -5.455641113664431996e-02 3.033083987619442645e-01
9.204871184823875119e-01 -5.367204490183477561e-02 3.029115309626810304e-01
9.214941118815067611e-01 -5.280249723711846060e-02 3.025216748030276070e-01
9.224878885587296518e-01 -5.194748132512887195e-02 3.021386836134176135e-01
9.234686156415649050e-01 -5.110671933048793053e-02 3.017624147846033056e-01
9.244364580894727235e-01 -5.027994008226654293e-02 3.013927293436090005e-01
9.253915805410551920e-01 -4.946687536794255879e-02 3.010294911511686156e-01
9.263341472457474746e-01 -4.866725957692316640e-02 3.006725668492951087e-01
9.272643205556930779e-01 -4.788083301426353244e-02 3.003218263488009465e-01
9.281822593195951931e-01 -4.710734581848889657e-02 2.999771433413648269e-01
9.290881192404382150e-01 -4.634655797181408410e-02 2.996383950639467941e-01
9.299820544127295197e-01 -4.559823572519124818e-02 2.993054616341055962e-01
9.308642183379219892e-01 -4.486214791512175420e-02 2.989782255983133852e-01
9.317347637709364472e-01 -4.413806490252322051e-02 2.986565719237847527e-01
9.325938419655581679e-01 -4.342576002079027303e-02 2.983403882114507022e-01
9.334416025644689530e-01 -4.272501084024696305e-02 2.980295646667945886e-01
9.342781940582032263e-01 -4.203559918645127791e-02 2.977239938647668893e-01
9.351037639763524201e-01 -4.135731064256722989e-02 2.974235706187232653e-01
9.359184581932523672e-01 -4.068993611658908160e-02 2.971281921687180527e-01
9.367224180073485673e-01 -4.003327706861676410e-02 2.968377591741911403e-01
9.375157793601903711e-01 -3.938714801508895469e-02 2.965521759078890152e-01
9.382986736089657942e-01 -3.875137422978658375e-02 2.962713499000768635e-01
9.390712321160756826e-01 -3.812578282864952095e-02 2.959951902247028865e-01
9.398335891165293665e-01 -3.751019634742611131e-02 2.957236064419209720e-01
9.405858812974943195e-01 -3.690443285671120982e-02 2.954565087287145952e-01
9.413282457717848661e-01 -3.630830933228317015e-02 2.951938085692865088e-01
9.420608178502133390e-01 -3.572164473032686527e-02 2.949354195049276317e-01
9.427837310928691705e-01 -3.514426039228732424e-02 2.946812570640369167e-01
9.434971161334501089e-01 -3.457598325844241788e-02 2.944312391247512206e-01
9.442010983676487612e-01 -3.401665108127815973e-02 2.941852866691800350e-01
9.448957981803430828e-01 -3.346611295668559805e-02 2.939433236348672485e-01
9.455813325674083947e-01 -3.292422372022157234e-02 2.937052762942257145e-01
9.462578189837917986e-01 -3.239083386320525809e-02 2.934710718727832068e-01
9.469253759203707377e-01 -3.186578569735056682e-02 2.932406383285869333e-01
9.475841219105402002e-01 -3.134891759176328813e-02 2.930139046758205579e-01
9.482341736882211602e-01 -3.084007376467097147e-02 2.927908015976835587e-01
9.488756453742962504e-01 -3.033911060668249143e-02 2.925712616898711316e-01
9.495086488587556328e-01 -2.984589653943732143e-02 2.923552192884166234e-01
9.501332951313513631e-01 -2.936031046283614498e-02 2.921426099822081457e-01
9.507496960826257171e-01 -2.888224073129002853e-02 2.919333699757834522e-01
9.513579651353069044e-01 -2.841158406462026761e-02 2.917274358569860171e-01
9.519582165945869034e-01 -2.794823987756838574e-02 2.915247447800051184e-01
9.525505625735545268e-01 -2.749210335639855687e-02 2.913252354590836202e-01
9.531351118401709677e-01 -2.704306305564962987e-02 2.911288485141854676e-01
9.537119697698679399e-01 -2.660100284452216260e-02 2.909355264607499381e-01
9.542812403202287630e-01 -2.616580266274941280e-02 2.907452130282137670e-01
9.548430270251752061e-01 -2.573733845424309649e-02 2.905578528127322757e-01
9.553974327455952986e-01 -2.531548384096011725e-02 2.903733913468485306e-01
9.559445589026865919e-01 -2.490011651483527849e-02 2.901917753414510748e-01
9.564845050053580877e-01 -2.449112412859631716e-02 2.900129528261422007e-01
9.570173690229182295e-01 -2.408840427540702434e-02 2.898368730035790208e-01
9.575432481385535155e-01 -2.369185993958523861e-02 2.896634859680826124e-01
9.580622389120657667e-01 -2.330139503828659864e-02 2.894927426246511337e-01
9.585744372418232295e-01 -2.291691311876713558e-02 2.893245946816829783e-01
9.590799381259947909e-01 -2.253831842033079957e-02 2.891589947116032788e-01
9.595788354479902749e-01 -2.216551723725641160e-02 2.889958962048964630e-01
9.600712216912781205e-01 -2.179841893497466015e-02 2.888352536471152088e-01
9.605571877573033657e-01 -2.143693613883494720e-02 2.886770225605730378e-01
9.610368233668841187e-01 -2.108098381277132005e-02 2.885211593521934681e-01
9.615102176430252445e-01 -2.073047809909640132e-02 2.883676211101197095e-01
9.619774592602109431e-01 -2.038533591822616273e-02 2.882163655415765913e-01
9.624386363595022198e-01 -2.004547496583896846e-02 2.880673509860589565e-01
9.628938363592510763e-01 -1.971081378943252693e-02 2.879205364664856326e-01
9.633431459530198415e-01 -1.938127181002230817e-02 2.877758816726853630e-01
9.637866510388649610e-01 -1.905676992440466858e-02 2.876333469717200497e-01
9.642244362725824747e-01 -1.873723165343476466e-02 2.874928935423076704e-01
9.646565852206075986e-01 -1.842258291028506245e-02 2.873544833094630047e-01
9.650831808361504116e-01 -1.811275076371569870e-02 2.872180787770062804e-01
9.655043054562382210e-01 -1.780766305998520913e-02 2.870836430196083700e-01
9.659200402356747928e-01 -1.750724933009540490e-02 2.869511398470745434e-01
9.663304647237355161e-01 -1.721144176697377362e-02 2.868205339261148401e-01
9.667356570265409621e-01 -1.692017485336694271e-02 2.866917907169754809e-01
9.671356950751521797e-01 -1.663338346447388455e-02 2.865648760629356251e-01
9.675306568648514016e-01 -1.635100226874042217e-02 2.864397561127735026e-01
9.679206204413721704e-01 -1.607296574411360215e-02 2.863163973086849667e-01
9.683056632759791116e-01 -1.579920843252204457e-02 2.861947665780858463e-01
9.686858619411236049e-01 -1.552966494891146708e-02 2.860748314147587568e-01
9.690612920205190495e-01 -1.526427019684678532e-02 2.859565598999114777e-01
9.694320280361357067e-01 -1.500296016020028801e-02 2.858399207218570437e-01
9.697981436541373013e-01 -1.474567233305738162e-02 2.857248831036007797e-01
9.701597119736792285e-01 -1.449234519008329655e-02 2.856114167108052548e-01
9.705168057640763957e-01 -1.424291742646408704e-02 2.854994915626453134e-01
9.708694969864466451e-01 -1.399732825031086911e-02 2.853890781681694966e-01
9.712178563702503764e-01 -1.375551822938926409e-02 2.852801476477542786e-01
9.715619532024425409e-01 -1.351742967224803596e-02 2.851726717892700824e-01
9.719018559824413872e-01 -1.328300503224460333e-02 2.850666228374922340e-01
9.722376334334535963e-01 -1.305218479263754554e-02 2.849619731728808003e-01
9.725693544860373185e-01 -1.282490730937090213e-02 2.848586953111985065e-01
9.728970879945362249e-01 -1.260110965965560367e-02 2.847567619878043077e-01
9.732209017546173957e-01 -1.238072889008354910e-02 2.846561464485165560e-01
9.735408623544371531e-01 -1.216370205471908016e-02 2.845568224839998828e-01
9.738570353791702328e-01 -1.194996579688903555e-02 2.844587643539328581e-01
9.741694855365269357e-01 -1.173945669743635921e-02 2.843619467496510955e-01
9.744782765863391205e-01 -1.153211211657837951e-02 2.842663448195176246e-01
9.747834712405878399e-01 -1.132787061787990032e-02 2.841719341805259980e-01
9.750851311684266554e-01 -1.112667155046744016e-02 2.840786909082776424e-01
9.753833174776915804e-01 -1.092845386049652243e-02 2.839865914003130709e-01
9.756780908428658305e-01 -1.073315579440802664e-02 2.838956123045181523e-01
9.759695114299516971e-01 -1.054071517581599456e-02 2.838057305441619160e-01
9.762576389021463408e-01 -1.035106864499581343e-02 2.837169233106571764e-01
9.765425324979953858e-01 -1.016415035504580205e-02 2.836291680091599376e-01
9.768242509432418785e-01 -9.979891551919905027e-03 2.835424422891628105e-01
9.771028522833710150e-01 -9.798221620786364341e-03 2.834567240877474692e-01
9.773783933517848910e-01 -9.619070604582734968e-03 2.833719917870959892e-01
9.776509296593629550e-01 -9.442370666076959490e-03 2.832882242699398256e-01
9.779205156231944862e-01 -9.268055771292830688e-03 2.832054008452263294e-01
9.781872047434609918e-01 -9.096060640950554346e-03 2.831235011410538349e-01
9.784510495060143587e-01 -8.926319906868188450e-03 2.830425051588182916e-01
9.787121011965591588e-01 -8.758768198408211844e-03 2.829623933190974494e-01
9.789704097928612070e-01 -8.593340420383207071e-03 2.828831464546648355e-01
9.792260248675913603e-01 -8.429970735214642810e-03 2.828047455379953945e-01
9.794789964416771300e-01 -8.268591376874646556e-03 2.827271714515592893e-01
9.797293750085785957e-01 -8.109132368226858525e-03 2.826504049534250274e-01
9.799772111141689113e-01 -7.951522809193594873e-03 2.825744267995273784e-01
9.802225538059048393e-01 -7.795693860592991208e-03 2.824992182278916464e-01
9.804654503645000574e-01 -7.641582046475870089e-03 2.824247610146184417e-01
9.807059465012439858e-01 -7.489117094459036075e-03 2.823510374253377919e-01
9.809440869290046994e-01 -7.338248100930633115e-03 2.822780300119936969e-01
9.811799158740861504e-01 -7.188908952073859784e-03 2.822057214503094769e-01
9.814134771051555850e-01 -7.041039453952643509e-03 2.821340945156267099e-01
9.816448139740299172e-01 -6.894580380405062464e-03 2.820631320631866168e-01
9.818739695684386426e-01 -6.749473898375869980e-03 2.819928170086160590e-01
9.821009867550495320e-01 -6.605664599227564077e-03 2.819231323276182311e-01
9.823259081899210488e-01 -6.463099391531536286e-03 2.818540610766675503e-01
9.825487766341645113e-01 -6.321727357374529351e-03 2.817855862298957459e-01
9.827696354372893461e-01 -6.181499473793667515e-03 2.817176905481115767e-01
9.829885289087769706e-01 -6.042368353085002426e-03 2.816503565023855682e-01
9.832055018255810852e-01 -5.904289065174890723e-03 2.815835663842151115e-01
9.834205977716130587e-01 -5.767221083788525923e-03 2.815173027767789438e-01
9.836338588957453943e-01 -5.631128898804797084e-03 2.814515485561558394e-01
9.838453264273652188e-01 -5.495981581608276774e-03 2.813862867915680743e-01
9.840550431756610594e-01 -5.361750720500625504e-03 2.813215000632012242e-01
9.842630544299338924e-01 -5.228409298737165915e-03 2.812571701617987419e-01
9.844694079699815026e-01 -5.095932067386879996e-03 2.811932780392443210e-01
9.846741527711339037e-01 -4.964298036984469975e-03 2.811298042684793330e-01
9.848773386240422534e-01 -4.833492238448035619e-03 2.810667291399699952e-01
9.850790165882933325e-01 -4.703504837480361814e-03 2.810040324585906246e-01
9.852792397559874127e-01 -4.574327860985513347e-03 2.809416932809192247e-01
9.854780637322345660e-01 -4.445952712203935994e-03 2.808796896958123401e-01
9.856755468082143423e-01 -4.318370564477023478e-03 2.808179987290831403e-01
9.858717495053704871e-01 -4.191574939999092447e-03 2.807565964906845180e-01
9.860667343401825491e-01 -4.065559232811269234e-03 2.806954583509226886e-01
9.862605662335471868e-01 -3.940334295973651167e-03 2.806345586713484552e-01
9.864533145194630537e-01 -3.815889991576316108e-03 2.805738701676254165e-01
9.866450541503118954e-01 -3.692223441061906735e-03 2.805133636438671418e-01
9.867880381885917318e-01 -3.600123255150429209e-03 2.804681498524695393e-01
9.869309532600107904e-01 -3.508188852095353669e-03 2.804228746727627786e-01
9.871205341790296739e-01 -3.386459007949598095e-03 2.803626813262504736e-01
9.872620466585018129e-01 -3.295795062612717763e-03 2.803176451299688732e-01
9.874036170961336678e-01 -3.205290006271736998e-03 2.802724964416692388e-01
9.875916216718324536e-01 -3.085440081958553283e-03 2.802123868633822346e-01
9.877556032248382412e-01 -2.981272107401843150e-03 2.801598088081634907e-01
9.878728339090028232e-01 -2.907037012069520199e-03 2.801221313756901976e-01
9.880364164951689343e-01 -2.803803525585785075e-03 2.800694266595186721e-01
9.881766700670048253e-01 -2.715653753841600418e-03 2.800241125275829690e-01
9.882701561032216642e-01 -2.657097455264214106e-03 2.799938413173952978e-01
9.884161744165290697e-01 -2.565974060342360828e-03 2.799464484863751212e-01
9.885274938018725477e-01 -2.496797913275524469e-03 2.799102230588791373e-01
9.886441702430321943e-01 -2.424580650199894757e-03 2.798721630349962353e-01
9.887615048409820195e-01 -2.352267152063602061e-03 2.798337906737691227e-01
9.888671405303265383e-01 -2.287443277151635524e-03 2.797991574845063445e-01
9.889964814527246739e-01 -2.208448865723461243e-03 2.797566363264507583e-01
9.891379956535801821e-01 -2.122519761731496684e-03 2.797099608829075601e-01
9.892563647329785104e-01 -2.051068095003377636e-03 2.796707920774728073e-01
9.893750463211569146e-01 -1.979831723105047233e-03 2.796313987255696909e-01
9.894943121748573933e-01 -1.908666665443854368e-03 2.795916844395740508e-01
9.896140207055634797e-01 -1.837678664039112683e-03 2.795516896769617010e-01
9.897159914823099314e-01 -1.777567318779664203e-03 2.795175118289070504e-01
9.898434705941348000e-01 -1.702894749053463072e-03 2.794746372500055975e-01
9.899375585064562610e-01 -1.648126103747934480e-03 2.794428841093965499e-01
9.900878310668779214e-01 -1.561273798219815941e-03 2.793919694491143746e-01
9.901743200970993808e-01 -1.511639919102529496e-03 2.793625495527887748e-01
9.902609137873940037e-01 -1.462210131106721862e-03 2.793330058566629859e-01
9.903612026626938958e-01 -1.405295932209360901e-03 2.792986754532583715e-01
9.904874739384739168e-01 -1.334157188773138708e-03 2.792552697920342997e-01
9.905894425236058121e-01 -1.277141086663793846e-03 2.792200645763011635e-01
9.907182233334840271e-01 -1.205693752950183408e-03 2.791753973434386027e-01
9.907962672147299088e-01 -1.162700436770425184e-03 2.791482119149580332e-01
9.909212141403226370e-01 -1.094349333765442687e-03 2.791044979692676731e-01
9.910108377596256179e-01 -1.045684559490877089e-03 2.790729917051035236e-01
9.911016878566011323e-01 -9.966625243683093459e-04 2.790409204364736051e-01
9.912137238991562960e-01 -9.366345277268374805e-04 2.790011768727858055e-01
9.913000989104370220e-01 -8.906772621098182083e-04 2.789703843602538424e-01
9.913838631252052114e-01 -8.463777957103854306e-04 2.789403910787932594e-01
9.914506465589315587e-01 -8.112486364568086790e-04 2.789163820375497038e-01
9.915146713824002367e-01 -7.777278193789165803e-04 2.788932821115235883e-01
9.916340109879260289e-01 -7.156580469076547196e-04 2.788500007995170504e-01
9.917072197375820242e-01 -6.778451116405938498e-04 2.788232996317211443e-01
9.918113459853242775e-01 -6.244070324740978468e-04 2.787851163981510672e-01
9.918788921488236321e-01 -5.899533520800712008e-04 2.787602126247182843e-01
9.919787124284612512e-01 -5.393381203856632356e-04 2.787232076823573101e-01
9.920446367295224777e-01 -5.061032608321263402e-04 2.786986311392346538e-01
9.921335618592820316e-01 -4.615114496390509882e-04 2.786652997523984543e-01
9.922483388488775313e-01 -4.043599642613574701e-04 2.786219590607336150e-01
9.923140323712106303e-01 -3.718550580122828401e-04 2.785969833453876277e-01
9.923808176287334248e-01 -3.389624899738420422e-04 2.785714610321836093e-01
9.924653149416101661e-01 -2.975638271795618089e-04 2.785389727738211696e-01
9.925519742114751187e-01 -2.553566502346216660e-04 2.785054149964104608e-01
9.926400143689063649e-01 -2.127337099839291489e-04 2.784710643009244979e-01
9.927300306504682759e-01 -1.694151862978037252e-04 2.784356611340498833e-01
9.928223552515691441e-01 -1.252560331754524244e-04 2.783990407089177443e-01
9.928790071570852138e-01 -9.829139494759352115e-05 2.783764080383016037e-01
9.929749283407137694e-01 -5.286107266066645210e-05 2.783377951410275775e-01
9.930338309415541742e-01 -2.510347509109737643e-05 2.783138947919121531e-01
9.931134822473388635e-01 1.226226587181742308e-05 2.782813373041224114e-01
9.931957520679123297e-01 5.065030448630010354e-05 2.782474103177832725e-01
9.932581794112547158e-01 7.963787942214801518e-05 2.782214549641787160e-01
9.933222453859934520e-01 1.092615875499946290e-04 2.781946217145123690e-01
9.934096186032961295e-01 1.494594737382236782e-04 2.781576932377196609e-01
9.934541404540199183e-01 1.698537288079455274e-04 2.781387225513723416e-01
9.935457954224757859e-01 2.116538703803552061e-04 2.780993299232529248e-01
9.936160469382104843e-01 2.435245083913061394e-04 2.780688152465497498e-01
9.936880935992783437e-01 2.760539328748270907e-04 2.780372192083022664e-01
9.937495894572796473e-01 3.036929265557748595e-04 2.780099991386348890e-01
9.938121488219817667e-01 3.316894446896697193e-04 2.779820620717111113e-01
9.939160796672812381e-01 3.779239709028029857e-04 2.779350774918343259e-01
9.939694945657114866e-01 4.015481216062210764e-04 2.779106396833412873e-01
9.940375730092885220e-01 4.315232705335644717e-04 2.778791960746676004e-01
9.941079133971814086e-01 4.623372253233036370e-04 2.778463452332590178e-01
9.941512836844985657e-01 4.812571042438925067e-04 2.778259001893084723e-01
9.942245924467123519e-01 5.131022229570419155e-04 2.777910014053244780e-01
9.942849783485653292e-01 5.392053174929528929e-04 2.777619217043012512e-01
9.943630951281491326e-01 5.727971744107925554e-04 2.777238393517815762e-01
9.944439687478419110e-01 6.073566490553030783e-04 2.776838371495611302e-01
9.944937414949477361e-01 6.285112293409659233e-04 2.776589146927917473e-01
9.945448254080581085e-01 6.501331079649155494e-04 2.776330865801246439e-01
9.946141837795062779e-01 6.793452295867428818e-04 2.775976011823952927e-01
9.946679242963347711e-01 7.018644874067700695e-04 2.775697635827414356e-01
9.947232555508067620e-01 7.249464212285418145e-04 2.775407782913685839e-01
9.947802947091887171e-01 7.486302822766693985e-04 2.775105427772147082e-01
9.948193345282794198e-01 7.647753114902539279e-04 2.774896336131964514e-01
9.948788033927520313e-01 7.892657398169685779e-04 2.774574368366953814e-01
9.949193304565996376e-01 8.058827702478152432e-04 2.774352482087098504e-01
9.949819063874423275e-01 8.314205360826619094e-04 2.774005812139292426e-01
9.950248963278948144e-01 8.488798676314818258e-04 2.773764690948914979e-01
9.950914392447394174e-01 8.757655072049900591e-04 2.773386546405948727e-01
9.951257033035670885e-01 8.895442947926430208e-04 2.773189422835350415e-01
9.951843888488717260e-01 9.130438271456415775e-04 2.772847868733971932e-01
9.952322115084688559e-01 9.321019767661666055e-04 2.772565744983067626e-01
9.952814503025246839e-01 9.516385308222290390e-04 2.772271586959323963e-01
9.953322073685838545e-01 9.716859587628610051e-04 2.771964316733737665e-01
9.953845960308196350e-01 9.922790477004345220e-04 2.771642710884000826e-01
9.954519586706931378e-01 1.018605451907468595e-03 2.771222259434179547e-01
9.954937886889216880e-01 1.034864153301839245e-03 2.770957094627856665e-01
9.955367586705249350e-01 1.051494928367160747e-03 2.770681334311509980e-01
9.955809446208156999e-01 1.068523552659209237e-03 2.770394096248130489e-01
9.956414875400296793e-01 1.091738603970421936e-03 2.769994266003114602e-01
9.956882115261579402e-01 1.109564095203752383e-03 2.769680560316519213e-01
9.957364305507077074e-01 1.127877775336629754e-03 2.769351950650039695e-01
9.957694647789196996e-01 1.140376490272069273e-03 2.769123876360234382e-01
9.958204391530577348e-01 1.159585408531612271e-03 2.768767083514512839e-01
9.958554331825923978e-01 1.172716537426737307e-03 2.768518619431901695e-01
9.959095524598978733e-01 1.192932966835534656e-03 2.768128512209778735e-01
9.959562594527735513e-01 1.210291355266535649e-03 2.767785908645353787e-01
9.960045505597787674e-01 1.228151412706461696e-03 2.767425692167375106e-01
9.960343411253066437e-01 1.239126772209408296e-03 2.767200335000839506e-01
9.960854494326569775e-01 1.257884576338532583e-03 2.766807953677922760e-01
9.961277448285118519e-01 1.273341675909982814e-03 2.766477540511346755e-01
9.961713919593757627e-01 1.289230635433306817e-03 2.766130968297850212e-01
9.962161918280310058e-01 1.305472852152152891e-03 2.765769114023672315e-01
9.962505693319740896e-01 1.317888843556917810e-03 2.765487083294484449e-01
9.962858572444537320e-01 1.330589569330639784e-03 2.765193518635469250e-01
9.963221125104277931e-01 1.343591610109579277e-03 2.764887485659852651e-01
9.963593986330890884e-01 1.356914244468483298e-03 2.764567933055482873e-01
9.963977866504906133e-01 1.370580554934627479e-03 2.764233672101911177e-01
9.964373559441993544e-01 1.384616233354766688e-03 2.763883355839482636e-01
9.964644356591672025e-01 1.394193131998646773e-03 2.763640134918990965e-01
9.965061743102501257e-01 1.408910206221733246e-03 2.763259554134153140e-01
9.965347929889251111e-01 1.418970429680361470e-03 2.762994487616386441e-01
9.965789926785999508e-01 1.434457435162842485e-03 2.762578316534807232e-01
9.966093636738425632e-01 1.445062841100820282e-03 2.762287411514966484e-01
9.966559567315705914e-01 1.461273607339676293e-03 2.761833024828205252e-01
9.966880427217708061e-01 1.472394867310917012e-03 2.761514205890081008e-01
9.967378328212044281e-01 1.489585597953385458e-03 2.761009572223306896e-01
9.967809783515868549e-01 1.504419941641388023e-03 2.760562159755829414e-01
9.968257684029371291e-01 1.519761591358136836e-03 2.760087348965075682e-01
9.968534955838771472e-01 1.529231256617350453e-03 2.759787944376326796e-01
9.969012406558794837e-01 1.545489545680028658e-03 2.759262221607245436e-01
9.969308756731882770e-01 1.555548614911164652e-03 2.758929203793756835e-01
9.969613046775022136e-01 1.565850322508528488e-03 2.758581736623628711e-01
9.969925771600518516e-01 1.576409202397733309e-03 2.758218623283907878e-01
9.970247479264872092e-01 1.587241606511604914e-03 2.757838519108171682e-01
9.970691443777704999e-01 1.602142039067094370e-03 2.757302659578962367e-01
9.971036607767090887e-01 1.613689030516876751e-03 2.756876652094787383e-01
9.971393088047536546e-01 1.625582434823185469e-03 2.756427739758385287e-01
9.971637472447061334e-01 1.633718844924132545e-03 2.756114576899451052e-01
9.972014842903836884e-01 1.646257115972493256e-03 2.755622088582121432e-01
9.972274093111264115e-01 1.654852027747981489e-03 2.755277280434246245e-01
9.972575290295068173e-01 1.664817448494101959e-03 2.754869848011782807e-01
9.972922000224022643e-01 1.676261010077548675e-03 2.754391454677284079e-01
9.973280657224116164e-01 1.688066108442451852e-03 2.753885612373906389e-01
9.973558081309227275e-01 1.697174870473651788e-03 2.753486423253121429e-01
9.973843238065247530e-01 1.706518704434819905e-03 2.753068688630043170e-01
9.974136641173761975e-01 1.716114853859300460e-03 2.752630795189631718e-01
9.974438858290636256e-01 1.725982011844032086e-03 2.752170924419362619e-01
9.974750515538618467e-01 1.736141174825574446e-03 2.751687015126658142e-01
9.975181926553605694e-01 1.750176349719093517e-03 2.751000353768610629e-01
9.975404964969021293e-01 1.757418480082514499e-03 2.750637395768333326e-01
9.975740710655780497e-01 1.768302075533447360e-03 2.750080434516617434e-01
9.976084019075507348e-01 1.779406812736135856e-03 2.749497293460748115e-01
9.976319905302465374e-01 1.787022825970479385e-03 2.749088348134431925e-01
9.976685048465973038e-01 1.798792741351234103e-03 2.748441599529379276e-01
9.976936576052695127e-01 1.806888790223404491e-03 2.747986076229234076e-01
9.977327010428558296e-01 1.819440461200244954e-03 2.747262252792242454e-01
9.977596755686080066e-01 1.828101932340018502e-03 2.746749846270502560e-01
9.977874647642224204e-01 1.837016254297559915e-03 2.746211057186794258e-01
9.978161248682079210e-01 1.846200504884393939e-03 2.745643390853415577e-01
9.978457182292497230e-01 1.855672220087845352e-03 2.745044005132483145e-01
9.978685681051390199e-01 1.862976927193505695e-03 2.744571688450979652e-01
9.978920154480180882e-01 1.870465800461521260e-03 2.744078146934074147e-01
9.979242710965282592e-01 1.880758353084202236e-03 2.743384073650203536e-01
9.979408528064854789e-01 1.886046097077666382e-03 2.743020250225393086e-01
9.979749878048177480e-01 1.896927223869370816e-03 2.742255851376254605e-01
9.979925724695731803e-01 1.902531255820322882e-03 2.741853715963787907e-01
9.980288529745338089e-01 1.914091512971258929e-03 2.741005500131288852e-01
9.980475867178884020e-01 1.920059337547761445e-03 2.740557401003834159e-01
9.980764821692650335e-01 1.929262579163018489e-03 2.739852277312090911e-01
9.981063982578021188e-01 1.938787666951993175e-03 2.739103760955050038e-01
9.981269508387591305e-01 1.945329230027020417e-03 2.738578237627675160e-01
9.981587598926524585e-01 1.955452344115786532e-03 2.737746174820139267e-01
9.981806669382242703e-01 1.962424650178007293e-03 2.737159476868967212e-01
9.982031749578805790e-01 1.969590889396429997e-03 2.736544746965374197e-01
9.982381475806171300e-01 1.980735026422765846e-03 2.735564824323638011e-01
9.982623346236442208e-01 1.988448913594871494e-03 2.734868806576775113e-01
9.982872737916601569e-01 1.996408510634084359e-03 2.734134892874131584e-01
9.983130182164108302e-01 2.004631494927034026e-03 2.733359358864848043e-01
9.983396273700049228e-01 2.013137366967170539e-03 2.732537941545420401e-01
9.983671684421697723e-01 2.021949191536991011e-03 2.731665734966735593e-01
9.983957179697369178e-01 2.031094970938887665e-03 2.730737066193194007e-01
9.984253637137215920e-01 2.040607094192396775e-03 2.729745328190462117e-01
9.984406293963175028e-01 2.045512581016201929e-03 2.729223389609106154e-01
9.984641183739834114e-01 2.053072854066334552e-03 2.728404940599877260e-01
9.984883613646687861e-01 2.060892954441705723e-03 2.727540099041350086e-01
9.985219528053926874e-01 2.071756282158035770e-03 2.726306650983461588e-01
9.985393346580382357e-01 2.077389491860444099e-03 2.725651724235201301e-01
9.985661963323834156e-01 2.086113417690441812e-03 2.724616439473790397e-01
9.985940768752048502e-01 2.095193546727163077e-03 2.723511038263902173e-01
9.986132751984105882e-01 2.101462517809852843e-03 2.722730938290986447e-01
9.986430633305444227e-01 2.111221259510719702e-03 2.721488964160722612e-01
9.986636340980088455e-01 2.117984933300965430e-03 2.720608093261134286e-01
9.986848179599125963e-01 2.124973737663802056e-03 2.719680505714851537e-01
9.987178338722532134e-01 2.135916610719088872e-03 2.718191881063899973e-01
9.987349444046859093e-01 2.141611219306621770e-03 2.717398933231123803e-01
9.987524851726983233e-01 2.147466647657923604e-03 2.716570311991142739e-01
9.987765844015680239e-01 2.155542961901751268e-03 2.715405092099006379e-01
9.988015577918140098e-01 2.163953200381991526e-03 2.714163743800763196e-01
9.988274800149772314e-01 2.172731454783978933e-03 2.712837400868832738e-01
9.988544362552871370e-01 2.181917507552789091e-03 2.711415678877583946e-01
9.988753905693313895e-01 2.189101926944587648e-03 2.710279429195972534e-01
9.988970266660069930e-01 2.196563660278133719e-03 2.709076646006201572e-01
9.989270221423027785e-01 2.206985641888562985e-03 2.707357441713073576e-01
9.989504550052760168e-01 2.215191107237726546e-03 2.705970586897273322e-01
9.989747628014434833e-01 2.223766514680429202e-03 2.704489582285259375e-01
9.990051947931041232e-01 2.234602322525174999e-03 2.702572020763828187e-01
9.990263205772492716e-01 2.242194525402254127e-03 2.701197550250113433e-01
9.990481762035228197e-01 2.250115784812690544e-03 2.699736824604589969e-01
9.990785530834477290e-01 2.261247788565558855e-03 2.697638400389144042e-01
9.991023505581886344e-01 2.270072316355942026e-03 2.695936289042383804e-01
9.991271012511192540e-01 2.279353036172235801e-03 2.694109097071712422e-01
9.991528929002418957e-01 2.289143427829937703e-03 2.692140345968720427e-01
9.991798280720175507e-01 2.299507593538900000e-03 2.690010381560267727e-01
9.991984794926396241e-01 2.306773976586124278e-03 2.688489207900303657e-01
9.992177328124328684e-01 2.314358993646990076e-03 2.686877766161493430e-01
9.992478392564185796e-01 2.326404622916411393e-03 2.684270605073101335e-01
9.992688036569071786e-01 2.334931341379814333e-03 2.682388763755704231e-01
9.992905497192673403e-01 2.343905648815826012e-03 2.680376332271129369e-01
9.993131439165223728e-01 2.353378012033196642e-03 2.678217051984878583e-01
9.993247827739355493e-01 2.358319330924771740e-03 2.677076354487530341e-01
9.993487959678186705e-01 2.368658861738719926e-03 2.674659759372361445e-01
9.993674973098491954e-01 2.376853091965264782e-03 2.672716180350938053e-01
9.993868412429605108e-01 2.385468892769920021e-03 2.670646676113211937e-01
9.994068783400280598e-01 2.394553868152965535e-03 2.668436745831354040e-01
9.994276648665150198e-01 2.404162472809725018e-03 2.666069280558837629e-01
9.994492639380627708e-01 2.414357461433901727e-03 2.663523907421831982e-01
9.994641497712507539e-01 2.421516331045359821e-03 2.661716168728061604e-01
9.994872678435071656e-01 2.432866095057435122e-03 2.658817837915139481e-01
9.995032449859110324e-01 2.440884006939314944e-03 2.656746290463101734e-01
9.995197091961360858e-01 2.449306017839032821e-03 2.654550059380821336e-01
9.995366937452522249e-01 2.458175450417634991e-03 2.652215646736698629e-01
9.995542352050760249e-01 2.467540704172528718e-03 2.649727188857968208e-01
9.995632269244164592e-01 2.472426242173332393e-03 2.648419365184921381e-01
9.995816803494208536e-01 2.482646849506147529e-03 2.645663859629174830e-01
9.996007985421709874e-01 2.493525561071362889e-03 2.642700236643960587e-01
9.996106220069089776e-01 2.499236666937341891e-03 2.641131033910054104e-01
9.996308346586166849e-01 2.511268729296026007e-03 2.637796886206547620e-01
9.996412368419599348e-01 2.517615608310804897e-03 2.636020969892010068e-01
9.996572341019539509e-01 2.527597589431093694e-03 2.633204555563380400e-01
9.996654165764250477e-01 2.532811879787896011e-03 2.631720821485398765e-01
9.996737268852544656e-01 2.538187241586335047e-03 2.630182321068775253e-01
9.996907478591154916e-01 2.549463675510687394e-03 2.626925702585752309e-01
9.997083254080765258e-01 2.561510521908577902e-03 2.623395527692708451e-01
9.997203659123680142e-01 2.570016479171117769e-03 2.620865414909351321e-01
9.997295716088870909e-01 2.576669696035135525e-03 2.618862431980912286e-01
9.997389315847620139e-01 2.583576050586788419e-03 2.616759060175656293e-01
9.997484485856261704e-01 2.590753135381285502e-03 2.614544307340468943e-01
9.997581247233376933e-01 2.598220021612750261e-03 2.612205055164164569e-01
9.997679612228204116e-01 2.605997162989544692e-03 2.609725181155214124e-01
9.997739394289327786e-01 2.610820702840702112e-03 2.608161689575173026e-01
9.997820000854189537e-01 2.617447413116099665e-03 2.605979921432607371e-01
9.997929051550846768e-01 2.626650582029610177e-03 2.602877286083670749e-01
9.997984214594728414e-01 2.631415756106519205e-03 2.601232370298541263e-01
9.998039795735214064e-01 2.636295738250793268e-03 2.599519337042578426e-01
9.998095779159665852e-01 2.641294047701736852e-03 2.597734554235114346e-01
9.998208912998742814e-01 2.651662811085908882e-03 2.593937885381996100e-01
9.998265973426959663e-01 2.657033604274627349e-03 2.591928927715104192e-01
9.998323339786087116e-01 2.662532704878249525e-03 2.589858276263471426e-01
9.998380985682069344e-01 2.668161295594228405e-03 2.587747448601394051e-01
9.998467947419584778e-01 2.676849152273726423e-03 2.584646634787038932e-01
9.998526250026127382e-01 2.682805600692550300e-03 2.582699127557067653e-01
9.998555514960351109e-01 2.685834803729838551e-03 2.581802654116931994e-01
9.998614299637414993e-01 2.691997359501062392e-03 2.580189063851833220e-01
9.998643847881024671e-01 2.695133729528111262e-03 2.579481792187059419e-01
9.998673512895481785e-01 2.698308123627754258e-03 2.578841903328909502e-01
9.998733233069112547e-01 2.704775304477495708e-03 2.577756351250153899e-01
9.998793574077052826e-01 2.711413012987085557e-03 2.576914866404463877e-01
9.998824016846992180e-01 2.714801155783938026e-03 2.576578340134736966e-01
9.998854656500272275e-01 2.718237768654839515e-03 2.576293611891536384e-01
9.998916573648619632e-01 2.725263948942875138e-03 2.575868312093905210e-01
9.998979452562853920e-01 2.732512104258186161e-03 2.575616995288159683e-01
9.999043416463473388e-01 2.740004006607967522e-03 2.575518498608831419e-01
9.999125084778498485e-01 2.749747812236666249e-03 2.575577734917433026e-01
9.999175115050784601e-01 2.755818462077017431e-03 2.575692751200271968e-01
9.999243130945403291e-01 2.764198915078631622e-03 2.575921033330820786e-01
9.999312785469907094e-01 2.772938250498292213e-03 2.576216583226174084e-01
9.999348281186141163e-01 2.777454679213258500e-03 2.576383545786184448e-01
9.999420696978659207e-01 2.786804693359190739e-03 2.576745391785911776e-01
9.999476355849528098e-01 2.794118645700974842e-03 2.577031653591988491e-01
9.999533256625676714e-01 2.801714304399664183e-03 2.577322134728705638e-01
9.999611203631671996e-01 2.812320929732234874e-03 2.577701758760029271e-01
9.999671357732496935e-01 2.820671226276340836e-03 2.577968744104505161e-01
9.999724755022235678e-01 2.828208251766189951e-03 2.578179350189439001e-01
9.999792197722634501e-01 2.837901253030558624e-03 2.578401034144542914e-01
9.999826680284464864e-01 2.842933955218098375e-03 2.578491988001487267e-01
9.999897257606218393e-01 2.853402577502745386e-03 2.578624064771121160e-01
9.999933403873831894e-01 2.858853414117943671e-03 2.578660524969100809e-01
9.999970151280588304e-01 2.864458714526030639e-03 2.578673963753748133e-01
9.999985024668397449e-01 2.866746004009770692e-03 2.578672280701218567e-01
