# -11 2 0.890138177358 0.00707294884866
# x xi_r xi_h
1.310287751119751072e-03 -7.120738908360173092e+00 -3.545872984145053586e+00
1.460995662986557019e-03 -7.927939702718159509e+00 -3.943533252380576837e+00
1.650884358646134958e-03 -8.939223397338695420e+00 -4.439922952415044755e+00
1.840773054305712029e-03 -9.943425627624936425e+00 -4.930485002533453454e+00
2.080034956818093209e-03 -1.119744179103349424e+01 -5.539302696768882761e+00
2.319296859330475039e-03 -1.243750349840788516e+01 -6.136548217500714664e+00
2.620782178678318121e-03 -1.397776110212795686e+01 -6.870746773333275215e+00
2.922267498026161203e-03 -1.549047940190736661e+01 -7.582182367353343722e+00
3.302183600846774012e-03 -1.735283836608153862e+01 -8.442753155907269047e+00
3.682099703667386821e-03 -1.916119993039330538e+01 -9.259058185457288204e+00
4.160900837802832680e-03 -2.135464449784200625e+01 -1.021843038016345062e+01
4.639701971938277672e-03 -2.344342233803984143e+01 -1.109312736895439677e+01
5.099164758699403430e-03 -2.534046953905560073e+01 -1.184640053248249814e+01
5.558627545460530055e-03 -2.712426059925831012e+01 -1.250983705167025128e+01
6.245989158360841335e-03 -2.956512823379561894e+01 -1.332524582404698421e+01
6.768639774805322237e-03 -3.122850660590051675e+01 -1.379649269158569957e+01
7.291290391249803139e-03 -3.271637648628897921e+01 -1.413545452652009971e+01
8.033712313215113712e-03 -3.451576075120332376e+01 -1.438580458448152122e+01
8.776134235180425153e-03 -3.593594194711909751e+01 -1.436401038161822008e+01
9.779784977971731075e-03 -3.724046720264778543e+01 -1.391120476320748622e+01
1.078343572076304047e-02 -3.783763730146677773e+01 -1.299806838794985886e+01
1.166068504828845012e-02 -3.779231817417138473e+01 -1.185875903818852528e+01
1.253793437581384937e-02 -3.724076633033694606e+01 -1.044118233862283240e+01
1.341518370333926076e-02 -3.621398062055990863e+01 -8.791763377739277630e+00
1.454644800751801921e-02 -3.425502616337818296e+01 -6.403957883562493514e+00
1.567771231169676899e-02 -3.167098904520739211e+01 -3.834883273541450865e+00
1.680897661587552050e-02 -2.857716490877592008e+01 -1.210324703105335686e+00
1.774028948610247014e-02 -2.573402111654744218e+01 9.005887835942349984e-01
1.867160235632940937e-02 -2.270435250772557723e+01 2.902329547330467552e+00
1.960291522655635901e-02 -1.956075298189497857e+01 4.735442977897188044e+00
2.053422809678330171e-02 -1.637478663152948499e+01 6.346207139567581201e+00
2.154914563826640025e-02 -1.293603036637380654e+01 7.798767203132343617e+00
2.256406317974948839e-02 -9.610494378124499804e+00 8.896325743659801333e+00
2.357898072123257999e-02 -6.471049456439984304e+00 9.617653284476164188e+00
2.466754477920376012e-02 -3.380787766398424488e+00 9.969266384492476263e+00
2.575610883717492985e-02 -6.347056957475575301e-01 9.893937615636435368e+00
2.684467289514610999e-02 1.723546460301824679e+00 9.420609728600465971e+00
2.793323695311727972e-02 3.666784568501303188e+00 8.592799015776453331e+00
2.903954886174606870e-02 5.204771932171539106e+00 7.445346733004345907e+00
3.014586077037486114e-02 6.305662219023988158e+00 6.054995139446353036e+00
3.125217267900363971e-02 6.986487876682737408e+00 4.494251021290574855e+00
3.235848458763242869e-02 7.276232068375967366e+00 2.838606443305896843e+00
3.346479649626121766e-02 7.213790549545161745e+00 1.163267005382943697e+00
3.457110840488999970e-02 6.845772281664442183e+00 -4.600802254982639394e-01
3.578544865467637309e-02 6.152920966392751545e+00 -2.105031720887503788e+00
3.699978890446273261e-02 5.227189352294121072e+00 -3.539046433317299734e+00
3.821412915424909212e-02 4.141795040509983039e+00 -4.705188200371262397e+00
3.942846940403545858e-02 2.967878558970312941e+00 -5.562569953412476842e+00
4.064280965382181809e-02 1.771917254397085584e+00 -6.088080534016480527e+00
4.185714990360817761e-02 6.134437885656229827e-01 -6.277039996879713257e+00
4.307149015339455100e-02 -4.568113849142326766e-01 -6.142664350683641139e+00
4.424530788812759685e-02 -1.369388104131413098e+00 -5.732502179452701796e+00
4.541912562286065658e-02 -2.134376947410331571e+00 -5.085643093559740535e+00
4.659294335759370242e-02 -2.734240896510487850e+00 -4.248050656554839932e+00
4.776676109232676215e-02 -3.160481353248698166e+00 -3.270176115051202093e+00
4.894057882705980800e-02 -3.412801420933430752e+00 -2.203983040963430451e+00
5.005740200280924673e-02 -3.497465440581321250e+00 -1.153659777256947905e+00
5.117422517855869241e-02 -3.441571859315114779e+00 -1.104914978959726513e-01
5.229104835430813114e-02 -3.259837904309633938e+00 8.872842929048618821e-01
5.340787153005757681e-02 -2.969981486253038927e+00 1.805166442746197975e+00
5.452469470580702249e-02 -2.591849979247607738e+00 2.613524499143419444e+00
5.564151788155646122e-02 -2.146540703743499368e+00 3.288614174537877410e+00
5.675834105730589996e-02 -1.655533924366367593e+00 3.813365946565128617e+00
5.789005031244066207e-02 -1.132962127841584010e+00 4.181610949982373704e+00
5.902175956757541725e-02 -6.056856217446376922e-01 4.382699893006003045e+00
6.015346882271019324e-02 -9.236510921326121504e-02 4.421342206890078508e+00
6.128517807784496230e-02 3.907920104188404298e-01 4.307782310132755477e+00
6.242226172525015132e-02 8.322280297067213839e-01 4.054571851278799599e+00
6.355934537265535422e-02 1.218671960333020499e+00 3.678868341345530091e+00
6.469642902006055019e-02 1.542005431904678758e+00 3.199977854714780801e+00
6.583351266746574615e-02 1.796832290652657482e+00 2.639077946656801732e+00
6.697059631487094211e-02 1.980372472264870343e+00 2.018656680186544428e+00
6.810767996227613807e-02 2.092308086218620744e+00 1.361841536422141896e+00
6.923644416253725564e-02 2.134503619787307738e+00 6.964103620139543427e-01
7.036520836279837321e-02 2.111834900455329400e+00 3.847801369001851296e-02
7.149397256305950465e-02 2.029665683467521742e+00 -5.930326378954938749e-01
7.262273676332062222e-02 1.894599718635853858e+00 -1.181421661299570047e+00
7.375150096358173979e-02 1.714158157324932263e+00 -1.712538732740676028e+00
7.496577999948988991e-02 1.478808860154676941e+00 -2.206850595676609128e+00
7.618005903539804002e-02 1.210871452344208121e+00 -2.611114987566401702e+00
7.739433807130619014e-02 9.208671175386781149e-01 -2.918886550687535664e+00
7.860861710721434026e-02 6.189730804080050275e-01 -3.127522199804477765e+00
7.980832120060649126e-02 3.183542891786177997e-01 -3.236799427669768026e+00
8.100802529399861451e-02 2.388138762925630029e-02 -3.252734706944927723e+00
8.220772938739076552e-02 -2.569278340299565033e-01 -3.180248591856600804e+00
8.340743348078288877e-02 -5.175553576272590162e-01 -3.026222582278021545e+00
8.460713757417503977e-02 -7.525624162475533785e-01 -2.799409476273342356e+00
8.565798069402660864e-02 -9.339993838505697976e-01 -2.548848881192329330e+00
8.670882381387816362e-02 -1.090259460783057577e+00 -2.257782261725191919e+00
8.775966693372971861e-02 -1.219833971459713506e+00 -1.934123515828178874e+00
8.881051005358128747e-02 -1.321862564182515021e+00 -1.586205351204770908e+00
8.973448221530234969e-02 -1.388616983106625957e+00 -1.267002578228927812e+00
9.065845437702341192e-02 -1.434106537099703482e+00 -9.416536894112387257e-01
9.158242653874446026e-02 -1.458873152259378747e+00 -6.150075032614179538e-01
9.258135109670528884e-02 -1.463239197592668406e+00 -2.647081818001447151e-01
9.358027565466608966e-02 -1.445480098783556100e+00 7.861592102631353995e-02
9.457920021262691823e-02 -1.406988026236123179e+00 4.107674662240932140e-01
9.557812477058773293e-02 -1.349344741052428853e+00 7.276060965582391571e-01
9.657704932854854762e-02 -1.274305681330809126e+00 1.025115648873674123e+00
9.778235897335758875e-02 -1.163411235114247821e+00 1.353072656393404127e+00
9.898766861816662987e-02 -1.033523840864028820e+00 1.642782753991282263e+00
1.001929782629756988e-01 -8.882957143404053291e-01 1.890385671691425573e+00
1.013982879077846982e-01 -7.314203704496267111e-01 2.092962416782361057e+00
1.024410895301341995e-01 -5.890616645498721882e-01 2.230434256376017998e+00
1.034838911524837979e-01 -4.430418104935872070e-01 2.332364429825622754e+00
1.045266927748332991e-01 -2.955695602754925266e-01 2.399163046850068870e+00
1.055489126177679010e-01 -1.515891467518482860e-01 2.431491953242219228e+00
1.065711324607025029e-01 -1.000806739537266586e-02 2.432223411432267390e+00
1.075933523036371048e-01 1.275203846377967742e-01 2.402814465666015309e+00
1.087227524102803017e-01 2.729379682573701005e-01 2.337533434279307709e+00
1.098521525169235957e-01 4.098281256397194872e-01 2.240681098934727888e+00
1.108421192166808011e-01 5.216321279423578039e-01 2.132157079486091344e+00
1.118320859164378955e-01 6.248551183878858772e-01 2.003739903090704377e+00
1.128220526161951009e-01 7.187797345753097478e-01 1.857631788074866952e+00
1.137952997292322049e-01 8.015003394125577163e-01 1.699080190650527511e+00
1.147685468422692950e-01 8.742728230287347690e-01 1.528078844414679116e+00
1.157417939553063990e-01 9.368181561498842846e-01 1.346899606269869265e+00
1.166993964766919051e-01 9.882217070625566313e-01 1.160842542359821650e+00
1.176569989980774944e-01 1.029523989525747529e+00 9.691550645726720870e-01
1.186146015194630005e-01 1.060777200031001621e+00 7.738148125447510406e-01
1.195575547351094003e-01 1.081868399210253129e+00 5.796932253949330649e-01
1.205005079507558002e-01 1.093560362020987498e+00 3.855268845705472347e-01
1.214434611664022001e-01 1.096129923491228286e+00 1.929009658660879867e-01
1.223726583742238000e-01 1.090064210191131755e+00 5.993699444300872037e-03
1.233018555820453999e-01 1.075834712176581442e+00 -1.767758565990026065e-01
1.242310527898669997e-01 1.053853715839574434e+00 -3.541095714262875727e-01
1.252644199626453125e-01 1.020870066354228278e+00 -5.433400963939528650e-01
1.262977871354236947e-01 9.795464651295574532e-01 -7.227034479993709182e-01
1.269801736787574131e-01 9.480213656388388754e-01 -8.348628808893634456e-01
1.276625602220911870e-01 9.134043021176906363e-01 -9.414252040382460329e-01
1.285635768402965950e-01 8.633627075047184407e-01 -1.073560040276097194e+00
1.294645934585020031e-01 8.088352517887347215e-01 -1.196229939070802883e+00
1.303656100767074111e-01 7.503137959945161972e-01 -1.309107367883997508e+00
1.313673042949614067e-01 6.811828526635285153e-01 -1.422207086409257304e+00
1.323689985132154023e-01 6.084304408863038249e-01 -1.521703477242740910e+00
1.333627524980957046e-01 5.333576398773473004e-01 -1.606792649653359994e+00
1.343565064829760070e-01 4.560613528872602962e-01 -1.678258706150365320e+00
1.353408825040227081e-01 3.779301496602167076e-01 -1.735635937534767193e+00
1.363252585250694093e-01 2.988442811060324500e-01 -1.779791880039341301e+00
1.371913053735339949e-01 2.289215560986004316e-01 -1.807944957206727210e+00
1.380573522219986915e-01 1.590732798276722204e-01 -1.826334949276420927e+00
1.389233990704633048e-01 8.965096719494183852e-02 -1.835189882189368848e+00
1.397798068184883113e-01 2.174655072803095834e-02 -1.834815729926166261e+00
1.406362145665132901e-01 -4.511023082902756998e-02 -1.825655835895588996e+00
1.414926223145382134e-01 -1.106333572783701619e-01 -1.808039888934029893e+00
1.423395568821196888e-01 -1.738591757989602360e-01 -1.782653714111177123e+00
1.431864914497011088e-01 -2.352806749054070501e-01 -1.749720247527918771e+00
1.440334260172826120e-01 -2.946777123704796830e-01 -1.709629692846349691e+00
1.448719479772087870e-01 -3.512930574615873436e-01 -1.663283361039601393e+00
1.457104699371351009e-01 -4.055494659448608541e-01 -1.610723987148021008e+00
1.465489918970613870e-01 -4.572876413803456108e-01 -1.552365421156621128e+00
1.473791511845158053e-01 -5.058901768907014818e-01 -1.489287433185020992e+00
1.482093104719703069e-01 -5.517644939333458121e-01 -1.421348273155954134e+00
1.490394697594248086e-01 -5.948057648881255322e-01 -1.348960878069739744e+00
1.502727252360930021e-01 -6.533132514902525445e-01 -1.234160147928839768e+00
1.515059807127611957e-01 -7.051504227209087761e-01 -1.111801783683423750e+00
1.527277754813821942e-01 -7.497702561787071840e-01 -9.844264154762059071e-01
1.539495702500031926e-01 -7.875924233898012883e-01 -8.521899617403059235e-01
1.551603986792471912e-01 -8.183356782868614898e-01 -7.175238662052665362e-01
1.563712271084913008e-01 -8.423894624260814812e-01 -5.803887670048437641e-01
1.575715501599840029e-01 -8.596962981024179884e-01 -4.429522483083015993e-01
1.587718732114765940e-01 -8.705951200429463688e-01 -3.049232164305875625e-01
1.599645867604068128e-01 -8.752373288288062270e-01 -1.691579547279112306e-01
1.611499325358309032e-01 -8.739537746293101206e-01 -3.648715546314244829e-02
1.623352783112549935e-01 -8.670111290850412988e-01 9.413318874372537948e-02
1.635111968763642010e-01 -8.547552690526400987e-01 2.207911642420972986e-01
1.646871154414734917e-01 -8.374039939439125169e-01 3.437058059750106587e-01
1.658539536555289073e-01 -8.154198048586034364e-01 4.613408447644397059e-01
1.670207918695844063e-01 -7.889722227458411119e-01 5.740908689075960858e-01
1.681789102884249099e-01 -7.585999099403631929e-01 6.807762403586046229e-01
1.693370287072654135e-01 -7.244170893672932099e-01 7.819056433645436011e-01
1.704887632179911960e-01 -6.869572532189068825e-01 8.758394827050232090e-01
1.716344322308862025e-01 -6.465944830438778990e-01 9.624444238344195268e-01
1.727801012437812922e-01 -6.034541868445434387e-01 1.042653077998916267e+00
1.739178666881313895e-01 -5.581620371710308559e-01 1.115643850364099965e+00
1.750556321324814035e-01 -5.107309153647950906e-01 1.181724261848498658e+00
1.761857941226853963e-01 -4.617964235198271927e-01 1.240376675970305653e+00
1.773159561128893891e-01 -4.113409478716518186e-01 1.291965604712631999e+00
1.784387997630065004e-01 -3.599901067028323243e-01 1.336175971826796482e+00
1.795616434131235006e-01 -3.076985236413946612e-01 1.373351602145387318e+00
1.806774417515888131e-01 -2.550694731299213980e-01 1.403346808253639999e+00
1.817932400900540979e-01 -2.020347718234345169e-01 1.426469290688173297e+00
1.829022533861615063e-01 -1.491662539037075241e-01 1.442721476919597512e+00
1.840112666822688869e-01 -9.637784162937614030e-02 1.452371417176260504e+00
1.851137424986991076e-01 -4.420310123131619695e-02 1.455550508425641709e+00
1.862162183151294115e-01 7.457436052993686275e-03 1.452486218372460947e+00
1.873123941815151017e-01 5.811347403883981161e-02 1.443418831796818624e+00
1.884085700479007919e-01 1.078736646735625748e-01 1.428535038500288179e+00
1.894986740814197101e-01 1.562942977620123686e-01 1.408166134727568908e+00
1.905887781149386007e-01 2.034894867098424043e-01 1.382459854799931609e+00
1.916730272722124984e-01 2.490639353239283149e-01 1.351821511836838408e+00
1.927572764294863961e-01 2.931340899496223118e-01 1.316361520944869579e+00
1.938358801601320902e-01 3.353538243311858236e-01 1.276543290850290946e+00
1.949144838907778954e-01 3.758391172719073858e-01 1.232442762007021075e+00
1.959876440525072094e-01 4.142927706299237567e-01 1.184568005153070924e+00
1.970608042142364125e-01 4.508280476233802458e-01 1.132964865065317017e+00
1.981287147275558047e-01 4.851956478830640185e-01 1.078172599405877063e+00
1.991966252408751137e-01 5.175043327445963959e-01 1.020209526921923349e+00
2.002594720445023124e-01 5.475509606302507715e-01 9.596335283032457752e-01
2.013223188481295112e-01 5.754383582576050316e-01 8.964377671358935151e-01
2.023802826740382921e-01 6.010073304823783102e-01 8.311892087709172872e-01
2.034382464999472118e-01 6.243536592220414461e-01 7.638604764644995049e-01
2.044915009253560068e-01 6.453594967919676906e-01 6.950192101698614566e-01
2.055447553507646907e-01 6.641129124919660232e-01 6.246213619888153490e-01
2.065934679926554884e-01 6.805345496614240153e-01 5.532258227054567268e-01
2.076421806345462029e-01 6.947042864461285827e-01 4.807733771493514774e-01
2.086865129960230880e-01 7.065780802083314605e-01 4.078039085858851664e-01
2.097308453575000009e-01 7.162272105289247959e-01 3.342423876529820315e-01
2.107709537672242117e-01 7.236392932785277177e-01 2.605891691749659955e-01
2.118110621769483948e-01 7.288760974659566072e-01 1.867415967955839418e-01
2.128480599636951021e-01 7.319576631344711926e-01 1.133041237427509507e-01
2.138821136186860039e-01 7.329362558767852365e-01 4.044066655500836577e-02
2.149161672736769058e-01 7.318581354113362636e-01 -3.206421342649803247e-02
2.159459665261461991e-01 7.287791646117004474e-01 -1.035309944548636896e-01
2.169742753085213971e-01 7.237537466458588975e-01 -1.739541279787330530e-01
2.180025840908965951e-01 7.168267381669327643e-01 -2.434191053627352275e-01
2.190272457378873994e-01 7.080822359203698957e-01 -3.114944666144545127e-01
2.200519073848782037e-01 6.975523700849494135e-01 -3.782468472373918256e-01
2.210737515503453099e-01 6.853300937166206808e-01 -4.433431289094767469e-01
2.220955957158123883e-01 6.714483908962201042e-01 -5.068217024700039097e-01
2.231133728053782961e-01 6.560341162874830934e-01 -5.683075058253511669e-01
2.241311498949442038e-01 6.390990574440343908e-01 -6.279320825080297874e-01
2.251456680358785989e-01 6.207700158993579853e-01 -6.854094842525273457e-01
2.261601861768129940e-01 6.010617689290499444e-01 -7.408358630377713805e-01
2.271708474868849026e-01 5.801261004299675950e-01 -7.938045756509352069e-01
2.281814321068081908e-01 5.579638636787674910e-01 -8.444392913790875754e-01
2.291920167267315067e-01 5.346447125877492601e-01 -8.927588324061734859e-01
2.301989120822834911e-01 5.103306656660985263e-01 -9.385047287378353031e-01
2.312058074378355865e-01 4.850101796484715955e-01 -9.817721608903655639e-01
2.322098544924325048e-01 4.588310920752677879e-01 -1.022382131443547060e+00
2.332139015470293120e-01 4.317954231937514153e-01 -1.060401174562396243e+00
2.342152100895429911e-01 4.040525609092636139e-01 -1.095686067471142833e+00
2.352165186320565871e-01 3.756019644388818302e-01 -1.128301051668296084e+00
2.362151954922880881e-01 3.465927986131537297e-01 -1.158135411926095593e+00
2.372138723525195059e-01 3.170223850462628445e-01 -1.185249558516162649e+00
2.382100212913642878e-01 2.870381424921741864e-01 -1.209563773049167956e+00
2.392061702302090975e-01 2.566356462920587056e-01 -1.231134809724606649e+00
2.401998924915476896e-01 2.259591876750285111e-01 -1.249913503322654940e+00
2.411936147528863927e-01 1.950029118087795166e-01 -1.265953989996954299e+00
2.421839272173959001e-01 1.639411322728603071e-01 -1.279192156817231751e+00
2.431741826801301909e-01 1.327355823595975370e-01 -1.289699920554782997e+00
2.441644381428645094e-01 1.014487319785484093e-01 -1.297512643186307768e+00
2.451525072457547971e-01 7.021250012890822845e-02 -1.302636412254688736e+00
2.461405763486450016e-01 3.901913943818143687e-02 -1.305111697825174000e+00
2.468787726936876870e-01 1.577640808241830700e-02 -1.305246123976187222e+00
2.476169690387302891e-01 -7.384369509181433998e-03 -1.303929022847899688e+00
2.483577944001824911e-01 -3.052103282053508435e-02 -1.301163661417266582e+00
2.490986197616346931e-01 -5.352716434898895093e-02 -1.296969142111815909e+00
2.500816239077278125e-01 -8.381065114336738731e-02 -1.289229350963340792e+00
2.510646280538209041e-01 -1.137704766934235223e-01 -1.279047450299622080e+00
2.520461819638492029e-01 -1.433120540774724672e-01 -1.266498388479206261e+00
2.530263942354005202e-01 -1.723911349116651337e-01 -1.251645883444134633e+00
2.540066065069517820e-01 -2.010010320494428349e-01 -1.234520874348511210e+00
2.549850575566918187e-01 -2.290461243019528970e-01 -1.215217163772841724e+00
2.559635086064319109e-01 -2.565346295254876674e-01 -1.193766012711722224e+00
2.569380179873769765e-01 -2.833178785586546455e-01 -1.170342264255369580e+00
2.579152191512413816e-01 -3.095399677023241702e-01 -1.144864900528795415e+00
2.588903710736741859e-01 -3.350357831752959759e-01 -1.117516117414567134e+00
2.598655229961069901e-01 -3.598253577592024355e-01 -1.088300043063117561e+00
2.605942947118716768e-01 -3.778715028568091494e-01 -1.065291484611478046e+00
2.613230664276363080e-01 -3.954908561184341531e-01 -1.041318608026518211e+00
2.620550563064771854e-01 -4.127455481946159521e-01 -1.016300609260740284e+00
2.627870461853180073e-01 -4.295445421810016318e-01 -9.903732651500268824e-01
2.635137174867600018e-01 -4.457592212699294509e-01 -9.637669712485954499e-01
2.642403887882019964e-01 -4.615024391305072582e-01 -9.363288655484928169e-01
2.649703906914105955e-01 -4.768327563877950981e-01 -9.079608538194965384e-01
2.657003925946191947e-01 -4.916671469798612470e-01 -8.788206071301378763e-01
2.666698680509819730e-01 -5.105842063856210755e-01 -8.389843522325579617e-01
2.676393435073449178e-01 -5.285904753180823423e-01 -7.979158897411743334e-01
2.686075749083224884e-01 -5.456463453101599859e-01 -7.557487856495580525e-01
2.695758063093001144e-01 -5.617590440791612183e-01 -7.125099720239213008e-01
2.705412474514743981e-01 -5.768717493988453349e-01 -6.684214745086786147e-01
2.715098617210188192e-01 -5.910646203162682744e-01 -6.232950631192397672e-01
2.724758040936595127e-01 -6.042403867850145716e-01 -5.774714443278741172e-01
2.734417464663002062e-01 -6.164300874353070281e-01 -5.308943653267724772e-01
2.744049664315437731e-01 -6.275957820946379551e-01 -4.837876268827031034e-01
2.753714841122708035e-01 -6.378003430998441248e-01 -4.359401549914038720e-01
2.760918532582701257e-01 -6.447528583756066967e-01 -3.999426381552708132e-01
2.768122224042693924e-01 -6.511454405612091545e-01 -3.636940492099899891e-01
2.775363826324631078e-01 -6.570064596864506612e-01 -3.270348234743317151e-01
2.782605428606568232e-01 -6.623004448034994773e-01 -2.901881666286311168e-01
2.792230898017574736e-01 -6.684590850144833674e-01 -2.409787056616262690e-01
2.801856367428581240e-01 -6.736177860258932837e-01 -1.915670297356714402e-01
2.811473565508991190e-01 -6.777762965973916920e-01 -1.420702774943381486e-01
2.821090763589401140e-01 -6.809437427456507264e-01 -9.251938405467595439e-02
2.830682204929131918e-01 -6.831212390398760936e-01 -4.312262758718450606e-02
2.840309311037308992e-01 -6.843281861055946491e-01 6.363775491729829065e-03
2.847494289063747241e-01 -6.845951329777197891e-01 4.319643800864694794e-02
2.854679267090184935e-01 -6.843243604999872387e-01 7.991030854832460728e-02
2.861905218058161116e-01 -6.835140067678897591e-01 1.166847467906711594e-01
2.869131169026136741e-01 -6.821687761845658393e-01 1.532813906524519709e-01
2.878724078661420993e-01 -6.795651063490097954e-01 2.015422169701168165e-01
2.888316988296705801e-01 -6.760405377889432410e-01 2.493794812512068471e-01
2.897885131602004893e-01 -6.716214786330733100e-01 2.966060063176021999e-01
2.907490868313554744e-01 -6.662921797408729585e-01 3.434659385025373712e-01
2.914649765154507244e-01 -6.617479410617972402e-01 3.779967545280986108e-01
2.921808661995458078e-01 -6.567224511829583555e-01 4.121654662041975836e-01
2.929010534726512738e-01 -6.511884485361736363e-01 4.461504482145121631e-01
2.936212407457569062e-01 -6.451822213167002218e-01 4.797224919950313082e-01
2.945767800163460737e-01 -6.364979308707621186e-01 5.235856101154248154e-01
2.955362094878383750e-01 -6.269750555303074124e-01 5.668006946670116619e-01
2.964933245974175069e-01 -6.166930503995958768e-01 6.090402434233423978e-01
2.974504397069965833e-01 -6.056503414574581079e-01 6.503677516026170613e-01
2.981662161635638131e-01 -5.969072278031588574e-01 6.806511118139072503e-01
2.988819926201308208e-01 -5.877594359980474747e-01 7.103786813031041092e-01
2.996022787896107098e-01 -5.781548360693424815e-01 7.397155546760995071e-01
3.003225649590904878e-01 -5.681593469201768887e-01 7.684563329866441750e-01
3.012768521985618730e-01 -5.543316700474589798e-01 8.055845517501937225e-01
3.022352021590857252e-01 -5.397951268764917820e-01 8.417481818015886130e-01
3.031913095476029274e-01 -5.246671220672838309e-01 8.766755072064054133e-01
3.041474169361201851e-01 -5.089382822184161936e-01 9.104266161401037838e-01
3.051033301085280258e-01 -4.926361492448008139e-01 9.429646012896018004e-01
3.060592432809358110e-01 -4.757820531397472519e-01 9.742681961051274930e-01
3.068910593111273122e-01 -4.606857879145690449e-01 1.000483467327899945e+00
3.077228753413188134e-01 -4.452067183747455137e-01 1.025728119922192594e+00
3.085611288673250074e-01 -4.292373929058054816e-01 1.050172343695739086e+00
3.093993823933313125e-01 -4.129131292605319747e-01 1.073604206844270159e+00
3.102334054035402189e-01 -3.963358989473659277e-01 1.095901477991194417e+00
3.110674284137491807e-01 -3.794410598639783583e-01 1.117174548876649132e+00
3.119080450867570131e-01 -3.621084160347879943e-01 1.137569881561744323e+00
3.127486617597647900e-01 -3.444875740570741973e-01 1.156906770410750518e+00
3.137041837576390879e-01 -3.241304683071414283e-01 1.177592500481310145e+00
3.146597057555134969e-01 -3.034486912869300834e-01 1.196893354239349172e+00
3.156152457355064223e-01 -2.824671221008410171e-01 1.214802341752203585e+00
3.165707857154991811e-01 -2.612113292010893040e-01 1.231313462794143332e+00
3.175265174639494981e-01 -2.397020276450376464e-01 1.246427500516483322e+00
3.184822492123998150e-01 -2.179683348373586405e-01 1.260141526765618414e+00
3.194379809608500764e-01 -1.960349271706365304e-01 1.272455872601688132e+00
3.203937127093003934e-01 -1.739262817201696620e-01 1.283371132711717655e+00
3.213495186061188225e-01 -1.516649377812738231e-01 1.292889592943262889e+00
3.223053245029371960e-01 -1.292766471055087074e-01 1.301014026368028986e+00
3.232613666241492267e-01 -1.067796138614461460e-01 1.307753340142488563e+00
3.242174087453610909e-01 -8.420282207466209257e-02 1.313114614368364963e+00
3.251734508665731216e-01 -6.156940908483349295e-02 1.317107075662073745e+00
3.261296959091333214e-01 -3.889736753122144397e-02 1.319741354072222261e+00
3.270859409516935212e-01 -1.621396219670082073e-02 1.321028154475142768e+00
3.280424123582719176e-01 6.464072941968972835e-03 1.320980826637706551e+00
3.289988837648503139e-01 2.910965339259440759e-02 1.319613675261859465e+00
3.299556098233494827e-01 5.170747166416955060e-02 1.316941497828039598e+00
3.309123358818485960e-01 7.423058586531791625e-02 1.312981325422798662e+00
3.318692480034560743e-01 9.666287107556967295e-02 1.307750206801088444e+00
3.328264091018481863e-01 1.189856913868905797e-01 1.301266347727104034e+00
3.337835702002405203e-01 1.411736028594176573e-01 1.293550679131860504e+00
3.347413225943591253e-01 1.632210273575459558e-01 1.284617902226702579e+00
3.356990749884776748e-01 1.850955187909474886e-01 1.274493927028958362e+00
3.366568273825963908e-01 2.067788581381603263e-01 1.263201063969329629e+00
3.376145797767149959e-01 2.282533170593354643e-01 1.250762872710172724e+00
3.385727985393063855e-01 2.495119620613022726e-01 1.237197614869878004e+00
3.395310173018977751e-01 2.705275608158467238e-01 1.222536515766756260e+00
3.404896417920181828e-01 2.912926285777817093e-01 1.206798278617147169e+00
3.414482662821387016e-01 3.117825003489282376e-01 1.190015146987560835e+00
3.424074710093443219e-01 3.319941096393134172e-01 1.172202410847695608e+00
3.433666757365498867e-01 3.519002633055046125e-01 1.153396767474587525e+00
3.443258804637556181e-01 3.714867723195631743e-01 1.133625613614368755e+00
3.452857836278598880e-01 3.907538666922921733e-01 1.112901981269023510e+00
3.462456867919642134e-01 4.096740117031852924e-01 1.091268597777799387e+00
3.472055899560684833e-01 4.282345793444747861e-01 1.068754536997579052e+00
3.481660761558372230e-01 4.464344072276796305e-01 1.045375409145699042e+00
3.491265623556059072e-01 4.642505415955454073e-01 1.021174823347172467e+00
3.500875704891284190e-01 4.816812944153698872e-01 9.961687530511718069e-01
3.510485786226508753e-01 4.987063463588587986e-01 9.704000959721176267e-01
3.520103073264083116e-01 5.153279756402916467e-01 9.438784214590799637e-01
3.529720360301656923e-01 5.315237437544351184e-01 9.166525556890535720e-01
3.539337647339230730e-01 5.472846401688248319e-01 8.887526625433187499e-01
3.548963558313465994e-01 5.626157017363584423e-01 8.601838568947205443e-01
3.558589469287700147e-01 5.774946043210864577e-01 8.310017806454189637e-01
3.568215380261933745e-01 5.919138578905212000e-01 8.012367870350837196e-01
3.577852424465762238e-01 6.058823316531563030e-01 7.708838089614166167e-01
3.587489468669590731e-01 6.193765631226220147e-01 7.400072758555623631e-01
3.597126512873419779e-01 6.323905197636863207e-01 7.086373310320873697e-01
3.606763557077248272e-01 6.449186531483341867e-01 6.768041545509458912e-01
3.616413390872483258e-01 6.569715391910717628e-01 6.444950339193991073e-01
3.626063224667718243e-01 6.685276212105178972e-01 6.117821052927260306e-01
3.635713058462953784e-01 6.795827550070765444e-01 5.786950718627191792e-01
3.645362892258188769e-01 6.901332526794848876e-01 5.452633681913864327e-01
3.655026181086620252e-01 7.001895191276154007e-01 5.114690640306811531e-01
3.664689469915051179e-01 7.097336879834035273e-01 4.773876806376466386e-01
3.674352758743483216e-01 7.187633879504718992e-01 4.430478783435818357e-01
3.684016047571914143e-01 7.272766726254180636e-01 4.084780087053176967e-01
3.693693456322281188e-01 7.352833132561399365e-01 3.736552844305507937e-01
3.703370865072648788e-01 7.427693724446334800e-01 3.386579142799813757e-01
3.713048273823015832e-01 7.497341289357046801e-01 3.035132500000886635e-01
3.722725682573382877e-01 7.561772530486131627e-01 2.682482720344067650e-01
3.732417861979792084e-01 7.621074353895576081e-01 2.328356303111227821e-01
3.742110041386200181e-01 7.675148765511516924e-01 1.973553803092914782e-01
3.751802220792607723e-01 7.724003737624528521e-01 1.618333083254706317e-01
3.761494400199016930e-01 7.767650807287447279e-01 1.262947567241050895e-01
3.771201940534871788e-01 7.806161796177506496e-01 9.070835782655153889e-02
3.780909480870727757e-01 7.839481896239058889e-01 5.515494824465192597e-02
3.790617021206583726e-01 7.867632868835739979e-01 1.965851848674028332e-02
3.800324561542439139e-01 7.890639662479905780e-01 -1.575743256544749268e-02
3.810047989671537239e-01 7.908555404411400369e-01 -5.112761372003876009e-02
3.819771417800634228e-01 7.921369440050854971e-01 -8.637145279842743661e-02
3.829494845929731772e-01 7.929115864272378023e-01 -1.214669166891857444e-01
3.839218274058828761e-01 7.931831579436391388e-01 -1.563924811262651371e-01
3.848958109417324192e-01 7.929548155021817202e-01 -1.911856283836197434e-01
3.858697944775816846e-01 7.922299234778358290e-01 -2.257667952363744124e-01
3.868437780134311166e-01 7.910129796637616062e-01 -2.601160053773009517e-01
3.878177615492804930e-01 7.893087244547057901e-01 -2.942138379059001108e-01
3.887934366313096080e-01 7.871179156132657173e-01 -3.281000335237491128e-01
3.897691117133387229e-01 7.844483132686227433e-01 -3.616968694612965884e-01
3.907447867953677823e-01 7.813053576301566272e-01 -3.949865113765756997e-01
3.917204618773967861e-01 7.776946989399651233e-01 -4.279516696553848365e-01
3.929425816660728765e-01 7.725210601391773180e-01 -4.687592948723509068e-01
3.941647014547489114e-01 7.666347411966082381e-01 -5.090006494712838725e-01
3.953868212434248908e-01 7.600480754562187746e-01 -5.486455610427432017e-01
3.966089410321009256e-01 7.527738061195381469e-01 -5.876650611747337161e-01
3.975885794530298889e-01 7.464551882761720769e-01 -6.184732855660033390e-01
3.985682178739590187e-01 7.397100848847384391e-01 -6.488484322693724993e-01
3.995478562948880930e-01 7.325455607644300038e-01 -6.787774403606815499e-01
4.005274947158171117e-01 7.249688086291627975e-01 -7.082478952782401693e-01
4.015089505737350906e-01 7.169719598158376117e-01 -7.373015936018512129e-01
4.024904064316531249e-01 7.085761491548427937e-01 -7.658723511781415638e-01
4.034718622895709927e-01 6.997889407941334516e-01 -7.939493573783795721e-01
4.044533181474890271e-01 6.906179971376823490e-01 -8.215222947842083512e-01
4.054366193923388262e-01 6.810527713114911119e-01 -8.486319658148310241e-01
4.064199206371885142e-01 6.711180215665963900e-01 -8.752169676885742655e-01
4.074032218820382023e-01 6.608216958157354659e-01 -9.012684974712978914e-01
4.083865231268878904e-01 6.501718095716156887e-01 -9.267782543222899960e-01
4.093716963483209903e-01 6.391551821319181315e-01 -9.517856862083859948e-01
4.103568695697539792e-01 6.277999242206964148e-01 -9.762346398888012144e-01
4.113420427911870791e-01 6.161142528752173719e-01 -1.000118268236852348e+00
4.123272160126201236e-01 6.041064251108924088e-01 -1.023430201098009640e+00
4.133142878436527057e-01 5.917606884052513117e-01 -1.046208072958715540e+00
4.143013596746851213e-01 5.791082370949497404e-01 -1.068401223888519658e+00
4.152884315057175924e-01 5.661574528203627832e-01 -1.090004664276976287e+00
4.162755033367501190e-01 5.529167306922846414e-01 -1.111013876350788632e+00
4.172645010635290252e-01 5.393678204752747618e-01 -1.131464365599962330e+00
4.182534987903078205e-01 5.255447231756753546e-01 -1.151311228509474427e+00
4.192424965170867268e-01 5.114558876428532130e-01 -1.170551195148111789e+00
4.202314942438655776e-01 4.971097590085949425e-01 -1.189181383007043680e+00
4.212227482547770130e-01 4.824811989701808246e-01 -1.207240053541170477e+00
4.222140022656882263e-01 4.676111112276153947e-01 -1.224682350547178888e+00
4.232052562765996062e-01 4.525079402158153075e-01 -1.241506684842694774e+00
4.241965102875108751e-01 4.371801044274448156e-01 -1.257711839708822055e+00
4.251877642984221994e-01 4.216359919174197946e-01 -1.273296963407861471e+00
4.261811722776812084e-01 4.058495076967614801e-01 -1.288293729622948414e+00
4.271745802569402173e-01 3.898625543903002644e-01 -1.302667708951240177e+00
4.281679882361992262e-01 3.736834465206366196e-01 -1.316419042777702941e+00
4.291613962154581796e-01 3.573204497292279957e-01 -1.329548263501632022e+00
4.301567804929378180e-01 3.407487056106687229e-01 -1.342080913884589943e+00
4.311521647704175120e-01 3.240087820089045945e-01 -1.353991869891158162e+00
4.321475490478970949e-01 3.071088152075081013e-01 -1.365282667966232211e+00
4.331429333253766778e-01 2.900568782340841589e-01 -1.375955126891926117e+00
4.341403004034695146e-01 2.728265865614750707e-01 -1.386031111303021701e+00
4.351376674815624068e-01 2.554597346064173546e-01 -1.395491498733518743e+00
4.361350345596550770e-01 2.379642262883508719e-01 -1.404338970973146417e+00
4.371324016377479138e-01 2.203478896342365156e-01 -1.412576479539087826e+00
4.381317600079985830e-01 2.025829696769866073e-01 -1.420222222963224645e+00
4.391311183782494187e-01 1.847122249821308293e-01 -1.427262989300724705e+00
4.401304767484999769e-01 1.667432790781783469e-01 -1.433702494085117740e+00
4.411298351187508127e-01 1.486836709051525818e-01 -1.439544672316422691e+00
4.421311902823116813e-01 1.305045249598085488e-01 -1.444803899949701043e+00
4.431325454458727164e-01 1.122492349842788284e-01 -1.449472644149313760e+00
4.441339006094336961e-01 9.392510584243271565e-02 -1.453555561852323486e+00
4.451352557729946757e-01 7.553934650001330187e-02 -1.457057546088946332e+00
4.461383128646460028e-01 5.706768544064835108e-02 -1.459988521912614301e+00
4.471413699562972743e-01 3.854836225753514867e-02 -1.462347540631540488e+00
4.481444270479484904e-01 1.998832265696913815e-02 -1.464139854872151369e+00
4.491495833164476092e-01 1.355472179017730037e-03 -1.465373256686328229e+00
4.501547395849466171e-01 -1.730460923143218449e-02 -1.466049577361434819e+00
4.511598958534456250e-01 -3.598524637178657920e-02 -1.466174817298438349e+00
4.521650521219445773e-01 -5.467986920101248344e-02 -1.465755105555081483e+00
4.531702083904435852e-01 -7.338201373784446202e-02 -1.464796697565025729e+00
4.571995547235140900e-01 -1.482657691034437453e-01 -1.455683952110028212e+00
4.612368252831767768e-01 -2.229246551417898292e-01 -1.438424744073981687e+00
4.652819592943879257e-01 -2.969896895772590750e-01 -1.413435906471864900e+00
4.693348783544071812e-01 -3.701165197849294319e-01 -1.381157776924993863e+00
4.733955065266273188e-01 -4.419861637247578523e-01 -1.342049098172779065e+00
4.784822981688974797e-01 -5.295896168619269595e-01 -1.284285424814282539e+00
4.825599532103003741e-01 -5.975960721293264166e-01 -1.231550567675636865e+00
4.866449712303865804e-01 -6.634835113321803091e-01 -1.173547102782211526e+00
4.907371949891458085e-01 -7.270394672667460645e-01 -1.110761240274996897e+00
4.948364585384024128e-01 -7.880757771676566437e-01 -1.043675938726230878e+00
4.989425778493357111e-01 -8.464278746318557589e-01 -9.727681347515958477e-01
5.020264094695874313e-01 -8.883524575897789877e-01 -9.173565911382245419e-01
5.051138832495274400e-01 -9.286348510950291901e-01 -8.602495247528234579e-01
5.092361856145506405e-01 -9.797029510971853039e-01 -7.817977262846843578e-01
5.133645520198434342e-01 -1.027683685302159811e+00 -7.010973956994092093e-01
5.174987117319133079e-01 -1.072507477509897278e+00 -6.185640889395098707e-01
5.216383508218596088e-01 -1.114122887727608591e+00 -5.345942394163698541e-01
5.257831480915519107e-01 -1.152495812990809387e+00 -4.495641879928880535e-01
5.299327976174466048e-01 -1.187608318535203322e+00 -3.638290723466172105e-01
5.340869657500283418e-01 -1.219457287456120254e+00 -2.777232224206350741e-01
5.382452599924625325e-01 -1.248053369633327581e+00 -1.915603359871095868e-01
5.424072497157466088e-01 -1.273420020016325704e+00 -1.056328901357987543e-01
5.465725012540574301e-01 -1.295592404041139289e+00 -2.021184137628733238e-02
5.507405845750824591e-01 -1.314616266711386539e+00 6.445283359898902609e-02
5.549110536012068495e-01 -1.330546946761696603e+00 1.481311941179906666e-01
5.590834321773656690e-01 -1.343448166463234283e+00 2.306146314285387189e-01
5.643010869630014081e-01 -1.355416477340851467e+00 3.317458432614586172e-01
5.684758978830769527e-01 -1.361773784309884494e+00 4.108689659608438793e-01
5.726509199913500936e-01 -1.365358241047517129e+00 4.882442469629562076e-01
5.768255755389478656e-01 -1.366260515955911137e+00 5.637333737318922511e-01
5.809992666418749563e-01 -1.364575593895206662e+00 6.372289289625528985e-01
5.851713896051653485e-01 -1.360402141387182295e+00 7.086224901886307714e-01
5.882989619740793819e-01 -1.355701999548933223e+00 7.607392246879445263e-01
5.935085681122563850e-01 -1.344993578854764449e+00 8.447872081390855881e-01
5.976721595114997676e-01 -1.333969439238047228e+00 9.094263494783657586e-01
6.018315407075064405e-01 -1.320873233455968299e+00 9.717008078956922423e-01
6.059860031390628121e-01 -1.305811812555256912e+00 1.031576243370205370e+00
6.101348262532020339e-01 -1.288892409901219338e+00 1.089026888029841711e+00
6.142772761532119263e-01 -1.270221940444515196e+00 1.144035631862675872e+00
6.184126036405177551e-01 -1.249906743255104091e+00 1.196592646205155930e+00
6.225400396928169044e-01 -1.228052400041129033e+00 1.246694499128700118e+00
6.266587955232777452e-01 -1.204763540051376092e+00 1.294343512473597579e+00
6.307680621340325811e-01 -1.180143610134892773e+00 1.339547176033081710e+00
6.348670077734064332e-01 -1.154294688163136628e+00 1.382317415910091940e+00
6.389547727646552877e-01 -1.127317408300909873e+00 1.422669578168019644e+00
6.430304670771704867e-01 -1.099310911004240277e+00 1.460621313859633785e+00
6.470931794239351831e-01 -1.070372664930387074e+00 1.496191752696909072e+00
6.511419830734889169e-01 -1.040598303169804284e+00 1.529401500886381049e+00
6.551759295578980513e-01 -1.010081619198625269e+00 1.560273230328001137e+00
6.591940368817645890e-01 -9.789146566167054031e-01 1.588831682705584392e+00
6.631952816224888636e-01 -9.471877512396854604e-01 1.615102908939554327e+00
6.671786041264677891e-01 -9.149894191164240631e-01 1.639113331225206194e+00
6.711429148974273895e-01 -8.824062357297377535e-01 1.660888886448734558e+00
6.750870927600961524e-01 -8.495228665089759046e-01 1.680454379656028729e+00
6.790099725167971778e-01 -8.164222669628495854e-01 1.697832859388807902e+00
6.829103352717456055e-01 -7.831858700591558531e-01 1.713044814544470773e+00
6.867869018151261384e-01 -7.498937345649188124e-01 1.726106923321597542e+00
6.906383285912754966e-01 -7.166246808864625839e-01 1.737029467768556934e+00
6.944632064204609989e-01 -6.834564745763044291e-01 1.745812766420676621e+00
6.982600501045075347e-01 -6.504659560945373897e-01 1.752444181229476206e+00
7.020272815871985150e-01 -6.177309277341423988e-01 1.756893263759841339e+00
7.038990663650485091e-01 -6.014837928852524440e-01 1.758283459344723854e+00
7.057628000939073498e-01 -5.853293273791574380e-01 1.759109222124768390e+00
7.094655902404470860e-01 -5.533379794093570281e-01 1.759030888093265910e+00
7.131331888985167344e-01 -5.218363698953636387e-01 1.756543405032660266e+00
7.167633315432266894e-01 -4.909118830604743966e-01 1.751500188516297074e+00
7.203534697890988658e-01 -4.606556405785008912e-01 1.743566121172716477e+00
7.239006927315578821e-01 -4.311553148384577039e-01 1.733354087650664344e+00
7.274037472512754343e-01 -4.024411477391441894e-01 1.722999220498253825e+00
7.308631569784361792e-01 -3.744891532597834916e-01 1.713004862089045677e+00
7.342794427454362172e-01 -3.472691354712234002e-01 1.703355863729527631e+00
7.376531370894844342e-01 -3.207529643498527872e-01 1.694037759198880666e+00
7.409847640846142225e-01 -2.949139086304343182e-01 1.685036818719312990e+00
7.442748211369105693e-01 -2.697268384944497832e-01 1.676340051598876224e+00
7.475237974064263824e-01 -2.451679129018697612e-01 1.667935111848071639e+00
7.507321962838469087e-01 -2.212142069559000779e-01 1.659810203788719241e+00
7.539005302043194634e-01 -1.978437168948062319e-01 1.651954066133568322e+00
7.570292970629285412e-01 -1.750355937423700714e-01 1.644356001043168147e+00
7.601189748256973466e-01 -1.527701529104586731e-01 1.637005853408291189e+00
7.631700307096180858e-01 -1.310286978779236500e-01 1.629893957283775396e+00
7.661829280312825174e-01 -1.097933877582006335e-01 1.623011092902480135e+00
7.691581275626218073e-01 -8.904717801634748353e-02 1.616348459653359493e+00
7.720960887207071188e-01 -6.877375056145280940e-02 1.609897651121635187e+00
7.749972707982543119e-01 -4.895744308629483565e-02 1.603650631707464358e+00
7.778621289318303766e-01 -2.958326858282814970e-02 1.597599725691659422e+00
7.806911033824630586e-01 -1.063701898101406147e-02 1.591737620603228986e+00
7.834846171445913887e-01 7.894744026589375213e-03 1.586057352085486594e+00
7.862430869060449412e-01 2.602486837460868396e-02 1.580552263033232041e+00
7.889669369237084506e-01 4.376579704137963100e-02 1.575215960596882514e+00
7.916565982021911418e-01 6.112956991838888049e-02 1.570042305649419045e+00
7.943124974778934533e-01 7.812771988013623992e-02 1.565025421738654110e+00
7.969350495080719243e-01 9.477122878396374017e-02 1.560159696167651600e+00
7.995246585495641156e-01 1.110705827826414388e-01 1.555439763482002968e+00
8.020817215573190495e-01 1.270358366731688393e-01 1.550860487287638811e+00
8.046066294762304061e-01 1.426766439732342351e-01 1.546416946584675545e+00
8.070997653306969388e-01 1.580022588053899002e-01 1.542104428921182713e+00
8.095615092888481801e-01 1.730215886144289283e-01 1.537918411451850709e+00
8.119922431475441460e-01 1.877432432964967479e-01 1.533854544735117731e+00
8.143923505053758394e-01 2.021755414509210369e-01 1.529908644409623042e+00
8.167622071215497881e-01 2.163264483365029134e-01 1.526076699676550019e+00
8.191021778306492029e-01 2.302035701967768688e-01 1.522354869674533040e+00
8.214126187949533087e-01 2.438142034517866430e-01 1.518739471920993012e+00
8.236938850346046115e-01 2.571654178273454217e-01 1.515226963179569619e+00
8.259463322523640239e-01 2.702640826545122388e-01 1.511813930806785056e+00
8.281703138888254490e-01 2.831168296637026627e-01 1.508497091367731135e+00
8.303661724506571362e-01 2.957299697063320854e-01 1.505273297771708485e+00
8.325342380230222883e-01 3.081094886049570158e-01 1.502139534864933790e+00
8.346748353855768521e-01 3.202611462345627547e-01 1.499092903222472684e+00
8.367882947421915185e-01 3.321905961772459448e-01 1.496130598863111949e+00
8.388749484008726220e-01 3.439033652749123315e-01 1.493249914406532985e+00
8.409351219691613144e-01 3.554047632098364384e-01 1.490448247132937887e+00
8.429691303017050608e-01 3.666998468129848976e-01 1.487723099846981034e+00
8.449772835243484215e-01 3.777934853663658110e-01 1.485072067991151767e+00
8.469598912257328971e-01 3.886904125766804108e-01 1.482492830335218503e+00
8.489172622932020795e-01 3.993952242114424123e-01 1.479983145942075140e+00
8.508497044538249066e-01 4.099123688045848146e-01 1.477540851514119513e+00
8.527575229688695302e-01 4.202461498232291648e-01 1.475163859838619196e+00
8.546410160783932675e-01 4.304007133367784288e-01 1.472850162293396492e+00
8.565004710086118189e-01 4.403800280566165792e-01 1.470597830405362405e+00
8.583361673787008872e-01 4.501879109227280851e-01 1.468405008367886788e+00
8.601483873498577681e-01 4.598281035194968225e-01 1.466269897990167381e+00
8.619374190156378068e-01 4.693043058780815846e-01 1.464190752789060079e+00
8.637035513945729992e-01 4.786201386514076228e-01 1.462165881959984315e+00
8.654470650665438969e-01 4.877790709309828276e-01 1.460193658997260391e+00
8.671682312272307458e-01 4.967844140420168975e-01 1.458272519947471091e+00
8.688673159218502917e-01 5.056393674688801632e-01 1.456400956188093510e+00
8.705445856873960109e-01 5.143470699365658705e-01 1.454577506078635452e+00
8.722003068198478370e-01 5.229105934326251370e-01 1.452800754145505913e+00
8.738347418094588592e-01 5.313329103164873279e-01 1.451069333163321540e+00
8.754481467852704979e-01 5.396168785892669906e-01 1.449381925002140692e+00
8.770407741766889087e-01 5.477652726678934325e-01 1.447737255930703126e+00
8.786128771136945126e-01 5.557808235861414481e-01 1.446134090499067826e+00
8.801647113007132761e-01 5.636662299161011580e-01 1.444571228349090131e+00
8.816965317742312402e-01 5.714241294402607751e-01 1.443047506312602701e+00
8.832085878593547434e-01 5.790570624228734697e-01 1.441561802000538073e+00
8.847011190561783200e-01 5.865674506137920075e-01 1.440113036253291456e+00
8.861743569071006688e-01 5.939576170842464364e-01 1.438700169562122211e+00
8.876285293506940288e-01 6.012298236498940796e-01 1.437322196496476412e+00
8.890638676536581908e-01 6.083863183646377459e-01 1.435978137942126143e+00
8.904806072870743439e-01 6.154293434811810570e-01 1.434667039607591787e+00
8.918789864151801527e-01 6.223611227699341608e-01 1.433387972625888018e+00
8.932592404372767803e-01 6.291838245993705003e-01 1.432140037755236017e+00
8.946215989640163846e-01 6.358995388530704895e-01 1.430922366975535764e+00
8.959662842038009778e-01 6.425102655123192674e-01 1.429734123759266229e+00
8.972935117732897536e-01 6.490179214153427578e-01 1.428574501157936272e+00
8.986034927209798351e-01 6.554243583645650295e-01 1.427442718945960864e+00
8.998964354025826839e-01 6.617313833809598256e-01 1.426338021111670962e+00
9.011725489915097809e-01 6.679407866677918859e-01 1.425259672059418614e+00
9.024320447860507688e-01 6.740543524358979521e-01 1.424206954936347413e+00
9.036751353555274591e-01 6.800738489912027118e-01 1.423179171758941042e+00
9.049020296532450658e-01 6.860009927422743292e-01 1.422175646864163978e+00
9.061129304280890473e-01 6.918374300045155856e-01 1.421195728216829712e+00
9.073080357373773941e-01 6.975847510420490893e-01 1.420238785337598397e+00
9.084875419218813031e-01 7.032445147154019471e-01 1.419304206201414731e+00
9.096516449412487271e-01 7.088182591954811373e-01 1.418391395607992767e+00
9.108005396977110202e-01 7.143074963924661569e-01 1.417499775200259160e+00
9.119344190251117421e-01 7.197137038090004602e-01 1.416628783703782313e+00
9.130534727752540602e-01 7.250383192559903822e-01 1.415777877067719404e+00
9.141578874195450677e-01 7.302827401778285710e-01 1.414946528191470376e+00
9.152478462184302499e-01 7.354483249876191397e-01 1.414134226250093551e+00
9.163235307136011754e-01 7.405364084278144299e-01 1.413340475050760547e+00
9.173851213290326045e-01 7.455482998672675610e-01 1.412564792156340898e+00
9.184327978233862710e-01 7.504852923623672734e-01 1.411806708124119236e+00
9.194667382392092136e-01 7.553486546031346061e-01 1.411065766886829387e+00
9.204871184823875119e-01 7.601396281477492689e-01 1.410341525627410553e+00
9.214941118815067611e-01 7.648594244159114819e-01 1.409633554671880784e+00
9.224878885587296518e-01 7.695092211406580063e-01 1.408941437516179951e+00
9.234686156415649050e-01 7.740901644416394722e-01 1.408264770254170184e+00
9.244364580894727235e-01 7.786033765583149080e-01 1.407603160628729588e+00
9.253915805410551920e-01 7.830499694807739886e-01 1.406956226416327338e+00
9.263341472457474746e-01 7.874310456536890435e-01 1.406323595196572462e+00
9.272643205556930779e-01 7.917476863714749680e-01 1.405704905071725630e+00
9.281822593195951931e-01 7.960009385875730370e-01 1.405099805409479208e+00
9.290881192404382150e-01 8.001918160289334114e-01 1.404507956247055045e+00
9.299820544127295197e-01 8.043213116721589229e-01 1.403929026962768889e+00
9.308642183379219892e-01 8.083904089803205517e-01 1.403362695352962763e+00
9.317347637709364472e-01 8.124000839436158472e-01 1.402808647497151062e+00
9.325938419655581679e-01 8.163512997825070894e-01 1.402266578005977538e+00
9.334416025644689530e-01 8.202450038473876326e-01 1.401736189843286962e+00
9.342781940582032263e-01 8.240821289054598431e-01 1.401217193798065308e+00
9.351037639763524201e-01 8.278635948610238993e-01 1.400709308147053189e+00
9.359184581932523672e-01 8.315903034140585959e-01 1.400212258850849434e+00
9.367224180073485673e-01 8.352631184556135180e-01 1.399725781108087874e+00
9.375157793601903711e-01 8.388828584881647954e-01 1.399249619511105713e+00
9.382986736089657942e-01 8.424503040554075506e-01 1.398783527305740071e+00
9.390712321160756826e-01 8.459662303332754485e-01 1.398327263403472687e+00
9.398335891165293665e-01 8.494314293126801196e-01 1.397880590567035730e+00
9.405858812974943195e-01 8.528467083439212892e-01 1.397443275589106859e+00
9.413282457717848661e-01 8.562128770548196321e-01 1.397015090372228041e+00
9.420608178502133390e-01 8.595307344110432179e-01 1.396595813083246318e+00
9.427837310928691705e-01 8.628010679926740867e-01 1.396185227934454876e+00
9.434971161334501089e-01 8.660246437134456743e-01 1.395783125673004887e+00
9.442010983676487612e-01 8.692021880586502380e-01 1.395389304687591814e+00
9.448957981803430828e-01 8.723343876886349157e-01 1.395003570632494583e+00
9.455813325674083947e-01 8.754219063268615653e-01 1.394625735328083982e+00
9.462578189837917986e-01 8.784654175082527994e-01 1.394255614469878113e+00
9.469253759203707377e-01 8.814656144733561405e-01 1.393893027244380134e+00
9.475841219105402002e-01 8.844231980867696130e-01 1.393537796787593042e+00
9.482341736882211602e-01 8.873388504194434923e-01 1.393189751073513172e+00
9.488756453742962504e-01 8.902132188775421229e-01 1.392848723202610772e+00
9.495086488587556328e-01 8.930469177484855470e-01 1.392514551045325177e+00
9.501332951313513631e-01 8.958405354399358034e-01 1.392187076405750235e+00
9.507496960826257171e-01 8.985946418776864508e-01 1.391866143970033276e+00
9.513579651353069044e-01 9.013097927667582665e-01 1.391551600906271835e+00
9.519582165945869034e-01 9.039865400761381009e-01 1.391243297127213729e+00
9.525505625735545268e-01 9.066254382917456889e-01 1.390941086805375759e+00
9.531351118401709677e-01 9.092270462374452134e-01 1.390644828843797809e+00
9.537119697698679399e-01 9.117919226634616514e-01 1.390354386788912544e+00
9.542812403202287630e-01 9.143206300965917022e-01 1.390069627720596834e+00
9.548430270251752061e-01 9.168137377184570891e-01 1.389790421676874166e+00
9.553974327455952986e-01 9.192718170555933543e-01 1.389516641709012124e+00
9.559445589026865919e-01 9.216954262312692103e-01 1.389248164181610345e+00
9.564845050053580877e-01 9.240850962087752141e-01 1.388984868911544268e+00
9.570173690229182295e-01 9.264413320120490347e-01 1.388726638888240883e+00
9.575432481385535155e-01 9.287646245836614911e-01 1.388473359821435826e+00
9.580622389120657667e-01 9.310554607108617597e-01 1.388224919995131090e+00
9.585744372418232295e-01 9.333143256701537105e-01 1.387981210222610340e+00
9.590799381259947909e-01 9.355417003129902209e-01 1.387742123898418223e+00
9.595788354479902749e-01 9.377380576033662596e-01 1.387507557034431960e+00
9.600712216912781205e-01 9.399038597008574358e-01 1.387277408326441419e+00
9.605571877573033657e-01 9.420395570798340001e-01 1.387051579170867521e+00
9.610368233668841187e-01 9.441455916254610781e-01 1.386829973410403039e+00
9.615102176430252445e-01 9.462224007328537967e-01 1.386612497005438538e+00
9.619774592602109431e-01 9.482704185779293748e-01 1.386399057915608690e+00
9.624386363595022198e-01 9.502900758903148892e-01 1.386189566090191283e+00
9.628938363592510763e-01 9.522817992631883444e-01 1.385983933506461208e+00
9.633431459530198415e-01 9.542460111098294284e-01 1.385782074121479468e+00
9.637866510388649610e-01 9.561831282220847328e-01 1.385583903854772370e+00
9.642244362725824747e-01 9.580935581340122020e-01 1.385389340740293074e+00
9.646565852206075986e-01 9.599777000606338762e-01 1.385198304806140257e+00
9.650831808361504116e-01 9.618359488313267258e-01 1.385010717816321568e+00
9.655043054562382210e-01 9.636686956710294183e-01 1.384826503230856209e+00
9.659200402356747928e-01 9.654763247204097842e-01 1.384645586411689555e+00
9.663304647237355161e-01 9.672592098282227768e-01 1.384467894759141338e+00
9.667356570265409621e-01 9.690177157996562318e-01 1.384293357594629903e+00
9.671356950751521797e-01 9.707522059362805322e-01 1.384121905569367872e+00
9.675306568648514016e-01 9.724630439534209803e-01 1.383953470534947883e+00
9.679206204413721704e-01 9.741505939073185072e-01 1.383787985520232855e+00
9.683056632759791116e-01 9.758152178813702671e-01 1.383625384969391359e+00
9.686858619411236049e-01 9.774572750348944350e-01 1.383465604844810182e+00
9.690612920205190495e-01 9.790771209026777333e-01 1.383308582629661387e+00
9.694320280361357067e-01 9.806751055731135480e-01 1.383154257323920167e+00
9.697981436541373013e-01 9.822515734133572263e-01 1.383002569323681596e+00
9.701597119736792285e-01 9.838068649874017746e-01 1.382853460270500046e+00
9.705168057640763957e-01 9.853413192882967131e-01 1.382706872924490016e+00
9.708694969864466451e-01 9.868552717693835907e-01 1.382562751334899698e+00
9.712178563702503764e-01 9.883490514124155801e-01 1.382421040981961946e+00
9.715619532024425409e-01 9.898229793565402890e-01 1.382281688830261812e+00
9.719018559824413872e-01 9.912773740197768912e-01 1.382144643031944398e+00
9.722376334334535963e-01 9.927125582825626626e-01 1.382009852494541002e+00
9.725693544860373185e-01 9.941288597426994889e-01 1.381877266873306143e+00
9.728970879945362249e-01 9.955266081733349370e-01 1.381746836666504885e+00
9.732209017546173957e-01 9.969061301643161732e-01 1.381618513587040242e+00
9.735408623544371531e-01 9.982677486120034027e-01 1.381492250593703730e+00
9.738570353791702328e-01 9.996117841467674348e-01 1.381368001784049504e+00
9.741694855365269357e-01 1.000938554793380009e+00 1.381245722321242209e+00
9.744782765863391205e-01 1.002248374080461302e+00 1.381125368438720802e+00
9.747834712405878399e-01 1.003541549907880803e+00 1.381006897454995608e+00
9.750851311684266554e-01 1.004818385403334569e+00 1.380890267748669853e+00
9.753833174776915804e-01 1.006079182694962215e+00 1.380775438550653433e+00
9.756780908428658305e-01 1.007324243871375868e+00 1.380662369876868967e+00
9.759695114299516971e-01 1.008553870207724357e+00 1.380551022540734252e+00
9.762576389021463408e-01 1.009768363692492787e+00 1.380441358134454344e+00
9.765425324979953858e-01 1.010968029837599369e+00 1.380333338983049440e+00
9.768242509432418785e-01 1.012153178238493378e+00 1.380226928163984956e+00
9.771028522833710150e-01 1.013324119991272587e+00 1.380122089554940423e+00
9.773783933517848910e-01 1.014481161141410626e+00 1.380018788017156828e+00
9.776509296593629550e-01 1.015624599471532497e+00 1.379916989416702711e+00
9.779205156231944862e-01 1.016754725807723414e+00 1.379816660518479843e+00
9.781872047434609918e-01 1.017871826619343389e+00 1.379717768900888375e+00
9.784510495060143587e-01 1.018976185405818802e+00 1.379620282976386170e+00
9.787121011965591588e-01 1.020068081982972830e+00 1.379524172043089525e+00
9.789704097928612070e-01 1.021147791619559708e+00 1.379429406306980299e+00
9.792260248675913603e-01 1.022215589676975789e+00 1.379335956534863739e+00
9.794789964416771300e-01 1.023271756431573642e+00 1.379243793734010071e+00
9.797293750085785957e-01 1.024316577694134534e+00 1.379152889138354210e+00
9.799772111141689113e-01 1.025350341043901992e+00 1.379063214354105504e+00
9.802225538059048393e-01 1.026373325438785900e+00 1.378974741911761281e+00
9.804654503645000574e-01 1.027385793968222272e+00 1.378887445342273921e+00
9.807059465012439858e-01 1.028388018281719773e+00 1.378801299089786214e+00
9.809440869290046994e-01 1.029380229001343627e+00 1.378716278288167896e+00
9.811799158740861504e-01 1.030362684968958220e+00 1.378632358565434979e+00
9.814134771051555850e-01 1.031335631945624609e+00 1.378549516026321697e+00
9.816448139740299172e-01 1.032299312439506345e+00 1.378467727227236983e+00
9.818739695684386426e-01 1.033253965331584645e+00 1.378386969114258731e+00
9.821009867550495320e-01 1.034199824002225654e+00 1.378307219000241002e+00
9.823259081899210488e-01 1.035137116587623307e+00 1.378228454554038418e+00
9.825487766341645113e-01 1.036066067201462992e+00 1.378150653681012860e+00
9.827696354372893461e-01 1.036986897911032601e+00 1.378073794349952808e+00
9.829885289087769706e-01 1.037899830348293362e+00 1.377997854462336136e+00
9.832055018255810852e-01 1.038805082681976799e+00 1.377922812019856780e+00
9.834205977716130587e-01 1.039702860981737143e+00 1.377848645692246521e+00
9.836338588957453943e-01 1.040593357342603387e+00 1.377775334884794534e+00
9.838453264273652188e-01 1.041476752267292749e+00 1.377702859551076964e+00
9.840550431756610594e-01 1.042353226034980374e+00 1.377631199330767275e+00
9.842630544299338924e-01 1.043222963539782056e+00 1.377560333246456548e+00
9.844694079699815026e-01 1.044086153617145962e+00 1.377490239705598363e+00
9.846741527711339037e-01 1.044942980438102520e+00 1.377420896947573636e+00
9.848773386240422534e-01 1.045793619018039466e+00 1.377352283170687697e+00
9.850790165882933325e-01 1.046638238295783285e+00 1.377284376375635500e+00
9.852792397559874127e-01 1.047477009723996488e+00 1.377217154109435793e+00
9.854780637322345660e-01 1.048310113486832007e+00 1.377150593308436033e+00
9.856755468082143423e-01 1.049137738255728092e+00 1.377084670247294307e+00
9.858717495053704871e-01 1.049960074891823636e+00 1.377019360698963579e+00
9.860667343401825491e-01 1.050777320532052084e+00 1.376954640021218701e+00
9.862605662335471868e-01 1.051589646018939117e+00 1.376890483019956202e+00
9.864533145194630537e-01 1.052397275732075199e+00 1.376826863295160575e+00
9.866450541503118954e-01 1.053200436857953282e+00 1.376763752859844425e+00
9.867880381885917318e-01 1.053799140117289035e+00 1.376716804430302865e+00
9.869309532600107904e-01 1.054397322785686431e+00 1.376669976025081565e+00
9.871205341790296739e-01 1.055190401648525844e+00 1.376608006747158219e+00
9.872620466585018129e-01 1.055782011364762019e+00 1.376561861047970403e+00
9.874036170961336678e-01 1.056373489997573190e+00 1.376515791356874407e+00
9.875916216718324536e-01 1.057158321708209225e+00 1.376454757513587479e+00
9.877556032248382412e-01 1.057842169624959583e+00 1.376401658506070103e+00
9.878728339090028232e-01 1.058330607911505350e+00 1.376363775403940837e+00
9.880364164951689343e-01 1.059011498747984614e+00 1.376311021339728269e+00
9.881766700670048253e-01 1.059594600589803370e+00 1.376265890293493444e+00
9.882701561032216642e-01 1.059982888423097735e+00 1.376235859125001459e+00
9.884161744165290697e-01 1.060588726386876290e+00 1.376189033953557850e+00
9.885274938018725477e-01 1.061050041809045830e+00 1.376153402462453101e+00
9.886441702430321943e-01 1.061533012749782401e+00 1.376116117771053249e+00
9.887615048409820195e-01 1.062018119985767894e+00 1.376078686068721302e+00
9.888671405303265383e-01 1.062454331328744894e+00 1.376045040665377917e+00
9.889964814527246739e-01 1.062987720450814466e+00 1.376003914706636744e+00
9.891379956535801821e-01 1.063570367525752625e+00 1.375959005614920905e+00
9.892563647329785104e-01 1.064056922652690806e+00 1.375921511560175059e+00
9.893750463211569146e-01 1.064544001443454624e+00 1.375883982297466668e+00
9.894943121748573933e-01 1.065032683719432605e+00 1.375846332376726044e+00
9.896140207055634797e-01 1.065522349885163145e+00 1.375808607071777878e+00
9.897159914823099314e-01 1.065938787058460013e+00 1.375776522352408771e+00
9.898434705941348000e-01 1.066458503414281722e+00 1.375736476805855535e+00
9.899375585064562610e-01 1.066841441402955892e+00 1.375706966909779227e+00
9.900878310668779214e-01 1.067451884934286221e+00 1.375659916380575165e+00
9.901743200970993808e-01 1.067802561597274824e+00 1.375632881646950745e+00
9.902609137873940037e-01 1.068153167867367914e+00 1.375605847052508990e+00
9.903612026626938958e-01 1.068558600509527112e+00 1.375574577728589265e+00
9.904874739384739168e-01 1.069068096938322388e+00 1.375535269440478103e+00
9.905894425236058121e-01 1.069478728067330131e+00 1.375503576887364687e+00
9.907182233334840271e-01 1.069996284994798152e+00 1.375463614749122820e+00
9.907962672147299088e-01 1.070309365822659897e+00 1.375439431339653851e+00
9.909212141403226370e-01 1.070809706599245903e+00 1.375400767971312499e+00
9.910108377596256179e-01 1.071167921543038082e+00 1.375373075592043470e+00
9.911016878566011323e-01 1.071530463849003745e+00 1.375345038654553154e+00
9.912137238991562960e-01 1.071976757627883803e+00 1.375310510997365121e+00
9.913000989104370220e-01 1.072320233138469359e+00 1.375283927159347996e+00
9.913838631252052114e-01 1.072652827588612912e+00 1.375258176193968396e+00
9.914506465589315587e-01 1.072917645673962195e+00 1.375237666077663290e+00
9.915146713824002367e-01 1.073171233210909570e+00 1.375218020221369741e+00
9.916340109879260289e-01 1.073643146284562144e+00 1.375181445430214255e+00
9.917072197375820242e-01 1.073932152472564017e+00 1.375159036978534255e+00
9.918113459853242775e-01 1.074342574708951004e+00 1.375127201779590136e+00
9.918788921488236321e-01 1.074608422826806020e+00 1.375106573373137797e+00
9.919787124284612512e-01 1.075000739647144599e+00 1.375076121296671561e+00
9.920446367295224777e-01 1.075259481360630431e+00 1.375056031086282493e+00
9.921335618592820316e-01 1.075608057343918622e+00 1.375028958005274804e+00
9.922483388488775313e-01 1.076057225263451267e+00 1.374994059034064353e+00
9.923140323712106303e-01 1.076313930502180050e+00 1.374974106744664804e+00
9.923808176287334248e-01 1.076574621141763499e+00 1.374953839440744341e+00
9.924653149416101661e-01 1.076904049655107665e+00 1.374928220777123844e+00
9.925519742114751187e-01 1.077241446268475178e+00 1.374901973857416415e+00
9.926400143689063649e-01 1.077583747749389698e+00 1.374875336596535158e+00
9.927300306504682759e-01 1.077933253616931930e+00 1.374848130140505997e+00
9.928223552515691441e-01 1.078291226997992069e+00 1.374820255748853137e+00
9.928790071570852138e-01 1.078510643685790971e+00 1.374803166269164434e+00
9.929749283407137694e-01 1.078881740880872409e+00 1.374774256078950208e+00
9.930338309415541742e-01 1.079109366067237730e+00 1.374756518587469722e+00
9.931134822473388635e-01 1.079416863479368827e+00 1.374732551443142103e+00
9.931957520679123297e-01 1.079734093541734108e+00 1.374707818328821718e+00
9.932581794112547158e-01 1.079974552913871788e+00 1.374689065182404635e+00
9.933222453859934520e-01 1.080221096505550094e+00 1.374669832723176999e+00
9.934096186032961295e-01 1.080556962808926214e+00 1.374643624246689066e+00
9.934541404540199183e-01 1.080727944717015943e+00 1.374630278528842897e+00
9.935457954224757859e-01 1.081079600969342192e+00 1.374602823250062222e+00
9.936160469382104843e-01 1.081348831829743729e+00 1.374581796259530364e+00
9.936880935992783437e-01 1.081624659287955037e+00 1.374560246832633004e+00
9.937495894572796473e-01 1.081859862989857035e+00 1.374541864837524496e+00
9.938121488219817667e-01 1.082098915159779073e+00 1.374523175702496935e+00
9.939160796672812381e-01 1.082495552783554249e+00 1.374492150488648257e+00
9.939694945657114866e-01 1.082699152359912764e+00 1.374476216184953303e+00
9.940375730092885220e-01 1.082958399970525676e+00 1.374455918073976379e+00
9.941079133971814086e-01 1.083225975466352464e+00 1.374434957559967474e+00
9.941512836844985657e-01 1.083390812318950402e+00 1.374422039693184328e+00
9.942245924467123519e-01 1.083669190355206480e+00 1.374400214579414525e+00
9.942849783485653292e-01 1.083898262793895562e+00 1.374382245870436448e+00
9.943630951281491326e-01 1.084194277394230355e+00 1.374359012750263398e+00
9.944439687478419110e-01 1.084500342444717491e+00 1.374334972911776642e+00
9.944937414949477361e-01 1.084688498061533002e+00 1.374320184212042273e+00
9.945448254080581085e-01 1.084881446560113538e+00 1.374305010725440424e+00
9.946141837795062779e-01 1.085143156198715042e+00 1.374284416562209232e+00
9.946679242963347711e-01 1.085345725951760043e+00 1.374268465251221372e+00
9.947232555508067620e-01 1.085554102931857168e+00 1.374252046527157045e+00
9.947802947091887171e-01 1.085768710892143885e+00 1.374235125736869900e+00
9.948193345282794198e-01 1.085915478535155465e+00 1.374223547076104612e+00
9.948788033927520313e-01 1.086138860299778797e+00 1.374205913200665208e+00
9.949193304565996376e-01 1.086290958898051606e+00 1.374193898393845537e+00
9.949819063874423275e-01 1.086525588964093680e+00 1.374175350347583091e+00
9.950248963278948144e-01 1.086686625646119397e+00 1.374162609925672740e+00
9.950914392447394174e-01 1.086935636148333995e+00 1.374142892409050409e+00
9.951257033035670885e-01 1.087063737300876021e+00 1.374132740752853188e+00
9.951843888488717260e-01 1.087282959626245216e+00 1.374115355163730179e+00
9.952322115084688559e-01 1.087461436603561094e+00 1.374101188871563961e+00
9.952814503025246839e-01 1.087645042238615467e+00 1.374086603855709132e+00
9.953322073685838545e-01 1.087834142696770590e+00 1.374071569576500229e+00
9.953845960308196350e-01 1.088029141944206746e+00 1.374056052099155822e+00
9.954519586706931378e-01 1.088279598406834525e+00 1.374036098754609414e+00
9.954937886889216880e-01 1.088434961160252623e+00 1.374023707622064716e+00
9.955367586705249350e-01 1.088594428323306662e+00 1.374010977895502750e+00
9.955809446208156999e-01 1.088758275374343665e+00 1.373997886682501557e+00
9.956414875400296793e-01 1.088982562157390310e+00 1.373979946666873841e+00
9.956882115261579402e-01 1.089155490042969632e+00 1.373966098885990084e+00
9.957364305507077074e-01 1.089333801275275349e+00 1.373951805199610909e+00
9.957694647789196996e-01 1.089455872906719414e+00 1.373942010880132125e+00
9.958204391530577348e-01 1.089644097296757819e+00 1.373926894049513292e+00
9.958554331825923978e-01 1.089773211806116748e+00 1.373916513597694955e+00
9.959095524598978733e-01 1.089972724315739772e+00 1.373900455055422576e+00
9.959562594527735513e-01 1.090144748157704679e+00 1.373886590602976243e+00
9.960045505597787674e-01 1.090322447072422873e+00 1.373872250160890207e+00
9.960343411253066437e-01 1.090431991126219913e+00 1.373863400415798353e+00
9.960854494326569775e-01 1.090619792939409249e+00 1.373848211766448779e+00
9.961277448285118519e-01 1.090775089944628684e+00 1.373835635827090451e+00
9.961713919593757627e-01 1.090935236463514979e+00 1.373822651419686069e+00
9.962161918280310058e-01 1.091099490978414188e+00 1.373809316608995079e+00
9.962505693319740896e-01 1.091225445628998703e+00 1.373799078516330097e+00
9.962858572444537320e-01 1.091354655020766229e+00 1.373788563962133003e+00
9.963221125104277931e-01 1.091487320422440899e+00 1.373777755201956774e+00
9.963593986330890884e-01 1.091623667742890547e+00 1.373766632423708778e+00
9.963977866504906133e-01 1.091763952508290503e+00 1.373755173432813503e+00
9.964373559441993544e-01 1.091908460060893926e+00 1.373743353384262456e+00
9.964644356591672025e-01 1.092007302970147808e+00 1.373735258987242469e+00
9.965061743102501257e-01 1.092159571035459908e+00 1.373722774172864369e+00
9.965347929889251111e-01 1.092263919144433437e+00 1.373714207361277806e+00
9.965789926785999508e-01 1.092424985214158095e+00 1.373700965642901339e+00
9.966093636738425632e-01 1.092535591993878397e+00 1.373691858798052667e+00
9.966559567315705914e-01 1.092705167639371311e+00 1.373677874248406816e+00
9.966880427217708061e-01 1.092821866784293716e+00 1.373668233866177424e+00
9.967378328212044281e-01 1.093002833253583939e+00 1.373653257085874380e+00
9.967809783515868549e-01 1.093159534131790567e+00 1.373640261134801310e+00
9.968257684029371291e-01 1.093322099974215700e+00 1.373626751251693090e+00
9.968534955838771472e-01 1.093422684835756664e+00 1.373618377997237738e+00
9.969012406558794837e-01 1.093595798411838738e+00 1.373603940770446785e+00
9.969308756731882770e-01 1.093703188536295778e+00 1.373594967082600204e+00
9.969613046775022136e-01 1.093813405785963422e+00 1.373585742443235169e+00
9.969925771600518516e-01 1.093926625222622517e+00 1.373576250517461350e+00
9.970247479264872092e-01 1.094043041179154185e+00 1.373566473168206237e+00
9.970691443777704999e-01 1.094203607193120042e+00 1.373552957914718320e+00
9.971036607767090887e-01 1.094328370330371891e+00 1.373542431631608496e+00
9.971393088047536546e-01 1.094457163411783229e+00 1.373531542231540836e+00
9.971637472447061334e-01 1.094545425052997345e+00 1.373524066018685597e+00
9.972014842903836884e-01 1.094681667222519472e+00 1.373512503213181635e+00
9.972274093111264115e-01 1.094775228884552476e+00 1.373504546273935922e+00
9.972575290295068173e-01 1.094883890757411216e+00 1.373495287634443507e+00
9.972922000224022643e-01 1.095008919606796916e+00 1.373484610192894806e+00
9.973280657224116164e-01 1.095138194543155752e+00 1.373473541558359656e+00
9.973558081309227275e-01 1.095238146829549564e+00 1.373464962947591461e+00
9.973843238065247530e-01 1.095340849190172827e+00 1.373456129245770985e+00
9.974136641173761975e-01 1.095446487256761969e+00 1.373447022577020560e+00
9.974438858290636256e-01 1.095555265485519181e+00 1.373437623098383575e+00
9.974750515538618467e-01 1.095667410085403137e+00 1.373427908785407325e+00
9.975181926553605694e-01 1.095822592336779033e+00 1.373414424608826900e+00
9.975404964969021293e-01 1.095902793952172383e+00 1.373407435613302585e+00
9.975740710655780497e-01 1.096023488243462962e+00 1.373396891166328793e+00
9.976084019075507348e-01 1.096146854515321900e+00 1.373386078475227867e+00
9.976319905302465374e-01 1.096231591800958860e+00 1.373378630358693897e+00
9.976685048465973038e-01 1.096362723845936360e+00 1.373367069696815435e+00
9.976936576052695127e-01 1.096453030545001095e+00 1.373359083246929568e+00
9.977327010428558296e-01 1.096593178066665564e+00 1.373346647736795711e+00
9.977596755686080066e-01 1.096689982819273101e+00 1.373338027707010855e+00
9.977874647642224204e-01 1.096789693259382803e+00 1.373329121981765155e+00
9.978161248682079210e-01 1.096892509166006668e+00 1.373319909147718176e+00
9.978457182292497230e-01 1.096998649412609161e+00 1.373310365269136746e+00
9.978685681051390199e-01 1.097080585691658561e+00 1.373302973756113987e+00
9.978920154480180882e-01 1.097164650310442191e+00 1.373295367991018701e+00
9.979242710965282592e-01 1.097280274713233750e+00 1.373284869131377040e+00
9.979408528064854789e-01 1.097339706581720975e+00 1.373279455254987624e+00
9.979749878048177480e-01 1.097462042533466686e+00 1.373268273423831287e+00
9.979925724695731803e-01 1.097525060126709251e+00 1.373262493078752922e+00
9.980288529745338089e-01 1.097655071112413561e+00 1.373250522568806753e+00
9.980475867178884020e-01 1.097722199254781650e+00 1.373244317091238731e+00
9.980764821692650335e-01 1.097825734435364575e+00 1.373234711791272211e+00
9.981063982578021188e-01 1.097932918039970618e+00 1.373224722320356639e+00
9.981269508387591305e-01 1.098006548236532209e+00 1.373217831977961545e+00
9.981587598926524585e-01 1.098120500309260672e+00 1.373207122121416157e+00
9.981806669382242703e-01 1.098198978694064243e+00 1.373199712736200118e+00
9.982031749578805790e-01 1.098279613396367926e+00 1.373192070761900085e+00
9.982381475806171300e-01 1.098404916749158300e+00 1.373180135770441179e+00
9.982623346236442208e-01 1.098491586546089138e+00 1.373171836309670324e+00
9.982872737916601569e-01 1.098580960428824582e+00 1.373163238492351335e+00
9.983130182164108302e-01 1.098673229968591514e+00 1.373154318529528073e+00
9.983396273700049228e-01 1.098768609065897239e+00 1.373145049544230778e+00
9.983671684421697723e-01 1.098867341319294422e+00 1.373135400932391503e+00
9.983957179697369178e-01 1.098969707461653122e+00 1.373125337605149099e+00
9.984253637137215920e-01 1.099076029935359466e+00 1.373114819052859925e+00
9.984406293963175028e-01 1.099130791980640343e+00 1.373109374338089106e+00
9.984641183739834114e-01 1.099215074890478094e+00 1.373100957964848545e+00
9.984883613646687861e-01 1.099302093781620693e+00 1.373092220597116997e+00
9.985219528053926874e-01 1.099422717652044357e+00 1.373080025069523424e+00
9.985393346580382357e-01 1.099485155582372142e+00 1.373073672170115778e+00
9.985661963323834156e-01 1.099581679395690514e+00 1.373063795555353961e+00
9.985940768752048502e-01 1.099681909999714380e+00 1.373053465695018627e+00
9.986132751984105882e-01 1.099750957852720479e+00 1.373046304288502384e+00
9.986430633305444227e-01 1.099858150799144951e+00 1.373035111859235435e+00
9.986636340980088455e-01 1.099932220105721115e+00 1.373027323225857632e+00
9.986848179599125963e-01 1.100008540481230090e+00 1.373019249899771088e+00
9.987178338722532134e-01 1.100127582709286234e+00 1.373006556786001919e+00
9.987349444046859093e-01 1.100189320007285643e+00 1.372999923211028150e+00
9.987524851726983233e-01 1.100252642555746396e+00 1.372993082194960968e+00
9.987765844015680239e-01 1.100339700385876140e+00 1.372983614065637070e+00
9.988015577918140098e-01 1.100429993056204925e+00 1.372973714753740637e+00
9.988274800149772314e-01 1.100523807679936850e+00 1.372963341123716763e+00
9.988544362552871370e-01 1.100621473542593654e+00 1.372952443235943898e+00
9.988753905693313895e-01 1.100697476520959395e+00 1.372943890830381486e+00
9.988970266660069930e-01 1.100776035264753316e+00 1.372934983003283316e+00
9.989270221423027785e-01 1.100885093834508721e+00 1.372922498340659825e+00
9.989504550052760168e-01 1.100970413750485655e+00 1.372912630464396377e+00
9.989747628014434833e-01 1.101059041485720424e+00 1.372902282976139476e+00
9.990051947931041232e-01 1.101170190956164197e+00 1.372889161782188561e+00
9.990263205772492716e-01 1.101247485739406784e+00 1.372879939052694676e+00
9.990481762035228197e-01 1.101327580113862448e+00 1.372870295436745325e+00
9.990785530834477290e-01 1.101439139846271287e+00 1.372856711761000215e+00
9.991023505581886344e-01 1.101526738205874212e+00 1.372845916190468696e+00
9.991271012511192540e-01 1.101618045909065646e+00 1.372834537330191784e+00
9.991528929002418957e-01 1.101713427392173150e+00 1.372822508040598910e+00
9.991798280720175507e-01 1.101813311920698313e+00 1.372809748739496571e+00
9.991984794926396241e-01 1.101882653747626062e+00 1.372800790191309739e+00
9.992177328124328684e-01 1.101954398922142309e+00 1.372791432655928512e+00
9.992478392564185796e-01 1.102066951808620354e+00 1.372776566841372947e+00
9.992688036569071786e-01 1.102145601559787913e+00 1.372766037495869673e+00
9.992905497192673403e-01 1.102227440714629969e+00 1.372754953570137104e+00
9.993131439165223728e-01 1.102312765710835585e+00 1.372743253832571009e+00
9.993247827739355493e-01 1.102356841788865394e+00 1.372737150663608130e+00
9.993487959678186705e-01 1.102448067285435540e+00 1.372724388810856677e+00
9.993674973098491954e-01 1.102519395915300349e+00 1.372714284111267391e+00
9.993868412429605108e-01 1.102593454973278542e+00 1.372703672643641681e+00
9.994068783400280598e-01 1.102670488543303629e+00 1.372692501921696007e+00
9.994276648665150198e-01 1.102750771355489379e+00 1.372680710877968391e+00
9.994492639380627708e-01 1.102834615172915811e+00 1.372668227771387972e+00
9.994641497712507539e-01 1.102892665606815870e+00 1.372659479526120663e+00
9.994872678435071656e-01 1.102983285769837840e+00 1.372645646692139509e+00
9.995032449859110324e-01 1.103046264492829165e+00 1.372635900621947291e+00
9.995197091961360858e-01 1.103111484993466229e+00 1.372625690102232232e+00
9.995366937452522249e-01 1.103179132387699379e+00 1.372614969693652931e+00
9.995542352050760249e-01 1.103249411967224702e+00 1.372603686632755116e+00
9.995632269244164592e-01 1.103285608781760407e+00 1.372597815041165736e+00
9.995816803494208536e-01 1.103360287266942352e+00 1.372585569915040216e+00
9.996007985421709874e-01 1.103438243153305853e+00 1.372572586536524586e+00
9.996106220069089776e-01 1.103478544965487584e+00 1.372565788539302334e+00
9.996308346586166849e-01 1.103562039862392652e+00 1.372551513129095957e+00
9.996412368419599348e-01 1.103605323560141294e+00 1.372544002318526468e+00
9.996572341019539509e-01 1.103672338382365448e+00 1.372532218425167594e+00
9.996654165764250477e-01 1.103706836755966814e+00 1.372526072981820278e+00
9.996737268852544656e-01 1.103742036120645142e+00 1.372519745107045219e+00
9.996907478591154916e-01 1.103814673942947300e+00 1.372506495839920460e+00
9.997083254080765258e-01 1.103890505753015949e+00 1.372492356174575656e+00
9.997203659123680142e-01 1.103942968135361635e+00 1.372482364223173823e+00
9.997295716088870909e-01 1.103983384895079300e+00 1.372474537202317935e+00
9.997389315847620139e-01 1.104024768436078663e+00 1.372466396228321228e+00
9.997484485856261704e-01 1.104067162918174194e+00 1.372457910575631601e+00
9.997581247233376933e-01 1.104110613743254143e+00 1.372449043889562459e+00
9.997679612228204116e-01 1.104155166660948151e+00 1.372439751866717517e+00
9.997739394289327786e-01 1.104182442653578899e+00 1.372433950642472089e+00
9.997820000854189537e-01 1.104219472173838756e+00 1.372425927422143088e+00
9.997929051550846768e-01 1.104270057378350156e+00 1.372414660707089062e+00
9.997984214594728414e-01 1.104295871348646818e+00 1.372408755440471140e+00
9.998039795735214064e-01 1.104322042897307066e+00 1.372402653509108061e+00
9.998095779159665852e-01 1.104348574827476392e+00 1.372396345414929941e+00
9.998208912998742814e-01 1.104402744574958017e+00 1.372383079524616134e+00
9.998265973426959663e-01 1.104430357277365937e+00 1.372376131894587958e+00
9.998323339786087116e-01 1.104458323880344039e+00 1.372369007871912405e+00
9.998380985682069344e-01 1.104486639392549430e+00 1.372361766670580963e+00
9.998467947419584778e-01 1.104529762325209274e+00 1.372351068815187647e+00
9.998526250026127382e-01 1.104558946178033407e+00 1.372344253245140644e+00
9.998555514960351109e-01 1.104573676206859201e+00 1.372341052507881187e+00
9.998614299637414993e-01 1.104603424120695010e+00 1.372335131971059052e+00
9.998643847881024671e-01 1.104618456230902712e+00 1.372332438235059460e+00
9.998673512895481785e-01 1.104633599884356165e+00 1.372329924690827818e+00
9.998733233069112547e-01 1.104664241387020240e+00 1.372325415654088721e+00
9.998793574077052826e-01 1.104695409146631668e+00 1.372321554267871502e+00
9.998824016846992180e-01 1.104711212304863688e+00 1.372319845552868234e+00
9.998854656500272275e-01 1.104727170478036591e+00 1.372318272608868961e+00
9.998916573648619632e-01 1.104759580127127272e+00 1.372315502248850239e+00
9.998979452562853920e-01 1.104792715445447771e+00 1.372313180118781784e+00
9.999043416463473388e-01 1.104826655014271353e+00 1.372311245441277139e+00
9.999125084778498485e-01 1.104870336069295522e+00 1.372309278527720444e+00
9.999175115050784601e-01 1.104897292588061575e+00 1.372308287767798340e+00
9.999243130945403291e-01 1.104934186737217550e+00 1.372307136506860870e+00
9.999312785469907094e-01 1.104972273400432803e+00 1.372306125600942339e+00
9.999348281186141163e-01 1.104991803779839410e+00 1.372305654962299171e+00
9.999420696978659207e-01 1.105031910712086729e+00 1.372304752632479863e+00
9.999476355849528098e-01 1.105062983152734768e+00 1.372304081385357533e+00
9.999533256625676714e-01 1.105094977718013904e+00 1.372303389408165764e+00
9.999611203631671996e-01 1.105139195510574712e+00 1.372302392008171168e+00
9.999671357732496935e-01 1.105173638286035542e+00 1.372301551896326410e+00
9.999724755022235678e-01 1.105204453402000908e+00 1.372300734615876205e+00
9.999792197722634501e-01 1.105243709816774667e+00 1.372299582197582968e+00
9.999826680284464864e-01 1.105263929890239583e+00 1.372298932263899873e+00
9.999897257606218393e-01 1.105305641150879925e+00 1.372297455337456062e+00
9.999933403873831894e-01 1.105327177021467433e+00 1.372296614352586097e+00
9.999970151280588304e-01 1.105349195069994961e+00 1.372295695295332685e+00
9.999985024668397449e-01 1.105358142898569707e+00 1.372295303991179161e+00
