# -71 2 0.150618441981 1.9861631731e-05
# x xi_r xi_h
1.310287751119751072e-03 -1.686752295680635427e+02 -7.122759020617959891e+01
1.460995662986557019e-03 -1.776311090947057778e+02 -7.141366955837342800e+01
1.650884358646134958e-03 -1.848812524725339586e+02 -6.883698517862519850e+01
1.840773054305712029e-03 -1.876092314691976526e+02 -6.329739013628956457e+01
2.080034956818093209e-03 -1.848023749116233034e+02 -5.258839354871776806e+01
2.319296859330475039e-03 -1.755353423866045546e+02 -3.859481571903111075e+01
2.520287072229036949e-03 -1.633546972570612468e+02 -2.515660745288265687e+01
2.721277285127598859e-03 -1.478616906923276986e+02 -1.096933135596572306e+01
2.922267498026161203e-03 -1.297930963596217282e+02 3.184382882570799378e+00
3.112225549436466957e-03 -1.110620936279176760e+02 1.583381900877737003e+01
3.302183600846774012e-03 -9.143773566217188886e+01 2.718166992378540670e+01
3.492141652257081067e-03 -7.160370969448204903e+01 3.671941067972716866e+01
3.682099703667386821e-03 -5.220963842790808229e+01 4.404397160831874913e+01
3.921500270735109317e-03 -2.932129012459143524e+01 4.977317519194480866e+01
4.160900837802832680e-03 -9.042106514357328706e+00 5.129937935096543100e+01
4.400301404870555176e-03 7.855781199011829585e+00 4.871132602949888479e+01
4.639701971938277672e-03 2.087068680270026277e+01 4.242788903290907143e+01
4.869433365318841418e-03 2.950015825922458035e+01 3.356279628243041913e+01
5.099164758699403430e-03 3.438739087306723263e+01 2.275331811190235953e+01
5.328896152079966309e-03 3.578662819607814072e+01 1.092476264719695322e+01
5.558627545460530055e-03 3.413052959800183572e+01 -9.584992560778112791e-01
5.787748083093968016e-03 3.000215143417839769e+01 -1.194300133041631184e+01
6.016868620727404242e-03 2.405504595768380582e+01 -2.125102828256702381e+01
6.245989158360841335e-03 1.698258792306009113e+01 -2.824112603865773963e+01
6.507314466583081353e-03 8.430802534100061862e+00 -3.286546783975430941e+01
6.768639774805322237e-03 2.238877584998597570e-01 -3.367817782515900404e+01
7.029965083027563122e-03 -6.868120154182674852e+00 -3.082430667032436489e+01
7.291290391249803139e-03 -1.228041300039296857e+01 -2.482250053676886736e+01
7.588259160035928062e-03 -1.598273375559850962e+01 -1.526987130989569685e+01
7.885227928822052118e-03 -1.698900511060181628e+01 -4.214122351056978744e+00
8.182196697608175306e-03 -1.553139066564620130e+01 6.731718816197168387e+00
8.479165466394300230e-03 -1.212501710545056177e+01 1.606055647116660978e+01
8.776134235180425153e-03 -7.470622764757743006e+00 2.257076759355377149e+01
9.062891590263655664e-03 -2.517423766645027872e+00 2.547235595758261439e+01
9.349648945346886175e-03 2.198286737113500866e+00 2.484080235135054338e+01
9.636406300430114952e-03 6.105443667006639430e+00 2.094521856150876715e+01
9.923163655513347198e-03 8.795022227207949683e+00 1.446593062586470602e+01
1.020992101059657944e-02 1.005270707522535822e+01 6.386951467614764510e+00
1.049667836567980995e-02 9.865234086578849926e+00 -2.146033207017077782e+00
1.078343572076304047e-02 8.402036368884180817e+00 -9.982378577029820121e+00
1.107585216327150977e-02 5.923099624157885046e+00 -1.621479237085276637e+01
1.136826860577998081e-02 2.873466390330102538e+00 -1.990642503214572301e+01
1.166068504828845012e-02 -2.838080388612688187e-01 -2.066551008912862741e+01
1.195310149079691076e-02 -3.114740421351884336e+00 -1.851932149952910223e+01
1.224551793330539047e-02 -5.268138726267467931e+00 -1.389207559496896316e+01
1.253793437581384937e-02 -6.513977398419908305e+00 -7.529912980209228834e+00
1.283035081832233082e-02 -6.762856967228502825e+00 -3.852814962812804445e-01
1.312276726083078972e-02 -6.065643245237466452e+00 6.521942643630306513e+00
1.341518370333926076e-02 -4.594960007438782412e+00 1.224678487767218726e+01
1.372371033175165053e-02 -2.497405898639491806e+00 1.618860271888260982e+01
1.403223696016404030e-02 -1.925657059915193980e-01 1.748089437092995269e+01
1.434076358857643008e-02 1.957632212111229952e+00 1.603243860140747401e+01
1.464929021698880944e-02 3.643532649058671247e+00 1.217295074786106390e+01
1.495781684540119921e-02 4.648907913806785253e+00 6.586352817983625485e+00
1.526634347381359072e-02 4.875314237961628550e+00 1.931221706835393737e-01
1.557487010222598049e-02 4.347433704961207290e+00 -5.998603819586036501e+00
1.588339673063835986e-02 3.200070101755758234e+00 -1.104948548669713304e+01
1.619192335905075136e-02 1.650052546278748311e+00 -1.422904187381004526e+01
1.650044998746313940e-02 -4.176224319871765095e-02 -1.511872366491033048e+01
1.680897661587552050e-02 -1.612143419332261463e+00 -1.366378111124342531e+01
1.711941423928450140e-02 -2.840458059332243934e+00 -1.014194648241143781e+01
1.742985186269348924e-02 -3.554708184596993004e+00 -5.168109066147426489e+00
1.774028948610247014e-02 -3.681214394078791141e+00 4.435884850714349459e-01
1.805072710951145104e-02 -3.239416132053194453e+00 5.809327522801584820e+00
1.836116473292042847e-02 -2.332700200929323842e+00 1.011283304800810079e+01
1.867160235632940937e-02 -1.127434761033301980e+00 1.272771261722950520e+01
1.898203997973839027e-02 1.759383101446028719e-01 1.330674920709079601e+01
1.929247760314737117e-02 1.374977598111349231e+00 1.182557454341465153e+01
1.960291522655635901e-02 2.295541202256533797e+00 8.575531696404812720e+00
1.991335284996533991e-02 2.815940874809160999e+00 4.108512974176007582e+00
2.022379047337432081e-02 2.881765287183944313e+00 -8.561338385323880029e-01
2.053422809678330171e-02 2.509770644082947477e+00 -5.547029305441840918e+00
2.083870335922823058e-02 1.797121198926310948e+00 -9.202595676647264966e+00
2.114317862167315945e-02 8.626843591409448786e-01 -1.141095736589657861e+01
2.144765388411808138e-02 -1.470353399106451298e-01 -1.189464130242998330e+01
2.175212914656301025e-02 -1.083249760461594713e+00 -1.063552410982513408e+01
2.205660440900793912e-02 -1.816140684910153125e+00 -7.868179711854859093e+00
2.236107967145287145e-02 -2.252112007104054126e+00 -4.037055183776991463e+00
2.266555493389780032e-02 -2.344875050261014060e+00 2.748479890052807351e-01
2.297003019634272919e-02 -2.099210211979983143e+00 4.434381766600146157e+00
2.327450545878765112e-02 -1.567346735585318118e+00 7.850426337368197949e+00
2.357898072123257999e-02 -8.389321043667696820e-01 1.005657844785208788e+01
2.388999902351006052e-02 -9.305549895911487124e-03 1.077183008017377652e+01
2.420101732578754106e-02 7.823393899292543363e-01 9.873721572742235608e+00
2.451203562806502159e-02 1.422506617828872555e+00 7.540281548356307262e+00
2.482305393034249866e-02 1.825633732748215721e+00 4.154752140541203786e+00
2.513407223261997919e-02 1.944878268127108845e+00 2.425613532294117192e-01
2.544509053489744932e-02 1.776730996900324877e+00 -3.610083700078012825e+00
2.575610883717492985e-02 1.359171417433066020e+00 -6.843438693150657670e+00
2.606712713945241039e-02 7.640142198574644272e-01 -9.004452684182695066e+00
2.637814544172989092e-02 8.487639353936896058e-02 -9.808700276720962563e+00
2.668916374400737146e-02 -5.772764276482503787e-01 -9.175833762104597113e+00
2.700018204628484852e-02 -1.128825668268033766e+00 -7.234506363957345698e+00
2.731120034856232906e-02 -1.496357470753353569e+00 -4.297239880760371555e+00
2.762221865083979919e-02 -1.635984609877253027e+00 -8.099620861142942108e-01
2.793323695311727972e-02 -1.538029345895722377e+00 2.715666290244264758e+00
2.826513052570591919e-02 -1.200109065787732687e+00 5.950841080994421439e+00
2.859702409829455866e-02 -6.851195058027708118e-01 8.154746518834961932e+00
2.892891767088319119e-02 -8.275145493945099129e-02 9.000832810435982267e+00
2.926081124347183066e-02 5.078037362226951457e-01 8.388384250981669510e+00
2.959270481606045972e-02 9.938979011124238205e-01 6.451494751098922897e+00
2.992459838864909918e-02 1.303603395668696763e+00 3.530626678377299932e+00
3.025649196123773171e-02 1.395925558449785608e+00 1.125627974064823400e-01
3.058838553382637118e-02 1.265683179800560554e+00 -3.250699947261006084e+00
3.092027910641501065e-02 9.425886895367630025e-01 -6.030661725966100839e+00
3.125217267900363971e-02 4.849784960982707060e-01 -7.804491902519044899e+00
3.158406625159228265e-02 -3.055910247219355280e-02 -8.318057776492324251e+00
3.191595982418091171e-02 -5.218503012541041430e-01 -7.520647946167010822e+00
3.224785339676954771e-02 -9.140355754632090157e-01 -5.566961010018995459e+00
3.257974696935817677e-02 -1.150717747599061092e+00 -2.787167772539267840e+00
3.291164054194681970e-02 -1.201746925942964506e+00 3.692340882925629342e-01
3.324353411453546264e-02 -1.066628616498070725e+00 3.406215719484264604e+00
3.357542768712409170e-02 -7.732595183239686643e-01 5.858889127866715896e+00
3.390732125971272770e-02 -3.724186302085190081e-01 7.363961489908861680e+00
3.423921483230135676e-02 7.094015020346806921e-02 7.712426169764891704e+00
3.457110840488999970e-02 4.881209836097090138e-01 6.877047692214149244e+00
3.491112367483018009e-02 8.235553885426587506e-01 4.956756571073613671e+00
3.525113894477036047e-02 1.017427788446915171e+00 2.285910683656685816e+00
3.559115421471054780e-02 1.044650559751015173e+00 -6.964082043167524327e-01
3.593116948465072819e-02 9.071878172294176590e-01 -3.513064227043728227e+00
3.627118475459092245e-02 6.325793679627674804e-01 -5.724693873024857105e+00
3.661120002453110284e-02 2.685777893274903239e-01 -6.997382716753125287e+00
3.695121529447128322e-02 -1.250908747307779012e-01 -7.151930906289420520e+00
3.729123056441145667e-02 -4.864417057154588053e-01 -6.187634719299590635e+00
3.763124583435163706e-02 -7.608625082828412989e-01 -4.277686397234353066e+00
3.797126110429181745e-02 -9.091923243106789787e-01 -1.737777465360677231e+00
3.831127637423199783e-02 -9.130844717743779038e-01 1.026420974832709332e+00
3.865129164417219210e-02 -7.769610336342818169e-01 3.584151966204693007e+00
3.899130691411237248e-02 -5.264171801582492316e-01 5.546468882228566599e+00
3.933132218405255287e-02 -2.034794182299640708e-01 6.624793166874943573e+00
3.967133745399273326e-02 1.404206820165691816e-01 6.672413856678546473e+00
4.001135272393290671e-02 4.525913792431849325e-01 5.703114314840117771e+00
4.035136799387308709e-02 6.870653685502245978e-01 3.884807097884349414e+00
4.069138326381326748e-02 8.112307957763708055e-01 1.509946217244622968e+00
4.103139853375346174e-02 8.101763372698240762e-01 -1.052037156452903632e+00
4.137141380369364213e-02 6.882058402878247216e-01 -3.412481630256585685e+00
4.171142907363382252e-02 4.674276795374581739e-01 -5.222365969177245049e+00
4.205144434357400290e-02 1.837646636788889121e-01 -6.223403079128338788e+00
4.239145961351419023e-02 -1.189035037042797810e-01 -6.283959280222005894e+00
4.273147488345437062e-02 -3.955121876984888374e-01 -5.414959874871786205e+00
4.307149015339455100e-02 -6.064583233177754940e-01 -3.764125753916393702e+00
4.325489917444660243e-02 -6.828053564416920462e-01 -2.625313251656813840e+00
4.343830819549863304e-02 -7.281228868035435342e-01 -1.382669632440225449e+00
4.362171721655067058e-02 -7.409996835231796863e-01 -9.179522509826293364e-02
4.380512623760270813e-02 -7.214630446598239155e-01 1.190435772611090348e+00
4.398853525865475261e-02 -6.709442555053933832e-01 2.408378658620834667e+00
4.417194427970679016e-02 -5.921841059153744036e-01 3.510016682835318758e+00
4.435535330075882771e-02 -4.890842731348356565e-01 4.449152403830799685e+00
4.453876232181087219e-02 -3.665125388888491043e-01 5.187301526298393028e+00
4.472217134286290280e-02 -2.300715514181761179e-01 5.695214170272441478e+00
4.490558036391494035e-02 -8.584210500363816110e-02 5.953966698389181467e+00
4.527239840601902238e-02 1.981207537512342520e-01 5.714419886745369936e+00
4.563921644812309747e-02 4.417023696087433726e-01 4.541029613601012649e+00
4.600603449022717950e-02 6.066904707316985723e-01 2.647050007694918161e+00
4.637285253233124765e-02 6.690375434533644139e-01 3.567362832229294956e-01
4.673967057443533663e-02 6.221058457089909677e-01 -1.950846252268869652e+00
4.710648861653941866e-02 4.769710130602058396e-01 -3.904609169768848087e+00
4.747330665864348681e-02 2.598958187440209011e-01 -5.200474261293572376e+00
4.784012470074756884e-02 7.526623402162577192e-03 -5.647433603589480988e+00
4.820694274285165087e-02 -2.393099444488256400e-01 -5.193941405667764855e+00
4.857376078495573291e-02 -4.421660095059825601e-01 -3.931374733822319278e+00
4.894057882705980800e-02 -5.708495772050204975e-01 -2.075045048639455825e+00
4.931285321897629220e-02 -6.075822354933833047e-01 1.049086309679979345e-01
4.968512761089276947e-02 -5.470264129138352471e-01 2.232009791222399731e+00
5.005740200280924673e-02 -4.017416780369065799e-01 3.970621598451034906e+00
5.042967639472573094e-02 -1.971205391932840945e-01 5.054960508571285871e+00
5.080195078664220820e-02 3.308122093685202103e-02 5.328540233082065036e+00
5.117422517855869241e-02 2.523112726932579264e-01 4.765300301304819186e+00
5.154649957047517661e-02 4.269759731950206749e-01 3.469827950129417360e+00
5.191877396239164694e-02 5.314926894021412274e-01 1.657397524954384194e+00
5.229104835430813114e-02 5.518996598750626204e-01 -3.823774510534837523e-01
5.266332274622462228e-02 4.875401432070871066e-01 -2.332117377918859535e+00
5.303559713814109261e-02 3.506538999362446285e-01 -3.895983149902404907e+00
5.340787153005757681e-02 1.640342565924655382e-01 -4.844093667704071571e+00
5.378014592197404714e-02 -4.280656729265593791e-02 -5.045470572346334670e+00
5.415242031389053134e-02 -2.383183249398111991e-01 -4.484927568278862076e+00
5.452469470580702249e-02 -3.936991832135053326e-01 -3.261938636515404166e+00
5.489696909772349281e-02 -4.870683060134398112e-01 -1.572326013400767053e+00
5.526924348963997702e-02 -5.064330137067790671e-01 3.238316438240454453e-01
5.564151788155646122e-02 -4.510683576429427855e-01 2.142737096666156305e+00
5.601379227347293849e-02 -3.311819051967355709e-01 3.619482894647334081e+00
5.638606666538942269e-02 -1.659963037619010540e-01 4.546321128313113746e+00
5.675834105730589996e-02 1.939223825592403111e-02 4.801116068146848548e+00
5.713557747568415168e-02 2.000225234955014808e-01 4.352238866742605516e+00
5.751281389406241035e-02 3.474163647059225202e-01 3.273917370956986428e+00
5.789005031244066207e-02 4.411878895158859448e-01 1.737849231127526872e+00
5.826728673081892074e-02 4.694121993961004047e-01 -2.320226120094099828e-02
5.864452314919717246e-02 4.299705041950460105e-01 -1.751398080657309064e+00
5.902175956757541725e-02 3.304249748836015632e-01 -3.201700643807364965e+00
5.939899598595368285e-02 1.865291614264483200e-01 -4.176095419664599184e+00
5.977623240433192764e-02 1.966609865650898251e-02 -4.549522241441616544e+00
6.015346882271019324e-02 -1.463639148457485106e-01 -4.284374955849930444e+00
6.053070524108843803e-02 -2.887234581182295812e-01 -3.432237513752819158e+00
6.090794165946669669e-02 -3.886145053773271130e-01 -2.123366699982268901e+00
6.128517807784496230e-02 -4.336537123698205876e-01 -5.460509137714926187e-01
6.149838126173343134e-02 -4.326545467840314241e-01 3.889140600649207968e-01
6.171158444562190731e-02 -4.125768005182698372e-01 1.298219719156974650e+00
6.192478762951038329e-02 -3.746048094663495531e-01 2.142211124451554927e+00
6.213799081339885233e-02 -3.206827656664767989e-01 2.884727843795043434e+00
6.235119399728732831e-02 -2.534128441525457798e-01 3.494605704427008241e+00
6.256439718117580429e-02 -1.759275565434775535e-01 3.946930054627653117e+00
6.277760036506427332e-02 -9.174254450193063126e-02 4.223993145824614714e+00
6.299080354895275624e-02 -4.596663301295257804e-03 4.315922015471857165e+00
6.320400673284122528e-02 8.171346653100036717e-02 4.220958047357535214e+00
6.341720991672969432e-02 1.634972462237850588e-01 3.945384567548989363e+00
6.384361628450666015e-02 2.990672926433386447e-01 2.930064785724399101e+00
6.427002265228359823e-02 3.826331052851657533e-01 1.448835204639417951e+00
6.469642902006055019e-02 4.020551043165471738e-01 -2.463504742545010451e-01
6.512283538783750214e-02 3.559850816205998303e-01 -1.875710479103063655e+00
6.554924175561444022e-02 2.536529457886905203e-01 -3.177700297682496178e+00
6.597564812339139217e-02 1.129715073104009815e-01 -3.950412850520645058e+00
6.640205449116834413e-02 -4.265491838940581315e-02 -4.081885573898916597e+00
6.682846085894529609e-02 -1.882476849315834477e-01 -3.564948087634337348e+00
6.725486722672224804e-02 -3.012425887741936870e-01 -2.494903302688559865e+00
6.768127359449918612e-02 -3.649203280868126287e-01 -1.051137671421020547e+00
6.810767996227613807e-02 -3.707706802201440888e-01 5.337514814241131056e-01
6.854182003929965017e-02 -3.181058098220023722e-01 2.035704110394787048e+00
6.897596011632314839e-02 -2.162532839266850804e-01 3.191636771958764385e+00
6.941010019334666048e-02 -8.255853930398124318e-02 3.827414695614313356e+00
6.984424027037017257e-02 6.126771360411045753e-02 3.855444438690558862e+00
7.027838034739368467e-02 1.926954454999368349e-01 3.285142880435824253e+00
7.071252042441718288e-02 2.918764580416742249e-01 2.217927316597245291e+00
7.114666050144069498e-02 3.445659272783942462e-01 8.282767631844343281e-01
7.158080057846419320e-02 3.440511202996178741e-01 -6.655329862792771500e-01
7.201494065548770529e-02 2.918502846092705938e-01 -2.036048095690038195e+00
7.244908073251121738e-02 1.971447154800927415e-01 -3.081111028543487063e+00
7.288322080953472948e-02 7.509884270606707879e-02 -3.653031187523331003e+00
7.331736088655822769e-02 -5.562128010129446104e-02 -3.678383781131314922e+00
7.375150096358173979e-02 -1.757218549825215748e-01 -3.165995566359009139e+00
7.419305697663924892e-02 -2.693342377027182488e-01 -2.183521925409915188e+00
7.463461298969675806e-02 -3.212077005766723614e-01 -8.921338156754663462e-01
7.507616900275426719e-02 -3.248403727534824315e-01 5.103109741496508756e-01
7.551772501581177632e-02 -2.810069868116593095e-01 1.815987831471390423e+00
7.595928102886928546e-02 -1.973331503239832696e-01 2.837818140832180536e+00
7.640083704192679459e-02 -8.690205376802309645e-02 3.435638494388998598e+00
7.684239305498430372e-02 3.384749655981530297e-02 3.534323922691406938e+00
7.728394906804181286e-02 1.475898449518367184e-01 3.131767006626608119e+00
7.772550508109932199e-02 2.385785610271151103e-01 2.296201307456128493e+00
7.816706109415683112e-02 2.947668168463227212e-01 1.153883180793818131e+00
7.860861710721434026e-02 3.093108838925645032e-01 -1.305967190533838806e-01
7.907004175851901906e-02 2.791453036694829248e-01 -1.429504600815197479e+00
7.953146640982367011e-02 2.083165339721727571e-01 -2.497469711234896916e+00
7.999289106112834891e-02 1.082629866749302144e-01 -3.182982524096096277e+00
8.045431571243301383e-02 -5.706138005963566802e-03 -3.394538709710241520e+00
8.091574036373769263e-02 -1.167720170657985251e-01 -3.111716537600364596e+00
8.137716501504235755e-02 -2.090751898281889010e-01 -2.385654190543800901e+00
8.183858966634702248e-02 -2.699367292400421947e-01 -1.329324065769653007e+00
8.230001431765168740e-02 -2.915302236726184937e-01 -9.942035411778231413e-02
8.276143896895636620e-02 -2.717965532533082040e-01 1.127225124074427098e+00
8.322286362026103113e-02 -2.145106648651014247e-01 2.179145219496534835e+00
8.368428827156570993e-02 -1.285329175800795365e-01 2.913995016449311137e+00
8.414571292287037485e-02 -2.638949640684423378e-02 3.237313562991298799e+00
8.460713757417503977e-02 7.758812919817026366e-02 3.113889525144776460e+00
8.507417896077572317e-02 1.702517040221537825e-01 2.561771222684408045e+00
8.554122034737642044e-02 2.379341513354706339e-01 1.665437232937517553e+00
8.600826173397713159e-02 2.720396286106492867e-01 5.550312311663120335e-01
8.647530312057782886e-02 2.687992073370214507e-01 -6.141891325001916924e-01
8.694234450717849838e-02 2.295826278610996474e-01 -1.683742219453188804e+00
8.740938589377920953e-02 1.605066315883795225e-01 -2.513328026291660855e+00
8.787642728037989293e-02 7.142910368900570739e-02 -2.998882881820907453e+00
8.834346866698060408e-02 -2.550439199824588998e-02 -3.085006300276442737e+00
8.881051005358128747e-02 -1.175446580064621188e-01 -2.770356261456419666e+00
8.927249613444182552e-02 -1.923396305094426384e-01 -2.114234304286621846e+00
8.973448221530234969e-02 -2.420417083350992205e-01 -1.206438148461138393e+00
9.019646829616287387e-02 -2.612072231798792665e-01 -1.659032347382615735e-01
9.065845437702341192e-02 -2.483227409146677167e-01 8.769927069329966907e-01
9.112044045788392221e-02 -2.057916951910352954e-01 1.796942687034235764e+00
9.158242653874446026e-02 -1.394525703974237585e-01 2.488243859525120172e+00
9.185990558262246974e-02 -9.127218081668422855e-02 2.761852822677573371e+00
9.213738462650046535e-02 -3.961840845639169606e-02 2.913627818402026559e+00
9.269234271425648430e-02 6.397206133476777967e-02 2.842638620673910488e+00
9.324730080201248938e-02 1.551911934038295582e-01 2.305988675499781149e+00
9.380225888976850834e-02 2.195432339100302499e-01 1.402396150182956269e+00
9.435721697752449955e-02 2.473709582662359519e-01 2.861425787143514476e-01
9.491217506528051850e-02 2.351820572390293795e-01 -8.594108161849487448e-01
9.546713315303652359e-02 1.859428612107251466e-01 -1.851809780258822924e+00
9.602209124079254254e-02 1.083456929351280518e-01 -2.538209416094213466e+00
9.657704932854854762e-02 1.521457232364589220e-02 -2.818348243523072227e+00
9.711274250401923103e-02 -7.562656546193360918e-02 -2.670717074370067667e+00
9.764843567948991443e-02 -1.541320835409740186e-01 -2.142514467393051625e+00
9.818412885496061171e-02 -2.094641739965431015e-01 -1.317432689741303342e+00
9.871982203043128123e-02 -2.344060663667436595e-01 -3.184567720974311178e-01
9.925551520590197851e-02 -2.262236480095380642e-01 7.108049363836240753e-01
9.979120838137264804e-02 -1.868635405823974027e-01 1.626879735705514918e+00
1.003269015568433037e-01 -1.224949024688744698e-01 2.306297451388137798e+00
1.008625947323140010e-01 -4.249253710798191197e-02 2.661845098918910413e+00
1.013982879077846982e-01 4.196941583729964925e-02 2.653119902936698971e+00
1.019196887189594974e-01 1.176515455028214335e-01 2.303745035712324363e+00
1.024410895301341995e-01 1.774138127373844631e-01 1.670547491231614945e+00
1.029624903413089987e-01 2.142273217020148612e-01 8.396269163997032159e-01
1.034838911524837979e-01 2.241406391578371626e-01 -8.157890934961090079e-02
1.040052919636584999e-01 2.066224126000263672e-01 -9.785765667594505945e-01
1.045266927748332991e-01 1.644678675390810751e-01 -1.743998379899181383e+00
1.051400246805940936e-01 9.143674609959724642e-02 -2.357135787279939443e+00
1.057533565863548047e-01 4.896648706656722694e-03 -2.579921529861855856e+00
1.063666884921155992e-01 -8.096945758984777641e-02 -2.387248756369806824e+00
1.069800203978762965e-01 -1.526169033354315974e-01 -1.820596012504704264e+00
1.075933523036371048e-01 -1.992357053094226393e-01 -9.788155091166146349e-01
1.081580523569587032e-01 -2.143273353589675301e-01 -7.739482224823854284e-02
1.087227524102803017e-01 -2.012480107847809119e-01 8.192827188860887233e-01
1.092874524636019973e-01 -1.624263982363576275e-01 1.595544571992206784e+00
1.098521525169235957e-01 -1.034877621985947488e-01 2.155922804561348549e+00
1.104461325367779023e-01 -2.862194044446250696e-02 2.441960149274567726e+00
1.110401125566321950e-01 4.901709081700213883e-02 2.387809384885386077e+00
1.116340925764865016e-01 1.187888039249834077e-01 2.009456355644137826e+00
1.122280725963407944e-01 1.714868292403449457e-01 1.365918644000718052e+00
1.128220526161951009e-01 2.005062498613506550e-01 5.497761203757230986e-01
1.134060008840173939e-01 2.027949680467077131e-01 -3.121435592858819996e-01
1.139899491518396035e-01 1.793993692219127967e-01 -1.121473179852540580e+00
1.145738974196618964e-01 1.338905386738167003e-01 -1.778088908875223861e+00
1.151578456874842032e-01 7.245979426767581999e-02 -2.204464996465316684e+00
1.157417939553063990e-01 3.036762875733465053e-03 -2.354180130032451412e+00
1.163163554681377054e-01 -6.471966371916838823e-02 -2.220420381802893584e+00
1.168909169809689980e-01 -1.239905090036508423e-01 -1.830352480404485727e+00
1.174654784938004015e-01 -1.681528675846449550e-01 -1.235358644811087814e+00
1.180400400066316940e-01 -1.925358585908897857e-01 -5.084031117946931078e-01
1.186146015194630005e-01 -1.948623309188892982e-01 2.652319143354547881e-01
1.189682089753304056e-01 -1.852514150582512953e-01 7.290060318247534310e-01
1.193218164311977969e-01 -1.677807208766808611e-01 1.157259820553142138e+00
1.200290313429325934e-01 -1.136929036484250477e-01 1.833882844350999131e+00
1.207362462546674037e-01 -4.200303313542486094e-02 2.200962231668508018e+00
1.214434611664022001e-01 3.527809509969014046e-02 2.208438336295199367e+00
1.221403590722684035e-01 1.048232464734526331e-01 1.872346434326988662e+00
1.228372569781346069e-01 1.572814312643518453e-01 1.255830915082649435e+00
1.235341548840007964e-01 1.851846679560031350e-01 4.594185158467550822e-01
1.242310527898669997e-01 1.850162558344903840e-01 -3.928943026938857552e-01
1.249199642383859027e-01 1.579939422660679160e-01 -1.165409642523784761e+00
1.256088756869047918e-01 1.088411220546390695e-01 -1.759207328653945357e+00
1.262977871354236947e-01 4.508272552130479505e-02 -2.095200803719973859e+00
1.269801736787574131e-01 -2.336969823572115565e-02 -2.135056818843198645e+00
1.276625602220911870e-01 -8.768708620972628931e-02 -1.887640288379527576e+00
1.283383226857451875e-01 -1.390433463475961584e-01 -1.400552819621014189e+00
1.290140851493992991e-01 -1.717982082124662746e-01 -7.406221179039548241e-01
1.296898476130534106e-01 -1.822232214692819929e-01 5.077827984439871670e-03
1.303656100767074111e-01 -1.695177904577376271e-01 7.403249431940061021e-01
1.310334062222101026e-01 -1.363138693915769417e-01 1.365791022347606853e+00
1.317012023677127108e-01 -8.711443566396795402e-02 1.816736806489712031e+00
1.323689985132154023e-01 -2.819629183418401880e-02 2.044015312240686555e+00
1.330315011698023075e-01 3.277724002718663404e-02 2.028063387864198042e+00
1.336940038263891017e-01 8.917427725108445502e-02 1.779859941577368598e+00
1.343565064829760070e-01 1.347094506340484332e-01 1.333795741531041745e+00
1.350127571636738077e-01 1.643516310856632523e-01 7.511808485773084909e-01
1.356690078443716085e-01 1.757368706820373050e-01 9.604192471760447658e-02
1.363252585250694093e-01 1.680909893037924596e-01 -5.593473994009807715e-01
1.369747936614179040e-01 1.430210836480996228e-01 -1.140412464154916261e+00
1.376243287977663987e-01 1.035330022856325721e-01 -1.596029211971209838e+00
1.382738639341148101e-01 5.398180635142356409e-02 -1.882799543203808490e+00
1.389233990704633048e-01 -4.017181900367587546e-04 -1.975629662851279278e+00
1.395657048814820111e-01 -5.350575654366183931e-02 -1.871907224599426378e+00
1.402080106925008007e-01 -1.007796531545475938e-01 -1.588351648111258951e+00
1.408503165035195070e-01 -1.378192434372643715e-01 -1.156411061819252017e+00
1.414926223145382134e-01 -1.613355089202819503e-01 -6.205931951173616623e-01
1.423395568821196888e-01 -1.686945464173726650e-01 1.504916959345413696e-01
1.431864914497011088e-01 -1.492673822388798088e-01 8.846658265497816531e-01
1.440334260172826120e-01 -1.068382525516535786e-01 1.468457802803016854e+00
1.448719479772087870e-01 -4.919652669404551287e-02 1.814390219333563481e+00
1.457104699371351009e-01 1.494029782533598701e-02 1.884185670671719492e+00
1.465489918970613870e-01 7.594769143311753956e-02 1.675589342831046880e+00
1.473791511845158053e-01 1.246402078252521889e-01 1.232234862084675031e+00
1.482093104719703069e-01 1.550922786939232800e-01 6.224802112043088531e-01
1.490394697594248086e-01 1.635469435344177880e-01 -6.424035630060404012e-02
1.498616400772035950e-01 1.496486916210388596e-01 -7.255889718916769260e-01
1.506838103949824093e-01 1.160046670404486918e-01 -1.280252619485946930e+00
1.515059807127611957e-01 6.754794091331778327e-02 -1.658117896533407132e+00
1.523205105585085095e-01 1.148700971824362718e-02 -1.814392026017974002e+00
1.531350404042559066e-01 -4.528074221045628317e-02 -1.739355908222398606e+00
1.539495702500031926e-01 -9.564921208033098921e-02 -1.448352753036767915e+00
1.547567892028325898e-01 -1.332903395978338734e-01 -9.874481347335580805e-01
1.555640081556619037e-01 -1.544606063903541660e-01 -4.145013598874607297e-01
1.563712271084913008e-01 -1.570359534728761886e-01 1.998434301186333695e-01
1.571714424761531115e-01 -1.413515268870353947e-01 7.781387998683325646e-01
1.579716578438148944e-01 -1.097017641188212794e-01 1.260743233232406668e+00
1.587718732114765940e-01 -6.601886947068924538e-02 1.594408687488250598e+00
1.593682299859416895e-01 -2.852774596653460601e-02 1.724910144368457576e+00
1.599645867604068128e-01 1.039473751166334302e-02 1.746270809829648885e+00
1.607548172773561879e-01 5.986258816825294760e-02 1.610597676292388369e+00
1.615450477943055907e-01 1.024181295662193458e-01 1.306395770701129555e+00
1.623352783112549935e-01 1.337475079666838873e-01 8.685109961428841840e-01
1.631192240213278077e-01 1.507562888128030631e-01 3.498269098116965625e-01
1.639031697314005942e-01 1.523101419758621233e-01 -1.980976486346751608e-01
1.646871154414734917e-01 1.385788352282503189e-01 -7.196680319789920954e-01
1.654650075841770929e-01 1.114978389073515846e-01 -1.160700159515365870e+00
1.662428997268806941e-01 7.391962006910421379e-02 -1.484187180552208662e+00
1.670207918695844063e-01 2.966563663650944455e-02 -1.661550813574220076e+00
1.677928708154781123e-01 -1.658094108427298624e-02 -1.679410513641824698e+00
1.685649497613717074e-01 -6.078313848897880234e-02 -1.540866831371081602e+00
1.693370287072654135e-01 -9.890658798931016571e-02 -1.261730707147449726e+00
1.699128959626282909e-01 -1.214177812885573748e-01 -9.782345703600149323e-01
1.704887632179911960e-01 -1.375776371650596908e-01 -6.483800542812528933e-01
1.712525425599212003e-01 -1.480561289795827573e-01 -1.707323281404110049e-01
1.720163219018512046e-01 -1.455944573844217826e-01 3.168296633507098892e-01
1.727801012437812922e-01 -1.306384367375616473e-01 7.728682403324697026e-01
1.735386115400147089e-01 -1.048957483104721727e-01 1.156114177183977132e+00
1.742971218362479868e-01 -7.065494568880766046e-02 1.438916739962168734e+00
1.750556321324814035e-01 -3.090822082788353964e-02 1.599718440783035378e+00
1.758090734592840931e-01 1.070515554037451689e-02 1.627854514843227518e+00
1.765625147860866995e-01 5.105252039515967288e-02 1.524984769163452603e+00
1.773159561128893891e-01 8.694522767244786121e-02 1.301737094430235997e+00
1.780645185463007873e-01 1.154758852223182752e-01 9.802859103299588206e-01
1.788130809797122134e-01 1.348145243453527098e-01 5.862211889574221457e-01
1.795616434131235006e-01 1.436434642993590360e-01 1.510498774304342429e-01
1.806774417515888131e-01 1.366246112362964615e-01 -4.962170209287296574e-01
1.817932400900540979e-01 1.074791366346717902e-01 -1.054055632280278321e+00
1.829022533861615063e-01 6.175054737631859719e-02 -1.433471160408402501e+00
1.840112666822688869e-01 6.915536100804389047e-03 -1.582919174697432929e+00
1.851137424986991076e-01 -4.799696735239369905e-02 -1.486107681769633260e+00
1.862162183151294115e-01 -9.495026468155444432e-02 -1.165169764951879738e+00
1.873123941815151017e-01 -1.269676210168946828e-01 -6.766145469985804795e-01
1.884085700479007919e-01 -1.399893837463061508e-01 -9.479598951897930115e-02
1.894986740814197101e-01 -1.326608778983525416e-01 4.907578420238082884e-01
1.905887781149386007e-01 -1.066059859518606462e-01 9.998165607683036082e-01
1.916730272722124984e-01 -6.614328685396582419e-02 1.361260501321670535e+00
1.927572764294863961e-01 -1.706102795144806561e-02 1.531582154466061496e+00
1.938358801601320902e-01 3.353114412143784473e-02 1.492526052660733793e+00
1.949144838907778954e-01 7.909485754324177553e-02 1.255123356861422845e+00
1.959876440525072094e-01 1.135993934816949963e-01 8.571332573802260546e-01
1.970608042142364125e-01 1.330605700691638027e-01 3.526074221950882270e-01
1.981287147275558047e-01 1.353364938328546763e-01 -1.891790739938055410e-01
1.991966252408751137e-01 1.206247586900128094e-01 -7.017177775900463876e-01
2.002594720445023124e-01 9.126307478719615507e-02 -1.120327466034786390e+00
2.013223188481295112e-01 5.109106787091466373e-02 -1.398330525415722780e+00
2.023802826740382921e-01 5.378395620575180877e-03 -1.504850905023064511e+00
2.034382464999472118e-01 -4.051298173603891384e-02 -1.432115876718110359e+00
2.044915009253560068e-01 -8.104040531372626310e-02 -1.193400464022378094e+00
2.055447553507646907e-01 -1.118402956379726809e-01 -8.193475548932421804e-01
2.065934679926554884e-01 -1.295389805315728116e-01 -3.571915380214782387e-01
2.076421806345462029e-01 -1.325479283609437564e-01 1.409679424840883100e-01
2.086865129960230880e-01 -1.208803883483899611e-01 6.173291018522503171e-01
2.097308453575000009e-01 -9.611840523601486441e-02 1.022234139871343706e+00
2.107709537672242117e-01 -6.132914870292353188e-02 1.312259030993267128e+00
2.118110621769483948e-01 -2.031850109409045688e-02 1.460148495206055941e+00
2.128480599636951021e-01 2.235100806243380325e-02 1.452688528208641472e+00
2.138821136186860039e-01 6.222081361055416954e-02 1.294888412358139007e+00
2.149161672736769058e-01 9.536636068878563688e-02 1.005130189507520644e+00
2.159459665261461991e-01 1.184630103501801146e-01 6.173536932149971124e-01
2.169742753085213971e-01 1.295240300340861905e-01 1.719351931719139137e-01
2.180025840908965951e-01 1.276993393335662252e-01 -2.875393177744914319e-01
2.190272457378873994e-01 1.134424925989508531e-01 -7.142826141718362498e-01
2.200519073848782037e-01 8.834416627357558061e-02 -1.069003911725209477e+00
2.210737515503453099e-01 5.508003192345469617e-02 -1.318248781729486785e+00
2.220955957158123883e-01 1.686970768363142345e-02 -1.441057376513462440e+00
2.231133728053782961e-01 -2.247424725618430222e-02 -1.428088710698723895e+00
2.241311498949442038e-01 -5.944300065880278594e-02 -1.283230655592878522e+00
2.251456680358785989e-01 -9.060009303057393881e-02 -1.022565017506195773e+00
2.261601861768129940e-01 -1.133369312762674136e-01 -6.709104456090017043e-01
2.271708474868849026e-01 -1.257206134473912995e-01 -2.633164199396975658e-01
2.281814321068081908e-01 -1.269260654917380438e-01 1.644833192629459595e-01
2.291920167267315067e-01 -1.170174692764747171e-01 5.755023984674670912e-01
2.301989120822834911e-01 -9.710132092757114974e-02 9.329743867812261282e-01
2.312058074378355865e-01 -6.900913903663145887e-02 1.208407351960917975e+00
2.322098544924325048e-01 -3.534368089912050259e-02 1.379139286660611807e+00
2.332139015470293120e-01 1.060087222738602007e-03 1.433101055736010876e+00
2.342152100895429911e-01 3.703986833747203306e-02 1.367668108224624257e+00
2.352165186320565871e-01 6.973942254862698642e-02 1.190083990485083731e+00
2.362151954922880881e-01 9.647735778922474081e-02 9.171144235754890017e-01
2.372138723525195059e-01 1.152709391798048405e-01 5.716734940911564200e-01
2.382100212913642878e-01 1.247144188379065433e-01 1.833181992412472316e-01
2.392061702302090975e-01 1.242445169851690151e-01 -2.174969865229311738e-01
2.401998924915476896e-01 1.140653299151611760e-01 -5.983455899334657602e-01
2.411936147528863927e-01 9.510271327762458149e-02 -9.309240206522116923e-01
2.421839272173959001e-01 6.903136871189764767e-02 -1.189127931168032282e+00
2.431741826801301909e-01 3.787842475643620616e-02 -1.355612334882670744e+00
2.441644381428645094e-01 4.053796037654859401e-03 -1.419213111430396523e+00
2.451525072457547971e-01 -2.980963149855141159e-02 -1.376542316751572237e+00
2.461405763486450016e-01 -6.128033897040542632e-02 -1.232231069366513276e+00
2.476169690387302891e-01 -9.877185948707209451e-02 -8.582331096206097243e-01
2.490986197616346931e-01 -1.203778642026466783e-01 -3.490226181613144685e-01
2.500816239077278125e-01 -1.242122113483447587e-01 2.570839332858992562e-02
2.510646280538209041e-01 -1.192578336132150696e-01 3.970559557567455156e-01
2.520461819638492029e-01 -1.059948298529131971e-01 7.382060981351082907e-01
2.530263942354005202e-01 -8.547926526008682580e-02 1.026063657752231295e+00
2.540066065069517820e-01 -5.919558860105150061e-02 1.242218842308921323e+00
2.549850575566918187e-01 -2.905883370022710119e-02 1.372545574602810570e+00
2.559635086064319109e-01 2.894491937199420838e-03 1.409616944753025569e+00
2.569380179873769765e-01 3.437998867952878068e-02 1.352400091739290877e+00
2.579152191512413816e-01 6.352423193292584813e-02 1.205666159402938087e+00
2.588903710736741859e-01 8.830436423659746015e-02 9.806762658568961566e-01
2.598655229961069901e-01 1.072199241554622484e-01 6.926164558979118757e-01
2.613230664276363080e-01 1.221245117627501181e-01 1.908701336181366226e-01
2.627870461853180073e-01 1.197774401205883021e-01 -3.368402038383100372e-01
2.642403887882019964e-01 1.008842860840169220e-01 -8.112854842780526932e-01
2.657003925946191947e-01 6.816614856450041449e-02 -1.173535036844886692e+00
2.666698680509819730e-01 4.088957658236105908e-02 -1.327257568581142300e+00
2.676393435073449178e-01 1.123235815864702739e-02 -1.399570617001582251e+00
2.686075749083224884e-01 -1.894960951197336568e-02 -1.387018034291556567e+00
2.695758063093001144e-01 -4.787966329833450579e-02 -1.291368189725715654e+00
2.705412474514743981e-01 -7.378250405411708457e-02 -1.119802848794632766e+00
2.715098617210188192e-01 -9.531533117042745307e-02 -8.822200217730155059e-01
2.724758040936595127e-01 -1.111373362644482443e-01 -5.944925366303607239e-01
2.734417464663002062e-01 -1.204549280196576672e-01 -2.731817927784817579e-01
2.744049664315437731e-01 -1.228014285275518119e-01 6.185066341728581024e-02
2.753714841122708035e-01 -1.181226897042884916e-01 3.933025990756337520e-01
2.768122224042693924e-01 -9.904211136609437915e-02 8.362240258111731661e-01
2.782605428606568232e-01 -6.768608960863509161e-02 1.175626999244744120e+00
2.792230898017574736e-01 -4.187520524786150083e-02 1.322626910818652135e+00
2.801856367428581240e-01 -1.384531420042779334e-02 1.396449552510519387e+00
2.811473565508991190e-01 1.482801520703800648e-02 1.393803573913473315e+00
2.821090763589401140e-01 4.260972761268892045e-02 1.315662173785682620e+00
2.830682204929131918e-01 6.795199359755466073e-02 1.167445951585727837e+00
2.840309311037308992e-01 8.967877653816587469e-02 9.567394007738628803e-01
2.854679267090184935e-01 1.127521577012269710e-01 5.554740290894961685e-01
2.869131169026136741e-01 1.227403646561406464e-01 8.915664776865524221e-02
2.878724078661420993e-01 1.214940012972534067e-01 -2.301302696450842344e-01
2.888316988296705801e-01 1.140059008035646387e-01 -5.366599362177213450e-01
2.897885131602004893e-01 1.007580400392043135e-01 -8.142152244258755722e-01
2.907490868313554744e-01 8.238159035690435783e-02 -1.050681257610211139e+00
2.921808661995458078e-01 4.789399397175224393e-02 -1.299771758004417244e+00
2.936212407457569062e-01 8.054016324417843931e-03 -1.405932830358092689e+00
2.945767800163460737e-01 -1.920334085318668380e-02 -1.390786180722648702e+00
2.955362094878383750e-01 -4.556576214379118306e-02 -1.307630608974687414e+00
2.964933245974175069e-01 -6.959686238092668842e-02 -1.161535403584682324e+00
2.974504397069965833e-01 -9.022790071120156963e-02 -9.600192002469565278e-01
2.988819926201308208e-01 -1.126390873296473638e-01 -5.799765423629459349e-01
3.003225649590904878e-01 -1.232828610952226289e-01 -1.384072309286183966e-01
3.012768521985618730e-01 -1.232317351415581769e-01 1.654370197410133247e-01
3.022352021590857252e-01 -1.174615935901377334e-01 4.619262803984540700e-01
3.031913095476029274e-01 -1.063118233746916108e-01 7.355945141351144523e-01
3.041474169361201851e-01 -9.033326143775474715e-02 9.749185311762583739e-01
3.051033301085280258e-01 -7.029743796670136213e-02 1.169359361718867341e+00
3.060592432809358110e-01 -4.713853705228584351e-02 1.310674725941672669e+00
3.077228753413188134e-01 -2.919156136360057802e-03 1.414307365783152637e+00
3.093993823933313125e-01 4.188141888599129087e-02 1.331748627522301165e+00
3.110674284137491807e-01 8.091525830900522798e-02 1.077231111757868121e+00
3.127486617597647900e-01 1.096742701157079752e-01 6.829156047251174755e-01
3.146597057555134969e-01 1.250709160066443837e-01 1.360586255502060915e-01
3.165707857154991811e-01 1.202037100606737491e-01 -4.297814897179543792e-01
3.184822492123998150e-01 9.618209789814800847e-02 -9.242393515125764125e-01
3.203937127093003934e-01 5.709596025315449852e-02 -1.271059161863860254e+00
3.223053245029371960e-01 9.240954661462017980e-03 -1.419359420989610543e+00
3.237393876847550755e-01 -2.814782673889085554e-02 -1.387180606954602213e+00
3.251734508665731216e-01 -6.304786225209521588e-02 -1.235361290871950457e+00
3.270859409516935212e-01 -1.005158946000807713e-01 -8.760547441254894485e-01
3.289988837648503139e-01 -1.231236973087672798e-01 -3.897068225367385508e-01
3.309123358818485960e-01 -1.278220365647268209e-01 1.507397106343624504e-01
3.318692480034560743e-01 -1.231743443308652430e-01 4.189942319703540141e-01
3.337835702002405203e-01 -1.010158231353960739e-01 8.947060261738994935e-01
3.356990749884776748e-01 -6.471088407765118733e-02 1.243052545587232549e+00
3.376145797767149959e-01 -1.950368004030310007e-02 1.418225135026875083e+00
3.395310173018977751e-01 2.834004480261569439e-02 1.399776784299071597e+00
3.414482662821387016e-01 7.236149453839166301e-02 1.193854653089197582e+00
3.428870733729471043e-01 9.947947968506067051e-02 9.325385126821350568e-01
3.443258804637556181e-01 1.191511861187010274e-01 6.026674041151612871e-01
3.457657352099121062e-01 1.300188572882662041e-01 2.293571645656416191e-01
3.472055899560684833e-01 1.313772807685716359e-01 -1.592448726368520806e-01
3.491265623556059072e-01 1.185957120320554753e-01 -6.505748102878784467e-01
3.510485786226508753e-01 9.098627437042701438e-02 -1.058497703004869006e+00
3.524911716782869742e-01 6.252079739645424739e-02 -1.280693276265775893e+00
3.539337647339230730e-01 2.971423682608868855e-02 -1.413191622612114617e+00
3.553776513800582793e-01 -5.162617070618337120e-03 -1.448273822199368510e+00
3.568215380261933745e-01 -3.968917120764971218e-02 -1.384909073558220793e+00
3.587489468669590731e-01 -8.108737541997913800e-02 -1.159148066660920184e+00
3.606763557077248272e-01 -1.130628958229220882e-01 -7.999018296331884548e-01
3.626063224667718243e-01 -1.321124340626816940e-01 -3.503460450547980498e-01
3.645362892258188769e-01 -1.362297204794311323e-01 1.365478608419924689e-01
3.664689469915051179e-01 -1.251549858040612029e-01 6.065131385579880519e-01
3.684016047571914143e-01 -1.003150954488846447e-01 1.007694757934887830e+00
3.703370865072648788e-01 -6.454242822807837454e-02 1.298485973012227124e+00
3.722725682573382877e-01 -2.184244686669219518e-02 1.449509507039330902e+00
3.742110041386200181e-01 2.326382152221793259e-02 1.447646175986328165e+00
3.761494400199016930e-01 6.600365859435694538e-02 1.295879741723237499e+00
3.780909480870727757e-01 1.020971955309575574e-01 1.012219433337680385e+00
3.800324561542439139e-01 1.279346316663103056e-01 6.280425922427612662e-01
3.819771417800634228e-01 1.411115686546581260e-01 1.827352791682936295e-01
3.839218274058828761e-01 1.404704782195701773e-01 -2.783447778824849062e-01
3.858697944775816846e-01 1.262378179820473345e-01 -7.111442214071352907e-01
3.878177615492804930e-01 9.995307377599739473e-02 -1.074342566506477414e+00
3.897691117133387229e-01 6.418338568650379383e-02 -1.335727403533474744e+00
3.917204618773967861e-01 2.240719977888005685e-02 -1.472561619052683346e+00
3.941647014547489114e-01 -3.220562539139038699e-02 -1.454872700112165296e+00
3.966089410321009256e-01 -8.249990157289283088e-02 -1.236653886303174410e+00
3.985682178739590187e-01 -1.152200735769051132e-01 -9.380923587335955327e-01
4.005274947158171117e-01 -1.380063727992698885e-01 -5.597067072884389649e-01
4.024904064316531249e-01 -1.490623210512827257e-01 -1.345877489578791164e-01
4.044533181474890271e-01 -1.475692328816731735e-01 2.999143966349973600e-01
4.064199206371885142e-01 -1.337886664794580849e-01 7.083412770147385906e-01
4.083865231268878904e-01 -1.090098820950567288e-01 1.057044819648771616e+00
4.103568695697539792e-01 -7.531009021825305072e-02 1.319601961338992657e+00
4.123272160126201236e-01 -3.552825288573197016e-02 1.476225707757168770e+00
4.143013596746851213e-01 7.221579495646494873e-03 1.516821916290165051e+00
4.162755033367501190e-01 4.952593605636622376e-02 1.440254057173417257e+00
4.182534987903078205e-01 8.824414312345525702e-02 1.254294808360810087e+00
4.202314942438655776e-01 1.204365213471867563e-01 9.751749994865210880e-01
4.227096292711439163e-01 1.480437402920533607e-01 5.305959633943175824e-01
4.251877642984221994e-01 1.590827493351509025e-01 2.890517924065163710e-02
4.271745802569402173e-01 1.552427217367410017e-01 -3.776612641165923989e-01
4.291613962154581796e-01 1.404555112136037787e-01 -7.559460920134418727e-01
4.311521647704175120e-01 1.158326803319609521e-01 -1.080961857280750671e+00
4.331429333253766778e-01 8.320512421127816693e-02 -1.330861182660508124e+00
4.351376674815624068e-01 4.479167407921536004e-02 -1.490628621034384871e+00
4.371324016377479138e-01 3.274155122833840702e-03 -1.550963314970179807e+00
4.391311183782494187e-01 -3.867756359707971714e-02 -1.509790748035809926e+00
4.411298351187508127e-01 -7.827440784046636735e-02 -1.371629701772541177e+00
4.431325454458727164e-01 -1.130982725967446950e-01 -1.146699778567089600e+00
4.451352557729946757e-01 -1.409497805731588782e-01 -8.510271724524388626e-01
4.481444270479484904e-01 -1.661558749607016383e-01 -3.212100555680927338e-01
4.506573177191960933e-01 -1.703529369946121530e-01 1.563297046077771202e-01
4.531702083904435852e-01 -1.588783359226057790e-01 6.171332049110138662e-01
4.551848815569788931e-01 -1.391222819026910751e-01 9.474435109930580134e-01
4.571995547235140900e-01 -1.112921920256052521e-01 1.222132757430195671e+00
4.592181900033455166e-01 -7.698914470454849834e-02 1.427166330805951455e+00
4.612368252831767768e-01 -3.825277761000470816e-02 1.551962484398685005e+00
4.632593922887823235e-01 2.817557311275083881e-03 1.591307236409815751e+00
4.652819592943879257e-01 4.389921250611756448e-02 1.544494267193023074e+00
4.673084188243976089e-01 8.287543401613958749e-02 1.415442695195394673e+00
4.693348783544071812e-01 1.176452770068411313e-01 1.212608031438424216e+00
4.713651924405172222e-01 1.465105224249943217e-01 9.474171031256978237e-01
4.733955065266273188e-01 1.680010739166280243e-01 6.349716329694613526e-01
4.759389023477624270e-01 1.830175732722768012e-01 2.035094913348550472e-01
4.784822981688974797e-01 1.840490056830211274e-01 -2.414398994420841882e-01
4.805211256895989269e-01 1.748093526024613320e-01 -5.857886478011381515e-01
4.825599532103003741e-01 1.571591159960344930e-01 -9.008520899680644289e-01
4.846024622203434773e-01 1.319786796430968689e-01 -1.172866033839852884e+00
4.866449712303865804e-01 1.005511156088436386e-01 -1.389510349410314038e+00
4.886910831097662222e-01 6.431880762551858699e-02 -1.542234869588127166e+00
4.907371949891458085e-01 2.502003516045217535e-02 -1.625041736888155119e+00
4.927868267637741106e-01 -1.563794879136333471e-02 -1.635641479332622605e+00
4.948364585384024128e-01 -5.579845916392728311e-02 -1.574841764045060932e+00
4.989425778493357111e-01 -1.272904791165682392e-01 -1.261780228870455156e+00
5.020264094695874313e-01 -1.685603497190088507e-01 -8.874788789077241447e-01
5.051138832495274400e-01 -1.948260832815817689e-01 -4.345654159589343313e-01
5.092361856145506405e-01 -2.030642891053765497e-01 2.146079704722103909e-01
5.133645520198434342e-01 -1.806726324482846036e-01 8.275909372195782154e-01
5.174987117319133079e-01 -1.314909354235657413e-01 1.316221911407355449e+00
5.216383508218596088e-01 -6.300327571664755821e-02 1.615759267185801207e+00
5.257831480915519107e-01 1.498856708407878165e-02 1.691870462826292165e+00
5.299327976174466048e-01 9.187781189988192265e-02 1.542531393962154329e+00
5.340869657500283418e-01 1.577161698065981110e-01 1.195297564743705188e+00
5.382452599924625325e-01 2.044392940136287584e-01 7.009913373248936042e-01
5.424072497157466088e-01 2.267254902288450003e-01 1.251444462565567961e-01
5.465725012540574301e-01 2.224242386645083613e-01 -4.613764752275105185e-01
5.507405845750824591e-01 1.925570809496151004e-01 -9.912542404158366516e-01
5.549110536012068495e-01 1.409482203735827055e-01 -1.408100176929869107e+00
5.590834321773656690e-01 7.357739525695583538e-02 -1.671683599354262473e+00
5.643010869630014081e-01 -2.113769869654207392e-02 -1.755133225055526713e+00
5.684758978830769527e-01 -9.658622669382399550e-02 -1.626247794030010851e+00
5.726509199913500936e-01 -1.635614124408530101e-01 -1.342560971652619450e+00
5.768255755389478656e-01 -2.160105970201593173e-01 -9.368485915463884428e-01
5.809992666418749563e-01 -2.495371026310643225e-01 -4.506797048588966348e-01
5.851713896051653485e-01 -2.616577818407884171e-01 7.018555447177975137e-02
5.882989619740793819e-01 -2.563043806082500597e-01 4.573888157139418542e-01
5.935085681122563850e-01 -2.215219416397993524e-01 1.038110473158739389e+00
5.976721595114997676e-01 -1.734325669251781665e-01 1.411587275372186312e+00
6.018315407075064405e-01 -1.116899379375408674e-01 1.675309820977475717e+00
6.059860031390628121e-01 -4.113658561487297527e-02 1.815025686811622130e+00
6.101348262532020339e-01 3.305032180887176874e-02 1.826671071327535145e+00
6.142772761532119263e-01 1.057658469778150201e-01 1.715561193680454677e+00
6.184126036405177551e-01 1.723288495300767942e-01 1.494969094093779205e+00
6.225400396928169044e-01 2.287592753132639545e-01 1.184306335465248772e+00
6.266587955232777452e-01 2.719714299208805808e-01 8.071054465649866172e-01
6.307680621340325811e-01 2.998813676083519897e-01 3.889860125496997778e-01
6.348670077734064332e-01 3.114334706680622067e-01 -4.424262202840897884e-02
6.389547727646552877e-01 3.065565620780321132e-01 -4.682262703992159936e-01
6.430304670771704867e-01 2.860632188529393938e-01 -8.613857890048032262e-01
6.470931794239351831e-01 2.515073270123087679e-01 -1.205879226351054490e+00
6.511419830734889169e-01 2.050151753797846421e-01 -1.488203756476811135e+00
6.551759295578980513e-01 1.491048905871132091e-01 -1.699451097905636754e+00
6.591940368817645890e-01 8.650742263930839837e-02 -1.835245304104494490e+00
6.631952816224888636e-01 1.999985629190785194e-02 -1.895418853506138923e+00
6.671786041264677891e-01 -4.774106598561472792e-02 -1.883495584663810618e+00
6.711429148974273895e-01 -1.142597303439352729e-01 -1.806045539646182529e+00
6.750870927600961524e-01 -1.774137764931122685e-01 -1.671971091673604803e+00
6.790099725167971778e-01 -2.354370020152435072e-01 -1.491777051959266132e+00
6.829103352717456055e-01 -2.869746313547764660e-01 -1.276870420680920049e+00
6.867869018151261384e-01 -3.310937439096386381e-01 -1.038928113770830164e+00
6.906383285912754966e-01 -3.672728189747690997e-01 -7.893692373789769068e-01
6.944632064204609989e-01 -3.953751491538015084e-01 -5.389509234282576777e-01
6.982600501045075347e-01 -4.156106622102987425e-01 -2.974770586975563069e-01
7.020272815871985150e-01 -4.284915376001447451e-01 -7.363852418932327615e-02
7.038990663650485091e-01 -4.323897231905420302e-01 2.931254345220407273e-02
7.057628000939073498e-01 -4.347491416439873135e-01 1.251494192041267828e-01
7.094655902404470860e-01 -4.354191272233663978e-01 2.925724458374668324e-01
7.131331888985167344e-01 -4.316011045088922193e-01 4.232977085353294422e-01
7.167633315432266894e-01 -4.245574194010416358e-01 5.127536989515800725e-01
7.203534697890988658e-01 -4.156821423469557741e-01 5.546952131092628413e-01
7.239006927315578821e-01 -4.062968969720013868e-01 5.575964174577852095e-01
7.274037472512754343e-01 -3.970906671949920308e-01 5.529765386707508057e-01
7.308631569784361792e-01 -3.881629191569769266e-01 5.485005595409800927e-01
7.342794427454362172e-01 -3.795020324065368489e-01 5.441626620701426331e-01
7.376531370894844342e-01 -3.710972190171805685e-01 5.399572851499446768e-01
7.409847640846142225e-01 -3.629382271536338855e-01 5.358791482460951716e-01
7.442748211369105693e-01 -3.550154159155605726e-01 5.319232564896889670e-01
7.475237974064263824e-01 -3.473196414251255582e-01 5.280848613363389177e-01
7.507321962838469087e-01 -3.398421195638973158e-01 5.243594203301799039e-01
7.539005302043194634e-01 -3.325744260771911764e-01 5.207425920648888207e-01
7.570292970629285412e-01 -3.255085793558704643e-01 5.172302518342214439e-01
7.601189748256973466e-01 -3.186370430664471343e-01 5.138184848544739003e-01
7.631700307096180858e-01 -3.119526610147757562e-01 5.105035640884468817e-01
7.661829280312825174e-01 -3.054486084310056859e-01 5.072819325130742962e-01
7.691581275626218073e-01 -2.991183697901479976e-01 5.041501925371917325e-01
7.720960887207071188e-01 -2.929557115871684325e-01 5.011050962445172674e-01
7.749972707982543119e-01 -2.869546545271662863e-01 4.981435362353506258e-01
7.778621289318303766e-01 -2.811094803478916826e-01 4.952625422732316873e-01
7.806911033824630586e-01 -2.754147696910140830e-01 4.924592846918147693e-01
7.834846171445913887e-01 -2.698653981770897659e-01 4.897310691114104553e-01
7.862430869060449412e-01 -2.644564693750623974e-01 4.870753186738742690e-01
7.889669369237084506e-01 -2.591832472051138758e-01 4.844895548785234096e-01
7.916565982021911418e-01 -2.540411556336961696e-01 4.819713937082655275e-01
7.943124974778934533e-01 -2.490258159476508304e-01 4.795185512520123150e-01
7.969350495080719243e-01 -2.441330606354653043e-01 4.771288456837173286e-01
7.995246585495641156e-01 -2.393589116110303450e-01 4.748001906966946573e-01
8.020817215573190495e-01 -2.346995558152909500e-01 4.725305879331669345e-01
8.046066294762304061e-01 -2.301513342316384991e-01 4.703181215337164378e-01
8.070997653306969388e-01 -2.257107403923797329e-01 4.681609559076571059e-01
8.095615092888481801e-01 -2.213744027637720713e-01 4.660573275026396178e-01
8.119922431475441460e-01 -2.171390680260689432e-01 4.640055376995125269e-01
8.143923505053758394e-01 -2.130015994675403257e-01 4.620039496207857810e-01
8.167622071215497881e-01 -2.089589966211968242e-01 4.600509933295706122e-01
8.191021778306492029e-01 -2.050083958555024843e-01 4.581451651193162444e-01
8.214126187949533087e-01 -2.011470511013660478e-01 4.562850226489269523e-01
8.236938850346046115e-01 -1.973723041807247391e-01 4.544691761150708720e-01
8.259463322523640239e-01 -1.936815752694368287e-01 4.526962845693549009e-01
8.281703138888254490e-01 -1.900723779043527739e-01 4.509650560263065988e-01
8.303661724506571362e-01 -1.865423496072899090e-01 4.492742519908196064e-01
8.325342380230222883e-01 -1.830892533687807910e-01 4.476226861105826460e-01
8.346748353855768521e-01 -1.797109397522125562e-01 4.460092165086875227e-01
8.367882947421915185e-01 -1.764053028118322819e-01 4.444327358256933702e-01
8.388749484008726220e-01 -1.731702865459330554e-01 4.428921723497927232e-01
8.409351219691613144e-01 -1.700039186746527542e-01 4.413864949604012211e-01
8.429691303017050608e-01 -1.669043239455280936e-01 4.399147143225924927e-01
8.449772835243484215e-01 -1.638697005214133084e-01 4.384758767259978041e-01
8.469598912257328971e-01 -1.608983004337587730e-01 4.370690596513304715e-01
8.489172622932020795e-01 -1.579884310721214880e-01 4.356933706493072989e-01
8.508497044538249066e-01 -1.551384597206843241e-01 4.343479464343316665e-01
8.527575229688695302e-01 -1.523468115816558888e-01 4.330319525815833903e-01
8.546410160783932675e-01 -1.496119709980532342e-01 4.317445854694572094e-01
8.565004710086118189e-01 -1.469324870383729165e-01 4.304850737471511701e-01
8.583361673787008872e-01 -1.443069655638357929e-01 4.292526747683280131e-01
8.601483873498577681e-01 -1.417340442771821141e-01 4.280466666925868413e-01
8.619374190156378068e-01 -1.392123804547430455e-01 4.268663454998079532e-01
8.637035513945729992e-01 -1.367406638617379988e-01 4.257110275927338816e-01
8.654470650665438969e-01 -1.343176415515483779e-01 4.245800551084229491e-01
8.671682312272307458e-01 -1.319421203328398351e-01 4.234727954822056217e-01
8.688673159218502917e-01 -1.296129495833690803e-01 4.223886377863006469e-01
8.705445856873960109e-01 -1.273290030363356251e-01 4.213269883384239689e-01
8.722003068198478370e-01 -1.250891811277191346e-01 4.202872705550182442e-01
8.738347418094588592e-01 -1.228924233920739434e-01 4.192689265356425721e-01
8.754481467852704979e-01 -1.207377130745059812e-01 4.182714179541122124e-01
8.770407741766889087e-01 -1.186240653026956748e-01 4.172942237003393062e-01
8.786128771136945126e-01 -1.165505125455990609e-01 4.163368365918621028e-01
8.801647113007132761e-01 -1.145161016277915500e-01 4.153987617525202181e-01
8.816965317742312402e-01 -1.125199042229402951e-01 4.144795181279682939e-01
8.832085878593547434e-01 -1.105610294335278437e-01 4.135786409771218253e-01
8.847011190561783200e-01 -1.086386295957436215e-01 4.126956837249901588e-01
8.861743569071006688e-01 -1.067518928599066053e-01 4.118302162092875029e-01
8.876285293506940288e-01 -1.049000298564600614e-01 4.109818216008598868e-01
8.890638676536581908e-01 -1.030822584095104633e-01 4.101500919252719646e-01
8.904806072870743439e-01 -1.012978006639517342e-01 4.093346272941952857e-01
8.918789864151801527e-01 -9.954588777203311756e-02 4.085350364805688805e-01
8.932592404372767803e-01 -9.782577202100094238e-02 4.077509397354759368e-01
8.946215989640163846e-01 -9.613673507589041989e-02 4.069819700854629407e-01
8.959662842038009778e-01 -9.447809206675326921e-02 4.062277738054653753e-01
8.972935117732897536e-01 -9.284918941599201725e-02 4.054880095205148360e-01
8.986034927209798351e-01 -9.124939829905061306e-02 4.047623466763395350e-01
8.998964354025826839e-01 -8.967810669915679544e-02 4.040504641696786026e-01
9.011725489915097809e-01 -8.813470953069456326e-02 4.033520481244504685e-01
9.024320447860507688e-01 -8.661860476055990854e-02 4.026667909635799902e-01
9.036751353555274591e-01 -8.512919757327261361e-02 4.019943916577572440e-01
9.049020296532450658e-01 -8.366591292614773689e-02 4.013345581438307885e-01
9.061129304280890473e-01 -8.222820187331900121e-02 4.006870084163779988e-01
9.073080357373773941e-01 -8.081553635320731788e-02 4.000514694073666888e-01
9.084875419218813031e-01 -7.942740026545930254e-02 3.994276751406682369e-01
9.096516449412487271e-01 -7.806328567998588319e-02 3.988153658155614290e-01
9.108005396977110202e-01 -7.672269498069927973e-02 3.982142879724510087e-01
9.119344190251117421e-01 -7.540514395054964680e-02 3.976241948205617716e-01
9.130534727752540602e-01 -7.411016346277521372e-02 3.970448465059611687e-01
9.141578874195450677e-01 -7.283729940635949585e-02 3.964760101056923891e-01
9.152478462184302499e-01 -7.158611232598195706e-02 3.959174593385128560e-01
9.163235307136011754e-01 -7.035617127928582570e-02 3.953689736073648930e-01
9.173851213290326045e-01 -6.914705572634603781e-02 3.948303375326472353e-01
9.184327978233862710e-01 -6.795835129090407878e-02 3.943013405659002713e-01
9.194667382392092136e-01 -6.678965273001645497e-02 3.937817773795160292e-01
9.204871184823875119e-01 -6.564056492679203048e-02 3.932714479224669324e-01
9.214941118815067611e-01 -6.451070399423584900e-02 3.927701574869232881e-01
9.224878885587296518e-01 -6.339969840799604406e-02 3.922777168688671434e-01
9.234686156415649050e-01 -6.230718826234994678e-02 3.917939421084550844e-01
9.244364580894727235e-01 -6.123282227299389757e-02 3.913186539436935285e-01
9.253915805410551920e-01 -6.017625298032960174e-02 3.908516767771550993e-01
9.263341472457474746e-01 -5.913713628988099408e-02 3.903928386080850466e-01
9.272643205556930779e-01 -5.811513575973381585e-02 3.899419716592787410e-01
9.281822593195951931e-01 -5.710992766811858606e-02 3.894989130353933016e-01
9.290881192404382150e-01 -5.612120102348579914e-02 3.890635044192966019e-01
9.299820544127295197e-01 -5.514865293938430585e-02 3.886355912161437165e-01
9.308642183379219892e-01 -5.419198387388404065e-02 3.882150219715866379e-01
9.317347637709364472e-01 -5.325089626149884930e-02 3.878016483607537035e-01
9.325938419655581679e-01 -5.232509638743561287e-02 3.873953254620811082e-01
9.334416025644689530e-01 -5.141429601984615766e-02 3.869959117197686593e-01
9.342781940582032263e-01 -5.051821242970374465e-02 3.866032686408279462e-01
9.351037639763524201e-01 -4.963656774708363750e-02 3.862172606259389740e-01
9.359184581932523672e-01 -4.876909098859039116e-02 3.858377552111253994e-01
9.367224180073485673e-01 -4.791552482458672629e-02 3.854646243431535946e-01
9.375157793601903711e-01 -4.707562881610836969e-02 3.850977446281479977e-01
9.382986736089657942e-01 -4.624917644222528712e-02 3.847369968730606216e-01
9.390712321160756826e-01 -4.543594356109753596e-02 3.843822638820329485e-01
9.398335891165293665e-01 -4.463570010111519298e-02 3.840334290970877085e-01
9.405858812974943195e-01 -4.384821021270089714e-02 3.836903767659679554e-01
9.413282457717848661e-01 -4.307323663276134418e-02 3.833529928301955270e-01
9.420608178502133390e-01 -4.231054466988861534e-02 3.830211658889852155e-01
9.427837310928691705e-01 -4.155990272623167475e-02 3.826947871094297793e-01
9.434971161334501089e-01 -4.082108645279447501e-02 3.823737506926500607e-01
9.442010983676487612e-01 -4.009388549372282923e-02 3.820579548420108273e-01
9.448957981803430828e-01 -3.937810416960225990e-02 3.817473015720717067e-01
9.455813325674083947e-01 -3.867355423465321934e-02 3.814416959110790706e-01
9.462578189837917986e-01 -3.798004183634336173e-02 3.811410441271190774e-01
9.469253759203707377e-01 -3.729736256268145755e-02 3.808452534466186812e-01
9.475841219105402002e-01 -3.662530691655412063e-02 3.805542324686561617e-01
9.482341736882211602e-01 -3.596367296305928024e-02 3.802678919460369400e-01
9.488756453742962504e-01 -3.531227449367033144e-02 3.799861450932553453e-01
9.495086488587556328e-01 -3.467094084060599185e-02 3.797089073631331746e-01
9.501332951313513631e-01 -3.403951486278596755e-02 3.794360958170782672e-01
9.507496960826257171e-01 -3.341785161059069448e-02 3.791676283022357152e-01
9.513579651353069044e-01 -3.280581691563211333e-02 3.789034231503455308e-01
9.519582165945869034e-01 -3.220328008024696265e-02 3.786433994228377564e-01
9.525505625735545268e-01 -3.161010497000511787e-02 3.783874782032071726e-01
9.531351118401709677e-01 -3.102614692251143974e-02 3.781355830492257319e-01
9.537119697698679399e-01 -3.045125525888276244e-02 3.778876399783285267e-01
9.542812403202287630e-01 -2.988527424321161391e-02 3.776435765871261618e-01
9.548430270251752061e-01 -2.932804298907129223e-02 3.774033216024179627e-01
9.553974327455952986e-01 -2.877939762095110127e-02 3.771668049674151701e-01
9.559445589026865919e-01 -2.823917952645539631e-02 3.769339581462896605e-01
9.564845050053580877e-01 -2.770724295958349598e-02 3.767047142971843843e-01
9.570173690229182295e-01 -2.718345501137068784e-02 3.764790080810529460e-01
9.575432481385535155e-01 -2.666768973489012581e-02 3.762567753056004771e-01
9.580622389120657667e-01 -2.615982239238460669e-02 3.760379528268076865e-01
9.585744372418232295e-01 -2.565972777494469198e-02 3.758224785413079583e-01
9.590799381259947909e-01 -2.516728157437842298e-02 3.756102914647179714e-01
9.595788354479902749e-01 -2.468236214315208676e-02 3.754013317997317301e-01
9.600712216912781205e-01 -2.420485180755679519e-02 3.751955410330932161e-01
9.605571877573033657e-01 -2.373463711264722428e-02 3.749928619880603664e-01
9.610368233668841187e-01 -2.327160763043604683e-02 3.747932386312500253e-01
9.615102176430252445e-01 -2.281565445849263046e-02 3.745966158105969446e-01
9.619774592602109431e-01 -2.236666970236253840e-02 3.744029391757363601e-01
9.624386363595022198e-01 -2.192454647256849090e-02 3.742121551955531200e-01
9.628938363592510763e-01 -2.148917898487545317e-02 3.740242112216377590e-01
9.633431459530198415e-01 -2.106046258828764978e-02 3.738390554695967261e-01
9.637866510388649610e-01 -2.063829454253780782e-02 3.736566370316020125e-01
9.642244362725824747e-01 -2.022257550296174475e-02 3.734769060456732404e-01
9.646565852206075986e-01 -1.981320922030498782e-02 3.732998136132080758e-01
9.650831808361504116e-01 -1.941010094147987627e-02 3.731253115858774172e-01
9.655043054562382210e-01 -1.901315692183527112e-02 3.729533525538654692e-01
9.659200402356747928e-01 -1.862228560004781236e-02 3.727838900592388427e-01
9.663304647237355161e-01 -1.823739886208312552e-02 3.726168787516788705e-01
9.667356570265409621e-01 -1.785841155985249881e-02 3.724522743065357133e-01
9.671356950751521797e-01 -1.748523905340043996e-02 3.722900328969904749e-01
9.675306568648514016e-01 -1.711779643600418524e-02 3.721301110910896215e-01
9.679206204413721704e-01 -1.675599855525503057e-02 3.719724658419607533e-01
9.683056632759791116e-01 -1.639976034634845273e-02 3.718170547318987440e-01
9.686858619411236049e-01 -1.604899684632858647e-02 3.716638360840006094e-01
9.690612920205190495e-01 -1.570362347292031738e-02 3.715127689876622785e-01
9.694320280361357067e-01 -1.536355704639274372e-02 3.713638133197327829e-01
9.697981436541373013e-01 -1.502871634248741442e-02 3.712169296507482619e-01
9.701597119736792285e-01 -1.469902140686838062e-02 3.710720791226472248e-01
9.705168057640763957e-01 -1.437439257273374731e-02 3.709292233394020366e-01
9.708694969864466451e-01 -1.405475084184937794e-02 3.707883245452890941e-01
9.712178563702503764e-01 -1.374001898022629217e-02 3.706493457815917547e-01
9.715619532024425409e-01 -1.343012201145990167e-02 3.705122509587963631e-01
9.719018559824413872e-01 -1.312498515262920142e-02 3.703770045862982974e-01
9.722376334334535963e-01 -1.282453107790334709e-02 3.702435713622687641e-01
9.725693544860373185e-01 -1.252867971584257882e-02 3.701119161743091079e-01
9.728970879945362249e-01 -1.223734934633989233e-02 3.699820042064678738e-01
9.732209017546173957e-01 -1.195045821856707303e-02 3.698538013160735383e-01
9.735408623544371531e-01 -1.166792460127534341e-02 3.697272740804463109e-01
9.738570353791702328e-01 -1.138966624161670722e-02 3.696023897037207240e-01
9.741694855365269357e-01 -1.111560081335924779e-02 3.694791159640813394e-01
9.744782765863391205e-01 -1.084564700345367651e-02 3.693574212396831258e-01
9.747834712405878399e-01 -1.057972505975639937e-02 3.692372745316486737e-01
9.750851311684266554e-01 -1.031775625200724404e-02 3.691186454526564353e-01
9.753833174776915804e-01 -1.005966133470579879e-02 3.690015040413707759e-01
9.756780908428658305e-01 -9.805360163246767610e-03 3.688858206890094915e-01
9.759695114299516971e-01 -9.554772051675661584e-03 3.687715661671084888e-01
9.762576389021463408e-01 -9.307814791508340832e-03 3.686587116189971591e-01
9.765425324979953858e-01 -9.064402969023945336e-03 3.685472285075615528e-01
9.768242509432418785e-01 -8.824447424097993722e-03 3.684370886496363684e-01
9.771028522833710150e-01 -8.587856601308696894e-03 3.683282642737564783e-01
9.773783933517848910e-01 -8.354539803190955821e-03 3.682207282211318877e-01
9.776509296593629550e-01 -8.124409077231879717e-03 3.681144539984955721e-01
9.779205156231944862e-01 -7.897378805637109145e-03 3.680094156826265728e-01
9.781872047434609918e-01 -7.673364351168832087e-03 3.679055878150139236e-01
9.784510495060143587e-01 -7.452280969559819078e-03 3.678029454521161701e-01
9.787121011965591588e-01 -7.234043922462018994e-03 3.677014642277171563e-01
9.789704097928612070e-01 -7.018568836749138930e-03 3.676011203667581273e-01
9.792260248675913603e-01 -6.805770384124403341e-03 3.675018903346694010e-01
9.794789964416771300e-01 -6.595560744119427846e-03 3.674037505246270374e-01
9.797293750085785957e-01 -6.387849239160713066e-03 3.673066772304601768e-01
9.799772111141689113e-01 -6.182543999687980379e-03 3.672106468042762306e-01
9.802225538059048393e-01 -5.979555825906015566e-03 3.671156362611070478e-01
9.804654503645000574e-01 -5.778802450301243759e-03 3.670216233626130697e-01
9.807059465012439858e-01 -5.580192848580189935e-03 3.669285865454101625e-01
9.809440869290046994e-01 -5.383660991531846393e-03 3.668365046788297223e-01
9.811799158740861504e-01 -5.189121229595308575e-03 3.667453568610942738e-01
9.814134771051555850e-01 -4.996495553098532355e-03 3.666551223976784457e-01
9.816448139740299172e-01 -4.805707203018125089e-03 3.665657807789074463e-01
9.818739695684386426e-01 -4.616681218473456423e-03 3.664773116364959393e-01
9.821009867550495320e-01 -4.429345766950485222e-03 3.663896947334483456e-01
9.823259081899210488e-01 -4.243632005954404290e-03 3.663029099734795291e-01
9.825487766341645113e-01 -4.059473895163693245e-03 3.662169372361802622e-01
9.827696354372893461e-01 -3.876807833239331608e-03 3.661317562005222959e-01
9.829885289087769706e-01 -3.695572319903935206e-03 3.660473462246792709e-01
9.832055018255810852e-01 -3.515709020936923310e-03 3.659636865093688352e-01
9.834205977716130587e-01 -3.337165292324104169e-03 3.658807567118194104e-01
9.836338588957453943e-01 -3.159894972312152130e-03 3.657985369903458128e-01
9.838453264273652188e-01 -2.983857816647050246e-03 3.657170078404803348e-01
9.840550431756610594e-01 -2.809016815253297279e-03 3.656361491858278190e-01
9.842630544299338924e-01 -2.635336737731082662e-03 3.655559400175339979e-01
9.844694079699815026e-01 -2.462784614530708852e-03 3.654763583621736811e-01
9.846741527711339037e-01 -2.291332962258540735e-03 3.653973818188679390e-01
9.848773386240422534e-01 -2.120962059085359543e-03 3.653189876919139545e-01
9.850790165882933325e-01 -1.951658798888387947e-03 3.652411527759308330e-01
9.852792397559874127e-01 -1.783412461665307390e-03 3.651638530452636644e-01
9.854780637322345660e-01 -1.616211503691359448e-03 3.650870634255429792e-01
9.856755468082143423e-01 -1.450044064349169382e-03 3.650107577021674543e-01
9.858717495053704871e-01 -1.284901297331137978e-03 3.649349087005897552e-01
9.860667343401825491e-01 -1.120774176541162060e-03 3.648594884425362395e-01
9.862605662335471868e-01 -9.576761874035475113e-04 3.647844678990322387e-01
9.864533145194630537e-01 -7.955936964953005995e-04 3.647098162110135600e-01
9.866450541503118954e-01 -6.345223960587010204e-04 3.646355002968485470e-01
9.867880381885917318e-01 -5.145635377209029603e-04 3.645800427502211005e-01
9.869309532600107904e-01 -3.948189825047872855e-04 3.645245764397230248e-01
9.871205341790296739e-01 -2.362629001067654850e-04 3.644509400869380134e-01
9.872620466585018129e-01 -1.181682852130955567e-04 3.643959275325688307e-01
9.874036170961336678e-01 -2.780884482746729380e-07 3.643408497106385147e-01
9.875916216718324536e-01 1.558405846036363320e-04 3.642676361988109734e-01
9.877556032248382412e-01 2.915363779031003686e-04 3.642037075265542323e-01
9.878728339090028232e-01 3.882427051057511986e-04 3.641579620682677820e-01
9.880364164951689343e-01 5.227298591862588033e-04 3.640940661851113647e-01
9.881766700670048253e-01 6.375713394725804426e-04 3.640392208297433263e-01
9.882701561032216642e-01 7.138609972840421038e-04 3.640026302966888894e-01
9.884161744165290697e-01 8.325847618416244364e-04 3.639454225864891534e-01
9.885274938018725477e-01 9.227174004066405512e-04 3.639017613042724864e-01
9.886441702430321943e-01 1.016816104832552825e-03 3.638559521342363268e-01
9.887615048409820195e-01 1.111044162522256337e-03 3.638098341267717029e-01
9.888671405303265383e-01 1.195516430459285821e-03 3.637682691631253240e-01
9.889964814527246739e-01 1.298459183657387980e-03 3.637173158622617475e-01
9.891379956535801821e-01 1.410445364638483875e-03 3.636614863599448300e-01
9.892563647329785104e-01 1.503569384935332697e-03 3.636147200520911116e-01
9.893750463211569146e-01 1.596417975480328389e-03 3.635677651571549429e-01
9.894943121748573933e-01 1.689179023544069109e-03 3.635205103538479143e-01
9.896140207055634797e-01 1.781714948931685614e-03 3.634730076357879369e-01
9.897159914823099314e-01 1.860077287445659850e-03 3.634324836697677696e-01
9.898434705941348000e-01 1.957428063202221440e-03 3.633817413619946923e-01
9.899375585064562610e-01 2.028834501003197455e-03 3.633442297832488732e-01
9.900878310668779214e-01 2.142079128969769618e-03 3.632842063995591064e-01
9.901743200970993808e-01 2.206800128756582300e-03 3.632495949130783996e-01
9.902609137873940037e-01 2.271258436098861407e-03 3.632148917870252069e-01
9.903612026626938958e-01 2.345481038338735787e-03 3.631746354774303964e-01
9.904874739384739168e-01 2.438260862038891912e-03 3.631238466720792535e-01
9.905894425236058121e-01 2.512627432165794820e-03 3.630827450614896312e-01
9.907182233334840271e-01 2.605824127671221759e-03 3.630307181869523170e-01
9.907962672147299088e-01 2.661909087124703782e-03 3.629991217825467853e-01
9.909212141403226370e-01 2.751079707524683397e-03 3.629484260578995092e-01
9.910108377596256179e-01 2.814572378940933747e-03 3.629119747779018246e-01
9.911016878566011323e-01 2.878535232237825967e-03 3.628749465225333259e-01
9.912137238991562960e-01 2.956864028983205179e-03 3.628291701023254601e-01
9.913000989104370220e-01 3.016836571222573753e-03 3.627937891371591506e-01
9.913838631252052114e-01 3.074649288365525947e-03 3.627594000683767583e-01
9.914506465589315587e-01 3.120496860982628889e-03 3.627319256295438721e-01
9.915146713824002367e-01 3.164247436346055015e-03 3.627055371260872740e-01
9.916340109879260289e-01 3.245264862684906024e-03 3.626562170150617326e-01
9.917072197375820242e-01 3.294624179283541041e-03 3.626258721572606647e-01
9.918113459853242775e-01 3.364384384671292427e-03 3.625825892955390484e-01
9.918788921488236321e-01 3.409364359692602757e-03 3.625544314315096717e-01
9.919787124284612512e-01 3.475447498158530484e-03 3.625126983785213475e-01
9.920446367295224777e-01 3.518841365315329185e-03 3.624850540518005371e-01
9.921335618592820316e-01 3.577066793812169916e-03 3.624476561859390489e-01
9.922483388488775313e-01 3.651697136528547771e-03 3.623991934447213237e-01
9.923140323712106303e-01 3.694145785421293349e-03 3.623713530031771324e-01
9.923808176287334248e-01 3.737102639925147119e-03 3.623429701991947582e-01
9.924653149416101661e-01 3.791171004864090765e-03 3.623069403581371528e-01
9.925519742114751187e-01 3.846298494161042546e-03 3.622698438323523895e-01
9.926400143689063649e-01 3.901972242278053601e-03 3.622319989928771133e-01
9.927300306504682759e-01 3.958557799051551189e-03 3.621931330607132127e-01
9.928223552515691441e-01 4.016244763470571029e-03 3.621530814854118097e-01
9.928790071570852138e-01 4.051471407201019496e-03 3.621284062230448741e-01
9.929749283407137694e-01 4.110824360631599138e-03 3.620864480285872489e-01
9.930338309415541742e-01 4.147090241467061601e-03 3.620605666109072418e-01
9.931134822473388635e-01 4.195911363314409892e-03 3.620254221537649864e-01
9.931957520679123297e-01 4.246070599657710866e-03 3.619889384532321563e-01
9.932581794112547158e-01 4.283948481304674163e-03 3.619611242649237171e-01
9.933222453859934520e-01 4.322659018763952594e-03 3.619324589089158439e-01
9.934096186032961295e-01 4.375189570191079930e-03 3.618931596281003693e-01
9.934541404540199183e-01 4.401841740613465608e-03 3.618730396393180504e-01
9.935457954224757859e-01 4.456470143408703885e-03 3.618314104944171938e-01
9.936160469382104843e-01 4.498123517244046778e-03 3.617993042024195693e-01
9.936880935992783437e-01 4.540639543586123122e-03 3.617661908977225504e-01
9.937495894572796473e-01 4.576765095431888954e-03 3.617377713811055218e-01
9.938121488219817667e-01 4.613359198842128563e-03 3.617087077971406495e-01
9.939160796672812381e-01 4.673794974459329413e-03 3.616600691278492596e-01
9.939694945657114866e-01 4.704676840392038595e-03 3.616348913239022522e-01
9.940375730092885220e-01 4.743862173647933438e-03 3.616026171590616678e-01
9.941079133971814086e-01 4.784145573804779797e-03 3.615690453960160311e-01
9.941512836844985657e-01 4.808880476313258552e-03 3.615482276927153293e-01
9.942245924467123519e-01 4.850514442086883808e-03 3.615128276835328780e-01
9.942849783485653292e-01 4.884642501071130571e-03 3.614834607808002365e-01
9.943630951281491326e-01 4.928563185437797450e-03 3.614451819281570000e-01
9.944439687478419110e-01 4.973750937303088315e-03 3.614051932531869293e-01
9.944937414949477361e-01 5.001412310435517788e-03 3.613803933756284947e-01
9.945448254080581085e-01 5.029685479560768585e-03 3.613547847613584607e-01
9.946141837795062779e-01 5.067884981559767424e-03 3.613197543514057863e-01
9.946679242963347711e-01 5.097333407073921345e-03 3.612923979634762861e-01
9.947232555508067620e-01 5.127518432569602713e-03 3.612640295872986407e-01
9.947802947091887171e-01 5.158491427700444797e-03 3.612345633482218488e-01
9.948193345282794198e-01 5.179605838907657203e-03 3.612142612003354514e-01
9.948788033927520313e-01 5.211635051486872110e-03 3.611831187054893588e-01
9.949193304565996376e-01 5.233367723540576465e-03 3.611617410209755907e-01
9.949819063874423275e-01 5.266768244209431120e-03 3.611284782500570611e-01
9.950248963278948144e-01 5.289603637457594015e-03 3.611054413969754795e-01
9.950914392447394174e-01 5.324768772012515236e-03 3.610694751215084985e-01
9.951257033035670885e-01 5.342791148982394510e-03 3.610508044319368781e-01
9.951843888488717260e-01 5.373528605354810361e-03 3.610185798638893551e-01
9.952322115084688559e-01 5.398457156783060228e-03 3.609920823753106078e-01
9.952814503025246839e-01 5.424011853776611325e-03 3.609645694207566091e-01
9.953322073685838545e-01 5.450235168969095115e-03 3.609359545113143275e-01
9.953845960308196350e-01 5.477172618088059670e-03 3.609061399524614577e-01
9.954519586706931378e-01 5.511610284679501447e-03 3.608673690181521954e-01
9.954937886889216880e-01 5.532878660799752345e-03 3.608430373967570493e-01
9.955367586705249350e-01 5.554633975266981549e-03 3.608178310169771752e-01
9.955809446208156999e-01 5.576909901997550122e-03 3.607916804515958753e-01
9.956414875400296793e-01 5.607278776079065857e-03 3.607554557850365384e-01
9.956882115261579402e-01 5.630597341121496707e-03 3.607271764177154005e-01
9.957364305507077074e-01 5.654554546116075976e-03 3.606976861204120310e-01
9.957694647789196996e-01 5.670904825759247488e-03 3.606772972323203930e-01
9.958204391530577348e-01 5.696033053272700139e-03 3.606455299911544565e-01
9.958554331825923978e-01 5.713210542761222067e-03 3.606234998384990065e-01
9.959095524598978733e-01 5.739656574219036134e-03 3.605890612479140112e-01
9.959562594527735513e-01 5.762363717818218441e-03 3.605589662387284622e-01
9.960045505597787674e-01 5.785726913541006447e-03 3.605274730111185932e-01
9.960343411253066437e-01 5.800083907171122224e-03 3.605078470645005084e-01
9.960854494326569775e-01 5.824620850290964345e-03 3.604738139568629540e-01
9.961277448285118519e-01 5.844839744486254873e-03 3.604452905577644750e-01
9.961713919593757627e-01 5.865623086784404680e-03 3.604155025366578835e-01
9.962161918280310058e-01 5.886867984640165898e-03 3.603845412813175275e-01
9.962505693319740896e-01 5.903107794575525487e-03 3.603605079620901264e-01
9.962858572444537320e-01 5.919719687289906780e-03 3.603355817082329882e-01
9.963221125104277931e-01 5.936725298497789322e-03 3.603096931789809831e-01
9.963593986330890884e-01 5.954149774554344000e-03 3.602827644535536722e-01
9.963977866504906133e-01 5.972023207391769471e-03 3.602547075586295944e-01
9.964373559441993544e-01 5.990379087755307898e-03 3.602254230035160099e-01
9.964644356591672025e-01 6.002903359725034887e-03 3.602051621312160057e-01
9.965061743102501257e-01 6.022149046053543869e-03 3.601735736009499256e-01
9.965347929889251111e-01 6.035304395248821535e-03 3.601516544469033354e-01
9.965789926785999508e-01 6.055555280763322973e-03 3.601173724809264010e-01
9.966093636738425632e-01 6.069422334705997825e-03 3.600935039930728832e-01
9.966559567315705914e-01 6.090617643816403394e-03 3.600563745417977302e-01
9.966880427217708061e-01 6.105157751311813923e-03 3.600304319983379520e-01
9.967378328212044281e-01 6.127631895345386943e-03 3.599895490187424718e-01
9.967809783515868549e-01 6.147024050177031865e-03 3.599534815671284749e-01
9.968257684029371291e-01 6.167077911493679988e-03 3.599153847998203815e-01
9.968534955838771472e-01 6.179455386171116282e-03 3.598914546295448602e-01
9.969012406558794837e-01 6.200704530828647990e-03 3.598496046669208970e-01
9.969308756731882770e-01 6.213850466240045632e-03 3.598232041237461876e-01
9.969613046775022136e-01 6.227312691943642613e-03 3.597957462205100265e-01
9.969925771600518516e-01 6.241110108783025356e-03 3.597671462265059072e-01
9.970247479264872092e-01 6.255263978188668576e-03 3.597373090776021520e-01
9.970691443777704999e-01 6.274731560237442780e-03 3.596954166259679897e-01
9.971036607767090887e-01 6.289816419911086094e-03 3.596622512621300283e-01
9.971393088047536546e-01 6.305352469075787072e-03 3.596274319170578715e-01
9.971637472447061334e-01 6.315980010647787891e-03 3.596032184159526079e-01
9.972014842903836884e-01 6.332355751702337110e-03 3.595652634669969094e-01
9.972274093111264115e-01 6.343580223120699572e-03 3.595387781364914881e-01
9.972575290295068173e-01 6.356593462356884341e-03 3.595075738567244383e-01
9.972922000224022643e-01 6.371535502806798153e-03 3.594710581945286254e-01
9.973280657224116164e-01 6.386947978160529595e-03 3.594325883193615900e-01
9.973558081309227275e-01 6.398838999653841918e-03 3.594023289908359620e-01
9.973843238065247530e-01 6.411035790728278685e-03 3.593707551353914065e-01
9.974136641173761975e-01 6.423560727901954023e-03 3.593377551097036160e-01
9.974438858290636256e-01 6.436438064947275911e-03 3.593032032571826240e-01
9.974750515538618467e-01 6.449695040164554055e-03 3.592669574427409529e-01
9.975181926553605694e-01 6.468007459205307036e-03 3.592157157926389455e-01
9.975404964969021293e-01 6.477455478464892724e-03 3.591887182165152681e-01
9.975740710655780497e-01 6.491652614818872562e-03 3.591474046001166265e-01
9.976084019075507348e-01 6.506136305713053000e-03 3.591042932333795012e-01
9.976319905302465374e-01 6.516068568889800579e-03 3.590741453755685320e-01
9.976685048465973038e-01 6.531416174546225521e-03 3.590266048009903010e-01
9.976936576052695127e-01 6.541971793223689581e-03 3.589932193490150691e-01
9.977327010428558296e-01 6.558334393174608187e-03 3.589403311779643113e-01
9.977596755686080066e-01 6.569624000245593079e-03 3.589030064738406023e-01
9.977874647642224204e-01 6.581241752011039205e-03 3.588638597387256990e-01
9.978161248682079210e-01 6.593209752512468186e-03 3.588227221198438399e-01
9.978457182292497230e-01 6.605550684541078299e-03 3.587794015198751962e-01
9.978685681051390199e-01 6.615066990605672319e-03 3.587453459979352277e-01
9.978920154480180882e-01 6.624822144769377738e-03 3.587098341592152018e-01
9.979242710965282592e-01 6.638227631120101509e-03 3.586600171645939472e-01
9.979408528064854789e-01 6.645113797351597310e-03 3.586339598580174926e-01
9.979749878048177480e-01 6.659282401297757920e-03 3.585793336584949254e-01
9.979925724695731803e-01 6.666578608570118171e-03 3.585506597210441626e-01
9.980288529745338089e-01 6.681627548204229286e-03 3.584903167535111179e-01
9.980475867178884020e-01 6.689395259958288292e-03 3.584585122178574057e-01
9.980764821692650335e-01 6.701372737419666707e-03 3.584085641739999661e-01
9.981063982578021188e-01 6.713767201946566066e-03 3.583556708179095329e-01
9.981269508387591305e-01 6.722278249839602066e-03 3.583186113840108877e-01
9.981587598926524585e-01 6.735447379112734570e-03 3.582600584917594588e-01
9.981806669382242703e-01 6.744516355510018872e-03 3.582188598730480789e-01
9.982031749578805790e-01 6.753836514668921237e-03 3.581757675454572132e-01
9.982381475806171300e-01 6.768328078451717883e-03 3.581072268892935839e-01
9.982623346236442208e-01 6.778357499082914364e-03 3.580586527435640209e-01
9.982872737916601569e-01 6.788705095380160280e-03 3.580075276227706604e-01
9.983130182164108302e-01 6.799393732349306128e-03 3.579536039461688746e-01
9.983396273700049228e-01 6.810448631001380683e-03 3.578965984931629651e-01
9.983671684421697723e-01 6.821899637581592749e-03 3.578361854633078099e-01
9.983957179697369178e-01 6.833783012928283836e-03 3.577719882175007249e-01
9.984253637137215920e-01 6.846140708138133760e-03 3.577035682112295611e-01
9.984406293963175028e-01 6.852513021238047959e-03 3.576676141597731062e-01
9.984641183739834114e-01 6.862333135244897721e-03 3.576113072383118041e-01
9.984883613646687861e-01 6.872489732810000904e-03 3.575519014066343426e-01
9.985219528053926874e-01 6.886597195866691300e-03 3.574673333755924998e-01
9.985393346580382357e-01 6.893911908824421064e-03 3.574225023284177127e-01
9.985661963323834156e-01 6.905239013097207862e-03 3.573517322939279706e-01
9.985940768752048502e-01 6.917027508538103192e-03 3.572762951541870180e-01
9.986132751984105882e-01 6.925165735989695023e-03 3.572231325567638005e-01
9.986430633305444227e-01 6.937833485013589208e-03 3.571386146406422823e-01
9.986636340980088455e-01 6.946612815958090603e-03 3.570787561111708475e-01
9.986848179599125963e-01 6.955684000139621993e-03 3.570157962389250983e-01
9.987178338722532134e-01 6.969886850770020195e-03 3.569149053044165520e-01
9.987349444046859093e-01 6.977277663851038855e-03 3.568612355020354121e-01
9.987524851726983233e-01 6.984877082784652844e-03 3.568052021338019575e-01
9.987765844015680239e-01 6.995358779739734717e-03 3.567264916832307842e-01
9.988015577918140098e-01 7.006273869466671765e-03 3.566427423623769744e-01
9.988274800149772314e-01 7.017666786601513620e-03 3.565533702478413947e-01
9.988544362552871370e-01 7.029589418374889570e-03 3.564576915585110917e-01
9.988753905693313895e-01 7.038914572499245341e-03 3.563813089755135111e-01
9.988970266660069930e-01 7.048600261564405035e-03 3.563005311359901395e-01
9.989270221423027785e-01 7.062129788938477370e-03 3.561852015139492789e-01
9.989504550052760168e-01 7.072783081058447302e-03 3.560922729029286637e-01
9.989747628014434833e-01 7.083918060064248526e-03 3.559931336238094657e-01
9.990051947931041232e-01 7.097990577756006433e-03 3.558649114352603338e-01
9.990263205772492716e-01 7.107852431186442894e-03 3.557730954715151439e-01
9.990481762035228197e-01 7.118143604087280585e-03 3.556755953871221787e-01
9.990785530834477290e-01 7.132609874122412298e-03 3.555356614230374968e-01
9.991023505581886344e-01 7.144080864055410256e-03 3.554222618843205783e-01
9.991271012511192540e-01 7.156148421282160395e-03 3.553006275409271719e-01
9.991528929002418957e-01 7.168883048873263102e-03 3.551696760967428812e-01
9.991798280720175507e-01 7.182369340062457440e-03 3.550281163783854943e-01
9.991984794926396241e-01 7.191828167876730682e-03 3.549270852163534107e-01
9.992177328124328684e-01 7.201705144127461787e-03 3.548201158457958693e-01
9.992478392564185796e-01 7.217398296385292046e-03 3.546471647431075347e-01
9.992688036569071786e-01 7.228512864284134150e-03 3.545224114090084200e-01
9.992905497192673403e-01 7.240216549622573855e-03 3.543890711463306142e-01
9.993131439165223728e-01 7.252576422521967228e-03 3.542460760612470838e-01
9.993247827739355493e-01 7.259026819966850515e-03 3.541705644808696984e-01
9.993487959678186705e-01 7.272530738303480992e-03 3.540106535074413197e-01
9.993674973098491954e-01 7.283239337744044917e-03 3.538821000587016874e-01
9.993868412429605108e-01 7.294505417123556788e-03 3.537452688570227322e-01
9.994068783400280598e-01 7.306392543513587530e-03 3.535992068896079976e-01
9.994276648665150198e-01 7.318973532400556252e-03 3.534427899124458761e-01
9.994492639380627708e-01 7.332332420136749608e-03 3.532746793752101211e-01
9.994641497712507539e-01 7.341719314394874740e-03 3.531553216771077253e-01
9.994872678435071656e-01 7.356612658672465749e-03 3.529640129101623836e-01
9.995032449859110324e-01 7.367142250093084398e-03 3.528273165864647676e-01
9.995197091961360858e-01 7.378210214417042778e-03 3.526824255066133840e-01
9.995366937452522249e-01 7.389874847183661166e-03 3.525284524932130736e-01
9.995542352050760249e-01 7.402201376744283953e-03 3.523643550628903220e-01
9.995632269244164592e-01 7.408635727014047274e-03 3.522781266935239852e-01
9.995816803494208536e-01 7.422105676150138505e-03 3.520964783969278145e-01
9.996007985421709874e-01 7.436456648670345879e-03 3.519011535647134092e-01
9.996106220069089776e-01 7.443996267610939084e-03 3.517977485503509527e-01
9.996308346586166849e-01 7.459893751185935062e-03 3.515780775216594822e-01
9.996412368419599348e-01 7.468286701293662226e-03 3.514610912495986228e-01
9.996572341019539509e-01 7.481496747684998790e-03 3.512755916334024953e-01
9.996654165764250477e-01 7.488402158262421303e-03 3.511778810554039287e-01
9.996737268852544656e-01 7.495524430476118230e-03 3.510765737016501298e-01
9.996907478591154916e-01 7.510477417060639274e-03 3.508621643062606599e-01
9.997083254080765258e-01 7.526469694339920670e-03 3.506297967008320526e-01
9.997203659123680142e-01 7.537772395748079148e-03 3.504632914324828374e-01
9.997295716088870909e-01 7.546619565874111528e-03 3.503314978387968015e-01
9.997389315847620139e-01 7.555809326043573353e-03 3.501931200664615274e-01
9.997484485856261704e-01 7.565365805212675293e-03 3.500474392798398893e-01
9.997581247233376933e-01 7.575315204329084902e-03 3.498935979678037822e-01
9.997679612228204116e-01 7.585685686423409430e-03 3.497305427782190224e-01
9.997739394289327786e-01 7.592121603200102133e-03 3.496277599340431030e-01
9.997820000854189537e-01 7.600968427728928278e-03 3.494843569706525543e-01
9.997929051550846768e-01 7.613264546608968820e-03 3.492804793554369902e-01
9.997984214594728414e-01 7.619635561018544591e-03 3.491724156685764302e-01
9.998039795735214064e-01 7.626163228679610009e-03 3.490598956436161693e-01
9.998095779159665852e-01 7.632852504559048921e-03 3.489426822525883432e-01
9.998208912998742814e-01 7.646740010798869572e-03 3.486934026375590467e-01
9.998265973426959663e-01 7.653939128002719763e-03 3.485615266573857118e-01
9.998323339786087116e-01 7.661314270305938021e-03 3.484256127155871963e-01
9.998380985682069344e-01 7.668867242861550533e-03 3.482870638381476702e-01
9.998467947419584778e-01 7.680533260206569637e-03 3.480834762446363695e-01
9.998526250026127382e-01 7.688536580014895642e-03 3.479555359286801708e-01
9.998555514960351109e-01 7.692608133855048658e-03 3.478965981633080906e-01
9.998614299637414993e-01 7.700893650762198790e-03 3.477904050294783334e-01
9.998643847881024671e-01 7.705111580018800949e-03 3.477437914158464927e-01
9.998673512895481785e-01 7.709381262889540391e-03 3.477015673168977750e-01
9.998733233069112547e-01 7.718081387980641438e-03 3.476297713937721579e-01
9.998793574077052826e-01 7.727012503842877258e-03 3.475738730655176800e-01
9.998824016846992180e-01 7.731571721378672525e-03 3.475514086021994076e-01
9.998854656500272275e-01 7.736196349012456827e-03 3.475323171198304029e-01
9.998916573648619632e-01 7.745651719587015940e-03 3.475035198520767254e-01
9.998979452562853920e-01 7.755405835853819256e-03 3.474860467809342546e-01
9.999043416463473388e-01 7.765487551691575840e-03 3.474785160545976748e-01
9.999125084778498485e-01 7.778598374601843751e-03 3.474809588445187947e-01
9.999175115050784601e-01 7.786765855879116890e-03 3.474875864209919230e-01
9.999243130945403291e-01 7.798039572820008106e-03 3.475012834944018469e-01
9.999312785469907094e-01 7.809794222666211101e-03 3.475193355711245768e-01
9.999348281186141163e-01 7.815868175850532173e-03 3.475296001977485894e-01
9.999420696978659207e-01 7.828440899645232320e-03 3.475519237076115653e-01
9.999476355849528098e-01 7.838274186768743809e-03 3.475696118925830636e-01
9.999533256625676714e-01 7.848484759318827622e-03 3.475875529855440571e-01
9.999611203631671996e-01 7.862740480485455249e-03 3.476109369291067175e-01
9.999671357732496935e-01 7.873961756637487541e-03 3.476272895126277240e-01
9.999724755022235678e-01 7.884088842281013199e-03 3.476400854437300958e-01
9.999792197722634501e-01 7.897111129156008866e-03 3.476533591476421159e-01
9.999826680284464864e-01 7.903871746225109296e-03 3.476586868435642130e-01
9.999897257606218393e-01 7.917933320107675005e-03 3.476660673597966600e-01
9.999933403873831894e-01 7.925254302274625101e-03 3.476678155057212338e-01
9.999970151280588304e-01 7.932782341760010250e-03 3.476680532372062871e-01
9.999985024668397449e-01 7.935854112659870147e-03 3.476676853969759562e-01
