# -97 2 0.109604100193 7.97959474356e-06
# x xi_r xi_h
1.310287751119751072e-03 -2.030948772913880589e+02 -7.009327361564302805e+01
1.460995662986557019e-03 -2.019422607972324784e+02 -6.090895121638939003e+01
1.650884358646134958e-03 -1.928782854543282497e+02 -4.525068555231844414e+01
1.840773054305712029e-03 -1.763248933769702944e+02 -2.650348664452202030e+01
2.080034956818093209e-03 -1.472013745183568005e+02 -1.121655527292878096e+00
2.319296859330475039e-03 -1.120724196560104673e+02 2.270612514535148563e+01
2.520287072229036949e-03 -8.070176110586692175e+01 3.896769720925454550e+01
2.721277285127598859e-03 -5.010452537368183101e+01 5.027769309371984008e+01
2.922267498026161203e-03 -2.223714996362869911e+01 5.572671549834343807e+01
3.112225549436466957e-03 1.768129379820218561e-01 5.522655677156070197e+01
3.302183600846774012e-03 1.781502573281249369e+01 4.960750955618182445e+01
3.492141652257081067e-03 3.018754979299837160e+01 3.969237777558103630e+01
3.682099703667386821e-03 3.723344805040805028e+01 2.668424167786992385e+01
3.921500270735109317e-03 3.913716305043773502e+01 8.225861015795789655e+00
4.160900837802832680e-03 3.456689579142000213e+01 -9.856086361815094676e+00
4.400301404870555176e-03 2.545248177768802478e+01 -2.476337269534689511e+01
4.639701971938277672e-03 1.398592378959856042e+01 -3.436744994915962081e+01
4.869433365318841418e-03 2.751804498019660983e+00 -3.749914524351582656e+01
5.099164758699403430e-03 -7.045862376308990704e+00 -3.460903496208820940e+01
5.328896152079966309e-03 -1.422693952432921449e+01 -2.654623293125415984e+01
5.558627545460530055e-03 -1.814469554066914725e+01 -1.489113797697422470e+01
5.787748083093968016e-03 -1.870293980087273766e+01 -1.713195375053824465e+00
6.016868620727404242e-03 -1.630446557045265266e+01 1.087502494499738503e+01
6.245989158360841335e-03 -1.170790552966366427e+01 2.094770991473231092e+01
6.507314466583081353e-03 -5.062245723087845484e+00 2.759243137988301342e+01
6.768639774805322237e-03 1.662802634725102591e+00 2.816283076568284471e+01
7.029965083027563122e-03 7.151165707208032352e+00 2.291897696457673561e+01
7.291290391249803139e-03 1.049390734455985452e+01 1.327762556811749484e+01
7.588259160035928062e-03 1.123805575562463055e+01 -1.075896702613889366e-01
7.885227928822052118e-03 9.019507050251352354e+00 -1.263909225957344873e+01
8.182196697608175306e-03 4.782073195626785456e+00 -2.109873101114369121e+01
8.479165466394300230e-03 -1.531937957560325914e-01 -2.350980880248548388e+01
8.776134235180425153e-03 -4.455339284481468987e+00 -1.958055141549699485e+01
9.062891590263655664e-03 -7.054103399658085749e+00 -1.103193631144171150e+01
9.349648945346886175e-03 -7.661732390641638801e+00 -1.881453146240447682e-01
9.636406300430114952e-03 -6.349363788885728610e+00 1.016047743801728309e+01
9.923163655513347198e-03 -3.633616944942438476e+00 1.748359254634967996e+01
1.020992101059657944e-02 -3.095576043649785891e-01 2.011731258660362442e+01
1.049667836567980995e-02 2.763875730812320075e+00 1.763074561919827588e+01
1.078343572076304047e-02 4.872064781030292835e+00 1.087420085302708372e+01
1.107585216327150977e-02 5.599139728926410875e+00 1.530842880028492115e+00
1.136826860577998081e-02 4.846998972713074672e+00 -7.802062133130697852e+00
1.166068504828845012e-02 2.939341786720483629e+00 -1.472939949028263662e+01
1.195310149079691076e-02 4.569018455784853439e-01 -1.757503791466444909e+01
1.224551793330539047e-02 -1.928551901983821537e+00 -1.577805227982677572e+01
1.253793437581384937e-02 -3.627753366347329589e+00 -9.988515428027703535e+00
1.283035081832233082e-02 -4.272217030716622510e+00 -1.851262947112513046e+00
1.312276726083078972e-02 -3.786611966441239208e+00 6.454433668364079502e+00
1.341518370333926076e-02 -2.383114279914984923e+00 1.279229557562333497e+01
1.372371033175165053e-02 -3.817918586499822187e-01 1.565340709388721407e+01
1.403223696016404030e-02 1.569576870634813881e+00 1.396900252917910557e+01
1.434076358857643008e-02 2.935168128091459661e+00 8.385029897350879224e+00
1.464929021698880944e-02 3.382218126103889055e+00 6.219981726171959213e-01
1.495781684540119921e-02 2.856112842697412724e+00 -7.049491650800768561e+00
1.526634347381359072e-02 1.573986900093706121e+00 -1.246742906404252338e+01
1.557487010222598049e-02 -5.515733598316349684e-02 -1.418179150078171169e+01
1.588339673063835986e-02 -1.556586927598519576e+00 -1.183578451893549399e+01
1.619192335905075136e-02 -2.524555857079183063e+00 -6.226506786247735903e+00
1.650044998746313940e-02 -2.728399719586411365e+00 9.599553214653975264e-01
1.680897661587552050e-02 -2.163279463817966430e+00 7.652707988805595107e+00
1.711941423928450140e-02 -1.028109451119250339e+00 1.200598973115257273e+01
1.742985186269348924e-02 3.227496454896580103e-01 1.281926597860488215e+01
1.774028948610247014e-02 1.499596632309718069e+00 9.972963415615357263e+00
1.805072710951145104e-02 2.186186275894364872e+00 4.384186120758766236e+00
1.836116473292042847e-02 2.222125961946787687e+00 -2.285430098031524082e+00
1.867160235632940937e-02 1.637071767466477867e+00 -8.121466256884435353e+00
1.898203997973839027e-02 6.305112535099728355e-01 -1.150342192918139972e+01
1.929247760314737117e-02 -4.938149715370972470e-01 -1.155094753935281915e+01
1.960291522655635901e-02 -1.417977495294893142e+00 -8.347517772375688594e+00
1.991335284996533991e-02 -1.898166418128380384e+00 -2.886134731709405266e+00
2.022379047337432081e-02 -1.827157961153936361e+00 3.238254944291253601e+00
2.053422809678330171e-02 -1.255467349476618200e+00 8.294560531910137868e+00
2.083870335922823058e-02 -3.856142238989672122e-01 1.088184814528826472e+01
2.114317862167315945e-02 5.420199386982453849e-01 1.048081502945223598e+01
2.144765388411808138e-02 1.279420788675436960e+00 7.283338162169661345e+00
2.175212914656301025e-02 1.642379364057608981e+00 2.221434980206117960e+00
2.205660440900793912e-02 1.555029036022854250e+00 -3.305525992277729586e+00
2.236107967145287145e-02 1.063443484402791128e+00 -7.817631623850073375e+00
2.266555493389780032e-02 3.167022069186491984e-01 -1.014845342212336732e+01
2.297003019634272919e-02 -4.776450714572232359e-01 -9.742160515050686698e+00
2.327450545878765112e-02 -1.110626197987099717e+00 -6.779471349279905468e+00
2.357898072123257999e-02 -1.425940841471059484e+00 -2.106153958131840476e+00
2.388999902351006052e-02 -1.352103949727447185e+00 3.109599381581000799e+00
2.420101732578754106e-02 -9.181230839225413831e-01 7.358300733245383363e+00
2.451203562806502159e-02 -2.574626008568410840e-01 9.515219407296589438e+00
2.482305393034249866e-02 4.427717533442956377e-01 9.052657908352841787e+00
2.513407223261997919e-02 9.943383397459196749e-01 6.162699195986242273e+00
2.544509053489744932e-02 1.257732852326199469e+00 1.682852336692350459e+00
2.575610883717492985e-02 1.176458722743957575e+00 -3.148100248310018667e+00
2.606712713945241039e-02 7.876050963414839012e-01 -7.032695308173624760e+00
2.637814544172989092e-02 2.073243336700746620e-01 -8.961250089913113115e+00
2.668916374400737146e-02 -4.035729763323095409e-01 -8.470406220225076055e+00
2.700018204628484852e-02 -8.838306590876895408e-01 -5.748809258598638117e+00
2.731120034856232906e-02 -1.113744483426472698e+00 -1.567717536337323248e+00
2.762221865083979919e-02 -1.044196552312349535e+00 2.938932718707952585e+00
2.793323695311727972e-02 -7.059416862724888775e-01 6.582119776584684168e+00
2.826513052570591919e-02 -1.627334867763141624e-01 8.475350641206322422e+00
2.859702409829455866e-02 4.059241697233101354e-01 7.835978482987928651e+00
2.892891767088319119e-02 8.339018914583361530e-01 4.911473467520464986e+00
2.926081124347183066e-02 1.003332855703531257e+00 6.100805649405375286e-01
2.959270481606045972e-02 8.762082302358320529e-01 -3.782697007120456423e+00
2.992459838864909918e-02 5.014773073140922355e-01 -6.988021850796439338e+00
3.025649196123773171e-02 -3.075416467470934445e-03 -8.103704666938199352e+00
3.058838553382637118e-02 -4.876902847799035046e-01 -6.854061591563204381e+00
3.092027910641501065e-02 -8.147808442692923148e-01 -3.651802883285368395e+00
3.125217267900363971e-02 -8.974778424839650048e-01 5.395733311633310603e-01
3.158406625159228265e-02 -7.219518697957104658e-01 4.496928875827227223e+00
3.191595982418091171e-02 -3.480362512170231959e-01 7.094020369792106706e+00
3.224785339676954771e-02 1.109349335230172401e-01 7.619747782087472388e+00
3.257974696935817677e-02 5.223743453321292307e-01 5.968954616860207452e+00
3.291164054194681970e-02 7.724819288100209791e-01 2.655853318842450239e+00
3.324353411453546264e-02 7.972619759200023637e-01 -1.347968515534577971e+00
3.357542768712409170e-02 5.982168376635800255e-01 -4.899618736190315182e+00
3.390732125971272770e-02 2.391035879538536135e-01 -7.010615817498336177e+00
3.423921483230135676e-02 -1.744255449336297448e-01 -7.119662763714432074e+00
3.457110840488999970e-02 -5.258399081790799956e-01 -5.237958576405643107e+00
3.491112367483018009e-02 -7.225299596393888191e-01 -1.844020277337846236e+00
3.525113894477036047e-02 -7.045065031388133558e-01 2.025600860058497599e+00
3.559115421471054780e-02 -4.846958214673817156e-01 5.241761970693181283e+00
3.593116948465072819e-02 -1.332177607689400967e-01 6.890002574638806720e+00
3.627118475459092245e-02 2.449595494842360388e-01 6.527542357805949713e+00
3.661120002453110284e-02 5.412665162596153046e-01 4.298026082085386612e+00
3.695121529447128322e-02 6.744383269343797727e-01 8.756503862355432544e-01
3.729123056441145667e-02 6.123816903175302029e-01 -2.740266393167249959e+00
3.763124583435163706e-02 3.792601248773737610e-01 -5.517446870618978316e+00
3.797126110429181745e-02 4.647427991445875900e-02 -6.684168207381035565e+00
3.831127637423199783e-02 -2.892160543683969798e-01 -5.941087983469450329e+00
3.865129164417219210e-02 -5.337425909928295020e-01 -3.534042358357937896e+00
3.899130691411237248e-02 -6.218587232545507160e-01 -1.714578876599369972e-01
3.933132218405255287e-02 -5.341681854984107192e-01 3.185796085730406180e+00
3.967133745399273326e-02 -3.007314045448810091e-01 5.599426181826023807e+00
4.001135272393290671e-02 9.154768955563242008e-03 6.414815756595763752e+00
4.035136799387308709e-02 3.075726075543069316e-01 5.435893382562423604e+00
4.069138326381326748e-02 5.128622902495080238e-01 2.967854137166908490e+00
4.103139853375346174e-02 5.717507485195992833e-01 -2.799679507078626228e-01
4.137141380369364213e-02 4.728028253046609453e-01 -3.399826996988316807e+00
4.171142907363382252e-02 2.479181977040967599e-01 -5.539779924097623542e+00
4.205144434357400290e-02 -3.799279920473946914e-02 -6.135076264274746727e+00
4.239145961351419023e-02 -3.058224023732301622e-01 -5.054236704194214447e+00
4.273147488345437062e-02 -4.841045619849725368e-01 -2.622924120386232349e+00
4.307149015339455100e-02 -5.278716023447712624e-01 4.766598316246008493e-01
4.325489917444660243e-02 -4.903217858367796000e-01 2.154191277347979661e+00
4.343830819549863304e-02 -4.132413035224663522e-01 3.638916571877891304e+00
4.362171721655067058e-02 -3.036246465803554284e-01 4.811675800630920818e+00
4.380512623760270813e-02 -1.709707910896341443e-01 5.580540395608618809e+00
4.398853525865475261e-02 -2.645457896330563954e-02 5.887837481646712945e+00
4.417194427970679016e-02 1.180165837170380622e-01 5.714243733482597065e+00
4.435535330075882771e-02 2.507811413732959904e-01 5.079682629241240477e+00
4.453876232181087219e-02 3.613569688791525292e-01 4.041025685006291113e+00
4.472217134286290280e-02 4.412562599922542628e-01 2.686857224461680183e+00
4.490558036391494035e-02 4.846196981956454874e-01 1.129792697766946352e+00
4.527239840601902238e-02 4.559551574717159439e-01 -2.023151314008743817e+00
4.563921644812309747e-02 2.921785016029472271e-01 -4.518151785571991041e+00
4.600603449022717950e-02 4.612715873614195439e-02 -5.625908541567544496e+00
4.637285253233124765e-02 -2.070450754957648964e-01 -5.047927401749826792e+00
4.673967057443533663e-02 -3.928446087519002483e-01 -2.990836824241168923e+00
4.710648861653941866e-02 -4.591472621590435566e-01 -8.965735873272887013e-02
4.747330665864348681e-02 -3.904022922328413969e-01 2.791138759238937617e+00
4.784012470074756884e-02 -2.106173793294991159e-01 4.815813708674700599e+00
4.820694274285165087e-02 2.515542333256855917e-02 5.417733941748693383e+00
4.857376078495573291e-02 2.478122185496092478e-01 4.453655790351846555e+00
4.894057882705980800e-02 3.944091583160120318e-01 2.231478211545247614e+00
4.931285321897629220e-02 4.252737848329466441e-01 -6.315430884290018643e-01
4.968512761089276947e-02 3.322586391274245377e-01 -3.267076826416876578e+00
5.005740200280924673e-02 1.458125693187510841e-01 -4.917161810302306257e+00
5.042967639472573094e-02 -7.788312193641763748e-02 -5.125983730680744976e+00
5.080195078664220820e-02 -2.739147431960775592e-01 -3.861646048936154152e+00
5.117422517855869241e-02 -3.873878324998034084e-01 -1.513270119284102710e+00
5.154649957047517661e-02 -3.885613699864847170e-01 1.231238459412717035e+00
5.191877396239164694e-02 -2.802784941869512214e-01 3.587975674958623795e+00
5.229104835430813114e-02 -9.596389532295482305e-02 4.900451164932008830e+00
5.266332274622462228e-02 1.108275388488383223e-01 4.820232567548812241e+00
5.303559713814109261e-02 2.820269321079763025e-01 3.395828310989116527e+00
5.340787153005757681e-02 3.712782222773334251e-01 1.048280998504499850e+00
5.378014592197404714e-02 3.562742383816676628e-01 -1.555746388503896904e+00
5.415242031389053134e-02 2.439896101107136839e-01 -3.694644354478914039e+00
5.452469470580702249e-02 6.770057588069507137e-02 -4.791477669702614683e+00
5.489696909772349281e-02 -1.230231270713136316e-01 -4.567471890604929641e+00
5.526924348963997702e-02 -2.763187002215363175e-01 -3.109158574615725978e+00
5.564151788155646122e-02 -3.520599172971540236e-01 -8.341894062022595646e-01
5.601379227347293849e-02 -3.321464792018078982e-01 1.631012338568524678e+00
5.638606666538942269e-02 -2.244806705449321760e-01 3.625322880149934424e+00
5.675834105730589996e-02 -5.987775811336274595e-02 4.629964814982574950e+00
5.713557747568415168e-02 1.190514733321780816e-01 4.390477677410055790e+00
5.751281389406241035e-02 2.623610325816030375e-01 2.978448932776634805e+00
5.789005031244066207e-02 3.330223316731998340e-01 7.958985946199357286e-01
5.826728673081892074e-02 3.144441715798648729e-01 -1.562764127770920553e+00
5.864452314919717246e-02 2.139772765369872543e-01 -3.474415397860640020e+00
5.902175956757541725e-02 6.000279380150196074e-02 -4.451135067319142991e+00
5.939899598595368285e-02 -1.062778625168078889e-01 -4.261620488271081975e+00
5.977623240433192764e-02 -2.419397009010015309e-01 -2.981028765211562348e+00
6.015346882271019324e-02 -3.133246434426822380e-01 -9.603555684936128101e-01
6.053070524108843803e-02 -3.041548526830682997e-01 1.272573374046377603e+00
6.090794165946669669e-02 -2.188989672341572490e-01 3.152019163645711330e+00
6.128517807784496230e-02 -8.082051421320227136e-02 4.216541169389083521e+00
6.149838126173343134e-02 8.665013987448346236e-03 4.351544748459549972e+00
6.171158444562190731e-02 9.636053453012803638e-02 4.125472576409777048e+00
6.192478762951038329e-02 1.750789118697235192e-01 3.561442945541693383e+00
6.213799081339885233e-02 2.385059527672945268e-01 2.709899949093220961e+00
6.235119399728732831e-02 2.816955756941283417e-01 1.643975950082730675e+00
6.256439718117580429e-02 3.014412266692760300e-01 4.531185321196733451e-01
6.277760036506427332e-02 2.964971506762615339e-01 -7.644609026759294768e-01
6.299080354895275624e-02 2.676360043061895011e-01 -1.909880778165583770e+00
6.320400673284122528e-02 2.175428091270891207e-01 -2.891563146954886587e+00
6.341720991672969432e-02 1.505583030175092762e-01 -3.632452946171366825e+00
6.384361628450666015e-02 -7.619609070711149020e-03 -4.195175756029475345e+00
6.427002265228359823e-02 -1.602012816438474208e-01 -3.492213952447673631e+00
6.469642902006055019e-02 -2.620219390512576463e-01 -1.758557355486458640e+00
6.512283538783750214e-02 -2.843722057026142891e-01 4.716091590156828994e-01
6.554924175561444022e-02 -2.227954598879814951e-01 2.531621712171712613e+00
6.597564812339139217e-02 -9.746701311094030373e-02 3.821768455198464309e+00
6.640205449116834413e-02 5.359343346422787424e-02 3.981918050910997042e+00
6.682846085894529609e-02 1.861664363712816905e-01 2.988346298949061453e+00
6.725486722672224804e-02 2.627512110335422091e-01 1.149946347502388999e+00
6.768127359449918612e-02 2.630022374364144877e-01 -9.908608354042658384e-01
6.810767996227613807e-02 1.888385509990842259e-01 -2.820123203302107306e+00
6.854182003929965017e-02 6.062639038868353897e-02 -3.836787992687765048e+00
6.897596011632314839e-02 -8.256439288130372478e-02 -3.728582181889479763e+00
6.941010019334666048e-02 -1.992979656269146804e-01 -2.550556034941090289e+00
6.984424027037017257e-02 -2.570403082715462806e-01 -6.617697421176692574e-01
7.027838034739368467e-02 -2.410115520984060233e-01 1.387227687492926576e+00
7.071252042441718288e-02 -1.576343056723194247e-01 3.016298710395013405e+00
7.114666050144069498e-02 -3.189973103330508847e-02 3.779159624620876290e+00
7.158080057846419320e-02 1.002943801954364472e-01 3.482721566811695091e+00
7.201494065548770529e-02 2.024530939395182971e-01 2.231436310125094025e+00
7.244908073251121738e-02 2.474770178893284933e-01 3.881221104906003028e-01
7.288322080953472948e-02 2.246379199287810990e-01 -1.533936848881898518e+00
7.331736088655822769e-02 1.418154723968814424e-01 -3.014987479717234020e+00
7.375150096358173979e-02 2.264976596057759542e-02 -3.668373650091512506e+00
7.419305697663924892e-02 -1.022100633949371978e-01 -3.325453985661544820e+00
7.463461298969675806e-02 -1.970640344725786974e-01 -2.083718876466357006e+00
7.507616900275426719e-02 -2.371493175754075255e-01 -2.984535890999643337e-01
7.551772501581177632e-02 -2.131721488529198794e-01 1.540163334518880989e+00
7.595928102886928546e-02 -1.331372279319896212e-01 2.942759973969110820e+00
7.640083704192679459e-02 -1.952512293667123255e-02 3.549887663003909122e+00
7.684239305498430372e-02 9.717541495508635885e-02 3.221004849854774754e+00
7.728394906804181286e-02 1.866915840944906591e-01 2.062432893582287097e+00
7.772550508109932199e-02 2.267310473306799745e-01 3.905022171935151887e-01
7.816706109415683112e-02 2.083344893560381550e-01 -1.357098206794345785e+00
7.860861710721434026e-02 1.376016459319354679e-01 -2.736513291711841322e+00
7.907004175851901906e-02 2.874095835286667039e-02 -3.419354079290925608e+00
7.953146640982367011e-02 -8.596652209751858009e-02 -3.166905380050252461e+00
7.999289106112834891e-02 -1.755999911996599383e-01 -2.066714830920911350e+00
8.045431571243301383e-02 -2.168957740554627034e-01 -4.298239082325926996e-01
8.091574036373769263e-02 -2.001018785668410016e-01 1.299098282661983905e+00
8.137716501504235755e-02 -1.310280506267129108e-01 2.663126774366892935e+00
8.183858966634702248e-02 -2.894792324254505389e-02 3.312908384660359307e+00
8.230001431765168740e-02 7.889793491235914946e-02 3.093908913364734836e+00
8.276143896895636620e-02 1.646143444803834510e-01 2.079955627229755244e+00
8.322286362026103113e-02 2.068156142059472957e-01 5.467867013017593258e-01
8.368428827156570993e-02 1.958218126776420376e-01 -1.104994147774786439e+00
8.414571292287037485e-02 1.356663296470666802e-01 -2.455688959898553847e+00
8.460713757417503977e-02 4.256685586692094542e-02 -3.172895159557982847e+00
8.507417896077572317e-02 -6.072089213845396211e-02 -3.085988672105144381e+00
8.554122034737642044e-02 -1.470224058817611035e-01 -2.221929045212000187e+00
8.600826173397713159e-02 -1.951747150289722954e-01 -8.137777316918924919e-01
8.647530312057782886e-02 -1.941516792890472243e-01 7.769227732736255776e-01
8.694234450717849838e-02 -1.453844658717531879e-01 2.154141954736416231e+00
8.740938589377920953e-02 -6.192115849312188752e-02 2.985845639791643968e+00
8.787642728037989293e-02 3.520287491592307555e-02 3.082586709000417091e+00
8.834346866698060408e-02 1.223545035493944222e-01 2.437980349934903757e+00
8.881051005358128747e-02 1.790572283961242572e-01 1.223134698814821730e+00
8.927249613444182552e-02 1.928072988544405897e-01 -2.455575261131472675e-01
8.973448221530234969e-02 1.622983829881259332e-01 -1.634889650615864776e+00
9.019646829616287387e-02 9.555905369286067652e-02 -2.632227746966255832e+00
9.065845437702341192e-02 8.451783224498446781e-03 -3.024911373519439728e+00
9.112044045788392221e-02 -7.922057820354135027e-02 -2.742283499408806335e+00
9.158242653874446026e-02 -1.482360187719505562e-01 -1.863663505735479564e+00
9.185990558262246974e-02 -1.745832931928890941e-01 -1.121243146660744205e+00
9.213738462650046535e-02 -1.865704776070688242e-01 -2.949870888078779396e-01
9.269234271425648430e-02 -1.666997318297408770e-01 1.310657069563505805e+00
9.324730080201248938e-02 -9.730089422414144040e-02 2.499584563368106416e+00
9.380225888976850834e-02 -2.316118557683943553e-04 2.929273446668366532e+00
9.435721697752449955e-02 9.526795323148204431e-02 2.490530564889851028e+00
9.491217506528051850e-02 1.613856246794581617e-01 1.330466759713128999e+00
9.546713315303652359e-02 1.797155262579079038e-01 -1.992550692594197148e-01
9.602209124079254254e-02 1.461669026347519884e-01 -1.650789595126397113e+00
9.657704932854854762e-02 7.156179854071563484e-02 -2.611662791078327217e+00
9.711274250401923103e-02 -1.890126824586062584e-02 -2.826976221438004977e+00
9.764843567948991443e-02 -1.029830111910566559e-01 -2.297373734972668391e+00
9.818412885496061171e-02 -1.589681254573118430e-01 -1.176826492681138037e+00
9.871982203043128123e-02 -1.730782482342861917e-01 2.325942804836804711e-01
9.925551520590197851e-02 -1.426881855674101418e-01 1.563560321163008693e+00
9.979120838137264804e-02 -7.655620817367975173e-02 2.479433510970971533e+00
1.003269015568433037e-01 7.832583903993930660e-03 2.758332213541035749e+00
1.008625947323140010e-01 8.898901217419978582e-02 2.344642705325161725e+00
1.013982879077846982e-01 1.469174994447519922e-01 1.356610635826658751e+00
1.019196887189594974e-01 1.679543742533933792e-01 8.512527482585584282e-02
1.024410895301341995e-01 1.499300282110904159e-01 -1.187517360529573685e+00
1.029624903413089987e-01 9.790446417380760380e-02 -2.170019896867641851e+00
1.034838911524837979e-01 2.447296839722642656e-02 -2.647070299217984424e+00
1.040052919636584999e-01 -5.339551908799772956e-02 -2.524274482298509703e+00
1.045266927748332991e-01 -1.183192617244259032e-01 -1.843470179762497940e+00
1.051400246805940936e-01 -1.594538596722186452e-01 -5.643222631823759938e-01
1.057533565863548047e-01 -1.530176811458698050e-01 8.612211266122914433e-01
1.063666884921155992e-01 -1.021163727887092199e-01 2.014247364070103519e+00
1.069800203978762965e-01 -2.257096174895303550e-02 2.568852175297851925e+00
1.075933523036371048e-01 6.217860293328990318e-02 2.381754029807245487e+00
1.081580523569587032e-01 1.241811695206294919e-01 1.608901008402437993e+00
1.087227524102803017e-01 1.555569949163185528e-01 4.630714941758356518e-01
1.092874524636019973e-01 1.496457895306207708e-01 -7.742746273550865643e-01
1.098521525169235957e-01 1.087686457857242467e-01 -1.811197034861061983e+00
1.104461325367779023e-01 3.963384130177532300e-02 -2.428984996318839240e+00
1.110401125566321950e-01 -3.847886424003359868e-02 -2.425275312993945054e+00
1.116340925764865016e-01 -1.058456293635078455e-01 -1.816060763820138924e+00
1.122280725963407944e-01 -1.460656873681256684e-01 -7.663319949226022887e-01
1.128220526161951009e-01 -1.499392919507345212e-01 4.561581960939209424e-01
1.134060008840173939e-01 -1.181837118158403227e-01 1.535044418026023427e+00
1.139899491518396035e-01 -5.939402113093861235e-02 2.241452680832255240e+00
1.145738974196618964e-01 1.224750992327223488e-02 2.421781111095981931e+00
1.151578456874842032e-01 8.010650299726833345e-02 2.047837535600556258e+00
1.157417939553063990e-01 1.289652649308410670e-01 1.217583513075434887e+00
1.163163554681377054e-01 1.483158436585283180e-01 1.451847207957734087e-01
1.168909169809689980e-01 1.356137198430537039e-01 -9.430594802250932274e-01
1.174654784938004015e-01 9.430296491720982499e-02 -1.815776900385979165e+00
1.180400400066316940e-01 3.372949243239438399e-02 -2.294820604921036900e+00
1.186146015194630005e-01 -3.305962773035669294e-02 -2.290007863022323509e+00
1.189682089753304056e-01 -7.155929239440481093e-02 -2.043793087815029885e+00
1.193218164311977969e-01 -1.039845700229127395e-01 -1.635767591091942919e+00
1.200290313429325934e-01 -1.410897099702892177e-01 -5.087931182439475730e-01
1.207362462546674037e-01 -1.357988268021221023e-01 7.510008686220651652e-01
1.214434611664022001e-01 -9.078502246148109633e-02 1.770863138787168722e+00
1.221403590722684035e-01 -2.120236943544021035e-02 2.259389728966840760e+00
1.228372569781346069e-01 5.326885373818132652e-02 2.110358790073548096e+00
1.235341548840007964e-01 1.119469761634590832e-01 1.381032555406308315e+00
1.242310527898669997e-01 1.392051383921035779e-01 2.855801095894716646e-01
1.249199642383859027e-01 1.287980687861025320e-01 -8.582323544262056014e-01
1.256088756869047918e-01 8.487939664547523855e-02 -1.760323606570061816e+00
1.262977871354236947e-01 1.965351769067630663e-02 -2.193667841492044523e+00
1.269801736787574131e-01 -4.908819445043734186e-02 -2.064713634951993892e+00
1.276625602220911870e-01 -1.047808000381718480e-01 -1.429876474873600367e+00
1.283383226857451875e-01 -1.340938045858703909e-01 -4.685317239500690900e-01
1.290140851493992991e-01 -1.313493285080314654e-01 5.900944180394261940e-01
1.296898476130534106e-01 -9.792102913364071626e-02 1.497599751135214596e+00
1.303656100767074111e-01 -4.223886760394687107e-02 2.046313335484193807e+00
1.310334062222101026e-01 2.167506388520066066e-02 2.119420583011379922e+00
1.317012023677127108e-01 7.993979585837780732e-02 1.720961054504043464e+00
1.323689985132154023e-01 1.198938521646626260e-01 9.509499709240060161e-01
1.330315011698023075e-01 1.333127024781960990e-01 -6.242889388571476808e-03
1.336940038263891017e-01 1.183729420104894375e-01 -9.480216801499395940e-01
1.343565064829760070e-01 7.887513953771595199e-02 -1.677914933278694676e+00
1.350127571636738077e-01 2.411252685357443901e-02 -2.048990901786092778e+00
1.356690078443716085e-01 -3.481139854708775044e-02 -2.003795147392636533e+00
1.363252585250694093e-01 -8.610487183165152492e-02 -1.562207792751376445e+00
1.369747936614179040e-01 -1.196538687248281108e-01 -8.289591267494041960e-01
1.376243287977663987e-01 -1.300169944051889070e-01 5.236889223259932197e-02
1.382738639341148101e-01 -1.157457064502871585e-01 9.125509993131396547e-01
1.389233990704633048e-01 -8.003608532971968892e-02 1.591433473257168885e+00
1.395657048814820111e-01 -3.053909001601686282e-02 1.965214199397888439e+00
1.402080106925008007e-01 2.385088850509797798e-02 1.982158711295686659e+00
1.408503165035195070e-01 7.337685410765006078e-02 1.647414283796521772e+00
1.414926223145382134e-01 1.094426032658284420e-01 1.027817331956254687e+00
1.423395568821196888e-01 1.268081981018476523e-01 -1.587686643510085802e-02
1.431864914497011088e-01 1.073122802110378499e-01 -1.038282298068016418e+00
1.440334260172826120e-01 5.749507453127671031e-02 -1.748646170046617154e+00
1.448719479772087870e-01 -7.181106980421634971e-03 -1.956608269847793569e+00
1.457104699371351009e-01 -6.901308046530862939e-02 -1.627836036910388806e+00
1.465489918970613870e-01 -1.114063969741428545e-01 -8.657667124170971285e-01
1.473791511845158053e-01 -1.236138449092378938e-01 1.054020803146941132e-01
1.482093104719703069e-01 -1.037535604548870671e-01 1.034815593596335015e+00
1.490394697594248086e-01 -5.769704780828230350e-02 1.686708809935646869e+00
1.498616400772035950e-01 1.723246620368903709e-03 1.904453707955479302e+00
1.506838103949824093e-01 5.995427000715272681e-02 1.653549511451262610e+00
1.515059807127611957e-01 1.029446961201984367e-01 1.006723863372261274e+00
1.523205105585085095e-01 1.207541321904650050e-01 1.368353681431252189e-01
1.531350404042559066e-01 1.103044423971814708e-01 -7.527207349768652023e-01
1.539495702500031926e-01 7.466174912194334379e-02 -1.457356092536009395e+00
1.547567892028325898e-01 2.299664710034552209e-02 -1.820305163752935940e+00
1.555640081556619037e-01 -3.311576391577458062e-02 -1.776625202373987911e+00
1.563712271084913008e-01 -8.131208260494288131e-02 -1.345428548517080491e+00
1.571714424761531115e-01 -1.111864869942869177e-01 -6.353482077486243274e-01
1.579716578438148944e-01 -1.172701748454756110e-01 2.009410266035963344e-01
1.587718732114765940e-01 -9.879338152096896197e-02 9.851228345063749448e-01
1.593682299859416895e-01 -7.123465878667542550e-02 1.439515914045041534e+00
1.599645867604068128e-01 -3.564406149368268273e-02 1.720815796238683859e+00
1.607548172773561879e-01 1.620564857929774130e-02 1.783652349721018160e+00
1.615450477943055907e-01 6.430264905140764542e-02 1.497794489540469121e+00
1.623352783112549935e-01 9.941757180770113833e-02 9.249463185291381118e-01
1.631192240213278077e-01 1.150391079310968401e-01 1.871116486706974058e-01
1.639031697314005942e-01 1.089633174181017794e-01 -5.773063531052686770e-01
1.646871154414734917e-01 8.275862205841010011e-02 -1.226028198134867742e+00
1.654650075841770929e-01 4.198968558524999312e-02 -1.640298264768191627e+00
1.662428997268806941e-01 -5.867460494889273348e-03 -1.755971481535935297e+00
1.670207918695844063e-01 -5.217255920063913754e-02 -1.558542611978420922e+00
1.677928708154781123e-01 -8.858982789475675079e-02 -1.092988312579491916e+00
1.685649497613717074e-01 -1.093769089868440042e-01 -4.433620384141471749e-01
1.693370287072654135e-01 -1.112734019805941832e-01 2.752496887572496997e-01
1.699128959626282909e-01 -1.001979510193728024e-01 7.839380329209664211e-01
1.704887632179911960e-01 -7.969192353342127721e-02 1.212473890984958835e+00
1.712525425599212003e-01 -4.187283380934667121e-02 1.591895935931893824e+00
1.720163219018512046e-01 2.296961919500638532e-03 1.711658580932708507e+00
1.727801012437812922e-01 4.565850430161324386e-02 1.557163232026122834e+00
1.735386115400147089e-01 8.116275234208561451e-02 1.160915734240365094e+00
1.742971218362479868e-01 1.037469920426705577e-01 5.886755151232644367e-01
1.750556321324814035e-01 1.101754242933393607e-01 -6.838055038663407026e-02
1.758090734592840931e-01 9.987986813986014789e-02 -7.046815219861991553e-01
1.765625147860866995e-01 7.478921820805715936e-02 -1.229715779919278607e+00
1.773159561128893891e-01 3.887675367936826304e-02 -1.567858325567401012e+00
1.780645185463007873e-01 -2.135877267350704944e-03 -1.673014495961762327e+00
1.788130809797122134e-01 -4.246540170876821757e-02 -1.536970300122471933e+00
1.795616434131235006e-01 -7.638127038507770694e-02 -1.183354561999823806e+00
1.806774417515888131e-01 -1.051805357342396191e-01 -3.875139404490399730e-01
1.817932400900540979e-01 -1.024179899060059656e-01 5.133026901300695721e-01
1.829022533861615063e-01 -6.991061618370851549e-02 1.249015195731958405e+00
1.840112666822688869e-01 -1.774924483176901560e-02 1.617643982512975809e+00
1.851137424986991076e-01 3.852612655141543496e-02 1.525079720053788446e+00
1.862162183151294115e-01 8.346420578358446085e-02 1.010750445260037544e+00
1.873123941815151017e-01 1.049586609752124061e-01 2.298728868189953145e-01
1.884085700479007919e-01 9.804623549532913429e-02 -6.037840903605584675e-01
1.894986740814197101e-01 6.541630118946030470e-02 -1.265031925234257448e+00
1.905887781149386007e-01 1.614702405707493099e-02 -1.590125557498232034e+00
1.916730272722124984e-01 -3.647603858869268717e-02 -1.504162108418427124e+00
1.927572764294863961e-01 -7.933996238320575878e-02 -1.040062537823148059e+00
1.938358801601320902e-01 -1.019104737090834600e-01 -3.253563285333297417e-01
1.949144838907778954e-01 -9.933464118420992639e-02 4.615360540446418192e-01
1.959876440525072094e-01 -7.292890662270000435e-02 1.126060343619451620e+00
1.970608042142364125e-01 -2.948978641420526084e-02 1.516661936089731544e+00
1.981287147275558047e-01 2.020421821066304899e-02 1.547680540679937211e+00
1.991966252408751137e-01 6.474187934216137086e-02 1.221475152413572518e+00
2.002594720445023124e-01 9.396858779532221706e-02 6.225539746507414707e-01
2.013223188481295112e-01 1.018491276009633323e-01 -1.103786560548625922e-01
2.023802826740382921e-01 8.715394965910117087e-02 -8.092819140651321685e-01
2.034382464999472118e-01 5.359581939796403960e-02 -1.325368828169102287e+00
2.044915009253560068e-01 8.978747920267687171e-03 -1.550171822740443073e+00
2.055447553507646907e-01 -3.712954614144936549e-02 -1.443814015721930355e+00
2.065934679926554884e-01 -7.487518939150629438e-02 -1.036727559267130783e+00
2.076421806345462029e-01 -9.679684274448351056e-02 -4.185665105775500661e-01
2.086865129960230880e-01 -9.871766009703372702e-02 2.775916957824042242e-01
2.097308453575000009e-01 -8.072252187694792247e-02 9.122257038052518086e-01
2.107709537672242117e-01 -4.690538573786254967e-02 1.358347737849272541e+00
2.118110621769483948e-01 -4.150819975772115054e-03 1.533781074420979440e+00
2.128480599636951021e-01 3.893546037182854525e-02 1.409276967969096406e+00
2.138821136186860039e-01 7.410466242510833912e-02 1.016526993390133082e+00
2.149161672736769058e-01 9.493938446397280628e-02 4.332304584644747769e-01
2.159459665261461991e-01 9.778489930747065462e-02 -2.240939009300568496e-01
2.169742753085213971e-01 8.257248044256972064e-02 -8.337262757223935505e-01
2.180025840908965951e-01 5.239433139337842243e-02 -1.287028031190764032e+00
2.190272457378873994e-01 1.309573661345748291e-02 -1.503491700093302574e+00
2.200519073848782037e-01 -2.823906855756962500e-02 -1.449579965555442440e+00
2.210737515503453099e-01 -6.416630670333817177e-02 -1.139893407497647893e+00
2.220955957158123883e-01 -8.859089914739978755e-02 -6.325748626236917804e-01
2.231133728053782961e-01 -9.744544303924838891e-02 -2.101423804015440169e-02
2.241311498949442038e-01 -8.956804031881596129e-02 5.903076450342517045e-01
2.251456680358785989e-01 -6.663469552907860805e-02 1.096372910047876958e+00
2.261601861768129940e-01 -3.270443330267170517e-02 1.415773780320227493e+00
2.271708474868849026e-01 6.276660641606986168e-03 1.497726148455952977e+00
2.281814321068081908e-01 4.395939841829756001e-02 1.334137154515742552e+00
2.291920167267315067e-01 7.424994232183977638e-02 9.547433816850861010e-01
2.301989120822834911e-01 9.233292903492973380e-02 4.255256275432465762e-01
2.312058074378355865e-01 9.562888129422354722e-02 -1.683698003645141827e-01
2.322098544924325048e-01 8.387609982928544150e-02 -7.309608231426280023e-01
2.332139015470293120e-01 5.914166669767379619e-02 -1.176567396314563085e+00
2.342152100895429911e-01 2.552285977815020590e-02 -1.437376181974358902e+00
2.352165186320565871e-01 -1.177885222463339286e-02 -1.477269013994038538e+00
2.362151954922880881e-01 -4.698025032059067324e-02 -1.293725270573540920e+00
2.372138723525195059e-01 -7.493455759744876987e-02 -9.174076255196109697e-01
2.382100212913642878e-01 -9.156060407079497088e-02 -4.079957306538208317e-01
2.392061702302090975e-01 -9.464565858794589392e-02 1.587816419803021462e-01
2.401998924915476896e-01 -8.395634203495191961e-02 6.984636230854990302e-01
2.411936147528863927e-01 -6.123103365425825589e-02 1.134923708088840577e+00
2.421839272173959001e-01 -2.999091446466621222e-02 1.405918098421502949e+00
2.431741826801301909e-01 5.300200198523803002e-03 1.477135588218783768e+00
2.441644381428645094e-01 3.965257486237488971e-02 1.341157618269146257e+00
2.451525072457547971e-01 6.825096729387875039e-02 1.020070469514384515e+00
2.461405763486450016e-01 8.731075821741006437e-02 5.600758794595688261e-01
2.476169690387302891e-01 9.317923426640736806e-02 -2.321397537450765602e-01
2.490986197616346931e-01 7.194680930899968740e-02 -9.540366509613603663e-01
2.500816239077278125e-01 4.541890700175831019e-02 -1.291913337961442698e+00
2.510646280538209041e-01 1.305660796972344176e-02 -1.458558094473024758e+00
2.520461819638492029e-01 -2.080164840729199771e-02 -1.434209037400690834e+00
2.530263942354005202e-01 -5.177154156071057944e-02 -1.225144617561102933e+00
2.540066065069517820e-01 -7.597208111487872839e-02 -8.601568381667421548e-01
2.549850575566918187e-01 -9.039188151669259874e-02 -3.881817762925344195e-01
2.559635086064319109e-01 -9.337832011924450393e-02 1.307781722592490092e-01
2.569380179873769765e-01 -8.474741467043157839e-02 6.292032512765701746e-01
2.579152191512413816e-01 -6.566974887755784585e-02 1.048852606205836091e+00
2.588903710736741859e-01 -3.867929768567078541e-02 1.337505740287303624e+00
2.598655229961069901e-01 -7.112340230038546353e-03 1.462650118647460085e+00
2.613230664276363080e-01 3.968033968625843400e-02 1.325843288061814729e+00
2.627870461853180073e-01 7.612341948393189228e-02 8.465011899997295641e-01
2.642403887882019964e-01 9.280389468116756468e-02 1.578087567280106185e-01
2.657003925946191947e-01 8.607264871566049080e-02 -5.697231759424044029e-01
2.666698680509819730e-01 6.912729538782130811e-02 -9.863393563154426724e-01
2.676393435073449178e-01 4.439707495778545676e-02 -1.289427552269376331e+00
2.686075749083224884e-01 1.479188656374683282e-02 -1.445857954602017603e+00
2.695758063093001144e-01 -1.635567728557137113e-02 -1.440081272698046755e+00
2.705412474514743981e-01 -4.549581132311788373e-02 -1.275088778605849793e+00
2.715098617210188192e-01 -6.960882878683034847e-02 -9.697135019715515947e-01
2.724758040936595127e-01 -8.597552391611330835e-02 -5.603055253949870140e-01
2.734417464663002062e-01 -9.297544539175693623e-02 -9.147648543205398608e-02
2.744049664315437731e-01 -8.997208735482895015e-02 3.843725805395883377e-01
2.753714841122708035e-01 -7.736106898285426137e-02 8.191159743545348704e-01
2.768122224042693924e-01 -4.446083156275863063e-02 1.288220446100523553e+00
2.782605428606568232e-01 -1.419227085908777173e-03 1.463705507928559912e+00
2.792230898017574736e-01 2.819339294411673386e-02 1.393902073442955691e+00
2.801856367428581240e-01 5.481932255761820527e-02 1.181163660774832147e+00
2.811473565508991190e-01 7.575778890156069367e-02 8.488697460848155796e-01
2.821090763589401140e-01 8.896966709819750796e-02 4.316511497976613931e-01
2.830682204929131918e-01 9.320265128081313410e-02 -2.649811679666969413e-02
2.840309311037308992e-01 8.813224178393637420e-02 -4.822613235509960461e-01
2.854679267090184935e-01 6.501611480051612546e-02 -1.053775265872918698e+00
2.869131169026136741e-01 2.793502064647713015e-02 -1.400012937846126126e+00
2.878724078661420993e-01 -7.415022575804856983e-04 -1.466074932683017584e+00
2.888316988296705801e-01 -2.927146005685224428e-02 -1.391073660825818736e+00
2.897885131602004893e-01 -5.487483233682134698e-02 -1.184199659123255310e+00
2.907490868313554744e-01 -7.530388997090262104e-02 -8.648300432552133987e-01
2.921808661995458078e-01 -9.199856555381019652e-02 -2.567977030519120185e-01
2.936212407457569062e-01 -9.001212882534495585e-02 4.043087967154228579e-01
2.945767800163460737e-01 -7.832693341714590252e-02 8.076283827090886547e-01
2.955362094878383750e-01 -5.946087654552601603e-02 1.137480390404796982e+00
2.964933245974175069e-01 -3.528912475535603971e-02 1.362498850884460877e+00
2.974504397069965833e-01 -7.996605876250721667e-03 1.464370572268867132e+00
2.988819926201308208e-01 3.292197073377080285e-02 1.375164331375227755e+00
3.003225649590904878e-01 6.756748752997129848e-02 1.019064761658996732e+00
3.012768521985618730e-01 8.372735032185849025e-02 6.661586727395351071e-01
3.022352021590857252e-01 9.264992429127352769e-02 2.550531434060121505e-01
3.031913095476029274e-01 9.355743347623278472e-02 -1.758749470011385097e-01
3.041474169361201851e-01 8.647373115510835484e-02 -5.905762182249381098e-01
3.051033301085280258e-01 7.207419175131576927e-02 -9.539755415993603771e-01
3.060592432809358110e-01 5.163492709091362098e-02 -1.236083125151550721e+00
3.077228753413188134e-01 7.724845563309512900e-03 -1.469899924286382165e+00
3.093993823933313125e-01 -3.824730497902650850e-02 -1.348393282013337968e+00
3.110674284137491807e-01 -7.478240709333348890e-02 -9.065561852966848022e-01
3.127486617597647900e-01 -9.371726388730804158e-02 -2.484718719650551022e-01
3.146597057555134969e-01 -8.847127645210166313e-02 5.531044526781970783e-01
3.165707857154991811e-01 -5.712101278991001119e-02 1.187575896172352596e+00
3.184822492123998150e-01 -9.194381536249761344e-03 1.473678623662533660e+00
3.203937127093003934e-01 4.128560592965237891e-02 1.335758772678765194e+00
3.223053245029371960e-01 7.999220684963667671e-02 8.207728649343407623e-01
3.237393876847550755e-01 9.476665845989390435e-02 2.688242303665312471e-01
3.251734508665731216e-01 9.432702614903015759e-02 -3.240374905986597165e-01
3.270859409516935212e-01 7.119115462654278248e-02 -1.010255471049397169e+00
3.289988837648503139e-01 2.887249378352459844e-02 -1.421116135015376480e+00
3.309123358818485960e-01 -2.109160001584180211e-02 -1.452606065162965754e+00
3.318692480034560743e-01 -4.516377222021378257e-02 -1.318475191219025344e+00
3.337835702002405203e-01 -8.211200445913252599e-02 -8.078278291985319104e-01
3.356990749884776748e-01 -9.794365601094361107e-02 -9.207717434367412856e-02
3.376145797767149959e-01 -8.894064492663848742e-02 6.436176707018623766e-01
3.395310173018977751e-01 -5.770675542809432235e-02 1.215475674602160439e+00
3.414482662821387016e-01 -1.224940213021640488e-02 1.485692693615274118e+00
3.428870733729471043e-01 2.478884264377208616e-02 1.449591815460097299e+00
3.443258804637556181e-01 5.836741526205389829e-02 1.212489431644463656e+00
3.457657352099121062e-01 8.392963097688446727e-02 8.096114086067789373e-01
3.472055899560684833e-01 9.806780317758227727e-02 2.982889256585003479e-01
3.491265623556059072e-01 9.644468253239175948e-02 -4.242390647899241252e-01
3.510485786226508753e-01 7.263912099937749889e-02 -1.046271092909911937e+00
3.524911716782869742e-01 4.322289837479208197e-02 -1.363285139417672820e+00
3.539337647339230730e-01 8.213377147590308902e-03 -1.503016768068031084e+00
3.553776513800582793e-01 -2.788008763856131625e-02 -1.450171821928246008e+00
3.568215380261933745e-01 -6.044700907863145151e-02 -1.214159879063691383e+00
3.587489468669590731e-01 -9.138812206705192176e-02 -6.775169118237620580e-01
3.606763557077248272e-01 -1.027405508062250034e-01 1.633912191337160910e-03
3.626063224667718243e-01 -9.236248585985110116e-02 6.780837179671821424e-01
3.645362892258188769e-01 -6.270375772452459195e-02 1.210252086288175377e+00
3.664689469915051179e-01 -2.007097523386601814e-02 1.492044603853579732e+00
3.684016047571914143e-01 2.667522325026794663e-02 1.470525269497780174e+00
3.703370865072648788e-01 6.818903684855140424e-02 1.155352452202657476e+00
3.722725682573382877e-01 9.629125942278422834e-02 6.142084170782778907e-01
3.742110041386200181e-01 1.057113585927559052e-01 -4.450499078361848382e-02
3.761494400199016930e-01 9.485341831705683402e-02 -6.916893904651774116e-01
3.780909480870727757e-01 6.599777948419859042e-02 -1.206193918499049778e+00
3.800324561542439139e-01 2.478095806618129185e-02 -1.493849338356601386e+00
3.819771417800634228e-01 -2.112576091856150501e-02 -1.506235763058574983e+00
3.839218274058828761e-01 -6.327265566041018197e-02 -1.245955872280464449e+00
3.858697944775816846e-01 -9.422239577267728372e-02 -7.639167270782276642e-01
3.878177615492804930e-01 -1.085971447230809767e-01 -1.496123118279585051e-01
3.897691117133387229e-01 -1.041055106603840236e-01 4.888880832900493467e-01
3.917204618773967861e-01 -8.173843205632115583e-02 1.040879843667756655e+00
3.941647014547489114e-01 -3.529323773382295193e-02 1.471649902160470758e+00
3.966089410321009256e-01 2.024969777729910755e-02 1.527741245035470818e+00
3.985682178739590187e-01 6.217452715090789755e-02 1.293016210835871371e+00
4.005274947158171117e-01 9.417692388533285830e-02 8.516693682075600069e-01
4.024904064316531249e-01 1.113348713361721198e-01 2.765433100516894727e-01
4.044533181474890271e-01 1.110950405937790320e-01 -3.392285105888792618e-01
4.064199206371885142e-01 9.368156237195937597e-02 -9.010953734445995567e-01
4.083865231268878904e-01 6.195857556705462732e-02 -1.323737255718682393e+00
4.103568695697539792e-01 2.078645625593765478e-02 -1.547011696190513597e+00
4.123272160126201236e-01 -2.357244296660748403e-02 -1.541070053330639844e+00
4.143013596746851213e-01 -6.468843124969624048e-02 -1.310775041466633040e+00
4.162755033367501190e-01 -9.661085364775351403e-02 -8.934927055136936414e-01
4.182534987903078205e-01 -1.149635789952147824e-01 -3.508050346907082284e-01
4.202314942438655776e-01 -1.172893565493234036e-01 2.384590083291043272e-01
4.227096292711439163e-01 -9.781618393284415014e-02 9.139293370512470149e-01
4.251877642984221994e-01 -5.793382909704856282e-02 1.396780539665213761e+00
4.271745802569402173e-01 -1.656352581458955114e-02 1.580402107591914351e+00
4.291613962154581796e-01 2.711148641035793228e-02 1.556598425641019023e+00
4.311521647704175120e-01 6.749866566727613648e-02 1.332010094937844613e+00
4.331429333253766778e-01 9.941036113029211307e-02 9.390889955615084883e-01
4.351376674815624068e-01 1.189781423369259128e-01 4.293155335438999520e-01
4.371324016377479138e-01 1.238653494826936624e-01 -1.313658603680769865e-01
4.391311183782494187e-01 1.136289817398627305e-01 -6.747703357828709336e-01
4.411298351187508127e-01 8.966889922780446609e-02 -1.134952298508131507e+00
4.431325454458727164e-01 5.491989515626054252e-02 -1.459695993455920160e+00
4.451352557729946757e-01 1.361610417918873196e-02 -1.612854831976529457e+00
4.481444270479484904e-01 -4.940937876318738514e-02 -1.499051570237655673e+00
4.506573177191960933e-01 -9.385381148435172072e-02 -1.116717983799158098e+00
4.531702083904435852e-01 -1.224830177837100825e-01 -5.463737507737820298e-01
4.551848815569788931e-01 -1.308471635401161348e-01 -1.737166791798196511e-02
4.571995547235140900e-01 -1.251869119361019855e-01 5.113885817624983510e-01
4.592181900033455166e-01 -1.062241914336923970e-01 9.850378971007788254e-01
4.612368252831767768e-01 -7.609717058647734456e-02 1.354385148362225566e+00
4.632593922887823235e-01 -3.795512968777935842e-02 1.584000150324558431e+00
4.652819592943879257e-01 4.192323175817880623e-03 1.652665129262748778e+00
4.673084188243976089e-01 4.617154864401921271e-02 1.556437125514841924e+00
4.693348783544071812e-01 8.377586810171497311e-02 1.307785454952936632e+00
4.713651924405172222e-01 1.134623061997390853e-01 9.329863783075373895e-01
4.733955065266273188e-01 1.324124622259838790e-01 4.706442665120636470e-01
4.759389023477624270e-01 1.385899166133444105e-01 -1.598508577111765194e-01
4.784822981688974797e-01 1.249788033024989975e-01 -7.646381032353020135e-01
4.805211256895989269e-01 1.010623804682761473e-01 -1.175378858042417374e+00
4.825599532103003741e-01 6.797653730398192651e-02 -1.479555106954517862e+00
4.846024622203434773e-01 2.867222730580679807e-02 -1.652737803187514620e+00
4.866449712303865804e-01 -1.330704780265172006e-02 -1.681888470272244085e+00
4.886910831097662222e-01 -5.440608343976766764e-02 -1.567084749560309520e+00
4.907371949891458085e-01 -9.109315903743155085e-02 -1.320718148090493926e+00
4.927868267637741106e-01 -1.204141089519691760e-01 -9.651798139352916195e-01
4.948364585384024128e-01 -1.399852590926250473e-01 -5.320668431044813795e-01
4.989425778493357111e-01 -1.451698079956663945e-01 4.022334268559725756e-01
5.020264094695874313e-01 -1.199286442400433750e-01 1.041975804822235618e+00
5.051138832495274400e-01 -7.420270437344222980e-02 1.503837859678178290e+00
5.092361856145506405e-01 3.970712924890763308e-03 1.725982720682990523e+00
5.133645520198434342e-01 8.196208151509215556e-02 1.472395824587751090e+00
5.174987117319133079e-01 1.387990150154812807e-01 8.271394486483558683e-01
5.216383508218596088e-01 1.599981245784292128e-01 -2.872982189939964764e-02
5.257831480915519107e-01 1.408023117101585286e-01 -8.720863626369892430e-01
5.299327976174466048e-01 8.664979430838476437e-02 -1.496939013923885398e+00
5.340869657500283418e-01 1.110673076514859595e-02 -1.762579562402886157e+00
5.382452599924625325e-01 -6.791872749517895158e-02 -1.620625044855318331e+00
5.424072497157466088e-01 -1.325799758529440930e-01 -1.117579968191461326e+00
5.465725012540574301e-01 -1.690316307828287068e-01 -3.757955303429567073e-01
5.507405845750824591e-01 -1.700913939954437626e-01 4.398355342628543219e-01
5.549110536012068495e-01 -1.362182117231839074e-01 1.160186033369237757e+00
5.590834321773656690e-01 -7.482304155426817982e-02 1.646457587071771700e+00
5.643010869630014081e-01 2.067519081906291772e-02 1.803712337232188156e+00
5.684758978830769527e-01 9.578045034277296588e-02 1.558406445774661808e+00
5.726509199913500936e-01 1.545822448044923136e-01 1.038027682121794859e+00
5.768255755389478656e-01 1.872349514734465425e-01 3.433434779299933126e-01
5.809992666418749563e-01 1.888267688745592088e-01 -4.027287530051207320e-01
5.851713896051653485e-01 1.597804299151635576e-01 -1.077614211695124835e+00
5.882989619740793819e-01 1.206535907417355252e-01 -1.476372910269857508e+00
5.935085681122563850e-01 3.462533140655019853e-02 -1.838114157161673035e+00
5.976721595114997676e-01 -4.221083883479959803e-02 -1.829904876555962678e+00
6.018315407075064405e-01 -1.139308240855543969e-01 -1.565709462286574594e+00
6.059860031390628121e-01 -1.709050178520133134e-01 -1.092886261794161928e+00
6.101348262532020339e-01 -2.060358039782776984e-01 -4.829036579943919993e-01
6.142772761532119263e-01 -2.154540604641035084e-01 1.808106119835150849e-01
6.184126036405177551e-01 -1.987048075136747527e-01 8.149322679609454223e-01
6.225400396928169044e-01 -1.584743849822181083e-01 1.346607130881871228e+00
6.266587955232777452e-01 -9.996402999949104140e-02 1.721039462045792501e+00
6.307680621340325811e-01 -3.004276055133790757e-02 1.905788749013530348e+00
6.348670077734064332e-01 4.368259064609201353e-02 1.891787466419581731e+00
6.389547727646552877e-01 1.137566641490470876e-01 1.691511420227946649e+00
6.430304670771704867e-01 1.736281405395777577e-01 1.335006805628169646e+00
6.470931794239351831e-01 2.182031440634753516e-01 8.645939107603231033e-01
6.511419830734889169e-01 2.441706263014660205e-01 3.290551504493008927e-01
6.551759295578980513e-01 2.501018322014603168e-01 -2.219750153015924432e-01
6.591940368817645890e-01 2.363510177404105350e-01 -7.428377596939400584e-01
6.631952816224888636e-01 2.048013101811550496e-01 -1.195515747391549199e+00
6.671786041264677891e-01 1.585074521817592119e-01 -1.551975088755941590e+00
6.711429148974273895e-01 1.012878173990247321e-01 -1.795195073200454017e+00
6.750870927600961524e-01 3.731326090031370640e-02 -1.919029022613352176e+00
6.790099725167971778e-01 -2.926864078581692397e-02 -1.927125627413192266e+00
6.829103352717456055e-01 -9.464682565996583585e-02 -1.831188716285982121e+00
6.867869018151261384e-01 -1.555816850743470536e-01 -1.648864798296610923e+00
6.906383285912754966e-01 -2.095566711131310600e-01 -1.401536379919939623e+00
6.944632064204609989e-01 -2.548507340612449212e-01 -1.112255181885177580e+00
6.982600501045075347e-01 -2.905419453426281717e-01 -8.039591309472402525e-01
7.020272815871985150e-01 -3.164574610962270218e-01 -4.980911744445919442e-01
7.038990663650485091e-01 -3.258684479029028136e-01 -3.519811936559377741e-01
7.057628000939073498e-01 -3.330531265005781116e-01 -2.133478160445846927e-01
7.094655902404470860e-01 -3.414144325855167361e-01 3.409302782021746830e-02
7.131331888985167344e-01 -3.429782552353116687e-01 2.315740614302876366e-01
7.167633315432266894e-01 -3.395272846318874160e-01 3.690991334158889026e-01
7.203534697890988658e-01 -3.331179520576252884e-01 4.356420209481407513e-01
7.239006927315578821e-01 -3.257307906437622025e-01 4.433836730639979518e-01
7.274037472512754343e-01 -3.184071005698909107e-01 4.396972629909989827e-01
7.308631569784361792e-01 -3.113052063895928590e-01 4.361255499679301817e-01
7.342794427454362172e-01 -3.044158490763561042e-01 4.326639027722881670e-01
7.376531370894844342e-01 -2.977304330637819407e-01 4.293078926385929805e-01
7.409847640846142225e-01 -2.912407898867070410e-01 4.260533135155973317e-01
7.442748211369105693e-01 -2.849392378045769170e-01 4.228961865322937719e-01
7.475237974064263824e-01 -2.788184910942902994e-01 4.198327287493590632e-01
7.507321962838469087e-01 -2.728715507365157000e-01 4.168593211622904082e-01
7.539005302043194634e-01 -2.670917044911607641e-01 4.139725047586955142e-01
7.570292970629285412e-01 -2.614725928061789606e-01 4.111689930673546045e-01
7.601189748256973466e-01 -2.560082109054796495e-01 4.084456667975840394e-01
7.631700307096180858e-01 -2.506928569112075178e-01 4.057995561801105433e-01
7.661829280312825174e-01 -2.455210930456072638e-01 4.032278268482239469e-01
7.691581275626218073e-01 -2.404877279632685327e-01 4.007277714193385187e-01
7.720960887207071188e-01 -2.355877950582312974e-01 3.982968017279304718e-01
7.749972707982543119e-01 -2.308165303035503713e-01 3.959324415325549129e-01
7.778621289318303766e-01 -2.261693776802850830e-01 3.936323238553582904e-01
7.806911033824630586e-01 -2.216420193331614941e-01 3.913941937173256447e-01
7.834846171445913887e-01 -2.172303724384576085e-01 3.892159039353624284e-01
7.862430869060449412e-01 -2.129305358138601778e-01 3.870954009525532369e-01
7.889669369237084506e-01 -2.087387360880146592e-01 3.850307095491710130e-01
7.916565982021911418e-01 -2.046513274583647568e-01 3.830199297597027819e-01
7.943124974778934533e-01 -2.006648213671188008e-01 3.810612413719127733e-01
7.969350495080719243e-01 -1.967758975394678922e-01 3.791529055173050167e-01
7.995246585495641156e-01 -1.929813866310248482e-01 3.772932594385340344e-01
8.020817215573190495e-01 -1.892782507917153689e-01 3.754807104533304796e-01
8.046066294762304061e-01 -1.856635749168383254e-01 3.737137316105838547e-01
8.070997653306969388e-01 -1.821345654510820866e-01 3.719908599177179642e-01
8.095615092888481801e-01 -1.786885363699636520e-01 3.703106897761227478e-01
8.119922431475441460e-01 -1.753228958716286090e-01 3.686718673135376823e-01
8.143923505053758394e-01 -1.720351451006320864e-01 3.670730878414783516e-01
8.167622071215497881e-01 -1.688228937645699923e-01 3.655131000134446695e-01
8.191021778306492029e-01 -1.656838605937812070e-01 3.639907052646648711e-01
8.214126187949533087e-01 -1.626158579850220109e-01 3.625047539329488977e-01
8.236938850346046115e-01 -1.596167683774826485e-01 3.610541382133344857e-01
8.259463322523640239e-01 -1.566845366578972498e-01 3.596377892210017024e-01
8.281703138888254490e-01 -1.538171821177793108e-01 3.582546770823584747e-01
8.303661724506571362e-01 -1.510128228383762206e-01 3.569038145565595066e-01
8.325342380230222883e-01 -1.482696768703527512e-01 3.555842559644572520e-01
8.346748353855768521e-01 -1.455860320468016500e-01 3.542950910681329502e-01
8.367882947421915185e-01 -1.429602108790362647e-01 3.530354371197045316e-01
8.388749484008726220e-01 -1.403905756882404543e-01 3.518044397675841872e-01
8.409351219691613144e-01 -1.378755555050525661e-01 3.506012770099914966e-01
8.429691303017050608e-01 -1.354136566646788054e-01 3.494251601532177842e-01
8.449772835243484215e-01 -1.330034440059676693e-01 3.482753288927438740e-01
8.469598912257328971e-01 -1.306435253030260868e-01 3.471510477740694656e-01
8.489172622932020795e-01 -1.283325524542413831e-01 3.460516053001015391e-01
8.508497044538249066e-01 -1.260692251005188502e-01 3.449763132097727336e-01
8.527575229688695302e-01 -1.238522890435064805e-01 3.439245062382608742e-01
8.546410160783932675e-01 -1.216805371988094742e-01 3.428955436714927196e-01
8.565004710086118189e-01 -1.195528140317680121e-01 3.418888105222360196e-01
8.583361673787008872e-01 -1.174680092488267075e-01 3.409037146838881926e-01
8.601483873498577681e-01 -1.154250379476300936e-01 3.399396806214380340e-01
8.619374190156378068e-01 -1.134228308489427239e-01 3.389961469873208899e-01
8.637035513945729992e-01 -1.114603445743778676e-01 3.380725687030697868e-01
8.654470650665438969e-01 -1.095365813822946344e-01 3.371684212060915842e-01
8.671682312272307458e-01 -1.076505911326677833e-01 3.362832001030023332e-01
8.688673159218502917e-01 -1.058014576000000095e-01 3.354164182448213238e-01
8.705445856873960109e-01 -1.039882839734877079e-01 3.345676022188187049e-01
8.722003068198478370e-01 -1.022101947266253058e-01 3.337362922340008642e-01
8.738347418094588592e-01 -1.004663454887319146e-01 3.329220433912013499e-01
8.754481467852704979e-01 -9.875592671194581562e-02 3.321244263983321732e-01
8.770407741766889087e-01 -9.707815424969845619e-02 3.313430256866907175e-01
8.786128771136945126e-01 -9.543225777934057075e-02 3.305774367821558979e-01
8.801647113007132761e-01 -9.381747843065951775e-02 3.298272650086224722e-01
8.816965317742312402e-01 -9.223307714138273550e-02 3.290921267002536732e-01
8.832085878593547434e-01 -9.067834466780019809e-02 3.283716511950742767e-01
8.847011190561783200e-01 -8.915260619509757234e-02 3.276654823187608034e-01
8.861743569071006688e-01 -8.765521542847060088e-02 3.269732769852829457e-01
8.876285293506940288e-01 -8.618554397835483105e-02 3.262947027364216379e-01
8.890638676536581908e-01 -8.474296920149319845e-02 3.256294341619638266e-01
8.904806072870743439e-01 -8.332687191365345525e-02 3.249771522857489714e-01
8.918789864151801527e-01 -8.193664012117043982e-02 3.243375450264608939e-01
8.932592404372767803e-01 -8.057167866851339122e-02 3.237103094514053869e-01
8.946215989640163846e-01 -7.923141579961291703e-02 3.230951528150836083e-01
8.959662842038009778e-01 -7.791530641117980216e-02 3.224917929381451720e-01
8.972935117732897536e-01 -7.662283032428268692e-02 3.218999574898362415e-01
8.986034927209798351e-01 -7.535348707806464874e-02 3.213193827662734758e-01
8.998964354025826839e-01 -7.410678960050622044e-02 3.207498125965569935e-01
9.011725489915097809e-01 -7.288225634680159382e-02 3.201909965653697010e-01
9.024320447860507688e-01 -7.167940821166048082e-02 3.196426892713031820e-01
9.036751353555274591e-01 -7.049777184851639678e-02 3.191046505261851407e-01
9.049020296532450658e-01 -6.933688966181478230e-02 3.185766472900166124e-01
9.061129304280890473e-01 -6.819632483979967685e-02 3.180584545449877676e-01
9.073080357373773941e-01 -6.707565720378741436e-02 3.175498544002833268e-01
9.084875419218813031e-01 -6.597447610432179144e-02 3.170506346166871436e-01
9.096516449412487271e-01 -6.489237740358527740e-02 3.165605878743015800e-01
9.108005396977110202e-01 -6.382896518265328278e-02 3.160795119059092717e-01
9.119344190251117421e-01 -6.278385419813646562e-02 3.156072097598503490e-01
9.130534727752540602e-01 -6.175667122710090662e-02 3.151434900151264817e-01
9.141578874195450677e-01 -6.074705500568062383e-02 3.146881667772377655e-01
9.152478462184302499e-01 -5.975465594301948569e-02 3.142410594474613350e-01
9.163235307136011754e-01 -5.877913122756692893e-02 3.138019919573590832e-01
9.173851213290326045e-01 -5.782014633865625863e-02 3.133707923958829467e-01
9.184327978233862710e-01 -5.687737166634664054e-02 3.129472927007645455e-01
9.194667382392092136e-01 -5.595048487573085760e-02 3.125313289709155673e-01
9.204871184823875119e-01 -5.503917169707800428e-02 3.121227415115847559e-01
9.214941118815067611e-01 -5.414312680455572735e-02 3.117213748882088908e-01
9.224878885587296518e-01 -5.326205471696894567e-02 3.113270780555921768e-01
9.234686156415649050e-01 -5.239566920539263928e-02 3.109397041505568837e-01
9.244364580894727235e-01 -5.154369090592323538e-02 3.105591100552774764e-01
9.253915805410551920e-01 -5.070584350191451734e-02 3.101851555708816655e-01
9.263341472457474746e-01 -4.988185335687078670e-02 3.098177033634521571e-01
9.272643205556930779e-01 -4.907145292796662173e-02 3.094566194659718050e-01
9.281822593195951931e-01 -4.827438480177143054e-02 3.091017738055303887e-01
9.290881192404382150e-01 -4.749040170457721061e-02 3.087530399607365528e-01
9.299820544127295197e-01 -4.671926281980027379e-02 3.084102944772816879e-01
9.308642183379219892e-01 -4.596072999418013977e-02 3.080734164028027244e-01
9.317347637709364472e-01 -4.521456664500106415e-02 3.077422872784437713e-01
9.325938419655581679e-01 -4.448053925180930207e-02 3.074167913581398182e-01
9.334416025644689530e-01 -4.375841865870780389e-02 3.070968155786086839e-01
9.342781940582032263e-01 -4.304798009296826461e-02 3.067822493172721043e-01
9.351037639763524201e-01 -4.234900265242556860e-02 3.064729842572612717e-01
9.359184581932523672e-01 -4.166127091988507114e-02 3.061689145812472312e-01
9.367224180073485673e-01 -4.098458034809193684e-02 3.058699379933591533e-01
9.375157793601903711e-01 -4.031873983918869697e-02 3.055759559187810614e-01
9.382986736089657942e-01 -3.966356937660336923e-02 3.052868731373473699e-01
9.390712321160756826e-01 -3.901889084109223804e-02 3.050025960190912988e-01
9.398335891165293665e-01 -3.838452139499745619e-02 3.047230314355787728e-01
9.405858812974943195e-01 -3.776027360093778956e-02 3.044480868943836294e-01
9.413282457717848661e-01 -3.714595889389691458e-02 3.041776712499421609e-01
9.420608178502133390e-01 -3.654139074947583554e-02 3.039116954755645694e-01
9.427837310928691705e-01 -3.594638510081575589e-02 3.036500725914319521e-01
9.434971161334501089e-01 -3.536076364879753992e-02 3.033927180379495936e-01
9.442010983676487612e-01 -3.478435923238000493e-02 3.031395504521071649e-01
9.448957981803430828e-01 -3.421701637554461911e-02 3.028904915145672616e-01
9.455813325674083947e-01 -3.365858551526068609e-02 3.026454653108293091e-01
9.462578189837917986e-01 -3.310891261427796606e-02 3.024043969089940109e-01
9.469253759203707377e-01 -3.256783521085117317e-02 3.021672121329186389e-01
9.475841219105402002e-01 -3.203518678285841026e-02 3.019338378951916813e-01
9.482341736882211602e-01 -3.151080683307369568e-02 3.017042028272749477e-01
9.488756453742962504e-01 -3.099454740179309609e-02 3.014782375295645966e-01
9.495086488587556328e-01 -3.048627292105965392e-02 3.012558743939065531e-01
9.501332951313513631e-01 -2.998585861481242038e-02 3.010370471013494309e-01
9.507496960826257171e-01 -2.949318944362663841e-02 3.008216899656616650e-01
9.513579651353069044e-01 -2.900815898274883287e-02 3.006097376938247079e-01
9.519582165945869034e-01 -2.853066358249143480e-02 3.004011255757161325e-01
9.525505625735545268e-01 -2.806059523951151893e-02 3.001957905090498202e-01
9.531351118401709677e-01 -2.759783912233116157e-02 2.999936713562562640e-01
9.537119697698679399e-01 -2.714227557590440099e-02 2.997947089337645865e-01
9.542812403202287630e-01 -2.669378089906409776e-02 2.995988453098488713e-01
9.548430270251752061e-01 -2.625222727567401090e-02 2.994060234467776915e-01
9.553974327455952986e-01 -2.581748449863712630e-02 2.992161872721326166e-01
9.559445589026865919e-01 -2.538942655321830763e-02 2.990292819271144209e-01
9.564845050053580877e-01 -2.496793768412692432e-02 2.988452539101413841e-01
9.570173690229182295e-01 -2.455291237436309920e-02 2.986640509264067989e-01
9.575432481385535155e-01 -2.414425065961360237e-02 2.984856215988939132e-01
9.580622389120657667e-01 -2.374185353663110093e-02 2.983099153857076136e-01
9.585744372418232295e-01 -2.334562162158715024e-02 2.981368825728036853e-01
9.590799381259947909e-01 -2.295545624387239358e-02 2.979664743364709989e-01
9.595788354479902749e-01 -2.257126084985795061e-02 2.977986427987932005e-01
9.600712216912781205e-01 -2.219294204958205396e-02 2.976333411066931500e-01
9.605571877573033657e-01 -2.182040981125025342e-02 2.974705234747198057e-01
9.610368233668841187e-01 -2.145357651216544398e-02 2.973101450287191638e-01
9.615102176430252445e-01 -2.109235574355522447e-02 2.971521615963618190e-01
9.619774592602109431e-01 -2.073666189825920311e-02 2.969965296432079960e-01
9.624386363595022198e-01 -2.038641016784590795e-02 2.968432062863666787e-01
9.628938363592510763e-01 -2.004151662155370314e-02 2.966921493468799298e-01
9.633431459530198415e-01 -1.970189822863821841e-02 2.965433173330440098e-01
9.637866510388649610e-01 -1.936747347866807009e-02 2.963966694509527211e-01
9.642244362725824747e-01 -1.903816356434426954e-02 2.962521657424670440e-01
9.646565852206075986e-01 -1.871389214275692714e-02 2.961097670181149222e-01
9.650831808361504116e-01 -1.839458406145673061e-02 2.959694346849350288e-01
9.655043054562382210e-01 -1.808016496906874465e-02 2.958311307380986910e-01
9.659200402356747928e-01 -1.777056224993678324e-02 2.956948179303302560e-01
9.663304647237355161e-01 -1.746570603072269967e-02 2.955604598971839914e-01
9.667356570265409621e-01 -1.716552879709783153e-02 2.954280210917468730e-01
9.671356950751521797e-01 -1.686996343903109097e-02 2.952974663619842843e-01
9.675306568648514016e-01 -1.657894263355591882e-02 2.951687608705030885e-01
9.679206204413721704e-01 -1.629239886151776992e-02 2.950418700828366658e-01
9.683056632759791116e-01 -1.601026466997674744e-02 2.949167599646134175e-01
9.686858619411236049e-01 -1.573247268167643140e-02 2.947933970660236436e-01
9.690612920205190495e-01 -1.545895581713238251e-02 2.946717485433098527e-01
9.694320280361357067e-01 -1.518964811001597554e-02 2.945517821785139101e-01
9.697981436541373013e-01 -1.492448514980407141e-02 2.944334663048417400e-01
9.701597119736792285e-01 -1.466340353617200977e-02 2.943167697114131842e-01
9.705168057640763957e-01 -1.440634009609998746e-02 2.942016615521373946e-01
9.708694969864466451e-01 -1.415323218525822019e-02 2.940881114864840606e-01
9.712178563702503764e-01 -1.390401856025632286e-02 2.939760898046068771e-01
9.715619532024425409e-01 -1.365863977126930383e-02 2.938655674851751720e-01
9.719018559824413872e-01 -1.341703651803014333e-02 2.937565159786090785e-01
9.722376334334535963e-01 -1.317914747119692566e-02 2.936489068767111354e-01
9.725693544860373185e-01 -1.294490911044210435e-02 2.935427119124167095e-01
9.728970879945362249e-01 -1.271425659853653127e-02 2.934379030464158711e-01
9.732209017546173957e-01 -1.248712506726199628e-02 2.933344527669921598e-01
9.735408623544371531e-01 -1.226344965671225667e-02 2.932323341257441207e-01
9.738570353791702328e-01 -1.204316508447406987e-02 2.931315206600514367e-01
9.741694855365269357e-01 -1.182620600422209373e-02 2.930319863540222225e-01
9.744782765863391205e-01 -1.161250787277476500e-02 2.929337056637793535e-01
9.747834712405878399e-01 -1.140200738679000153e-02 2.928366535304222085e-01
9.750851311684266554e-01 -1.119464205248609651e-02 2.927408053698938306e-01
9.753833174776915804e-01 -1.099034896133561055e-02 2.926461369310345839e-01
9.756780908428658305e-01 -1.078906448438245007e-02 2.925526242241984209e-01
9.759695114299516971e-01 -1.059072455743906988e-02 2.924602435464821459e-01
9.762576389021463408e-01 -1.039526389783060334e-02 2.923689714743698542e-01
9.765425324979953858e-01 -1.020261466152820248e-02 2.922787848099393515e-01
9.768242509432418785e-01 -1.001270601065641641e-02 2.921896606117453388e-01
9.771028522833710150e-01 -9.825465191204902846e-03 2.921015762396221849e-01
9.773783933517848910e-01 -9.640820127137801621e-03 2.920145095166719051e-01
9.776509296593629550e-01 -9.458700926219767990e-03 2.919284387840504480e-01
9.779205156231944862e-01 -9.279039553863069334e-03 2.918433428244463501e-01
9.781872047434609918e-01 -9.101768753125006467e-03 2.917592007558906242e-01
9.784510495060143587e-01 -8.926821175926878682e-03 2.916759920850869325e-01
9.787121011965591588e-01 -8.754129472170704696e-03 2.915936967550781800e-01
9.789704097928612070e-01 -8.583626575998697106e-03 2.915122951409097607e-01
9.792260248675913603e-01 -8.415244657055315214e-03 2.914317677690238528e-01
9.794789964416771300e-01 -8.248913898527512889e-03 2.913520950785703501e-01
9.797293750085785957e-01 -8.084562206009327651e-03 2.912732573881334774e-01
9.799772111141689113e-01 -7.922116534387816864e-03 2.911952350216770458e-01
9.802225538059048393e-01 -7.761505961676110413e-03 2.911180088048756498e-01
9.804654503645000574e-01 -7.602665090248698042e-03 2.910415601242262729e-01
9.807059465012439858e-01 -7.445521523393842239e-03 2.909658708759085277e-01
9.809440869290046994e-01 -7.290022812822329577e-03 2.908909232589318994e-01
9.811799158740861504e-01 -7.136100845186645752e-03 2.908166996084287081e-01
9.814134771051555850e-01 -6.983693604141664665e-03 2.907431823719576758e-01
9.816448139740299172e-01 -6.832740070094917191e-03 2.906703540895706483e-01
9.818739695684386426e-01 -6.683180658183667661e-03 2.905981973714229505e-01
9.821009867550495320e-01 -6.534958280418935901e-03 2.905266948962407225e-01
9.823259081899210488e-01 -6.388018235273009923e-03 2.904558294304802613e-01
9.825487766341645113e-01 -6.242308059540280923e-03 2.903855836659958722e-01
9.827696354372893461e-01 -6.097777241208560475e-03 2.903159400841640592e-01
9.829885289087769706e-01 -5.954376951827416303e-03 2.902468808744608775e-01
9.832055018255810852e-01 -5.812060893736878744e-03 2.901783880506064173e-01
9.834205977716130587e-01 -5.670787305286761198e-03 2.901104439367959698e-01
9.836338588957453943e-01 -5.530519591644760327e-03 2.900430311743380507e-01
9.838453264273652188e-01 -5.391225876907886939e-03 2.899761326144855156e-01
9.840550431756610594e-01 -5.252876876547490047e-03 2.899097306120247963e-01
9.842630544299338924e-01 -5.115444741461075071e-03 2.898438067191799195e-01
9.844694079699815026e-01 -4.978903442010019532e-03 2.897783416386593980e-01
9.846741527711339037e-01 -4.843231334900953249e-03 2.897133156904240781e-01
9.848773386240422534e-01 -4.708412977040660544e-03 2.896487089120873271e-01
9.850790165882933325e-01 -4.574438213263154647e-03 2.895845008555701372e-01
9.852792397559874127e-01 -4.441298804428384789e-03 2.895206703200051690e-01
9.854780637322345660e-01 -4.308985867962611925e-03 2.894571951325201620e-01
9.856755468082143423e-01 -4.177490283342288717e-03 2.893940520539705630e-01
9.858717495053704871e-01 -4.046805348294078147e-03 2.893312169293623670e-01
9.860667343401825491e-01 -3.916924227768841561e-03 2.892686648604847477e-01
9.862605662335471868e-01 -3.787858067634458214e-03 2.892063699412107947e-01
9.864533145194630537e-01 -3.659596392367009312e-03 2.891443046064475775e-01
9.866450541503118954e-01 -3.532136200822023897e-03 2.890824393522214986e-01
9.867880381885917318e-01 -3.437210604293756099e-03 2.890362196532459405e-01
9.869309532600107904e-01 -3.342455766790571395e-03 2.889899455065952361e-01
9.871205341790296739e-01 -3.216991203054491832e-03 2.889284372805357992e-01
9.872620466585018129e-01 -3.123545480940704069e-03 2.888824274892432542e-01
9.874036170961336678e-01 -3.030263357934708402e-03 2.888363117819950365e-01
9.875916216718324536e-01 -2.906735662270695450e-03 2.887749291551206521e-01
9.877556032248382412e-01 -2.799370840223944917e-03 2.887212514752324211e-01
9.878728339090028232e-01 -2.722857328907965935e-03 2.886827942716598261e-01
9.880364164951689343e-01 -2.616455126095539995e-03 2.886290106076819795e-01
9.881766700670048253e-01 -2.525599340434963539e-03 2.885827801448352381e-01
9.882701561032216642e-01 -2.465245328109513540e-03 2.885519027700558792e-01
9.884161744165290697e-01 -2.371324123404509009e-03 2.885035707515791747e-01
9.885274938018725477e-01 -2.300023795190273435e-03 2.884666357214734078e-01
9.886441702430321943e-01 -2.225588743115787787e-03 2.884278380619990090e-01
9.887615048409820195e-01 -2.151054258602276212e-03 2.883887303910117050e-01
9.888671405303265383e-01 -2.084239211831282867e-03 2.883534409251155006e-01
9.889964814527246739e-01 -2.002818066107920746e-03 2.883101238094704644e-01
9.891379956535801821e-01 -1.914248806772164821e-03 2.882625873703092978e-01
9.892563647329785104e-01 -1.840601477073793317e-03 2.882227065739877969e-01
9.893750463211569146e-01 -1.767175749392987721e-03 2.881826070804903717e-01
9.894943121748573933e-01 -1.693823206138165248e-03 2.881421912200888280e-01
9.896140207055634797e-01 -1.620652826360891594e-03 2.881015006464248684e-01
9.897159914823099314e-01 -1.558693211857016189e-03 2.880667369135104794e-01
9.898434705941348000e-01 -1.481724292665646510e-03 2.880231390077688247e-01
9.899375585064562610e-01 -1.425271129200365774e-03 2.879908587159450972e-01
9.900878310668779214e-01 -1.335747040868237373e-03 2.879391143634539851e-01
9.901743200970993808e-01 -1.284586042276980849e-03 2.879092240009584192e-01
9.902609137873940037e-01 -1.233635217059763679e-03 2.878792146042321587e-01
9.903612026626938958e-01 -1.174969425085593778e-03 2.878443517223743808e-01
9.904874739384739168e-01 -1.101640927363055139e-03 2.878002864703199659e-01
9.905894425236058121e-01 -1.042869469119090883e-03 2.877645577533581300e-01
9.907182233334840271e-01 -9.692220722342994319e-04 2.877192414955433986e-01
9.907962672147299088e-01 -9.249046495264359388e-04 2.876916695818126923e-01
9.909212141403226370e-01 -8.544481220008565223e-04 2.876473480385271508e-01
9.910108377596256179e-01 -8.042840618297416840e-04 2.876154147233306313e-01
9.911016878566011323e-01 -7.537515131911539474e-04 2.875829183255849131e-01
9.912137238991562960e-01 -6.918735741636399938e-04 2.875426616651855505e-01
9.913000989104370220e-01 -6.444997718713897043e-04 2.875114823165097477e-01
9.913838631252052114e-01 -5.988346794238532441e-04 2.874811214273724769e-01
9.914506465589315587e-01 -5.626224571323247591e-04 2.874568247853297454e-01
9.915146713824002367e-01 -5.280680555541090830e-04 2.874334538435150965e-01
9.916340109879260289e-01 -4.640841353528940647e-04 2.873896800847126065e-01
9.917072197375820242e-01 -4.251049239382144983e-04 2.873626853279568905e-01
9.918113459853242775e-01 -3.700184085355447561e-04 2.873240961081315881e-01
9.918788921488236321e-01 -3.345017777151426805e-04 2.872989365314262966e-01
9.919787124284612512e-01 -2.823247926358258197e-04 2.872615648727975812e-01
9.920446367295224777e-01 -2.480643372323244108e-04 2.872367538128295372e-01
9.921335618592820316e-01 -2.020963180759096571e-04 2.872031161220659490e-01
9.922483388488775313e-01 -1.431807591094512368e-04 2.871593978194361685e-01
9.923140323712106303e-01 -1.096724149654093274e-04 2.871342153543727793e-01
9.923808176287334248e-01 -7.576435351169204843e-05 2.871084901234404740e-01
9.924653149416101661e-01 -3.308746530130958442e-05 2.870757560040573253e-01
9.925519742114751187e-01 1.042303864258430215e-05 2.870419591819308724e-01
9.926400143689063649e-01 5.436228094975899386e-05 2.870073798011395505e-01
9.927300306504682759e-01 9.901872098902033737e-05 2.869717582247233723e-01
9.928223552515691441e-01 1.445418853530352804e-04 2.869349306900529917e-01
9.928790071570852138e-01 1.723394819748111134e-04 2.869121797524409323e-01
9.929749283407137694e-01 2.191732818985339453e-04 2.868733824972776181e-01
9.930338309415541742e-01 2.477884520571762314e-04 2.868493792170138668e-01
9.931134822473388635e-01 2.863086782718744674e-04 2.868166954535648627e-01
9.931957520679123297e-01 3.258828670985404788e-04 2.867826542374437016e-01
9.932581794112547158e-01 3.557661795150512431e-04 2.867566236175918548e-01
9.933222453859934520e-01 3.863053246715204988e-04 2.867297237377001706e-01
9.934096186032961295e-01 4.277454783762181870e-04 2.866927223537044100e-01
9.934541404540199183e-01 4.487700186474858190e-04 2.866737227756678275e-01
9.935457954224757859e-01 4.918620439608867171e-04 2.866342888715578963e-01
9.936160469382104843e-01 5.247177204633253489e-04 2.866037597955739535e-01
9.936880935992783437e-01 5.582525783657089164e-04 2.865721651602667897e-01
9.937495894572796473e-01 5.867458747220820467e-04 2.865449597327316966e-01
9.938121488219817667e-01 6.156077675692517596e-04 2.865170507323783200e-01
9.939160796672812381e-01 6.632714541537364271e-04 2.864701433519902252e-01
9.939694945657114866e-01 6.876258720142626414e-04 2.864457607055252986e-01
9.940375730092885220e-01 7.185276243256414784e-04 2.864144032352913261e-01
9.941079133971814086e-01 7.502941236558185317e-04 2.863816606944382115e-01
9.941512836844985657e-01 7.697988711055785442e-04 2.863612925307020829e-01
9.942245924467123519e-01 8.026284159913481394e-04 2.863265417960305093e-01
9.942849783485653292e-01 8.295384296822294655e-04 2.862976017215805857e-01
9.943630951281491326e-01 8.641686959086740134e-04 2.862597246127238093e-01
9.944439687478419110e-01 8.997964778662417102e-04 2.862199654148632200e-01
9.944937414949477361e-01 9.216049819752945025e-04 2.861952085831924175e-01
9.945448254080581085e-01 9.438952187854957303e-04 2.861695636371259233e-01
9.946141837795062779e-01 9.740102996065520043e-04 2.861343490099667597e-01
9.946679242963347711e-01 9.972256141538632032e-04 2.861067393092641686e-01
9.947232555508067620e-01 1.021020971113916799e-03 2.860780057468939597e-01
9.947802947091887171e-01 1.045436828352301530e-03 2.860480484836951942e-01
9.948193345282794198e-01 1.062080830269561404e-03 2.860273410872568589e-01
9.948788033927520313e-01 1.087328116470992609e-03 2.859954698922100302e-01
9.949193304565996376e-01 1.104458656573679108e-03 2.859735161481437027e-01
9.949819063874423275e-01 1.130785562214921139e-03 2.859392332165275885e-01
9.950248963278948144e-01 1.148784367697540301e-03 2.859154004996563581e-01
9.950914392447394174e-01 1.176500684140176613e-03 2.858780443739067367e-01
9.951257033035670885e-01 1.190705157549339912e-03 2.858585806760671755e-01
9.951843888488717260e-01 1.214930634856997618e-03 2.858248717899570801e-01
9.952322115084688559e-01 1.234577467446310983e-03 2.857970431765991526e-01
9.952814503025246839e-01 1.254717422005835253e-03 2.857680417893907476e-01
9.953322073685838545e-01 1.275383960946975797e-03 2.857377631347007840e-01
9.953845960308196350e-01 1.296612934702715339e-03 2.857060886727855187e-01
9.954519586706931378e-01 1.323752138594990824e-03 2.856647048179138393e-01
9.954937886889216880e-01 1.340512735391062148e-03 2.856386203006694435e-01
9.955367586705249350e-01 1.357656828419254039e-03 2.856115056113501804e-01
9.955809446208156999e-01 1.375210978772579019e-03 2.855832753943079449e-01
9.956414875400296793e-01 1.399142351628032384e-03 2.855440013636961205e-01
9.956882115261579402e-01 1.417517756278254080e-03 2.855132047613729296e-01
9.957364305507077074e-01 1.436396305553696651e-03 2.854809615008205292e-01
9.957694647789196996e-01 1.449280466957352399e-03 2.854585926189527889e-01
9.958204391530577348e-01 1.469081659614454105e-03 2.854236153456170544e-01
9.958554331825923978e-01 1.482617585116888410e-03 2.853992692234718076e-01
9.959095524598978733e-01 1.503457099908281011e-03 2.853610626543167661e-01
9.959562594527735513e-01 1.521350350206520990e-03 2.853275271370123711e-01
9.960045505597787674e-01 1.539760587496786940e-03 2.852922860671835981e-01
9.960343411253066437e-01 1.551073968082172837e-03 2.852702482071514112e-01
9.960854494326569775e-01 1.570409339421901217e-03 2.852318941131486429e-01
9.961277448285118519e-01 1.586342234440765329e-03 2.851996139436979716e-01
9.961713919593757627e-01 1.602720143579554899e-03 2.851657712448232296e-01
9.962161918280310058e-01 1.619462027476005960e-03 2.851304536331424888e-01
9.962505693319740896e-01 1.632259868499153291e-03 2.851029390784554640e-01
9.962858572444537320e-01 1.645351098774341979e-03 2.850743104238345760e-01
9.963221125104277931e-01 1.658752797168094439e-03 2.850444777819496345e-01
9.963593986330890884e-01 1.672484821685760138e-03 2.850133400288484831e-01
9.963977866504906133e-01 1.686570949096781935e-03 2.849807828392584841e-01
9.964373559441993544e-01 1.701037643468614842e-03 2.849466766924874106e-01
9.964644356591672025e-01 1.710908545439497955e-03 2.849230059403460302e-01
9.965061743102501257e-01 1.726077276203116925e-03 2.848859812299989747e-01
9.965347929889251111e-01 1.736446134298122532e-03 2.848602043790649518e-01
9.965789926785999508e-01 1.752408087003371308e-03 2.848197494678114117e-01
9.966093636738425632e-01 1.763338606363412968e-03 2.847914830413605936e-01
9.966559567315705914e-01 1.780046113968915657e-03 2.847473503879623946e-01
9.966880427217708061e-01 1.791508007223014320e-03 2.847163983297509859e-01
9.967378328212044281e-01 1.809225021537693096e-03 2.846674288566188871e-01
9.967809783515868549e-01 1.824513251478669315e-03 2.846240342619723029e-01
9.968257684029371291e-01 1.840324047328121410e-03 2.845780043929186931e-01
9.968534955838771472e-01 1.850083155310815186e-03 2.845489904529994174e-01
9.969012406558794837e-01 1.866838130170660279e-03 2.844980658255198414e-01
9.969308756731882770e-01 1.877204332782964969e-03 2.844658211748130605e-01
9.969613046775022136e-01 1.887820444948266939e-03 2.844321882897609122e-01
9.969925771600518516e-01 1.898701429753512325e-03 2.843970525302096375e-01
9.970247479264872092e-01 1.909864121963217570e-03 2.843602851090614725e-01
9.970691443777704999e-01 1.925218606026663556e-03 2.843084724891818404e-01
9.971036607767090887e-01 1.937117234697277373e-03 2.842672985922626849e-01
9.971393088047536546e-01 1.949372612690409255e-03 2.842239267588043128e-01
9.971637472447061334e-01 1.957756525368912169e-03 2.841936797923018121e-01
9.972014842903836884e-01 1.970675993733672030e-03 2.841461277579328537e-01
9.972274093111264115e-01 1.979532064262142042e-03 2.841128457221692716e-01
9.972575290295068173e-01 1.989800130820150621e-03 2.840735301445240224e-01
9.972922000224022643e-01 2.001591015933036188e-03 2.840273821911891150e-01
9.973280657224116164e-01 2.013754164136680354e-03 2.839786035902610029e-01
9.973558081309227275e-01 2.023139019270614371e-03 2.839401217300353553e-01
9.973843238065247530e-01 2.032765909296322879e-03 2.838998632000322986e-01
9.974136641173761975e-01 2.042652584755382406e-03 2.838576737640695624e-01
9.974438858290636256e-01 2.052818287390836046e-03 2.838133795899498990e-01
9.974750515538618467e-01 2.063284629977424692e-03 2.837667836814699585e-01
9.975181926553605694e-01 2.077743841083532200e-03 2.837006878052689696e-01
9.975404964969021293e-01 2.085204611425924004e-03 2.836657612620875346e-01
9.975740710655780497e-01 2.096416572864805324e-03 2.836121801155324640e-01
9.976084019075507348e-01 2.107856079932911818e-03 2.835560978448722902e-01
9.976319905302465374e-01 2.115701529045459998e-03 2.835167787597452915e-01
9.976685048465973038e-01 2.127825761484747075e-03 2.834546121738571456e-01
9.976936576052695127e-01 2.136165346329362089e-03 2.834108383890521776e-01
9.977327010428558296e-01 2.149094286351049907e-03 2.833413015249764966e-01
9.977596755686080066e-01 2.158015882266646566e-03 2.832920891357887938e-01
9.977874647642224204e-01 2.167197736944658122e-03 2.832403548841816998e-01
9.978161248682079210e-01 2.176657420881149621e-03 2.831858607014935414e-01
9.978457182292497230e-01 2.186412971999467884e-03 2.831283353917415369e-01
9.978685681051390199e-01 2.193936421698692522e-03 2.830830150708389947e-01
9.978920154480180882e-01 2.201649412251391845e-03 2.830356669900312983e-01
9.979242710965282592e-01 2.212249756026889863e-03 2.829690955530884122e-01
9.979408528064854789e-01 2.217695520877030306e-03 2.829342064074518714e-01
9.979749878048177480e-01 2.228901605346118430e-03 2.828609180615040963e-01
9.979925724695731803e-01 2.234672881468209235e-03 2.828223700439940203e-01
9.980288529745338089e-01 2.246577892703657126e-03 2.827410778655280454e-01
9.980475867178884020e-01 2.252723557882530415e-03 2.826981411742303107e-01
9.980764821692650335e-01 2.262200878881831696e-03 2.826305881599910919e-01
9.981063982578021188e-01 2.272009400895138448e-03 2.825588930773149099e-01
9.981269508387591305e-01 2.278745480654979349e-03 2.825085658539722711e-01
9.981587598926524585e-01 2.289169396268687755e-03 2.824288970175580227e-01
9.981806669382242703e-01 2.296348727807712674e-03 2.823727317448350704e-01
9.982031749578805790e-01 2.303727627307553764e-03 2.823138916234934070e-01
9.982381475806171300e-01 2.315202232736734544e-03 2.822201138919908092e-01
9.982623346236442208e-01 2.323144695412897049e-03 2.821535181682432447e-01
9.982872737916601569e-01 2.331340004110663520e-03 2.820833073040872607e-01
9.983130182164108302e-01 2.339806347215723885e-03 2.820091263329671527e-01
9.983396273700049228e-01 2.348563788274221197e-03 2.819305689625778433e-01
9.983671684421697723e-01 2.357636061454696560e-03 2.818471676310214669e-01
9.983957179697369178e-01 2.367051987290562896e-03 2.817583816788313822e-01
9.984253637137215920e-01 2.376844902813658820e-03 2.816635814216366662e-01
9.984406293963175028e-01 2.381895130108716962e-03 2.816136954197099307e-01
9.984641183739834114e-01 2.389678398758119521e-03 2.815354775535477971e-01
9.984883613646687861e-01 2.397729066576049714e-03 2.814528363543559175e-01
9.985219528053926874e-01 2.408912541284126494e-03 2.813349898481249389e-01
9.985393346580382357e-01 2.414711694617527066e-03 2.812724245747375562e-01
9.985661963323834156e-01 2.423692534784906323e-03 2.811735342866109599e-01
9.985940768752048502e-01 2.433039979595952654e-03 2.810679601937549621e-01
9.986132751984105882e-01 2.439493461412955630e-03 2.809934628768221421e-01
9.986430633305444227e-01 2.449539382295124086e-03 2.808748708550597994e-01
9.986636340980088455e-01 2.456502072972965075e-03 2.807907685382968199e-01
9.986848179599125963e-01 2.463696513657430854e-03 2.807022136290586167e-01
9.987178338722532134e-01 2.474961384276779582e-03 2.805601132917475149e-01
9.987349444046859093e-01 2.480823565533588765e-03 2.804844279754531988e-01
9.987524851726983233e-01 2.486851314501986078e-03 2.804053429557887278e-01
9.987765844015680239e-01 2.495165351154921690e-03 2.802941410383643639e-01
9.988015577918140098e-01 2.503823210642957143e-03 2.801756843560688770e-01
9.988274800149772314e-01 2.512860025647513200e-03 2.800491281467530347e-01
9.988544362552871370e-01 2.522316798657619347e-03 2.799134829832317095e-01
9.988753905693313895e-01 2.529713073716432972e-03 2.798050826776757871e-01
9.988970266660069930e-01 2.537394980931610786e-03 2.796903423707450820e-01
9.989270221423027785e-01 2.548124763467309907e-03 2.795263500679270319e-01
9.989504550052760168e-01 2.556572811018254735e-03 2.793940699195308630e-01
9.989747628014434833e-01 2.565402003959307321e-03 2.792528185584876033e-01
9.990051947931041232e-01 2.576558944010899025e-03 2.790699429311197521e-01
9.990263205772492716e-01 2.584376477775839932e-03 2.789388691731191083e-01
9.990481762035228197e-01 2.592533163316244806e-03 2.787995764274530108e-01
9.990785530834477290e-01 2.603996653926028693e-03 2.785994843943696009e-01
9.991023505581886344e-01 2.613084511865996964e-03 2.784371905900392408e-01
9.991271012511192540e-01 2.622642754491184922e-03 2.782629780592653090e-01
9.991528929002418957e-01 2.632726606446622250e-03 2.780752764715812009e-01
9.991798280720175507e-01 2.643402273091733246e-03 2.778722127612605064e-01
9.991984794926396241e-01 2.650887598943820530e-03 2.777271935919810586e-01
9.992177328124328684e-01 2.658701682051414772e-03 2.775735723796194376e-01
9.992478392564185796e-01 2.671112266497403798e-03 2.773250344307868764e-01
9.992688036569071786e-01 2.679898219651843591e-03 2.771456448495972502e-01
9.992905497192673403e-01 2.689146224895731276e-03 2.769538099605051151e-01
9.993131439165223728e-01 2.698908468856440080e-03 2.767479800012582758e-01
9.993247827739355493e-01 2.704001420621738108e-03 2.766392459581846208e-01
9.993487959678186705e-01 2.714659225130915121e-03 2.764088923635997230e-01
9.993674973098491954e-01 2.723106654953930377e-03 2.762236289507853382e-01
9.993868412429605108e-01 2.731989639909718735e-03 2.760263632759079044e-01
9.994068783400280598e-01 2.741357448492532864e-03 2.758157128358916244e-01
9.994276648665150198e-01 2.751266452357607143e-03 2.755900464479924539e-01
9.994492639380627708e-01 2.761781630972264066e-03 2.753474217101480326e-01
9.994641497712507539e-01 2.769166248501249081e-03 2.751751077823131886e-01
9.994872678435071656e-01 2.780875522093887581e-03 2.748988372767387500e-01
9.995032449859110324e-01 2.789148596822299021e-03 2.747013749613691491e-01
9.995197091961360858e-01 2.797839721912344889e-03 2.744920262521197696e-01
9.995366937452522249e-01 2.806993794661025599e-03 2.742695039879943786e-01
9.995542352050760249e-01 2.816660986264830566e-03 2.740322954070603112e-01
9.995632269244164592e-01 2.821704600735933186e-03 2.739076279809772863e-01
9.995816803494208536e-01 2.832257199030962635e-03 2.736449588070530292e-01
9.996007985421709874e-01 2.843491196898444671e-03 2.733624469574857385e-01
9.996106220069089776e-01 2.849389610288913938e-03 2.732128586396730952e-01
9.996308346586166849e-01 2.861818118866425731e-03 2.728950186434597192e-01
9.996412368419599348e-01 2.868375106623739616e-03 2.727257206734299833e-01
9.996572341019539509e-01 2.878688938635104878e-03 2.724572291983003436e-01
9.996654165764250477e-01 2.884077253609529726e-03 2.723157819578615468e-01
9.996737268852544656e-01 2.889632506749092392e-03 2.721691127273887512e-01
9.996907478591154916e-01 2.901287956800038294e-03 2.718586476950241582e-01
9.997083254080765258e-01 2.913742151242820766e-03 2.715220991747395729e-01
9.997203659123680142e-01 2.922537235306563955e-03 2.712808889625465403e-01
9.997295716088870909e-01 2.929417478224223374e-03 2.710899319101348626e-01
9.997389315847620139e-01 2.936560314945322811e-03 2.708894032807594998e-01
9.997484485856261704e-01 2.943984037547764127e-03 2.706782552459547908e-01
9.997581247233376933e-01 2.951708481259426777e-03 2.704552373628156814e-01
9.997679612228204116e-01 2.959754927274061993e-03 2.702188129254529669e-01
9.997739394289327786e-01 2.964746030370140305e-03 2.700697540515860084e-01
9.997820000854189537e-01 2.971603620179839953e-03 2.698617508876826054e-01
9.997929051550846768e-01 2.981128741724852101e-03 2.695659565182926820e-01
9.997984214594728414e-01 2.986061208039826609e-03 2.694091369162440186e-01
9.998039795735214064e-01 2.991112938361022763e-03 2.692458240617299214e-01
9.998095779159665852e-01 2.996287608352066027e-03 2.690756717926188202e-01
9.998208912998742814e-01 3.007023686801557193e-03 2.687137194128666473e-01
9.998265973426959663e-01 3.012585503246755381e-03 2.685221980088516314e-01
9.998323339786087116e-01 3.018280729630054646e-03 2.683247951229960071e-01
9.998380985682069344e-01 3.024110619116441266e-03 2.681235610292980742e-01
9.998467947419584778e-01 3.033110228521925227e-03 2.678279381930800951e-01
9.998526250026127382e-01 3.039281087212928733e-03 2.676422581980623105e-01
9.998555514960351109e-01 3.042419517709140080e-03 2.675567806285120143e-01
9.998614299637414993e-01 3.048804612470353958e-03 2.674029133163552396e-01
9.998643847881024671e-01 3.052054392049859382e-03 2.673354616899389358e-01
9.998673512895481785e-01 3.055343656765207618e-03 2.672744299809631796e-01
9.998733233069112547e-01 3.062045080597538410e-03 2.671708715336600926e-01
9.998793574077052826e-01 3.068923445690709909e-03 2.670905666536861900e-01
9.998824016846992180e-01 3.072434498064612312e-03 2.670584378509490153e-01
9.998854656500272275e-01 3.075995812798801993e-03 2.670312440240028007e-01
9.998916573648619632e-01 3.083277016060399691e-03 2.669905904991746182e-01
9.998979452562853920e-01 3.090788301750258590e-03 2.669665122970387161e-01
9.999043416463473388e-01 3.098552181524840809e-03 2.669569926757213163e-01
9.999125084778498485e-01 3.108649637929142024e-03 2.669624646036060645e-01
9.999175115050784601e-01 3.114940552160140163e-03 2.669733178771284132e-01
9.999243130945403291e-01 3.123624959920198643e-03 2.669949250769021454e-01
9.999312785469907094e-01 3.132681103608042725e-03 2.670229378866288972e-01
9.999348281186141163e-01 3.137361187521647051e-03 2.670387709833302869e-01
9.999420696978659207e-01 3.147049848156067368e-03 2.670730942827105880e-01
9.999476355849528098e-01 3.154628557220817264e-03 2.671002512578813937e-01
9.999533256625676714e-01 3.162499036959717010e-03 2.671278075071311098e-01
9.999611203631671996e-01 3.173489207500072937e-03 2.671638125054660029e-01
9.999671357732496935e-01 3.182141292314754309e-03 2.671891230646979420e-01
9.999724755022235678e-01 3.189950598926803976e-03 2.672090762038782374e-01
9.999792197722634501e-01 3.199993624961054196e-03 2.672300551412417624e-01
9.999826680284464864e-01 3.205208006330847494e-03 2.672386481353906662e-01
9.999897257606218393e-01 3.216054438504659541e-03 2.672510830493677325e-01
9.999933403873831894e-01 3.221701945207788766e-03 2.672544806252555860e-01
9.999970151280588304e-01 3.227509460433336790e-03 2.672556835659193331e-01
9.999985024668397449e-01 3.229879258066066516e-03 2.672554918691259496e-01
