# -40 2 0.266593655383 0.000112865121676
# x xi_r xi_h
1.310287751119751072e-03 7.462821755156939219e+01 3.553067013718516876e+01
1.460995662986557019e-03 8.176850739065541518e+01 3.844532260951182678e+01
1.650884358646134958e-03 9.012552638849543030e+01 4.161142734602367454e+01
1.840773054305712029e-03 9.771052720305435457e+01 4.417187291086470680e+01
2.080034956818093209e-03 1.060773112070823316e+02 4.648477297849605350e+01
2.319296859330475039e-03 1.130340849625140862e+02 4.773732123093164148e+01
2.520287072229036949e-03 1.177373613710334581e+02 4.795596144717444531e+01
2.721277285127598859e-03 1.213683338919896073e+02 4.741715217350142098e+01
2.922267498026161203e-03 1.239132712777991827e+02 4.613807143400557464e+01
3.112225549436466957e-03 1.253194938720154283e+02 4.427601374058043859e+01
3.302183600846774012e-03 1.257650763386756552e+02 4.181506420722737261e+01
3.492141652257081067e-03 1.252701503807831784e+02 3.879968490566903938e+01
3.682099703667386821e-03 1.238644430704217854e+02 3.528260636987430843e+01
3.921500270735109317e-03 1.208588987512551256e+02 3.022637810691656668e+01
4.160900837802832680e-03 1.165649855792055973e+02 2.460287508979515891e+01
4.400301404870555176e-03 1.110983193199961505e+02 1.855849789720569376e+01
4.639701971938277672e-03 1.045908879916681826e+02 1.224796348107076582e+01
4.869433365318841418e-03 9.750173113348436971e+01 6.090399786009515815e+00
5.099164758699403430e-03 8.972584711761572862e+01 -2.581273102071304434e-02
5.328896152079966309e-03 8.140684491141492174e+01 -5.963267265544508255e+00
5.558627545460530055e-03 7.269191292882138100e+01 -1.159071216862914966e+01
5.787748083093968016e-03 6.375311998920732748e+01 -1.677332220968673937e+01
6.016868620727404242e-03 5.471290565754173230e+01 -2.141898205623393281e+01
6.245989158360841335e-03 4.571192771945409561e+01 -2.543462501879301030e+01
6.507314466583081353e-03 3.566706972128383768e+01 -2.915554904602062791e+01
6.768639774805322237e-03 2.602930184012869574e+01 -3.187500669074357162e+01
7.029965083027563122e-03 1.696409053074385653e+01 -3.354253604554396162e+01
7.291290391249803139e-03 8.614893714977251094e+00 -3.414163680850636240e+01
7.588259160035928062e-03 1.473842412398709556e-01 -3.355816863515629223e+01
7.885227928822052118e-03 -7.111844936669212913e+00 -3.169314869607115881e+01
8.182196697608175306e-03 -1.307382660219053605e+01 -2.867072508294484479e+01
8.479165466394300230e-03 -1.769491980470751358e+01 -2.465782618120924852e+01
8.776134235180425153e-03 -2.097551501973230614e+01 -1.985614499102862140e+01
9.062891590263655664e-03 -2.290943147099185495e+01 -1.468219275103870025e+01
9.349648945346886175e-03 -2.370250827127781790e+01 -9.202538104527672402e+00
9.636406300430114952e-03 -2.345393630953309838e+01 -3.639224265862170515e+00
9.923163655513347198e-03 -2.228637805310563991e+01 1.790080029078003454e+00
1.020992101059657944e-02 -2.034065573225257495e+01 6.880435346337546498e+00
1.049667836567980995e-02 -1.777014673304177350e+01 1.144728096831033426e+01
1.078343572076304047e-02 -1.473508210019054232e+01 1.533307802177647083e+01
1.107585216327150977e-02 -1.132958746957794283e+01 1.846503925685624381e+01
1.136826860577998081e-02 -7.775589655591470084e+00 2.066555642025877759e+01
1.166068504828845012e-02 -4.230053622724771145e+00 2.188265547263930344e+01
1.195310149079691076e-02 -8.354986842202853925e-01 2.210673167048487997e+01
1.224551793330539047e-02 2.283887893764925181e+00 2.136957176344168730e+01
1.253793437581384937e-02 5.025259794538721181e+00 1.974168481480975501e+01
1.283035081832233082e-02 7.309182933718668451e+00 1.732809691884165915e+01
1.312276726083078972e-02 9.080745529183529285e+00 1.426282780216356372e+01
1.341518370333926076e-02 1.030971941893097110e+01 1.070231884668897493e+01
1.372371033175165053e-02 1.101184375880329291e+01 6.600173708803441563e+00
1.403223696016404030e-02 1.112311335004889123e+01 2.346933396071186895e+00
1.434076358857643008e-02 1.068757195927856429e+01 -1.848802601509171861e+00
1.464929021698880944e-02 9.770120215535843755e+00 -5.788909192014528138e+00
1.495781684540119921e-02 8.452143726513639876e+00 -9.294626080458375128e+00
1.526634347381359072e-02 6.826754734534685731e+00 -1.221428695091473315e+01
1.557487010222598049e-02 4.993864227076763918e+00 -1.442954750226237159e+01
1.588339673063835986e-02 3.055298536403783238e+00 -1.585985263536242940e+01
1.619192335905075136e-02 1.110162391152700767e+00 -1.646497506124640253e+01
1.650044998746313940e-02 -7.493700334982138500e-01 -1.624555621564086394e+01
1.680897661587552050e-02 -2.441682050132531145e+00 -1.524168028820275289e+01
1.711941423928450140e-02 -3.906764696973060502e+00 -1.351714659769191407e+01
1.742985186269348924e-02 -5.080145710317954588e+00 -1.118477054364793766e+01
1.774028948610247014e-02 -5.925641349286402182e+00 -8.379106983917660401e+00
1.805072710951145104e-02 -6.424832255798024860e+00 -5.253008235168236340e+00
1.836116473292042847e-02 -6.576730882165991332e+00 -1.969776809234563997e+00
1.867160235632940937e-02 -6.396695968814279709e+00 1.304995281099434301e+00
1.898203997973839027e-02 -5.914680585691534098e+00 4.411495458706677475e+00
1.929247760314737117e-02 -5.172926259255712367e+00 7.203270159254675953e+00
1.960291522655635901e-02 -4.223235898350869988e+00 9.553947018932770874e+00
1.991335284996533991e-02 -3.123971640492334778e+00 1.136278136713390197e+01
2.022379047337432081e-02 -1.936929798968990424e+00 1.255877550894649453e+01
2.053422809678330171e-02 -7.242436598498843692e-01 1.310319902259327485e+01
2.083870335922823058e-02 4.327269385997674078e-01 1.299837408824171625e+01
2.114317862167315945e-02 1.505691711842425118e+00 1.228590382718366847e+01
2.144765388411808138e-02 2.450158668646602589e+00 1.101808266472674802e+01
2.175212914656301025e-02 3.230064531686315021e+00 9.271234987350922552e+00
2.205660440900793912e-02 3.818880459159169405e+00 7.141305995798527206e+00
2.236107967145287145e-02 4.200226681515499827e+00 4.738723743666070298e+00
2.266555493389780032e-02 4.368000661663248074e+00 2.182801126206589171e+00
2.297003019634272919e-02 4.326044344597040237e+00 -4.040459430674416819e-01
2.327450545878765112e-02 4.087394387808622298e+00 -2.901993344629762550e+00
2.357898072123257999e-02 3.673174377701814208e+00 -5.199162969109297983e+00
2.388999902351006052e-02 3.097864970816558206e+00 -7.235213626787100338e+00
2.420101732578754106e-02 2.403527825257897543e+00 -8.870922100751066353e+00
2.451203562806502159e-02 1.628865495170409572e+00 -1.004042115404849866e+01
2.482305393034249866e-02 8.142153977480394156e-01 -1.070192981764426499e+01
2.513407223261997919e-02 -3.874081415961693614e-04 -1.083887472407104369e+01
2.544509053489744932e-02 -7.770212696480482961e-01 -1.045979479859548356e+01
2.575610883717492985e-02 -1.481489277807006788e+00 -9.597083456199689167e+00
2.606712713945241039e-02 -2.084670826089879636e+00 -8.304673521883712439e+00
2.637814544172989092e-02 -2.563568547377476747e+00 -6.654813898729512012e+00
2.668916374400737146e-02 -2.902021992282533880e+00 -4.734121952683466361e+00
2.700018204628484852e-02 -3.091075826239277458e+00 -2.639120551168899542e+00
2.731120034856232906e-02 -3.129006223539501530e+00 -4.714830761168246065e-01
2.762221865083979919e-02 -3.021023873219620626e+00 1.666786575622687838e+00
2.793323695311727972e-02 -2.778685028827466930e+00 3.678018619911120446e+00
2.826513052570591919e-02 -2.391510122504539648e+00 5.583325617472493896e+00
2.859702409829455866e-02 -1.897186676603265898e+00 7.150837982160381578e+00
2.892891767088319119e-02 -1.326109474741533845e+00 8.308405792083066288e+00
2.926081124347183066e-02 -7.110784219011291318e-01 9.007088227783011547e+00
2.959270481606045972e-02 -8.552820585860179681e-02 9.222919231938218942e+00
2.992459838864909918e-02 5.181797118071778119e-01 8.957350558004105068e+00
3.025649196123773171e-02 1.070322420978675471e+00 8.236394427760483694e+00
3.058838553382637118e-02 1.545169113477011136e+00 7.108552451089528823e+00
3.092027910641501065e-02 1.922067750777258777e+00 5.641675436173906988e+00
3.125217267900363971e-02 2.186225635740920215e+00 3.918947519477807173e+00
3.158406625159228265e-02 2.329161621222650247e+00 2.034225504613826008e+00
3.191595982418091171e-02 2.348824817263087894e+00 8.698889384126388957e-02
3.224785339676954771e-02 2.249391135860813407e+00 -1.822832994118200656e+00
3.257974696935817677e-02 2.040764076736654609e+00 -3.599893295453320707e+00
3.291164054194681970e-02 1.737819154385128684e+00 -5.158071772733623384e+00
3.324353411453546264e-02 1.359441774733893604e+00 -6.424511333367109778e+00
3.357542768712409170e-02 9.274158198624881111e-01 -7.342865347486283945e+00
3.390732125971272770e-02 4.652244851776876078e-01 -7.875620010764227352e+00
3.423921483230135676e-02 -3.174006436255694813e-03 -8.005406979303513637e+00
3.457110840488999970e-02 -4.545351980395443969e-01 -7.735274904335437185e+00
3.491112367483018009e-02 -8.768111470317779821e-01 -7.067940482268537217e+00
3.525113894477036047e-02 -1.238731067281042542e+00 -6.048675066333145445e+00
3.559115421471054780e-02 -1.524186434443599580e+00 -4.738039022233940578e+00
3.593116948465072819e-02 -1.721608851465375567e+00 -3.209861546304670910e+00
3.627118475459092245e-02 -1.824347761697408421e+00 -1.547145128814420234e+00
3.661120002453110284e-02 -1.830787583786878336e+00 1.623733298021889093e-01
3.695121529447128322e-02 -1.744210614129244830e+00 1.830774056930040361e+00
3.729123056441145667e-02 -1.572424066495615058e+00 3.374388201824773503e+00
3.763124583435163706e-02 -1.327180245539875125e+00 4.717895305548220009e+00
3.797126110429181745e-02 -1.023427623057426183e+00 5.797888412175269401e+00
3.831127637423199783e-02 -6.784371497273925522e-01 6.565742712595521446e+00
3.865129164417219210e-02 -3.108522571090730491e-01 6.989663096625233329e+00
3.899130691411237248e-02 6.028742019759614212e-02 7.055830839090833528e+00
3.933132218405255287e-02 4.164995190499483080e-01 6.768617421321428296e+00
3.967133745399273326e-02 7.407438544035007677e-01 6.149881641655174036e+00
4.001135272393290671e-02 1.018198420969630869e+00 5.237412179757077624e+00
4.035136799387308709e-02 1.236893329726272972e+00 4.082619302410677165e+00
4.069138326381326748e-02 1.388178012439338804e+00 2.747614381611249712e+00
4.103139853375346174e-02 1.467006354883299668e+00 1.301842690533531854e+00
4.137141380369364213e-02 1.472034076982436046e+00 -1.815476153737721476e-01
4.171142907363382252e-02 1.405532166458281607e+00 -1.629409965036763497e+00
4.205144434357400290e-02 1.273129023418035244e+00 -2.972189513866679622e+00
4.239145961351419023e-02 1.083401772247655659e+00 -4.147223368185889214e+00
4.273147488345437062e-02 8.473436029695901039e-01 -5.101596091551460432e+00
4.307149015339455100e-02 5.777387633546876566e-01 -5.794423698295236846e+00
4.325489917444660243e-02 4.227829096530635877e-01 -6.049467879944133486e+00
4.343830819549863304e-02 2.643572965735753177e-01 -6.217199673276831540e+00
4.362171721655067058e-02 1.047314417351871557e-01 -6.296360267251959186e+00
4.380512623760270813e-02 -5.385557329793327214e-02 -6.286951246980747143e+00
4.398853525865475261e-02 -2.092255126242899832e-01 -6.190211809273520771e+00
4.417194427970679016e-02 -3.592897527050668560e-01 -6.008578953443570292e+00
4.435535330075882771e-02 -5.020760509305335351e-01 -5.745631643404712996e+00
4.453876232181087219e-02 -6.357530007731025945e-01 -5.406020138408408116e+00
4.472217134286290280e-02 -7.586519012142366458e-01 -4.995381866726321896e+00
4.490558036391494035e-02 -8.692858133728866843e-01 -4.520245367554610816e+00
4.527239840601902238e-02 -1.048432326389010294e+00 -3.411130694377114470e+00
4.563921644812309747e-02 -1.166310183658759492e+00 -2.140167538365846944e+00
4.600603449022717950e-02 -1.218790639043412449e+00 -7.791048440869634550e-01
4.637285253233124765e-02 -1.205356184946571929e+00 5.976708884393898691e-01
4.673967057443533663e-02 -1.128964525657912610e+00 1.917165789983376278e+00
4.710648861653941866e-02 -9.957380460525918631e-01 3.111564489804511613e+00
4.747330665864348681e-02 -8.145049025601197590e-01 4.121584885388265285e+00
4.784012470074756884e-02 -5.962238809606371648e-01 4.899248412193514923e+00
4.820694274285165087e-02 -3.533290870078065193e-01 5.409951561252690944e+00
4.857376078495573291e-02 -9.903232825706345666e-02 5.633766829128536102e+00
4.894057882705980800e-02 1.533792111309707495e-01 5.565944571984523748e+00
4.931285321897629220e-02 3.945548409768093734e-01 5.209505220145293158e+00
4.968512761089276947e-02 6.087367152593076147e-01 4.588366679536417081e+00
5.005740200280924673e-02 7.857673328383654177e-01 3.740539644040643541e+00
5.042967639472573094e-02 9.177598526905281773e-01 2.714591633039075802e+00
5.080195078664220820e-02 9.994029593832163272e-01 1.566874267603243442e+00
5.117422517855869241e-02 1.028123616180099065e+00 3.584494383909642146e-01
5.154649957047517661e-02 1.004106214038195333e+00 -8.481238914787987415e-01
5.191877396239164694e-02 9.301736905915592990e-01 -1.991978225932675928e+00
5.229104835430813114e-02 8.115426902991091929e-01 -3.016943268548919477e+00
5.266332274622462228e-02 6.554704733394840499e-01 -3.874224320065053906e+00
5.303559713814109261e-02 4.708158141426562193e-01 -4.524629373429648993e+00
5.340787153005757681e-02 2.675393792244717961e-01 -4.940247270225875731e+00
5.378014592197404714e-02 5.617092601149753506e-02 -5.105509916804890302e+00
5.415242031389053134e-02 -1.527289189640985700e-01 -5.017604814025793836e+00
5.452469470580702249e-02 -3.490855272752523275e-01 -4.686238229352741591e+00
5.489696909772349281e-02 -5.237812831202618424e-01 -4.132782416153456317e+00
5.526924348963997702e-02 -6.690596493672431588e-01 -3.388870631948843748e+00
5.564151788155646122e-02 -7.788454959478489092e-01 -2.494529780341787184e+00
5.601379227347293849e-02 -8.489698528411866452e-01 -1.495961027244132602e+00
5.638606666538942269e-02 -8.772925632970193233e-01 -4.430927875857602061e-01
5.675834105730589996e-02 -8.637216983815394489e-01 6.129625028094493056e-01
5.713557747568415168e-02 -8.091740786281587106e-01 1.635240121433099825e+00
5.751281389406241035e-02 -7.173813860678152077e-01 2.561739530333406734e+00
5.789005031244066207e-02 -5.938061840127940583e-01 3.350659647674762542e+00
5.826728673081892074e-02 -4.452070591482797379e-01 3.968131841925784276e+00
5.864452314919717246e-02 -2.792607826322512365e-01 4.389508121737020652e+00
5.902175956757541725e-02 -1.041615178641995126e-01 4.600130142446670511e+00
5.939899598595368285e-02 7.178208245656554631e-02 4.595578422424702048e+00
5.977623240433192764e-02 2.405326745705339275e-01 4.381427539804179538e+00
6.015346882271019324e-02 3.946761360423364229e-01 3.972555122675041517e+00
6.053070524108843803e-02 5.277258246063293301e-01 3.392069490919443098e+00
6.090794165946669669e-02 6.343687802897008954e-01 2.669932601038205178e+00
6.128517807784496230e-02 7.106469687076555353e-01 1.841361588031982688e+00
6.149838126173343134e-02 7.393558363772784192e-01 1.339205314853736173e+00
6.171158444562190731e-02 7.572512811292494428e-01 8.226977766453009711e-01
6.192478762951038329e-02 7.642538714196113192e-01 2.992807354654171137e-01
6.213799081339885233e-02 7.604380621285454778e-01 -2.236282031847970364e-01
6.235119399728732831e-02 7.460276411281887565e-01 -7.387365696493203293e-01
6.256439718117580429e-02 7.213892604148999244e-01 -1.238974268810709711e+00
6.277760036506427332e-02 6.870241902900633413e-01 -1.717585884179457345e+00
6.299080354895275624e-02 6.435584542669194885e-01 -2.168216938488076284e+00
6.320400673284122528e-02 5.917315191030942945e-01 -2.584993099464346855e+00
6.341720991672969432e-02 5.323837284610488663e-01 -2.962591428223858347e+00
6.384361628450666015e-02 3.954392744021983375e-01 -3.580843106043022583e+00
6.427002265228359823e-02 2.404549708096652694e-01 -3.996340888399988245e+00
6.469642902006055019e-02 7.621355878085732394e-02 -4.191492463557974446e+00
6.512283538783750214e-02 -8.832347609594856652e-02 -4.160887632462025643e+00
6.554924175561444022e-02 -2.444940597891257505e-01 -3.911186028381553381e+00
6.597564812339139217e-02 -3.843764307096278476e-01 -3.460374936528578971e+00
6.640205449116834413e-02 -5.011716479780610189e-01 -2.836458723280893768e+00
6.682846085894529609e-02 -5.895106174868274262e-01 -2.075669193592734718e+00
6.725486722672224804e-02 -6.456732925972635817e-01 -1.220308457731757334e+00
6.768127359449918612e-02 -6.677128751621084213e-01 -3.163515122006799740e-01
6.810767996227613807e-02 -6.554831443390182200e-01 5.890559801286184838e-01
6.854182003929965017e-02 -6.094846812324190566e-01 1.464904047330519932e+00
6.897596011632314839e-02 -5.329775733646067160e-01 2.250408823282151527e+00
6.941010019334666048e-02 -4.307642084357176104e-01 2.907244844542473228e+00
6.984424027037017257e-02 -3.087869892315935338e-01 3.404868586318371193e+00
7.027838034739368467e-02 -1.737774116404523228e-01 3.721789142133123729e+00
7.071252042441718288e-02 -3.288246991707329675e-02 3.846318677905514960e+00
7.114666050144069498e-02 1.067113650121715857e-01 3.776790748272573328e+00
7.158080057846419320e-02 2.381374917816072578e-01 3.521262641760881440e+00
7.201494065548770529e-02 3.551747870910228477e-01 3.096743381009154028e+00
7.244908073251121738e-02 4.525251796202812704e-01 2.528010700779301789e+00
7.288322080953472948e-02 5.260321879023341918e-01 1.846097398875768292e+00
7.331736088655822769e-02 5.728330393618958905e-01 1.086539347981591463e+00
7.375150096358173979e-02 5.914407230285825268e-01 2.874839248934694669e-01
7.419305697663924892e-02 5.813554713185947742e-01 -5.255656584671896114e-01
7.463461298969675806e-02 5.433250435791729949e-01 -1.299681537190405356e+00
7.507616900275426719e-02 4.799611265711929975e-01 -1.998441241100215260e+00
7.551772501581177632e-02 3.949932420812993783e-01 -2.590280209217465046e+00
7.595928102886928546e-02 2.930403926039452100e-01 -3.049802730518218929e+00
7.640083704192679459e-02 1.793526422159310019e-01 -3.358719809038398285e+00
7.684239305498430372e-02 5.953709840061954112e-02 -3.506394490015895204e+00
7.728394906804181286e-02 -6.071765452931607993e-02 -3.489996513899441766e+00
7.772550508109932199e-02 -1.759056951677824554e-01 -3.314287103288040104e+00
7.816706109415683112e-02 -2.809451056853861650e-01 -2.991070509729831794e+00
7.860861710721434026e-02 -3.713871283843364068e-01 -2.538361215973517826e+00
7.907004175851901906e-02 -4.463400140141310368e-01 -1.952329663684088779e+00
7.953146640982367011e-02 -4.983214492902839909e-01 -1.281225771305494199e+00
7.999289106112834891e-02 -5.254616229553714657e-01 -5.590769667653850972e-01
8.045431571243301383e-02 -5.271315884692747700e-01 1.786907241217653430e-01
8.091574036373769263e-02 -5.039223673903817646e-01 8.969451339741359996e-01
8.137716501504235755e-02 -4.575687143645892352e-01 1.562467578474677543e+00
8.183858966634702248e-02 -3.908235584714249700e-01 2.145429149787672074e+00
8.230001431765168740e-02 -3.072910714822555955e-01 2.620661202992335514e+00
8.276143896895636620e-02 -2.112278333341797987e-01 2.968668319883344786e+00
8.322286362026103113e-02 -1.073226103728189829e-01 3.176345066742790380e+00
8.368428827156570993e-02 -4.657954986044090303e-04 3.237372563824787441e+00
8.414571292287037485e-02 1.044804320293741678e-01 3.152286541703384515e+00
8.460713757417503977e-02 2.029006738473134175e-01 2.928224390368139307e+00
8.507417896077572317e-02 2.916034431395403970e-01 2.573438088299087934e+00
8.554122034737642044e-02 3.656638504113655097e-01 2.108756959003228459e+00
8.600826173397713159e-02 4.221726067454889542e-01 1.557454087944583065e+00
8.647530312057782886e-02 4.590950231648363022e-01 9.459457455783917279e-01
8.694234450717849838e-02 4.753252559403826627e-01 3.025117709052248527e-01
8.740938589377920953e-02 4.706971294578627951e-01 -3.440246640344274964e-01
8.787642728037989293e-02 4.459529563069077884e-01 -9.655972073769947261e-01
8.834346866698060408e-02 4.026735967500054691e-01 -1.536117597720436434e+00
8.881051005358128747e-02 3.431746259378748998e-01 -2.032564026677926350e+00
8.927249613444182552e-02 2.712165146741489785e-01 -2.432079089574527231e+00
8.973448221530234969e-02 1.895043258854874624e-01 -2.726436943121245182e+00
9.019646829616287387e-02 1.015764198903259391e-01 -2.906677828343974479e+00
9.065845437702341192e-02 1.108501872596402531e-02 -2.968920553725127309e+00
9.112044045788392221e-02 -7.835732297010630787e-02 -2.914120563650026696e+00
9.158242653874446026e-02 -1.633159980972786196e-01 -2.747637430868131503e+00
9.185990558262246974e-02 -2.109547249248745482e-01 -2.597220049201153014e+00
9.213738462650046535e-02 -2.552046897777359158e-01 -2.412245867637573760e+00
9.269234271425648430e-02 -3.311676068595661993e-01 -1.953067379845840446e+00
9.324730080201248938e-02 -3.878999389732849523e-01 -1.396719497387815201e+00
9.380225888976850834e-02 -4.229253604745548123e-01 -7.750958769390471348e-01
9.435721697752449955e-02 -4.349965793082246623e-01 -1.224362703730113300e-01
9.491217506528051850e-02 -4.241065559633084292e-01 5.264589069401028887e-01
9.546713315303652359e-02 -3.914374004749089919e-01 1.138007121655987941e+00
9.602209124079254254e-02 -3.392513620341808811e-01 1.681529752337297179e+00
9.657704932854854762e-02 -2.707310510780234769e-01 2.130759766567073665e+00
9.711274250401923103e-02 -1.927246542784757655e-01 2.455667723914457756e+00
9.764843567948991443e-02 -1.070719337337764226e-01 2.660829439198808544e+00
9.818412885496061171e-02 -1.793746303964666167e-02 2.739577994376771741e+00
9.871982203043128123e-02 7.049641833377978672e-02 2.691254185212686778e+00
9.925551520590197851e-02 1.542212225915706725e-01 2.521033478669944206e+00
9.979120838137264804e-02 2.295775550694340306e-01 2.239493276534636923e+00
1.003269015568433037e-01 2.934067666732076973e-01 1.861946642425408083e+00
1.008625947323140010e-01 3.431731258567595200e-01 1.407579245885987040e+00
1.013982879077846982e-01 3.770521819596234225e-01 8.984351990209406003e-01
1.019196887189594974e-01 3.937555469972531808e-01 3.728115359975306409e-01
1.024410895301341995e-01 3.941229188530379624e-01 -1.596758311433090771e-01
1.029624903413089987e-01 3.785628076582854273e-01 -6.771171846650513304e-01
1.034838911524837979e-01 3.481125182761840575e-01 -1.159100221230310090e+00
1.040052919636584999e-01 3.043648077123972118e-01 -1.587463555951157401e+00
1.045266927748332991e-01 2.493769263618749454e-01 -1.946883126999565450e+00
1.051400246805940936e-01 1.737039380496138707e-01 -2.265030055937125475e+00
1.057533565863548047e-01 9.021154401607983653e-02 -2.458065745465837448e+00
1.063666884921155992e-01 3.485052359447458978e-03 -2.519418746117899843e+00
1.069800203978762965e-01 -8.190123697123229130e-02 -2.449543472298210123e+00
1.075933523036371048e-01 -1.616195827246177386e-01 -2.255710579718497755e+00
1.081580523569587032e-01 -2.267016486580190893e-01 -1.978951822497815094e+00
1.087227524102803017e-01 -2.811340124521953254e-01 -1.622963537104034515e+00
1.092874524636019973e-01 -3.229199567335860332e-01 -1.205056000354547630e+00
1.098521525169235957e-01 -3.506667553970749251e-01 -7.442675244340514196e-01
1.104461325367779023e-01 -3.638699710487495187e-01 -2.352726921158865836e-01
1.110401125566321950e-01 -3.605605855730178999e-01 2.759993114635264089e-01
1.116340925764865016e-01 -3.413214335756445394e-01 7.669655960672877582e-01
1.122280725963407944e-01 -3.074121887441811363e-01 1.216606893612453444e+00
1.128220526161951009e-01 -2.606874305313791051e-01 1.606331546938406518e+00
1.134060008840173939e-01 -2.045224884175396995e-01 1.916166687550021841e+00
1.139899491518396035e-01 -1.408083284408531699e-01 2.142251478027356271e+00
1.145738974196618964e-01 -7.233644360109203753e-02 2.277535444972009326e+00
1.151578456874842032e-01 -1.990495882526276128e-03 2.318941788580312746e+00
1.157417939553063990e-01 6.737487091333248246e-02 2.267289678047572643e+00
1.163163554681377054e-01 1.320398593459643777e-01 2.129957292499261357e+00
1.168909169809689980e-01 1.907709053601217286e-01 1.914272502922828245e+00
1.174654784938004015e-01 2.415178676374889477e-01 1.630346988015864751e+00
1.180400400066316940e-01 2.825997238599868844e-01 1.290460310692230994e+00
1.186146015194630005e-01 3.127496226786438682e-01 9.084921868453925686e-01
1.189682089753304056e-01 3.255079591758693880e-01 6.584284371599538055e-01
1.193218164311977969e-01 3.336789435853692032e-01 4.016372944228914776e-01
1.200290313429325934e-01 3.361974041667878943e-01 -1.159501233241372609e-01
1.207362462546674037e-01 3.207919914667630157e-01 -6.180950685308664871e-01
1.214434611664022001e-01 2.887951601198420204e-01 -1.078882380390159712e+00
1.221403590722684035e-01 2.431092157972765955e-01 -1.470464133494382875e+00
1.228372569781346069e-01 1.860580778279101732e-01 -1.782209523860191158e+00
1.235341548840007964e-01 1.207694901632908463e-01 -2.000946286970184840e+00
1.242310527898669997e-01 5.065460670687874783e-02 -2.118498705322837683e+00
1.249199642383859027e-01 -1.996571043055837824e-02 -2.132426881854371015e+00
1.256088756869047918e-01 -8.854295992641246504e-02 -2.046917371457150470e+00
1.262977871354236947e-01 -1.519792922953204228e-01 -1.868902298698329245e+00
1.269801736787574131e-01 -2.070663158667420400e-01 -1.612510951014638705e+00
1.276625602220911870e-01 -2.522456122993435024e-01 -1.290962596751448199e+00
1.283383226857451875e-01 -2.855953831916228647e-01 -9.235806747072399236e-01
1.290140851493992991e-01 -3.065121241116302020e-01 -5.231682662149783614e-01
1.296898476130534106e-01 -3.144347377409038025e-01 -1.064915334208128561e-01
1.303656100767074111e-01 -3.093472094236975889e-01 3.088463068282235602e-01
1.310334062222101026e-01 -2.920513823145715615e-01 7.007506185294762879e-01
1.317012023677127108e-01 -2.635545946292959241e-01 1.058828110766676156e+00
1.323689985132154023e-01 -2.252556192626183895e-01 1.370019307781987328e+00
1.330315011698023075e-01 -1.792703102748714750e-01 1.622005525945291460e+00
1.336940038263891017e-01 -1.272522841788890358e-01 1.809610556708736828e+00
1.343565064829760070e-01 -7.127241227504925447e-02 1.927675542314118751e+00
1.350127571636738077e-01 -1.401424150887480014e-02 1.973699972988528284e+00
1.356690078443716085e-01 4.296491661865774886e-02 1.949443520945214114e+00
1.363252585250694093e-01 9.768417803613245465e-02 1.857707954860859045e+00
1.369747936614179040e-01 1.478237415392224530e-01 1.705283143976493276e+00
1.376243287977663987e-01 1.923750375988167727e-01 1.498112914007077023e+00
1.382738639341148101e-01 2.299945402442434284e-01 1.244301755263917286e+00
1.389233990704633048e-01 2.596097690466454000e-01 9.532729967000864724e-01
1.395657048814820111e-01 2.802641880770644911e-01 6.390722876844987521e-01
1.402080106925008007e-01 2.918795245285480400e-01 3.092092041508002209e-01
1.408503165035195070e-01 2.943015372001399066e-01 -2.566358117415684995e-02
1.414926223145382134e-01 2.876650849334959070e-01 -3.551165757642304466e-01
1.423395568821196888e-01 2.658511321875402511e-01 -7.639196813121745810e-01
1.431864914497011088e-01 2.306449683710319609e-01 -1.125940216376956515e+00
1.440334260172826120e-01 1.842356145093909381e-01 -1.424134495089383501e+00
1.448719479772087870e-01 1.298592276017717095e-01 -1.643683180708511493e+00
1.457104699371351009e-01 6.999853483907843288e-02 -1.779448322737021471e+00
1.465489918970613870e-01 7.687843762862374593e-03 -1.827424766195086425e+00
1.473791511845158053e-01 -5.344763522270622180e-02 -1.788760805597624071e+00
1.482093104719703069e-01 -1.112240934412856708e-01 -1.668651750345343299e+00
1.490394697594248086e-01 -1.631124220346614195e-01 -1.474902089117583470e+00
1.498616400772035950e-01 -2.065728148708575185e-01 -1.221002704904077252e+00
1.506838103949824093e-01 -2.404563997593469338e-01 -9.181871774323351332e-01
1.515059807127611957e-01 -2.635629368473183520e-01 -5.807886819595009520e-01
1.523205105585085095e-01 -2.751411117512744808e-01 -2.273694687024063743e-01
1.531350404042559066e-01 -2.752683911867240263e-01 1.300202029878038401e-01
1.539495702500031926e-01 -2.642306386528179285e-01 4.767888620014838486e-01
1.547567892028325898e-01 -2.429858258873870414e-01 7.966074137942428246e-01
1.555640081556619037e-01 -2.125648113606600775e-01 1.080806817844574219e+00
1.563712271084913008e-01 -1.743632015194076235e-01 1.319369013759483344e+00
1.571714424761531115e-01 -1.304261936603304528e-01 1.503082013905215009e+00
1.579716578438148944e-01 -8.222218093623931412e-02 1.628797860776339590e+00
1.587718732114765940e-01 -3.161719227689174794e-02 1.693001320432416357e+00
1.593682299859416895e-01 6.578996265674937061e-03 1.700123526389410555e+00
1.599645867604068128e-01 4.428091847527258068e-02 1.673103155475770265e+00
1.607548172773561879e-01 9.216681639142307314e-02 1.587241644077463265e+00
1.615450477943055907e-01 1.363105823468830080e-01 1.448116973161678311e+00
1.623352783112549935e-01 1.752948854521961808e-01 1.261363157243374111e+00
1.631192240213278077e-01 2.076883362480847206e-01 1.036372503961274116e+00
1.639031697314005942e-01 2.328948393173351505e-01 7.801816732621511541e-01
1.646871154414734917e-01 2.502520440645762401e-01 5.018076616413571500e-01
1.654650075841770929e-01 2.593327035056824381e-01 2.129349604519543970e-01
1.662428997268806941e-01 2.601880638949595759e-01 -7.916670279880334837e-02
1.670207918695844063e-01 2.529643781958994531e-01 -3.653779652020824886e-01
1.677928708154781123e-01 2.381878675428203418e-01 -6.352116217671111009e-01
1.685649497613717074e-01 2.164254116878217282e-01 -8.833227054165012637e-01
1.693370287072654135e-01 1.884602343217408049e-01 -1.102359730322416409e+00
1.699128959626282909e-01 1.640999221146639542e-01 -1.242898240331082649e+00
1.704887632179911960e-01 1.372648650880187171e-01 -1.361525766809641436e+00
1.712525425599212003e-01 9.871826714127440727e-02 -1.482697711283625930e+00
1.720163219018512046e-01 5.782249029866907281e-02 -1.561088682843481124e+00
1.727801012437812922e-01 1.575578830363064467e-02 -1.595398352630718275e+00
1.735386115400147089e-01 -2.601686559478506161e-02 -1.585608455046409571e+00
1.742971218362479868e-01 -6.665717662989278924e-02 -1.533190023311125749e+00
1.750556321324814035e-01 -1.051018165577111141e-01 -1.440362610950264521e+00
1.758090734592840931e-01 -1.401528308778437204e-01 -1.311340125923949218e+00
1.765625147860866995e-01 -1.712258566919927505e-01 -1.149684413721878906e+00
1.773159561128893891e-01 -1.975979440989928948e-01 -9.601696602238526390e-01
1.780645185463007873e-01 -2.185675171893843305e-01 -7.495681238067450902e-01
1.788130809797122134e-01 -2.338939761645058291e-01 -5.224010857143570608e-01
1.795616434131235006e-01 -2.433017417836245422e-01 -2.845834057811011952e-01
1.806774417515888131e-01 -2.461262610295907594e-01 7.579573792441357538e-02
1.817932400900540979e-01 -2.358275572933678788e-01 4.270285358648611695e-01
1.829022533861615063e-01 -2.134576806384838321e-01 7.490671870837660729e-01
1.840112666822688869e-01 -1.804496466932855037e-01 1.028262508536016639e+00
1.851137424986991076e-01 -1.390091237021323367e-01 1.250447997362077679e+00
1.862162183151294115e-01 -9.123620371216654978e-02 1.407791864675905558e+00
1.873123941815151017e-01 -3.992044364059445932e-02 1.493923324828424715e+00
1.884085700479007919e-01 1.264997320831374138e-02 1.507515486304407570e+00
1.894986740814197101e-01 6.368836223620859271e-02 1.450171988899491060e+00
1.905887781149386007e-01 1.111550143084321096e-01 1.326482932779038837e+00
1.916730272722124984e-01 1.527613012808337889e-01 1.144755085625828173e+00
1.927572764294863961e-01 1.870412640825451778e-01 9.139590093257838888e-01
1.938358801601320902e-01 2.125381807022198311e-01 6.468640720783447318e-01
1.949144838907778954e-01 2.285382021839210964e-01 3.547802907234718361e-01
1.959876440525072094e-01 2.345614422186209080e-01 5.229484474685427292e-02
1.970608042142364125e-01 2.306750151117697989e-01 -2.490575827682000032e-01
1.981287147275558047e-01 2.173412971947432382e-01 -5.354423106445986846e-01
1.991966252408751137e-01 1.953085038965497178e-01 -7.969624749765283900e-01
2.002594720445023124e-01 1.658025190409925798e-01 -1.022627093872656934e+00
2.013223188481295112e-01 1.300611212821370932e-01 -1.205522917432439778e+00
2.023802826740382921e-01 8.980249787352678759e-02 -1.338860076313697300e+00
2.034382464999472118e-01 4.651543334204687186e-02 -1.419415896760053419e+00
2.044915009253560068e-01 2.102849446364616660e-03 -1.445159527419533019e+00
2.055447553507646907e-01 -4.193885185563694940e-02 -1.416643608287695422e+00
2.065934679926554884e-01 -8.381592041091841250e-02 -1.336396522276493526e+00
2.076421806345462029e-01 -1.222372919001755848e-01 -1.208283024870109745e+00
2.086865129960230880e-01 -1.557588532812630155e-01 -1.038560901594831609e+00
2.097308453575000009e-01 -1.834519327509929187e-01 -8.335309050343212567e-01
2.107709537672242117e-01 -2.043827942225125704e-01 -6.018981227888275942e-01
2.118110621769483948e-01 -2.180713415242861719e-01 -3.512618509954150148e-01
2.128480599636951021e-01 -2.241770840877773396e-01 -9.184890277089673150e-02
2.138821136186860039e-01 -2.227051226866358091e-01 1.675174049891286765e-01
2.149161672736769058e-01 -2.138635621540885268e-01 4.196355627078761641e-01
2.159459665261461991e-01 -1.981471599000983186e-01 6.547747498499643104e-01
2.169742753085213971e-01 -1.762039682592172474e-01 8.663332968426810110e-01
2.180025840908965951e-01 -1.488242869904874699e-01 1.048736790395435214e+00
2.190272457378873994e-01 -1.170816226069989613e-01 1.196125681226789750e+00
2.200519073848782037e-01 -8.195026921449552471e-02 1.305074107626607249e+00
2.210737515503453099e-01 -4.467585708969794983e-02 1.372665414309580223e+00
2.220955957158123883e-01 -6.339249391832195088e-03 1.397808951046019432e+00
2.231133728053782961e-01 3.173331013046004623e-02 1.380536188627516481e+00
2.241311498949442038e-01 6.856077992141140776e-02 1.322170909787496962e+00
2.251456680358785989e-01 1.029695827940074471e-01 1.225385277818773933e+00
2.261601861768129940e-01 1.341122691098423081e-01 1.093389525357633119e+00
2.271708474868849026e-01 1.610473524703935067e-01 9.314178679094680113e-01
2.281814321068081908e-01 1.831992327366685214e-01 7.441582653810849823e-01
2.291920167267315067e-01 2.000191379847574558e-01 5.369376842639090874e-01
2.301989120822834911e-01 2.110844893071018025e-01 3.166925970969654003e-01
2.312058074378355865e-01 2.162442880317567429e-01 8.901863018262212712e-02
2.322098544924325048e-01 2.154542696820601622e-01 -1.390938473519252594e-01
2.332139015470293120e-01 2.088446310149604523e-01 -3.620843297630397806e-01
2.342152100895429911e-01 1.967166505497525419e-01 -5.734792533124732916e-01
2.352165186320565871e-01 1.794598892791317013e-01 -7.684380030987628674e-01
2.362151954922880881e-01 1.576627176330298585e-01 -9.416299956552365291e-01
2.372138723525195059e-01 1.319156228005259057e-01 -1.089371927064882284e+00
2.382100212913642878e-01 1.030123357088090219e-01 -1.207930913527434980e+00
2.392061702302090975e-01 7.167116415625673920e-02 -1.295067859450337311e+00
2.401998924915476896e-01 3.879686413577325410e-02 -1.348898659793371202e+00
2.411936147528863927e-01 5.156647698725888226e-03 -1.368739411033616182e+00
2.421839272173959001e-01 -2.829346637032727207e-02 -1.354618882286352077e+00
2.431741826801301909e-01 -6.085151607208295205e-02 -1.307489169027781450e+00
2.441644381428645094e-01 -9.174371241938222843e-02 -1.228863662504131371e+00
2.451525072457547971e-01 -1.201899205484394384e-01 -1.121274538609962290e+00
2.461405763486450016e-01 -1.456150723503664146e-01 -9.874941955662152049e-01
2.476169690387302891e-01 -1.767186876126970174e-01 -7.472349845095240806e-01
2.490986197616346931e-01 -1.984939070953697093e-01 -4.690938396077653505e-01
2.500816239077278125e-01 -2.072591374479356707e-01 -2.708287824048417058e-01
2.510646280538209041e-01 -2.112737238743684909e-01 -6.726039330160879515e-02
2.520461819638492029e-01 -2.105114866153433850e-01 1.364633924981169533e-01
2.530263942354005202e-01 -2.050709636078370812e-01 3.358142494025054270e-01
2.540066065069517820e-01 -1.951322387850850104e-01 5.268975068543229057e-01
2.549850575566918187e-01 -1.809951791404032784e-01 7.053036090881167341e-01
2.559635086064319109e-01 -1.630017858077901505e-01 8.676438559543531159e-01
2.569380179873769765e-01 -1.416775853708097666e-01 1.009967915661757587e+00
2.579152191512413816e-01 -1.173811510260628632e-01 1.130439937802002692e+00
2.588903710736741859e-01 -9.077373836375561555e-02 1.226243743741477488e+00
2.598655229961069901e-01 -6.239082769555277797e-02 1.295984237553664542e+00
2.613230664276363080e-01 -1.807822763898861776e-02 1.349220964522682031e+00
2.627870461853180073e-01 2.696115596866890604e-02 1.340368198764742447e+00
2.642403887882019964e-01 7.017880975945270383e-02 1.271230409327516186e+00
2.657003925946191947e-01 1.101818567709235280e-01 1.145351607208895839e+00
2.666698680509819730e-01 1.340554842112320066e-01 1.033335010884644189e+00
2.676393435073449178e-01 1.552121503074207765e-01 9.015243993066913708e-01
2.686075749083224884e-01 1.732507185624994062e-01 7.528838311136407668e-01
2.695758063093001144e-01 1.878873003475828030e-01 5.902887402681653573e-01
2.705412474514743981e-01 1.988538019968887904e-01 4.175499560024215073e-01
2.715098617210188192e-01 2.060477977084767542e-01 2.370079749453261886e-01
2.724758040936595127e-01 2.093297601116262119e-01 5.315730622194091148e-02
2.734417464663002062e-01 2.087045490254662850e-01 -1.310803027908095941e-01
2.744049664315437731e-01 2.042422052934868282e-01 -3.117531981504416683e-01
2.753714841122708035e-01 1.960337273641160893e-01 -4.866764327968358672e-01
2.768122224042693924e-01 1.773207921172252066e-01 -7.285263500934106018e-01
2.782605428606568232e-01 1.514776877965840485e-01 -9.411335684878826546e-01
2.792230898017574736e-01 1.309118404272186786e-01 -1.061694768898191477e+00
2.801856367428581240e-01 1.081067164717747497e-01 -1.163153609954439949e+00
2.811473565508991190e-01 8.350466171343000343e-02 -1.243859989566800328e+00
2.821090763589401140e-01 5.753109727875650725e-02 -1.302709282566182791e+00
2.830682204929131918e-01 3.071900471880848957e-02 -1.338830340332412439e+00
2.840309311037308992e-01 3.363995978187300957e-03 -1.352021807172723689e+00
2.854679267090184935e-01 -3.721045217962898333e-02 -1.328958698369436142e+00
2.869131169026136741e-01 -7.643410311900102061e-02 -1.255752749742775398e+00
2.878724078661420993e-01 -1.009266575333055971e-01 -1.180927688784647822e+00
2.888316988296705801e-01 -1.236894482823189256e-01 -1.086862403104505326e+00
2.897885131602004893e-01 -1.443173254765372504e-01 -9.756011480294980442e-01
2.907490868313554744e-01 -1.626249816465578923e-01 -8.483802706442618025e-01
2.921808661995458078e-01 -1.848387316304358763e-01 -6.350933203435793484e-01
2.936212407457569062e-01 -2.005057977442314399e-01 -3.988275744275892598e-01
2.945767800163460737e-01 -2.069790434120718503e-01 -2.340473008068264249e-01
2.955362094878383750e-01 -2.102228708729135809e-01 -6.544718390551838849e-02
2.964933245974175069e-01 -2.101891972688013643e-01 1.032541198955896772e-01
2.974504397069965833e-01 -2.069209960821729033e-01 2.698704773584172378e-01
2.988819926201308208e-01 -1.962011250779307214e-01 5.093318673981453992e-01
3.003225649590904878e-01 -1.787873882031391082e-01 7.318908137862905061e-01
3.012768521985618730e-01 -1.638916027533150466e-01 8.657763683464829718e-01
3.022352021590857252e-01 -1.465301951658598556e-01 9.869403104443319474e-01
3.031913095476029274e-01 -1.270874079235300991e-01 1.092913317667425943e+00
3.041474169361201851e-01 -1.058283237705987673e-01 1.182612638568398600e+00
3.051033301085280258e-01 -8.308184650189193166e-02 1.254886079904259377e+00
3.060592432809358110e-01 -5.918400683873392687e-02 1.308888345228029548e+00
3.077228753413188134e-01 -1.599822358839502953e-02 1.357705303146157005e+00
3.093993823933313125e-01 2.806749788015099056e-02 1.348474332120483954e+00
3.110674284137491807e-01 7.060477705455701913e-02 1.282518398778776492e+00
3.127486617597647900e-01 1.103876459766887363e-01 1.162570780453903607e+00
3.146597057555134969e-01 1.497863503076482528e-01 9.689182509083783534e-01
3.165707857154991811e-01 1.811675740529447853e-01 7.252759334346601250e-01
3.184822492123998150e-01 2.030467528295534230e-01 4.452715983751768802e-01
3.203937127093003934e-01 2.144627929232926500e-01 1.439803247087142191e-01
3.223053245029371960e-01 2.150211452084689057e-01 -1.628704174525680837e-01
3.237393876847550755e-01 2.083757181222382349e-01 -3.877958388872078666e-01
3.251734508665731216e-01 1.959405481058336396e-01 -6.009886105331794237e-01
3.270859409516935212e-01 1.711338111697208453e-01 -8.568532276742364395e-01
3.289988837648503139e-01 1.381605958862540950e-01 -1.070276535363285264e+00
3.309123358818485960e-01 9.870711767815103233e-02 -1.232044013248862369e+00
3.318692480034560743e-01 7.708640040958536499e-02 -1.291535242824360052e+00
3.337835702002405203e-01 3.158954147026940551e-02 -1.364409761129413701e+00
3.356990749884776748e-01 -1.530999602489001646e-02 -1.374828043089673546e+00
3.376145797767149959e-01 -6.146241104018257406e-02 -1.323539713973072240e+00
3.395310173018977751e-01 -1.048651645065885180e-01 -1.214025055487953697e+00
3.414482662821387016e-01 -1.436706990303313058e-01 -1.052213280118640126e+00
3.428870733729471043e-01 -1.688340259452962289e-01 -9.009582228126342685e-01
3.443258804637556181e-01 -1.899281950582104028e-01 -7.286941989842268264e-01
3.457657352099121062e-01 -2.065143075662493610e-01 -5.396993333682437166e-01
3.472055899560684833e-01 -2.182425312165254261e-01 -3.387945275885032581e-01
3.491265623556059072e-01 -2.259658269339996639e-01 -6.106442566015693463e-02
3.510485786226508753e-01 -2.245364379505149222e-01 2.177988715811878251e-01
3.524911716782869742e-01 -2.175466814883704192e-01 4.213104975374455385e-01
3.539337647339230730e-01 -2.057068580302690020e-01 6.146353079925275242e-01
3.553776513800582793e-01 -1.893189136355051816e-01 7.938190824967548131e-01
3.568215380261933745e-01 -1.688023020286882891e-01 9.549946301855458675e-01
3.587489468669590731e-01 -1.358865179247156774e-01 1.136412953974835105e+00
3.606763557077248272e-01 -9.785101269034786331e-02 1.274181727804072128e+00
3.626063224667718243e-01 -5.612469430777904805e-02 1.364188177126287371e+00
3.645362892258188769e-01 -1.233297160745364801e-02 1.403928421033314944e+00
3.664689469915051179e-01 3.198149817535424211e-02 1.392971160391075491e+00
3.684016047571914143e-01 7.518261937317301247e-02 1.332675677621498522e+00
3.703370865072648788e-01 1.158383541212788248e-01 1.225992933490835934e+00
3.722725682573382877e-01 1.525265099149142878e-01 1.077623044356964099e+00
3.742110041386200181e-01 1.841093368965983079e-01 8.931698323597297984e-01
3.761494400199016930e-01 2.095514149890739253e-01 6.797582628893144019e-01
3.780909480870727757e-01 2.281329197303648415e-01 4.446463663135342692e-01
3.800324561542439139e-01 2.393100487750876304e-01 1.962472035445183005e-01
3.819771417800634228e-01 2.428365655545120794e-01 -5.762131909093059362e-02
3.839218274058828761e-01 2.386918251461004337e-01 -3.084349171092131692e-01
3.858697944775816846e-01 2.270929447937655721e-01 -5.488489906373433813e-01
3.878177615492804930e-01 2.085059096304784365e-01 -7.712858956856573078e-01
3.897691117133387229e-01 1.835451979648935750e-01 -9.697245659109650084e-01
3.917204618773967861e-01 1.530720493053708275e-01 -1.138360361086396821e+00
3.941647014547489114e-01 1.086819269189176207e-01 -1.300866358967025294e+00
3.966089410321009256e-01 5.930954266749260961e-02 -1.404161905711136527e+00
3.985682178739590187e-01 1.759958700911870566e-02 -1.442109360900677428e+00
4.005274947158171117e-01 -2.468331994124619427e-02 -1.439708717642784297e+00
4.024904064316531249e-01 -6.644996931644736593e-02 -1.397761428724754396e+00
4.044533181474890271e-01 -1.065030736702340108e-01 -1.318203930070969809e+00
4.064199206371885142e-01 -1.438698739462568044e-01 -1.203702954443860884e+00
4.083865231268878904e-01 -1.775330585592375388e-01 -1.058118796881832857e+00
4.103568695697539792e-01 -2.067274925876631253e-01 -8.855244461307809622e-01
4.123272160126201236e-01 -2.307065261584589910e-01 -6.911415634654097806e-01
4.143013596746851213e-01 -2.489723895949313426e-01 -4.798974436501166063e-01
4.162755033367501190e-01 -2.611033768815886891e-01 -2.577358819959296166e-01
4.182534987903078205e-01 -2.668953443247558122e-01 -2.986484499025349182e-02
4.202314942438655776e-01 -2.662685002955462732e-01 1.976906824617988834e-01
4.227096292711439163e-01 -2.566068455789009550e-01 4.738220942616133691e-01
4.251877642984221994e-01 -2.375854503183147670e-01 7.312494304292416203e-01
4.271745802569402173e-01 -2.161075418750273425e-01 9.184279605821549231e-01
4.291613962154581796e-01 -1.896902894053609512e-01 1.084098614935384841e+00
4.311521647704175120e-01 -1.589200173516044368e-01 1.225291009217342131e+00
4.331429333253766778e-01 -1.245740134131727017e-01 1.339082973626628092e+00
4.351376674815624068e-01 -8.736126536263304210e-02 1.423734045086416655e+00
4.371324016377479138e-01 -4.817228709262074554e-02 1.477804729891948554e+00
4.391311183782494187e-01 -7.768666352605122644e-03 1.500817247997432657e+00
4.411298351187508127e-01 3.292769844052824413e-02 1.492809197768086849e+00
4.431325454458727164e-01 7.316934881361941700e-02 1.454483928229322487e+00
4.451352557729946757e-01 1.120795341876436035e-01 1.387227521257422325e+00
4.481444270479484904e-01 1.663074243138005781e-01 1.236499322893119812e+00
4.506573177191960933e-01 2.064362022178284073e-01 1.069996714907034407e+00
4.531702083904435852e-01 2.406364468160366588e-01 8.728117899061077489e-01
4.551848815569788931e-01 2.631882951320746455e-01 6.967743066731454382e-01
4.571995547235140900e-01 2.809915345345482818e-01 5.087117263242297849e-01
4.592181900033455166e-01 2.938082002920697211e-01 3.118751660714389473e-01
4.612368252831767768e-01 3.014365278522424529e-01 1.103032288760689428e-01
4.632593922887823235e-01 3.038098166443342629e-01 -9.276643579688603758e-02
4.652819592943879257e-01 3.009350543169487802e-01 -2.934097818091878085e-01
4.673084188243976089e-01 2.929076503028525402e-01 -4.886291382836938091e-01
4.693348783544071812e-01 2.799277424702211747e-01 -6.748766782016368815e-01
4.713651924405172222e-01 2.622333933710251364e-01 -8.495786232803397287e-01
4.733955065266273188e-01 2.401906099946264361e-01 -1.009768772890311306e+00
4.759389023477624270e-01 2.070906772621241565e-01 -1.186394614466536934e+00
4.784822981688974797e-01 1.687225051314591162e-01 -1.333072456028719044e+00
4.805211256895989269e-01 1.348107014513311441e-01 -1.427193101670389153e+00
4.825599532103003741e-01 9.869840794669318407e-02 -1.499242513586214631e+00
4.846024622203434773e-01 6.088143981922131132e-02 -1.548662436628102324e+00
4.866449712303865804e-01 2.199885623036874210e-02 -1.575040782643044590e+00
4.886910831097662222e-01 -1.744404786656901518e-02 -1.578453664716667593e+00
4.907371949891458085e-01 -5.681160095628498552e-02 -1.559260136063294055e+00
4.927868267637741106e-01 -9.561896312471805659e-02 -1.518108756285338368e+00
4.948364585384024128e-01 -1.332698851317624389e-01 -1.456040297874972467e+00
4.989425778493357111e-01 -2.030151979847517052e-01 -1.274849141017090792e+00
5.020264094695874313e-01 -2.490462669653446259e-01 -1.094659363518487138e+00
5.051138832495274400e-01 -2.881887568218326479e-01 -8.835472271596837013e-01
5.092361856145506405e-01 -3.278826730726389638e-01 -5.664757597310396964e-01
5.133645520198434342e-01 -3.519648023808628623e-01 -2.239081278220486082e-01
5.174987117319133079e-01 -3.596077017354952776e-01 1.269730602169496236e-01
5.216383508218596088e-01 -3.507876842667663198e-01 4.697250984351918346e-01
5.257831480915519107e-01 -3.262230269145310890e-01 7.893705946384986794e-01
5.299327976174466048e-01 -2.872823152016481529e-01 1.072965197460526765e+00
5.340869657500283418e-01 -2.358725547644454634e-01 1.309994285644149103e+00
5.382452599924625325e-01 -1.743150834720089415e-01 1.492610287960364879e+00
5.424072497157466088e-01 -1.052154883447459499e-01 1.615721655392342138e+00
5.465725012540574301e-01 -3.133433393530839217e-02 1.676945273670081615e+00
5.507405845750824591e-01 4.453457012273666360e-02 1.676443591843142844e+00
5.549110536012068495e-01 1.196736664735693206e-01 1.616673046458383833e+00
5.590834321773656690e-01 1.915363196862407413e-01 1.502066424489131080e+00
5.643010869630014081e-01 2.731555926039825333e-01 1.291363922317399160e+00
5.684758978830769527e-01 3.297358321706993500e-01 1.077444565988926461e+00
5.726509199913500936e-01 3.767701173207064214e-01 8.322874331182384955e-01
5.768255755389478656e-01 4.130934265633247615e-01 5.646050783195346590e-01
5.809992666418749563e-01 4.379252447187248487e-01 2.831310905237436892e-01
5.851713896051653485e-01 4.508609258095586103e-01 -3.582960147374348887e-03
5.882989619740793819e-01 4.527237853694088265e-01 -2.173992129742297053e-01
5.935085681122563850e-01 4.411709056993663447e-01 -5.610958957998049002e-01
5.976721595114997676e-01 4.193921751386653352e-01 -8.182159098506365247e-01
6.018315407075064405e-01 3.873172203463037255e-01 -1.053109005012262234e+00
6.059860031390628121e-01 3.459576175164854606e-01 -1.261233403815580356e+00
6.101348262532020339e-01 2.964806650101742824e-01 -1.439082680944329784e+00
6.142772761532119263e-01 2.401643384049901297e-01 -1.584179374344092839e+00
6.184126036405177551e-01 1.783542898463784943e-01 -1.695035732553747954e+00
6.225400396928169044e-01 1.124238878131384595e-01 -1.771092709120799746e+00
6.266587955232777452e-01 4.373791402752565810e-02 -1.812641281775169810e+00
6.307680621340325811e-01 -2.637947762846350533e-02 -1.820730310894330461e+00
6.348670077734064332e-01 -9.667214741403538925e-02 -1.797065437198752003e+00
6.389547727646552877e-01 -1.659745530410059733e-01 -1.743903825338165570e+00
6.430304670771704867e-01 -2.332296890151330793e-01 -1.663949125982631116e+00
6.470931794239351831e-01 -2.975026959127786141e-01 -1.560249191956890602e+00
6.511419830734889169e-01 -3.579900894372263775e-01 -1.436096837675005622e+00
6.551759295578980513e-01 -4.140247478457161345e-01 -1.294933914586939849e+00
6.591940368817645890e-01 -4.650771561487134775e-01 -1.140262686703225503e+00
6.631952816224888636e-01 -5.107535154393832988e-01 -9.755682702571852882e-01
6.671786041264677891e-01 -5.507912890400684658e-01 -8.042523714404699042e-01
6.711429148974273895e-01 -5.850524829268346494e-01 -6.295779345864526144e-01
6.750870927600961524e-01 -6.135150760722887231e-01 -4.546239245924784678e-01
6.790099725167971778e-01 -6.362631096571942368e-01 -2.822505671128208160e-01
6.829103352717456055e-01 -6.534759883159698690e-01 -1.150753930958877819e-01
6.867869018151261384e-01 -6.654173896872535021e-01 4.453871655214605013e-02
6.906383285912754966e-01 -6.724242698767759485e-01 1.944781972445575047e-01
6.944632064204609989e-01 -6.748965054386270035e-01 3.328580214156199868e-01
6.982600501045075347e-01 -6.732873453686244458e-01 4.579960509444483407e-01
7.020272815871985150e-01 -6.680961313694567805e-01 5.683698924832261135e-01
7.038990663650485091e-01 -6.643141880040795977e-01 6.175758237284253438e-01
7.057628000939073498e-01 -6.598397970161969939e-01 6.625847069695199876e-01
7.094655902404470860e-01 -6.491284168582306391e-01 7.394048916626118073e-01
7.131331888985167344e-01 -6.365398033241153053e-01 7.974591820920687857e-01
7.167633315432266894e-01 -6.227051611483600535e-01 8.353367416307342364e-01
7.203534697890988658e-01 -6.082994010095045256e-01 8.504466206636491776e-01
7.239006927315578821e-01 -5.939555753166777530e-01 8.469905652252939232e-01
7.274037472512754343e-01 -5.799964591075178477e-01 8.400847342036227294e-01
7.308631569784361792e-01 -5.664572657535592581e-01 8.333949635282577040e-01
7.342794427454362172e-01 -5.533205112046015728e-01 8.269124964996942273e-01
7.376531370894844342e-01 -5.405699622277835292e-01 8.206289661555792314e-01
7.409847640846142225e-01 -5.281901921969985869e-01 8.145364288526303342e-01
7.442748211369105693e-01 -5.161666939758751127e-01 8.086273711354523552e-01
7.475237974064263824e-01 -5.044857080944212813e-01 8.028946505974042802e-01
7.507321962838469087e-01 -4.931340157716919692e-01 7.973314354926396286e-01
7.539005302043194634e-01 -4.820989391951943093e-01 7.919311969964856202e-01
7.570292970629285412e-01 -4.713684665817610142e-01 7.866877323884827744e-01
7.601189748256973466e-01 -4.609312562323503171e-01 7.815951547369182073e-01
7.631700307096180858e-01 -4.507765383409875204e-01 7.766478596159506198e-01
7.661829280312825174e-01 -4.408940415506035770e-01 7.718404984861609863e-01
7.691581275626218073e-01 -4.312739595498382705e-01 7.671679627695553449e-01
7.720960887207071188e-01 -4.219069101201612382e-01 7.626253691718930527e-01
7.749972707982543119e-01 -4.127838933147616740e-01 7.582080459105685621e-01
7.778621289318303766e-01 -4.038963017939760647e-01 7.539115276074548344e-01
7.806911033824630586e-01 -3.952359779912892335e-01 7.497315602682110836e-01
7.834846171445913887e-01 -3.867952082517447376e-01 7.456640932962484980e-01
7.862430869060449412e-01 -3.785666218029995478e-01 7.417052529048774323e-01
7.889669369237084506e-01 -3.705430887732727441e-01 7.378513134629183234e-01
7.916565982021911418e-01 -3.627177197268687814e-01 7.340986916528969841e-01
7.943124974778934533e-01 -3.550839219634965294e-01 7.304439547813343925e-01
7.969350495080719243e-01 -3.476354206055718432e-01 7.268838236508802231e-01
7.995246585495641156e-01 -3.403662258458300949e-01 7.234151626980308558e-01
8.020817215573190495e-01 -3.332705961980615417e-01 7.200349686436166019e-01
8.046066294762304061e-01 -3.263430219374116592e-01 7.167403623065953244e-01
8.070997653306969388e-01 -3.195782229064214053e-01 7.135285852231005865e-01
8.095615092888481801e-01 -3.129711218577593823e-01 7.103969873279292191e-01
8.119922431475441460e-01 -3.065168191688713017e-01 7.073430163238629831e-01
8.143923505053758394e-01 -3.002105903938344089e-01 7.043642128797299451e-01
8.167622071215497881e-01 -2.940479160765744338e-01 7.014582183231099499e-01
8.191021778306492029e-01 -2.880244827374545125e-01 6.986227735267693806e-01
8.214126187949533087e-01 -2.821361538720619233e-01 6.958557116185251079e-01
8.236938850346046115e-01 -2.763789251449916273e-01 6.931549447991594004e-01
8.259463322523640239e-01 -2.707489100018243833e-01 6.905184588262147649e-01
8.281703138888254490e-01 -2.652423622492275923e-01 6.879443131344624707e-01
8.303661724506571362e-01 -2.598557222729101501e-01 6.854306475295813827e-01
8.325342380230222883e-01 -2.545856192909600746e-01 6.829756801387695253e-01
8.346748353855768521e-01 -2.494288142632305194e-01 6.805776959715394980e-01
8.367882947421915185e-01 -2.443821333872283341e-01 6.782350320816807887e-01
8.388749484008726220e-01 -2.394424778988445968e-01 6.759460792222915515e-01
8.409351219691613144e-01 -2.346068750196306230e-01 6.737092891616928148e-01
8.429691303017050608e-01 -2.298724980334799217e-01 6.715231764246577528e-01
8.449772835243484215e-01 -2.252366306429581244e-01 6.693863091039736757e-01
8.469598912257328971e-01 -2.206966375033337369e-01 6.672973022472500348e-01
8.489172622932020795e-01 -2.162499664425729939e-01 6.652548161675265748e-01
8.508497044538249066e-01 -2.118941552527699723e-01 6.632575550727412006e-01
8.527575229688695302e-01 -2.076268287772697341e-01 6.613042665920670915e-01
8.546410160783932675e-01 -2.034457009406376582e-01 6.593937446355405685e-01
8.565004710086118189e-01 -1.993485832768970012e-01 6.575248315457752346e-01
8.583361673787008872e-01 -1.953333728838585748e-01 6.556964127775400941e-01
8.601483873498577681e-01 -1.913980146029747031e-01 6.539074051525112230e-01
8.619374190156378068e-01 -1.875404824997024544e-01 6.521567524140884364e-01
8.637035513945729992e-01 -1.837587994117485524e-01 6.504434290731810897e-01
8.654470650665438969e-01 -1.800510744742697677e-01 6.487664482699891932e-01
8.671682312272307458e-01 -1.764155068385006297e-01 6.471248611045602450e-01
8.688673159218502917e-01 -1.728503597545164028e-01 6.455177511876255547e-01
8.705445856873960109e-01 -1.693539330550188904e-01 6.439442281113978428e-01
8.722003068198478370e-01 -1.659245666928408636e-01 6.424034272167152837e-01
8.738347418094588592e-01 -1.625606594367813018e-01 6.408945119236354460e-01
8.754481467852704979e-01 -1.592606758794573307e-01 6.394166750345839922e-01
8.770407741766889087e-01 -1.560231286160689845e-01 6.379691352235873358e-01
8.786128771136945126e-01 -1.528465562862996729e-01 6.365511321520842536e-01
8.801647113007132761e-01 -1.497295190146163968e-01 6.351619240578884051e-01
8.816965317742312402e-01 -1.466706142468353069e-01 6.338007899904585241e-01
8.832085878593547434e-01 -1.436684957901898929e-01 6.324670334873723210e-01
8.847011190561783200e-01 -1.407218826810400225e-01 6.311599853025166018e-01
8.861743569071006688e-01 -1.378295479954339542e-01 6.298790007922628886e-01
8.876285293506940288e-01 -1.349902987018903600e-01 6.286234553429211891e-01
8.890638676536581908e-01 -1.322029524724715466e-01 6.273927377301710129e-01
8.904806072870743439e-01 -1.294663333445022768e-01 6.261862489755029015e-01
8.918789864151801527e-01 -1.267792787947647493e-01 6.250034031895399522e-01
8.932592404372767803e-01 -1.241406581250240060e-01 6.238436317322564317e-01
8.946215989640163846e-01 -1.215493849198028831e-01 6.227063851212601975e-01
8.959662842038009778e-01 -1.190044232245056760e-01 6.215911337207747911e-01
8.972935117732897536e-01 -1.165047842514510684e-01 6.204973664017564561e-01
8.986034927209798351e-01 -1.140495165042298281e-01 6.194245882688816929e-01
8.998964354025826839e-01 -1.116376938119516271e-01 6.183723186255206672e-01
9.011725489915097809e-01 -1.092684003991569591e-01 6.173400876770520629e-01
9.024320447860507688e-01 -1.069407250259492154e-01 6.163274351528941208e-01
9.036751353555274591e-01 -1.046537672488183635e-01 6.153339106685372650e-01
9.049020296532450658e-01 -1.024066564116605238e-01 6.143590772942876255e-01
9.061129304280890473e-01 -1.001985612139784931e-01 6.134025131601333891e-01
9.073080357373773941e-01 -9.802868184603118207e-02 6.124638097913996937e-01
9.084875419218813031e-01 -9.589623651175810393e-02 6.115425693744025448e-01
9.096516449412487271e-01 -9.380045569863022792e-02 6.106384033962023450e-01
9.108005396977110202e-01 -9.174058540984954269e-02 6.097509328837310560e-01
9.119344190251117421e-01 -8.971589181811412406e-02 6.088797888818353599e-01
9.130534727752540602e-01 -8.772566383338557816e-02 6.080246128430814023e-01
9.141578874195450677e-01 -8.576921300854031815e-02 6.071850566130692073e-01
9.152478462184302499e-01 -8.384587298989029658e-02 6.063607819973788615e-01
9.163235307136011754e-01 -8.195499027013816717e-02 6.055514593421263969e-01
9.173851213290326045e-01 -8.009592697491252355e-02 6.047567668403185381e-01
9.184327978233862710e-01 -7.826805451181863271e-02 6.039763899568879602e-01
9.194667382392092136e-01 -7.647075805421030270e-02 6.032100219995130130e-01
9.204871184823875119e-01 -7.470343804202443649e-02 6.024573641960129233e-01
9.214941118815067611e-01 -7.296551184922932254e-02 6.017181257878764233e-01
9.224878885587296518e-01 -7.125641550395710178e-02 6.009920242623499886e-01
9.234686156415649050e-01 -6.957560256494314810e-02 6.002787849647640561e-01
9.244364580894727235e-01 -6.792253960490918230e-02 5.995781402883320066e-01
9.253915805410551920e-01 -6.629669895719489392e-02 5.988898281460218742e-01
9.263341472457474746e-01 -6.469755803276844297e-02 5.982135918672847330e-01
9.272643205556930779e-01 -6.312460579318425469e-02 5.975491811191944169e-01
9.281822593195951931e-01 -6.157735039136219557e-02 5.968963528734015922e-01
9.290881192404382150e-01 -6.005531916540659404e-02 5.962548709542989656e-01
9.299820544127295197e-01 -5.855805165758277975e-02 5.956245047732116049e-01
9.308642183379219892e-01 -5.708509245962071349e-02 5.950050284674915924e-01
9.317347637709364472e-01 -5.563598917973072017e-02 5.943962208813902137e-01
9.325938419655581679e-01 -5.421029527673769388e-02 5.937978659671249160e-01
9.334416025644689530e-01 -5.280757249912702844e-02 5.932097527269800663e-01
9.342781940582032263e-01 -5.142739088946248621e-02 5.926316747638972204e-01
9.351037639763524201e-01 -5.006932781330636351e-02 5.920634300295140040e-01
9.359184581932523672e-01 -4.873297101771185968e-02 5.915048211772261366e-01
9.367224180073485673e-01 -4.741792887367291681e-02 5.909556574371889193e-01
9.375157793601903711e-01 -4.612383524106977717e-02 5.904157549783463077e-01
9.382986736089657942e-01 -4.485034499321330359e-02 5.898849362294330545e-01
9.390712321160756826e-01 -4.359711656940725572e-02 5.893630266317129163e-01
9.398335891165293665e-01 -4.236379943600936115e-02 5.888498526368663999e-01
9.405858812974943195e-01 -4.115003433564409091e-02 5.883452419532584354e-01
9.413282457717848661e-01 -3.995545990123513386e-02 5.878490248524318451e-01
9.420608178502133390e-01 -3.877971871466062703e-02 5.873610355862746157e-01
9.427837310928691705e-01 -3.762245808153525523e-02 5.868811122528894142e-01
9.434971161334501089e-01 -3.648333628676575513e-02 5.864090974805699075e-01
9.442010983676487612e-01 -3.536203276857092376e-02 5.859448398490230137e-01
9.448957981803430828e-01 -3.425824912277695977e-02 5.854881936054430192e-01
9.455813325674083947e-01 -3.317169821967952403e-02 5.850390174893491668e-01
9.462578189837917986e-01 -3.210208456330393423e-02 5.845971721235037055e-01
9.469253759203707377e-01 -3.104909688043280824e-02 5.841625196010959975e-01
9.475841219105402002e-01 -3.001241633340222606e-02 5.837349240925823191e-01
9.482341736882211602e-01 -2.899173546645043495e-02 5.833142529868569071e-01
9.488756453742962504e-01 -2.798677041397082052e-02 5.829003773377329223e-01
9.495086488587556328e-01 -2.699726060096701435e-02 5.824931715318176773e-01
9.501332951313513631e-01 -2.602296566832774938e-02 5.820925123581113247e-01
9.507496960826257171e-01 -2.506366338466606281e-02 5.816982777933592530e-01
9.513579651353069044e-01 -2.411914750912251548e-02 5.813103465561750838e-01
9.519582165945869034e-01 -2.318921693183371296e-02 5.809285984758507659e-01
9.525505625735545268e-01 -2.227366256661320043e-02 5.805529164058154112e-01
9.531351118401709677e-01 -2.137226280836555803e-02 5.801831868944729020e-01
9.537119697698679399e-01 -2.048478727900270371e-02 5.798193001610885133e-01
9.542812403202287630e-01 -1.961099815200426782e-02 5.794611487960241725e-01
9.548430270251752061e-01 -1.875064996051281976e-02 5.791086270975320804e-01
9.553974327455952986e-01 -1.790349283140839354e-02 5.787616311944925318e-01
9.559445589026865919e-01 -1.706928482021938948e-02 5.784200594868894596e-01
9.564845050053580877e-01 -1.624780326211899134e-02 5.780838128919134622e-01
9.570173690229182295e-01 -1.543884470635076972e-02 5.777527945582215940e-01
9.575432481385535155e-01 -1.464221612254738847e-02 5.774269093471576797e-01
9.580622389120657667e-01 -1.385772632180321678e-02 5.771060636926405030e-01
9.585744372418232295e-01 -1.308518345570205965e-02 5.767901655908787006e-01
9.590799381259947909e-01 -1.232439707265528539e-02 5.764791247150854447e-01
9.595788354479902749e-01 -1.157518075073382322e-02 5.761728525134449663e-01
9.600712216912781205e-01 -1.083735406861989839e-02 5.758712623488357885e-01
9.605571877573033657e-01 -1.011074297981343247e-02 5.755742695740174719e-01
9.610368233668841187e-01 -9.395178015448885783e-03 5.752817912494374575e-01
9.615102176430252445e-01 -8.690492016359232727e-03 5.749937457571272503e-01
9.619774592602109431e-01 -7.996519353984047479e-03 5.747100526834282297e-01
9.624386363595022198e-01 -7.313095930373443576e-03 5.744306328447601473e-01
9.628938363592510763e-01 -6.640059337646714646e-03 5.741554083780364692e-01
9.633431459530198415e-01 -5.977248899683379121e-03 5.738843027150472009e-01
9.637866510388649610e-01 -5.324506833646379042e-03 5.736172405996146084e-01
9.642244362725824747e-01 -4.681680485204965311e-03 5.733541483322208698e-01
9.646565852206075986e-01 -4.048621872882352847e-03 5.730949536497728092e-01
9.650831808361504116e-01 -3.425185280493306828e-03 5.728395854142633858e-01
9.655043054562382210e-01 -2.811226530897804454e-03 5.725879735935516246e-01
9.659200402356747928e-01 -2.206604766114004731e-03 5.723400495761472584e-01
9.663304647237355161e-01 -1.611184352184298965e-03 5.720957463984586155e-01
9.667356570265409621e-01 -1.024834153352671348e-03 5.718549986234942040e-01
9.671356950751521797e-01 -4.474238032689932206e-04 5.716177415654317695e-01
9.675306568648514016e-01 1.211774618586760824e-04 5.713839111350509370e-01
9.679206204413721704e-01 6.811007711250058848e-04 5.711534438304731731e-01
9.683056632759791116e-01 1.232477088651657681e-03 5.709262770926845088e-01
9.686858619411236049e-01 1.775437174698436208e-03 5.707023494758969306e-01
9.690612920205190495e-01 2.310111165622044833e-03 5.704816006830246700e-01
9.694320280361357067e-01 2.836627048567165466e-03 5.702639715923727426e-01
9.697981436541373013e-01 3.355109849627241608e-03 5.700494041189790861e-01
9.701597119736792285e-01 3.865682670371726505e-03 5.698378410310321884e-01
9.705168057640763957e-01 4.368468163401054323e-03 5.696292257940092085e-01
9.708694969864466451e-01 4.863587939007270322e-03 5.694235028347295335e-01
9.712178563702503764e-01 5.351160910977844146e-03 5.692206177714036475e-01
9.715619532024425409e-01 5.831302550780725728e-03 5.690205175191399567e-01
9.719018559824413872e-01 6.304127996200449904e-03 5.688231498934357422e-01
9.722376334334535963e-01 6.769756180070698841e-03 5.686284630109053051e-01
9.725693544860373185e-01 7.228310130943588381e-03 5.684364052911482501e-01
9.728970879945362249e-01 7.679915324528217499e-03 5.682469256122170131e-01
9.732209017546173957e-01 8.124697221425569021e-03 5.680599738658682618e-01
9.735408623544371531e-01 8.562781184099680157e-03 5.678755010281013593e-01
9.738570353791702328e-01 8.994293293628960115e-03 5.676934590262590064e-01
9.741694855365269357e-01 9.419359689396332100e-03 5.675138006568370974e-01
9.744782765863391205e-01 9.838104947921004137e-03 5.673364796168705038e-01
9.747834712405878399e-01 1.025065126220618163e-02 5.671614505450124355e-01
9.750851311684266554e-01 1.065711924443359278e-02 5.669886690059093848e-01
9.753833174776915804e-01 1.105763024031853475e-02 5.668180912084413992e-01
9.756780908428658305e-01 1.145230690746443583e-02 5.666496739154608386e-01
9.759695114299516971e-01 1.184127267875148028e-02 5.664833744801046622e-01
9.762576389021463408e-01 1.222465322299594488e-02 5.663191508338280000e-01
9.765425324979953858e-01 1.260257895363140097e-02 5.661569614263878281e-01
9.768242509432418785e-01 1.297518582915747898e-02 5.659967652714154029e-01
9.771028522833710150e-01 1.334261333291233975e-02 5.658385220329249510e-01
9.773783933517848910e-01 1.370499960198797579e-02 5.656821923183054102e-01
9.776509296593629550e-01 1.406247861288862158e-02 5.655277377380663051e-01
9.779205156231944862e-01 1.441518080482486093e-02 5.653751207656848576e-01
9.781872047434609918e-01 1.476323510494921554e-02 5.652243046135674298e-01
9.784510495060143587e-01 1.510677054169158075e-02 5.650752532881858636e-01
9.787121011965591588e-01 1.544591606648331762e-02 5.649279316844580956e-01
9.789704097928612070e-01 1.578080001317200970e-02 5.647823056274251519e-01
9.792260248675913603e-01 1.611155211278824870e-02 5.646383413577198418e-01
9.794789964416771300e-01 1.643830582787108446e-02 5.644960050565378529e-01
9.797293750085785957e-01 1.676119889685961234e-02 5.643552628221005785e-01
9.799772111141689113e-01 1.708037083299467074e-02 5.642160809010118294e-01
9.802225538059048393e-01 1.739595709214703662e-02 5.640784265573756118e-01
9.804654503645000574e-01 1.770808271507777476e-02 5.639422682063320869e-01
9.807059465012439858e-01 1.801688568573292168e-02 5.638075753000275636e-01
9.809440869290046994e-01 1.832246673625142694e-02 5.636743179903930256e-01
9.811799158740861504e-01 1.862495576804830758e-02 5.635424668351570743e-01
9.814134771051555850e-01 1.892447128730288808e-02 5.634119927749783319e-01
9.816448139740299172e-01 1.922112991525272083e-02 5.632828671032809043e-01
9.818739695684386426e-01 1.951504558205041998e-02 5.631550613850617726e-01
9.821009867550495320e-01 1.980632754983760110e-02 5.630285474328059481e-01
9.823259081899210488e-01 2.009508061934880269e-02 5.629032973039206356e-01
9.825487766341645113e-01 2.038140542700312211e-02 5.627792831016187325e-01
9.827696354372893461e-01 2.066539901217037331e-02 5.626564767086005281e-01
9.829885289087769706e-01 2.094715534062922824e-02 5.625348495901683066e-01
9.832055018255810852e-01 2.122676369279337741e-02 5.624143730540879238e-01
9.834205977716130587e-01 2.150430481632271962e-02 5.622950191577024137e-01
9.836338588957453943e-01 2.177984973443199482e-02 5.621767608137890893e-01
9.838453264273652188e-01 2.205346061492933704e-02 5.620595715166297746e-01
9.840550431756610594e-01 2.232519490101300685e-02 5.619434239796520236e-01
9.842630544299338924e-01 2.259510752528155059e-02 5.618282896316764141e-01
9.844694079699815026e-01 2.286325019438455869e-02 5.617141385997312941e-01
9.846741527711339037e-01 2.312966651845077201e-02 5.616009404446534736e-01
9.848773386240422534e-01 2.339438860444539858e-02 5.614886643635215169e-01
9.850790165882933325e-01 2.365743878627065908e-02 5.613772789187468915e-01
9.852792397559874127e-01 2.391883596035347670e-02 5.612667516088890585e-01
9.854780637322345660e-01 2.417860038820365126e-02 5.611570485849579626e-01
9.856755468082143423e-01 2.443675295179589119e-02 5.610481345458996350e-01
9.858717495053704871e-01 2.469331017175753484e-02 5.609399729943264079e-01
9.860667343401825491e-01 2.494828894686531087e-02 5.608325263988522824e-01
9.862605662335471868e-01 2.520167281362156037e-02 5.607257559261848989e-01
9.864533145194630537e-01 2.545348590326207069e-02 5.606196203374983478e-01
9.866450541503118954e-01 2.570373878145974442e-02 5.605140753656540076e-01
9.867880381885917318e-01 2.589012644257901799e-02 5.604353897443394850e-01
9.869309532600107904e-01 2.607619148667142048e-02 5.603567590914378949e-01
9.871205341790296739e-01 2.632258293420982123e-02 5.602524776050979982e-01
9.872620466585018129e-01 2.650611567937038310e-02 5.601746533271644291e-01
9.874036170961336678e-01 2.668934754725219363e-02 5.600968099632646080e-01
9.875916216718324536e-01 2.693202559437014518e-02 5.599934520650077241e-01
9.877556032248382412e-01 2.714298905508875925e-02 5.599033152038443983e-01
9.878728339090028232e-01 2.729335668823825931e-02 5.598388829637221953e-01
9.880364164951689343e-01 2.750249997428592941e-02 5.597489824635697442e-01
9.881766700670048253e-01 2.768112335994212317e-02 5.596719083808532336e-01
9.882701561032216642e-01 2.779980105344192695e-02 5.596205366097288803e-01
9.884161744165290697e-01 2.798451962497311082e-02 5.595402995233903498e-01
9.885274938018725477e-01 2.812477994076044083e-02 5.594791299129054929e-01
9.886441702430321943e-01 2.827123747811687710e-02 5.594150159353800111e-01
9.887615048409820195e-01 2.841792391168570381e-02 5.593505385104762251e-01
9.888671405303265383e-01 2.854944821161453997e-02 5.592924873510862760e-01
9.889964814527246739e-01 2.870976488649407479e-02 5.592214046565118224e-01
9.891379956535801821e-01 2.888421010944722603e-02 5.591436242266087930e-01
9.892563647329785104e-01 2.902931121590900457e-02 5.590785573417150767e-01
9.893750463211569146e-01 2.917401981092392071e-02 5.590133101181243847e-01
9.894943121748573933e-01 2.931863046139655121e-02 5.589477315265332091e-01
9.896140207055634797e-01 2.946293062487400499e-02 5.588818976832938823e-01
9.897159914823099314e-01 2.958516158665789111e-02 5.588258080676726802e-01
9.898434705941348000e-01 2.973705519982918280e-02 5.587556718556039304e-01
9.899375585064562610e-01 2.984850077249939782e-02 5.587038943453421780e-01
9.900878310668779214e-01 3.002530246874949085e-02 5.586211733866502938e-01
9.901743200970993808e-01 3.012638072035251149e-02 5.585735484719105415e-01
9.902609137873940037e-01 3.022707384709147696e-02 5.585258538839923403e-01
9.903612026626938958e-01 3.034305206221441301e-02 5.584705998861144716e-01
9.904874739384739168e-01 3.048807733687718471e-02 5.584010039450247875e-01
9.905894425236058121e-01 3.060436234976679840e-02 5.583447788207274165e-01
9.907182233334840271e-01 3.075014620781250235e-02 5.582737362335349340e-01
9.907962672147299088e-01 3.083790763656581169e-02 5.582306633510847327e-01
9.909212141403226370e-01 3.097748881145157007e-02 5.581616711235335426e-01
9.910108377596256179e-01 3.107691170849089315e-02 5.581121563424283893e-01
9.911016878566011323e-01 3.117710177766696428e-02 5.580619391485783787e-01
9.912137238991562960e-01 3.129983724714968663e-02 5.579999746501769220e-01
9.913000989104370220e-01 3.139384242735098612e-02 5.579521730190439843e-01
9.913838631252052114e-01 3.148448955318267073e-02 5.579057900045657492e-01
9.914506465589315587e-01 3.155639547092141395e-02 5.578687902905272722e-01
9.915146713824002367e-01 3.162502873128819614e-02 5.578333018500435392e-01
9.916340109879260289e-01 3.175216658022094601e-02 5.577671057804763910e-01
9.917072197375820242e-01 3.182965189563969483e-02 5.577264657078944143e-01
9.918113459853242775e-01 3.193919899429566167e-02 5.576686177049677839e-01
9.918788921488236321e-01 3.200985500799390787e-02 5.576310622149672769e-01
9.919787124284612512e-01 3.211369239436414474e-02 5.575755169902348873e-01
9.920446367295224777e-01 3.218189832709556636e-02 5.575388019495737257e-01
9.921335618592820316e-01 3.227344182891332680e-02 5.574892355158871382e-01
9.922483388488775313e-01 3.239082091503014960e-02 5.574251846300199986e-01
9.923140323712106303e-01 3.245760669345256616e-02 5.573884844498057101e-01
9.923808176287334248e-01 3.252520861025125914e-02 5.573511428289337211e-01
9.924653149416101661e-01 3.261032058120846844e-02 5.573038501380143117e-01
9.925519742114751187e-01 3.269712721645044035e-02 5.572552891539166442e-01
9.926400143689063649e-01 3.278482225424518559e-02 5.572058905852989019e-01
9.927300306504682759e-01 3.287398237504441517e-02 5.571553130076289939e-01
9.928223552515691441e-01 3.296490792683384047e-02 5.571033605134891875e-01
9.928790071570852138e-01 3.302044649411169097e-02 5.570714405145210657e-01
9.929749283407137694e-01 3.311404796763157965e-02 5.570173198749764909e-01
9.930338309415541742e-01 3.317125610172202976e-02 5.569840370969626475e-01
9.931134822473388635e-01 3.324828878807243454e-02 5.569389685330281559e-01
9.931957520679123297e-01 3.332745612056146889e-02 5.568923402339400752e-01
9.932581794112547158e-01 3.338725563048863115e-02 5.568569026397897082e-01
9.933222453859934520e-01 3.344838389733503087e-02 5.568204829208833750e-01
9.934096186032961295e-01 3.353135868953747295e-02 5.567707251753255537e-01
9.934541404540199183e-01 3.357346739450461220e-02 5.567453296961166753e-01
9.935457954224757859e-01 3.365979793231211464e-02 5.566929584468151004e-01
9.936160469382104843e-01 3.372564309904900470e-02 5.566527304994645098e-01
9.936880935992783437e-01 3.379286993080932860e-02 5.566113929158762463e-01
9.937495894572796473e-01 3.385000677231048138e-02 5.565760406790272175e-01
9.938121488219817667e-01 3.390789870893770597e-02 5.565400098110677707e-01
9.939160796672812381e-01 3.400354053081056094e-02 5.564799942027971458e-01
9.939694945657114866e-01 3.405242839362779966e-02 5.564490694431307727e-01
9.940375730092885220e-01 3.411447697652045946e-02 5.564095730285206765e-01
9.941079133971814086e-01 3.417828286703301910e-02 5.563686637737211838e-01
9.941512836844985657e-01 3.421747049374321975e-02 5.563433872081029463e-01
9.942245924467123519e-01 3.428344743182787369e-02 5.563005672436528437e-01
9.942849783485653292e-01 3.433754510379467828e-02 5.562652024501719694e-01
9.943630951281491326e-01 3.440718642884543765e-02 5.562193233882557486e-01
9.944439687478419110e-01 3.447886296906532699e-02 5.561716630638829928e-01
9.944937414949477361e-01 3.452275309461335512e-02 5.561422453442443903e-01
9.945448254080581085e-01 3.456762483617679960e-02 5.561119821562275911e-01
9.946141837795062779e-01 3.462826797759577246e-02 5.560707743011524817e-01
9.946679242963347711e-01 3.467503242642591688e-02 5.560387480450196263e-01
9.947232555508067620e-01 3.472297925941899427e-02 5.560056815694653931e-01
9.947802947091887171e-01 3.477219122215982616e-02 5.559714929260325400e-01
9.948193345282794198e-01 3.480574717893756415e-02 5.559480314490247155e-01
9.948788033927520313e-01 3.485666207734663263e-02 5.559121937068423058e-01
9.949193304565996376e-01 3.489121814928941578e-02 5.558876999644302153e-01
9.949819063874423275e-01 3.494434151511450343e-02 5.558497634367749463e-01
9.950248963278948144e-01 3.498067165793097150e-02 5.558236157059589511e-01
9.950914392447394174e-01 3.503663520834600364e-02 5.557830004401618229e-01
9.951257033035670885e-01 3.506532502250529065e-02 5.557620173101596173e-01
9.951843888488717260e-01 3.511426843643686291e-02 5.557259648113043182e-01
9.952322115084688559e-01 3.515397371382165959e-02 5.556964758510347657e-01
9.952814503025246839e-01 3.519468703235064527e-02 5.556660068657286455e-01
9.953322073685838545e-01 3.523647703956241106e-02 5.556344809156403830e-01
9.953845960308196350e-01 3.527941749880832839e-02 5.556018118139720574e-01
9.954519586706931378e-01 3.533433314881847392e-02 5.555596033090247632e-01
9.954937886889216880e-01 3.536825980833595978e-02 5.555332741626490822e-01
9.955367586705249350e-01 3.540297222395321491e-02 5.555061290226324111e-01
9.955809446208156999e-01 3.543852454148013753e-02 5.554781082290281002e-01
9.956414875400296793e-01 3.548700804066948905e-02 5.554395311689691583e-01
9.956882115261579402e-01 3.552424729331191827e-02 5.554096086831109558e-01
9.957364305507077074e-01 3.556251684513121736e-02 5.553785858793709451e-01
9.957694647789196996e-01 3.558864103951541596e-02 5.553572459124312966e-01
9.958204391530577348e-01 3.562880033549911674e-02 5.553241738141657668e-01
9.958554331825923978e-01 3.565626006837580020e-02 5.553013659420246162e-01
9.959095524598978733e-01 3.569854803126968484e-02 5.552659204664656123e-01
9.959562594527735513e-01 3.573486878661899513e-02 5.552351548206557741e-01
9.960045505597787674e-01 3.577225004494662824e-02 5.552031687192351406e-01
9.960343411253066437e-01 3.579522672605370270e-02 5.551833437812148109e-01
9.960854494326569775e-01 3.583450425904311648e-02 5.551491619249104836e-01
9.961277448285118519e-01 3.586687800655768282e-02 5.551207057021738667e-01
9.961713919593757627e-01 3.590016333858631753e-02 5.550911741062025673e-01
9.962161918280310058e-01 3.593419621751931664e-02 5.550606807910075657e-01
9.962505693319740896e-01 3.596021730101892772e-02 5.550371521329812152e-01
9.962858572444537320e-01 3.598684016257417545e-02 5.550128796298150480e-01
9.963221125104277931e-01 3.601409995646814854e-02 5.549878103439104260e-01
9.963593986330890884e-01 3.604203740239147330e-02 5.549618849562016898e-01
9.963977866504906133e-01 3.607070097403022174e-02 5.549350367231045134e-01
9.964373559441993544e-01 3.610014463257207873e-02 5.549071904962707968e-01
9.964644356591672025e-01 3.612023766026282307e-02 5.548880299642550140e-01
9.965061743102501257e-01 3.615111943808015788e-02 5.548583274486154071e-01
9.965347929889251111e-01 3.617223236742813514e-02 5.548378387127049782e-01
9.965789926785999508e-01 3.620473904598635329e-02 5.548059924035702029e-01
9.966093636738425632e-01 3.622700284937249715e-02 5.547839622218194711e-01
9.966559567315705914e-01 3.626103960892283068e-02 5.547499229378285435e-01
9.966880427217708061e-01 3.628439421524859432e-02 5.547263053025218715e-01
9.967378328212044281e-01 3.632050081876185554e-02 5.546893598708385609e-01
9.967809783515868549e-01 3.635166343446186860e-02 5.546570417030323163e-01
9.968257684029371291e-01 3.638389626565366464e-02 5.546231816774913614e-01
9.968534955838771472e-01 3.640379391222271777e-02 5.546020565509791611e-01
9.969012406558794837e-01 3.643795885765428733e-02 5.545653750826653461e-01
9.969308756731882770e-01 3.645909895593753974e-02 5.545424058453625182e-01
9.969613046775022136e-01 3.648075079548431660e-02 5.545186551850056489e-01
9.969925771600518516e-01 3.650294501074508036e-02 5.544940654129646429e-01
9.970247479264872092e-01 3.652571601678417101e-02 5.544685720542938956e-01
9.970691443777704999e-01 3.655704131685933583e-02 5.544330504553675043e-01
9.971036607767090887e-01 3.658131852367434850e-02 5.544051509699194913e-01
9.971393088047536546e-01 3.660632530933709966e-02 5.543760675955027306e-01
9.971637472447061334e-01 3.662343310718976092e-02 5.543559664689443611e-01
9.972014842903836884e-01 3.664979664312963126e-02 5.543246582807700440e-01
9.972274093111264115e-01 3.666786892311760943e-02 5.543029545983243489e-01
9.972575290295068173e-01 3.668882327988499253e-02 5.542775330237591502e-01
9.972922000224022643e-01 3.671288625357492508e-02 5.542479864611595808e-01
9.973280657224116164e-01 3.673771018476138656e-02 5.542170906064384228e-01
9.973558081309227275e-01 3.675686459926037764e-02 5.541929531976611534e-01
9.973843238065247530e-01 3.677651334903585950e-02 5.541679187083028424e-01
9.974136641173761975e-01 3.679669230512681161e-02 5.541419159087432877e-01
9.974438858290636256e-01 3.681744039635900106e-02 5.541148649903991918e-01
9.974750515538618467e-01 3.683880128295009826e-02 5.540866762306567717e-01
9.975181926553605694e-01 3.686830988477677457e-02 5.540471467800792693e-01
9.975404964969021293e-01 3.688353546021337637e-02 5.540264690404793635e-01
9.975740710655780497e-01 3.690641565335083668e-02 5.539950211581543549e-01
9.976084019075507348e-01 3.692975953934340971e-02 5.539624513042166187e-01
9.976319905302465374e-01 3.694576879532765479e-02 5.539398216262622077e-01
9.976685048465973038e-01 3.697050796695427327e-02 5.539043752139224397e-01
9.976936576052695127e-01 3.698752333753487637e-02 5.538796538827411853e-01
9.977327010428558296e-01 3.701389971905305609e-02 5.538407714022142159e-01
9.977596755686080066e-01 3.703209855296252934e-02 5.538135331557935137e-01
9.977874647642224204e-01 3.705082639893574059e-02 5.537851403875282408e-01
9.978161248682079210e-01 3.707011889597184445e-02 5.537554927389536363e-01
9.978457182292497230e-01 3.709001282480820644e-02 5.537244765936654156e-01
9.978685681051390199e-01 3.710535363417521298e-02 5.537002382467914874e-01
9.978920154480180882e-01 3.712107954931886250e-02 5.536750955828203535e-01
9.979242710965282592e-01 3.714268987330376220e-02 5.536400464177907432e-01
9.979408528064854789e-01 3.715379048830567965e-02 5.536218144408856512e-01
9.979749878048177480e-01 3.717662957223116793e-02 5.535838110516198007e-01
9.979925724695731803e-01 3.718839005253599117e-02 5.535639784195114377e-01
9.980288529745338089e-01 3.721264534905148469e-02 5.535224936026763576e-01
9.980475867178884020e-01 3.722516427282498985e-02 5.535007633244584113e-01
9.980764821692650335e-01 3.724446686676580187e-02 5.534668188684369605e-01
9.981063982578021188e-01 3.726444026166034207e-02 5.534311097446580341e-01
9.981269508387591305e-01 3.727815494569485660e-02 5.534062317458066094e-01
9.981587598926524585e-01 3.729937422558102927e-02 5.533671550107095438e-01
9.981806669382242703e-01 3.731398574429225373e-02 5.533398242620044538e-01
9.982031749578805790e-01 3.732900058241498537e-02 5.533113777125895361e-01
9.982381475806171300e-01 3.735234324966018454e-02 5.532664181035900075e-01
9.982623346236442208e-01 3.736849600636329288e-02 5.532347621651356739e-01
9.982872737916601569e-01 3.738515913238974614e-02 5.532016226406029080e-01
9.983130182164108302e-01 3.740236923025031662e-02 5.531668622773275867e-01
9.983396273700049228e-01 3.742016671304847220e-02 5.531303244968677202e-01
9.983671684421697723e-01 3.743859926692354179e-02 5.530918295781159788e-01
9.983957179697369178e-01 3.745772460699429984e-02 5.530511701165969907e-01
9.984253637137215920e-01 3.747760947678058230e-02 5.530081050472741566e-01
9.984406293963175028e-01 3.748786149779312349e-02 5.529855822976937896e-01
9.984641183739834114e-01 3.750365786089339404e-02 5.529504535286624556e-01
9.984883613646687861e-01 3.751999196127866337e-02 5.529135762947969823e-01
9.985219528053926874e-01 3.754267426348156106e-02 5.528613946276014213e-01
9.985393346580382357e-01 3.755443252078066035e-02 5.528338779638880540e-01
9.985661963323834156e-01 3.757263700542362583e-02 5.527906378674209975e-01
9.985940768752048502e-01 3.759157818961883502e-02 5.527448035215725142e-01
9.986132751984105882e-01 3.760465125706732858e-02 5.527126564665074682e-01
9.986430633305444227e-01 3.762499492650745597e-02 5.526617992870607177e-01
9.986636340980088455e-01 3.763908984742812130e-02 5.526259598058672617e-01
9.986848179599125963e-01 3.765364948244874499e-02 5.525884175550758171e-01
9.987178338722532134e-01 3.767643764129018774e-02 5.525285738564158500e-01
9.987349444046859093e-01 3.768829231716033096e-02 5.524968931958322838e-01
9.987524851726983233e-01 3.770047888318397294e-02 5.524639270381694889e-01
9.987765844015680239e-01 3.771728280731114630e-02 5.524178024229066120e-01
9.988015577918140098e-01 3.773477554371964388e-02 5.523689513531292450e-01
9.988274800149772314e-01 3.775302717589759660e-02 5.523170665265537682e-01
9.988544362552871370e-01 3.777211947974365436e-02 5.522617887851677398e-01
9.988753905693313895e-01 3.778704644096214649e-02 5.522178497724926638e-01
9.988970266660069930e-01 3.780254482767759355e-02 5.521715586708916268e-01
9.989270221423027785e-01 3.782418405358310004e-02 5.521057677913469020e-01
9.989504550052760168e-01 3.784121509966298369e-02 5.520530027217996905e-01
9.989747628014434833e-01 3.785900856370234824e-02 5.519969425435022892e-01
9.990051947931041232e-01 3.788148452111515102e-02 5.519247731037659754e-01
9.990263205772492716e-01 3.789722743583294473e-02 5.518733166154144998e-01
9.990481762035228197e-01 3.791364832807543606e-02 5.518188667855880025e-01
9.990785530834477290e-01 3.793671803770138490e-02 5.517410481170405001e-01
9.991023505581886344e-01 3.795500031528236534e-02 5.516782567208186050e-01
9.991271012511192540e-01 3.797422310405867973e-02 5.516111614600571755e-01
9.991528929002418957e-01 3.799449691407146001e-02 5.515392083893527753e-01
9.991798280720175507e-01 3.801595429669576975e-02 5.514617371720575978e-01
9.991984794926396241e-01 3.803099560900198572e-02 5.514066333936921138e-01
9.992177328124328684e-01 3.804669441090731408e-02 5.513484523369072132e-01
9.992478392564185796e-01 3.807162181361577191e-02 5.512547168342554205e-01
9.992688036569071786e-01 3.808926495932130063e-02 5.511873476636298674e-01
9.992905497192673403e-01 3.810783295137496612e-02 5.511155555558525654e-01
9.993131439165223728e-01 3.812743063665322701e-02 5.510387997541523752e-01
9.993247827739355493e-01 3.813765370296345880e-02 5.509983614130102847e-01
9.993487959678186705e-01 3.815904529654306349e-02 5.509129288670912006e-01
9.993674973098491954e-01 3.817599882412097551e-02 5.508444421788509793e-01
9.993868412429605108e-01 3.819382544523353823e-02 5.507717247544308137e-01
9.994068783400280598e-01 3.821262423323492502e-02 5.506942963669115843e-01
9.994276648665150198e-01 3.823250869447993722e-02 5.506115915430818131e-01
9.994492639380627708e-01 3.825360985942152098e-02 5.505229381918395060e-01
9.994641497712507539e-01 3.826842926965245972e-02 5.504601363471317566e-01
9.994872678435071656e-01 3.829192893472267711e-02 5.503597093025035525e-01
9.995032449859110324e-01 3.830853376621028844e-02 5.502881205026664002e-01
9.995197091961360858e-01 3.832597931422467019e-02 5.502123870389454829e-01
9.995366937452522249e-01 3.834435624784537228e-02 5.501320658307301548e-01
9.995542352050760249e-01 3.836376608672704275e-02 5.500466370208854094e-01
9.995632269244164592e-01 3.837389390684298879e-02 5.500018166401908770e-01
9.995816803494208536e-01 3.839508721768554456e-02 5.499075493363061451e-01
9.996007985421709874e-01 3.841765416722595777e-02 5.498064083184511786e-01
9.996106220069089776e-01 3.842950520518221419e-02 5.497529560103948665e-01
9.996308346586166849e-01 3.845448235506754991e-02 5.496396054648883256e-01
9.996412368419599348e-01 3.846766290018974188e-02 5.495793518282965362e-01
9.996572341019539509e-01 3.848840033172305775e-02 5.494839634743887702e-01
9.996654165764250477e-01 3.849923676840846798e-02 5.494337934098463272e-01
9.996737268852544656e-01 3.851041081885822615e-02 5.493818299199093591e-01
9.996907478591154916e-01 3.853386163746055915e-02 5.492720278421355795e-01
9.997083254080765258e-01 3.855892974667969597e-02 5.491532974112200982e-01
9.997203659123680142e-01 3.857663933641757720e-02 5.490683917454314278e-01
9.997295716088870909e-01 3.859049726768777611e-02 5.490012873721733522e-01
9.997389315847620139e-01 3.860488800437972268e-02 5.489309257921957119e-01
9.997484485856261704e-01 3.861984899551307304e-02 5.488569561243978878e-01
9.997581247233376933e-01 3.863542090659841804e-02 5.487789602466394134e-01
9.997679612228204116e-01 3.865164745860392992e-02 5.486964251067741882e-01
9.997739394289327786e-01 3.866171545923026420e-02 5.486444688587066576e-01
9.997820000854189537e-01 3.867555232557039202e-02 5.485720682501373791e-01
9.997929051550846768e-01 3.869477923831834976e-02 5.484693123768136225e-01
9.997984214594728414e-01 3.870473920439292809e-02 5.484149318201106960e-01
9.998039795735214064e-01 3.871494266921266664e-02 5.483583682980082141e-01
9.998095779159665852e-01 3.872539734355708030e-02 5.482995069843978886e-01
9.998208912998742814e-01 3.874709801713422525e-02 5.481745165809601694e-01
9.998265973426959663e-01 3.875834536148653475e-02 5.481084823602679901e-01
9.998323339786087116e-01 3.876986645134856968e-02 5.480404716604053705e-01
9.998380985682069344e-01 3.878166412814564035e-02 5.479711672747685780e-01
9.998467947419584778e-01 3.879988406672863627e-02 5.478692460744137849e-01
9.998526250026127382e-01 3.881238203673240128e-02 5.478050671091613255e-01
9.998555514960351109e-01 3.881873963824832713e-02 5.477754186140890713e-01
9.998614299637414993e-01 3.883167589092213767e-02 5.477217893937107451e-01
9.998643847881024671e-01 3.883826064756842888e-02 5.476981197497902132e-01
9.998673512895481785e-01 3.884492562305587315e-02 5.476765792563582647e-01
9.998733233069112547e-01 3.885850451529941629e-02 5.476396337066400388e-01
9.998793574077052826e-01 3.887244085036717367e-02 5.476103931051997664e-01
9.998824016846992180e-01 3.887955385764203797e-02 5.475984290939596155e-01
9.998854656500272275e-01 3.888676794483810623e-02 5.475880976589544424e-01
9.998916573648619632e-01 3.890151442923512476e-02 5.475719745498172086e-01
9.998979452562853920e-01 3.891672208406081468e-02 5.475613222108166589e-01
9.999043416463473388e-01 3.893243515769553159e-02 5.475554647356759563e-01
9.999125084778498485e-01 3.895286082913752834e-02 5.475538461833867609e-01
9.999175115050784601e-01 3.896558019645601084e-02 5.475553483045996206e-01
9.999243130945403291e-01 3.898313060272525638e-02 5.475596681134913268e-01
9.999312785469907094e-01 3.900142182702828753e-02 5.475660479105568523e-01
9.999348281186141163e-01 3.901087027046907380e-02 5.475698166913796072e-01
9.999420696978659207e-01 3.903042122943974068e-02 5.475781771275308740e-01
9.999476355849528098e-01 3.904570602008684832e-02 5.475848605558860660e-01
9.999533256625676714e-01 3.906157154205446708e-02 5.475916241373998128e-01
9.999611203631671996e-01 3.908371302427657984e-02 5.476003095398550569e-01
9.999671357732496935e-01 3.910113393116917968e-02 5.476061893763068955e-01
9.999724755022235678e-01 3.911685056283385753e-02 5.476105730717425457e-01
9.999792197722634501e-01 3.913705288185270748e-02 5.476147065882773779e-01
9.999826680284464864e-01 3.914753784681897220e-02 5.476161111199701059e-01
9.999897257606218393e-01 3.916933899769131644e-02 5.476172736831312893e-01
9.999933403873831894e-01 3.918068598515676848e-02 5.476168819219661144e-01
9.999970151280588304e-01 3.919235147918061907e-02 5.476157356751931715e-01
9.999985024668397449e-01 3.919711082516073170e-02 5.476150462686174558e-01
